-174.488245116115	1147.40002441406
-171.353866679816	1146.80004882813
-168.22051297009	1151
-165.088183560586	1147.80004882813
-161.956878025242	1148.09997558594
-158.826595938226	1148.09997558594
-155.697336873968	1147.5
-152.569100407157	1148.09997558594
-149.441886112741	1148.5
-146.315693565896	1147.19995117188
-143.190522342091	1148.80004882813
-140.066372017002	1147.09997558594
-136.943242166608	1147.40002441406
-133.82113236709	1147.59997558594
-130.7000421949	1148.5
-127.579971226752	1147.80004882813
-124.46091903959	1148.09997558594
-121.342885210617	1147.80004882813
-118.225869317289	1146.5
-115.109870937295	1149.30004882813
-111.994889648578	1149.69995117188
-108.880925029339	1148.5
-105.767976658009	1147.59997558594
-102.656044113272	1146.80004882813
-99.5451269740494	1146.69995117188
-96.4352248195329	1146.90002441406
-93.3263372291173	1148.69995117188
-90.2184637824824	1149.80004882813
-87.1116040595153	1148.69995117188
-84.0057576403752	1147.90002441406
-80.9009241054446	1147.09997558594
-77.7971030353455	1149.5
-74.6942940109553	1146.80004882813
-71.5924966133822	1146.19995117188
-68.4917104239774	1149.59997558594
-65.3919350243307	1149.09997558594
-62.2931699962624	1149.80004882813
-59.1954149218515	1150
-56.0986693833866	1147.80004882813
-53.0029329634189	1149.19995117188
-49.908205244721	1147.90002441406
-46.8144858103075	1147
-43.7217742434262	1148.5
-40.6300701275667	1145.30004882813
-37.5393730464434	1149.59997558594
-34.4496825840078	1146.80004882813
-31.3609983244403	1147.59997558594
-28.273319852166	1148.09997558594
-25.1866467518426	1148.69995117188
-22.10097860834	1150
-19.0163150067886	1149.59997558594
-15.9326555325185	1149
-12.8499997711119	1145.69995117188
-9.76834730837485	1146.19995117188
-6.68769773034879	1148.19995117188
-3.60805062329064	1148.69995117188
-0.529405573692618	1150.59997558594
2.54823783170989	1154.19995117188
5.62488000599066	1152.40002441406
8.70052136196052	1146.90002441406
11.7751623122237	1148.80004882813
14.8488032691459	1148
17.9214446448865	1147.30004882813
20.9930868513505	1149.5
24.0637303002531	1148.30004882813
27.1333754030514	1148.80004882813
30.2020225710047	1148.30004882813
33.2696722151428	1145.09997558594
36.3363247462699	1148.5
39.401980574957	1148.59997558594
42.4666401115817	1147.59997558594
45.5303037662728	1147
48.5929719489461	1148.69995117188
51.6546450693084	1148.30004882813
54.7153235368463	1148.40002441406
57.7750077608055	1146.69995117188
60.8336981502356	1147.80004882813
63.891395113966	1148.19995117188
66.9480990605899	1149.5
70.0038103985047	1149.5
73.0585295358718	1150.5
76.112256880665	1152.09997558594
79.1649928406108	1160.5
82.21673782324	1193
85.2674922358484	1231.19995117188
88.3172564855524	1261.40002441406
91.3660309792176	1274.59997558594
94.4138161235146	1284.30004882813
97.4606123248875	1275.30004882813
100.506419989605	1273.80004882813
103.551239523679	1276.5
106.595071332926	1276.5
109.637915822959	1273.40002441406
112.679773399166	1271
115.720644466743	1269.19995117188
118.760529430661	1274.09997558594
121.799428695683	1266.19995117188
124.83734266637	1254.59997558594
127.874271747074	1256.19995117188
130.910216341928	1252.30004882813
133.945176854874	1254
136.979153689627	1255.5
140.012147249714	1250.90002441406
143.044157938449	1250.09997558594
146.075186158938	1251.69995117188
149.105232314081	1252.80004882813
152.134296806573	1246.59997558594
155.162380038908	1245.30004882813
158.189482413382	1246
161.215604332062	1241.80004882813
164.240746196836	1243.90002441406
167.264908409388	1245.30004882813
170.288091371194	1243.69995117188
173.310295483525	1243.59997558594
176.331521147454	1241.90002441406
179.351768763859	1237
182.3710387334	1239.30004882813
185.389331456545	1238.59997558594
188.40664733357	1241.19995117188
191.422986764561	1238.30004882813
194.438350149375	1234.90002441406
197.452737887679	1228.59997558594
200.466150378974	1234.90002441406
203.478588022515	1238.40002441406
206.490051217389	1235.90002441406
209.500540362482	1228
212.510055856486	1237.09997558594
215.51859809788	1242.40002441406
218.526167484984	1244.30004882813
221.532764415869	1244.19995117188
224.538389288469	1251.5
227.543042500475	1263.90002441406
230.546724449419	1258.90002441406
233.549435532609	1258
236.551176147184	1254.80004882813
239.551946690085	1259.59997558594
242.551747558066	1256.90002441406
245.55057914767	1263.80004882813
248.548441855258	1265.40002441406
251.545336077006	1266.19995117188
254.541262208898	1267.90002441406
257.536220646712	1272.59997558594
260.53021178606	1265
263.523236022356	1265.80004882813
266.515293750805	1276.09997558594
269.506385366465	1278
272.496511264158	1271.09997558594
275.485671838549	1282
278.473867484101	1279.90002441406
281.461098595114	1278.80004882813
284.44736556567	1281.90002441406
287.432668789673	1280.40002441406
290.417008660864	1289.59997558594
293.400385572757	1296.80004882813
296.382799918725	1308.90002441406
299.364252091929	1310
302.344742485338	1324
305.324271491768	1327.19995117188
308.302839503825	1301.40002441406
311.280446913945	1295.90002441406
314.257094114377	1293
317.23278149719	1283.5
320.207509454258	1278.30004882813
323.181278377283	1269.59997558594
326.154088657796	1273.59997558594
329.125940687134	1265.69995117188
332.096834856454	1267.80004882813
335.066771556737	1264.5
338.035751178774	1260.69995117188
341.003774113189	1247.69995117188
343.97084075043	1261.80004882813
346.936951480745	1248.5
349.902106694219	1257.80004882813
352.866306780769	1249.30004882813
355.82955213011	1244.5
358.791843131792	1250.59997558594
361.753180175185	1240
364.713563649499	1240.69995117188
367.672993943731	1245.69995117188
370.631471446741	1239.40002441406
373.588996547206	1237.30004882813
376.545569633593	1236
379.501191094236	1233.19995117188
382.45586131727	1237.5
385.409580690674	1236.80004882813
388.362349602236	1229.40002441406
391.314168439577	1229.40002441406
394.265037590153	1238.30004882813
397.214957441235	1231.09997558594
400.16392837993	1228.5
403.111950793165	1225.69995117188
406.059025067691	1228.5
409.005151590118	1227.5
411.950330746855	1227.69995117188
414.894562924143	1227.40002441406
417.837848508063	1225.59997558594
420.780187884513	1228.90002441406
423.721581439244	1231.80004882813
426.662029557819	1229.5
429.601532625628	1233.69995117188
432.540091027909	1236.69995117188
435.477705149715	1233.09997558594
438.414375375956	1227.09997558594
441.350102091341	1224
444.284885680439	1219.80004882813
447.218726527646	1222.40002441406
450.151625017169	1208.69995117188
453.083581533085	1210.90002441406
456.014596459275	1207.30004882813
458.94467017946	1203.09997558594
461.87380307723	1200.5
464.801995535963	1206.40002441406
467.72924793888	1207.40002441406
470.655560669072	1213.69995117188
473.580934109433	1210.59997558594
476.505368642699	1211.30004882813
479.42886465145	1218.59997558594
482.351422518103	1225.09997558594
485.273042624905	1233.80004882813
488.193725353949	1234.69995117188
491.113471087159	1254.09997558594
494.032280206301	1260.30004882813
496.950153092974	1274.30004882813
499.867090128629	1298.09997558594
502.783091694533	1323.90002441406
505.698158171827	1389.40002441406
508.612289941456	1545.30004882813
511.525487384225	1880.90002441406
514.43775088078	3086.69995117188
517.3490808116	5865.7001953125
520.259477557008	7619.60009765625
523.168941497168	5545
526.077473012083	3280.19995117188
528.98507248161	2227.5
531.891740285434	1773
534.797476803086	1556.69995117188
537.702282413949	1436.30004882813
540.606157497241	1364.69995117188
543.509102432012	1332.30004882813
546.411117597179	1291.5
549.312203371496	1271.80004882813
552.212360133551	1252.30004882813
555.111588261787	1243.19995117188
558.009888134493	1229.30004882813
560.907260129786	1227.5
563.803704625648	1221
566.699221999907	1211.80004882813
569.593812630219	1211.59997558594
572.487476894111	1204.5
575.380215168932	1203.5
578.272027831898	1201.40002441406
581.162915260056	1201.59997558594
584.052877830319	1203.5
586.941915919431	1193.90002441406
589.830029903984	1200.5
592.717220160442	1201.80004882813
595.603487065095	1198.09997558594
598.488830994078	1201.30004882813
601.373252323396	1201
604.256751428889	1203.09997558594
607.139328686265	1212.5
610.020984471038	1207.59997558594
612.90171915863	1211.69995117188
615.781533124278	1209.40002441406
618.660426743072	1218.19995117188
621.538400389971	1211.30004882813
624.415454439761	1212.09997558594
627.291589267105	1202.40002441406
630.166805246513	1201.30004882813
633.041102752313	1205.40002441406
635.914482158742	1204.69995117188
638.786943839845	1205.30004882813
641.658488169547	1200.80004882813
644.529115521603	1201.5
647.398826269641	1194.80004882813
650.267620787151	1200.69995117188
653.135499447438	1201.30004882813
656.002462623708	1201.30004882813
658.868510688984	1197.40002441406
661.733644016172	1206
664.59786297802	1203.5
667.461167947139	1203.69995117188
670.32355929598	1206.59997558594
673.185037396862	1210.90002441406
676.045602621965	1206.09997558594
678.905255343306	1200.59997558594
681.763995932795	1199.40002441406
684.621824762164	1197.59997558594
687.47874220302	1202.59997558594
690.334748626818	1193.90002441406
693.189844404876	1198.09997558594
696.044029908375	1191.30004882813
698.897305508341	1194.40002441406
701.749671575677	1182.80004882813
704.601128481138	1185.69995117188
707.451676595324	1188.69995117188
710.301316288718	1190.59997558594
713.150047931639	1186.5
715.997871894292	1187.40002441406
718.844788546713	1187.40002441406
721.690798258824	1183.69995117188
724.535901400393	1182.19995117188
727.380098341057	1186.5
730.223389450309	1187.19995117188
733.065775097502	1185.80004882813
735.907255651861	1182
738.747831482461	1185.19995117188
741.587502958238	1181.69995117188
744.426270448005	1189.59997558594
747.264134320431	1188
750.101094944034	1183.5
752.937152687221	1185
755.772307918238	1188.5
758.606561005211	1188.30004882813
761.439912316121	1191.09997558594
764.272362218816	1185.09997558594
767.103911081018	1192.19995117188
769.934559270291	1188.30004882813
772.764307154079	1192.40002441406
775.593155099695	1183.69995117188
778.42110347431	1187.80004882813
781.248152644956	1194.80004882813
784.074302978539	1195.5
786.899554841832	1192.09997558594
789.723908601474	1197.59997558594
792.547364623949	1193.59997558594
795.369923275648	1194.69995117188
798.191584922798	1191.59997558594
801.012349931499	1196.59997558594
803.832218667714	1198.30004882813
806.651191497303	1199.59997558594
809.469268785944	1202.5
812.286450899232	1202
815.1027382026	1201.30004882813
817.918131061357	1198.19995117188
820.73262984068	1202.5
823.546234905624	1203.69995117188
826.358946621095	1199.40002441406
829.170765351889	1199.09997558594
831.981691462663	1201.80004882813
834.791725317936	1201.09997558594
837.600867282103	1194.09997558594
840.409117719429	1193.69995117188
843.216476994053	1196.19995117188
846.022945469989	1197
848.828523511098	1195.69995117188
851.633211481134	1197.5
854.437009743721	1202.30004882813
857.239918662353	1196.19995117188
860.041938600383	1197.80004882813
862.843069921057	1196.59997558594
865.643312987472	1203.59997558594
868.442668162604	1193.19995117188
871.241135809316	1200.59997558594
874.038716290324	1194.90002441406
876.835409968233	1194
879.63121720551	1204.30004882813
882.426138364494	1201
885.22017380741	1204.69995117188
888.013323896339	1196.59997558594
890.805588993253	1197.80004882813
893.596969459993	1198.69995117188
896.387465658265	1200.80004882813
899.177077949666	1200.80004882813
901.965806695649	1198.69995117188
904.75365225756	1202.80004882813
907.540614996601	1201.19995117188
910.326695273873	1204.59997558594
913.111893450328	1204.19995117188
915.896209886813	1202.09997558594
918.679644944044	1203.19995117188
921.462198982604	1211
924.243872362968	1224.90002441406
927.02466544548	1240.40002441406
929.804578590358	1268.69995117188
932.583612157696	1303.40002441406
935.361766507473	1336.90002441406
938.13904199954	1371.59997558594
940.915438993633	1381
943.690957849354	1380.69995117188
946.465598926189	1396.80004882813
949.239362583496	1405.59997558594
952.012249180518	1387.59997558594
954.784259076376	1386.19995117188
957.555392630071	1401
960.325650200475	1403.40002441406
963.09503214635	1392
965.863538826323	1400.19995117188
968.631170598912	1395.69995117188
971.397927822515	1402.5
974.163810855393	1406.19995117188
976.928820055712	1396.19995117188
979.692955781498	1404.5
982.456218390671	1396.59997558594
985.218608241021	1382.09997558594
987.980125690221	1350
990.740771095826	1317.30004882813
993.500544815275	1294.80004882813
996.259447205875	1272.80004882813
999.017478624842	1254.19995117188
1001.77463942924	1248.19995117188
1004.53092997605	1241.09997558594
1007.28635062209	1236.90002441406
1010.0409017241	1232.30004882813
1012.79458363868	1224.5
1015.54739672233	1223.80004882813
1018.29934133142	1217.59997558594
1021.05041782219	1208.19995117188
1023.8006265508	1204.69995117188
1026.54996787325	1198
1029.29844214545	1194.19995117188
1032.0460497232	1186.19995117188
1034.79279096215	1188.5
1037.53866621786	1179.59997558594
1040.28367584578	1178.80004882813
1043.02782020123	1173.19995117188
1045.7710996394	1178
1048.51351451539	1178.19995117188
1051.25506518417	1174.5
1053.99575200061	1170.59997558594
1056.73557531945	1172
1059.4745354953	1176.5
1062.2126328827	1176
1064.94986783605	1175.69995117188
1067.68624070961	1182.19995117188
1070.42175185757	1171.09997558594
1073.15640163398	1171.90002441406
1075.89019039278	1176.90002441406
1078.6231184878	1172.19995117188
1081.35518627276	1170.90002441406
1084.08639410125	1171.59997558594
1086.81674232676	1177.30004882813
1089.54623130267	1179.30004882813
1092.27486138224	1174
1095.00263291861	1173.90002441406
1097.72954626482	1178.90002441406
1100.45560177378	1176.09997558594
1103.18079979831	1173.40002441406
1105.90514069112	1175.09997558594
1108.62862480477	1174.80004882813
1111.35125249175	1170.19995117188
1114.07302410441	1173.90002441406
1116.793939995	1173.19995117188
1119.51400051566	1177.40002441406
1122.23320601841	1174.40002441406
1124.95155685517	1175.19995117188
1127.66905337774	1169.30004882813
1130.38569593782	1175.59997558594
1133.10148488697	1175.5
1135.81642057667	1169.59997558594
1138.53050335829	1174.40002441406
1141.24373358306	1173.90002441406
1143.95611160214	1172.09997558594
1146.66763776654	1167.40002441406
1149.37831242718	1169.19995117188
1152.08813593487	1171.5
1154.7971086403	1173.19995117188
1157.50523089408	1173.19995117188
1160.21250304667	1171
1162.91892544844	1171.30004882813
1165.62449844965	1166.69995117188
1168.32922240045	1175
1171.0330976509	1173
1173.73612455091	1175.40002441406
1176.43830345031	1171.09997558594
1179.13963469882	1172.19995117188
1181.84011864604	1173.19995117188
1184.53975564147	1172.90002441406
1187.23854603451	1171
1189.93649017442	1170.19995117188
1192.63358841039	1168.09997558594
1195.32984109149	1173.19995117188
1198.02524856667	1171.40002441406
1200.71981118478	1175.80004882813
1203.41352929457	1170.40002441406
1206.10640324467	1172.59997558594
1208.79843338361	1170
1211.48962005981	1170.5
1214.17996362159	1171.09997558594
1216.86946441716	1172.19995117188
1219.55812279461	1170.69995117188
1222.24593910194	1169.80004882813
1224.93291368704	1173.09997558594
1227.61904689769	1173.40002441406
1230.30433908157	1170.09997558594
1232.98879058625	1173.40002441406
1235.67240175918	1171.80004882813
1238.35517294773	1177.5
1241.03710449915	1176.09997558594
1243.71819676058	1178.30004882813
1246.39845007907	1174.69995117188
1249.07786480155	1169.5
1251.75644127485	1173.80004882813
1254.43417984571	1175.59997558594
1257.11108086072	1175.80004882813
1259.78714466643	1172.80004882813
1262.46237160921	1174.69995117188
1265.1367620354	1176.69995117188
1267.81031629118	1172.69995117188
1270.48303472266	1172.30004882813
1273.15491767583	1175.80004882813
1275.82596549657	1174.30004882813
1278.49617853067	1171.90002441406
1281.16555712381	1172
1283.83410162156	1173.40002441406
1286.50181236939	1170.59997558594
1289.16868971269	1174
1291.8347339967	1171.19995117188
1294.49994556659	1176.59997558594
1297.16432476743	1172.19995117188
1299.82787194415	1176.5
1302.49058744163	1172.90002441406
1305.15247160459	1171.90002441406
1307.81352477769	1175.09997558594
1310.47374730548	1174.69995117188
1313.1331395324	1171.80004882813
1315.79170180277	1179.30004882813
1318.44943446083	1173.90002441406
1321.10633785073	1177
1323.76241231648	1174.30004882813
1326.41765820202	1178.69995117188
1329.07207585117	1181.80004882813
1331.72566560766	1179.19995117188
1334.3784278151	1183.19995117188
1337.03036281703	1184.5
1339.68147095686	1190.40002441406
1342.33175257789	1186.69995117188
1344.98120802335	1183.19995117188
1347.62983763636	1179.40002441406
1350.27764175994	1182
1352.92462073697	1182.5
1355.57077491028	1180.59997558594
1358.21610462259	1183.80004882813
1360.86061021649	1178.09997558594
1363.50429203449	1173.40002441406
1366.14715041901	1178.30004882813
1368.78918571234	1176.30004882813
1371.4303982567	1180.5
1374.07078839419	1180.09997558594
1376.71035646681	1179.69995117188
1379.34910281647	1177.80004882813
1381.98702778498	1175
1384.62413171402	1176
1387.26041494523	1178.90002441406
1389.89587782008	1175.59997558594
1392.53052068001	1178.09997558594
1395.16434386629	1173.40002441406
1397.79734772015	1178.59997558594
1400.42953258269	1176.40002441406
1403.0608987949	1178.09997558594
1405.69144669771	1169.80004882813
1408.32117663193	1177.5
1410.95008893825	1173.09997558594
1413.57818395728	1179.19995117188
1416.20546202954	1177.69995117188
1418.83192349543	1174.5
1421.45756869528	1175.80004882813
1424.08239796929	1177.5
1426.70641165757	1177.69995117188
1429.32961010016	1175.5
1431.95199363695	1176.90002441406
1434.57356260778	1178.69995117188
1437.19431735237	1173.09997558594
1439.81425821033	1179.09997558594
1442.43338552118	1178.09997558594
1445.05169962437	1178.30004882813
1447.66920085921	1175.80004882813
1450.28588956493	1176.80004882813
1452.90176608067	1175.19995117188
1455.51683074547	1175
1458.13108389825	1177.09997558594
1460.74452587786	1177.19995117188
1463.35715702303	1172.69995117188
1465.96897767243	1175.30004882813
1468.57998816457	1176.69995117188
1471.19018883794	1177.5
1473.79958003086	1175.19995117188
1476.4081620816	1173.69995117188
1479.01593532831	1178.69995117188
1481.62290010905	1177.09997558594
1484.22905676179	1173.30004882813
1486.83440562438	1171.30004882813
1489.43894703461	1173
1492.04268133016	1178
1494.64560884857	1174.90002441406
1497.24772992735	1174.40002441406
1499.84904490388	1174.5
1502.44955411543	1175.59997558594
1505.0492578992	1172.19995117188
1507.64815659229	1175.90002441406
1510.24625053168	1174.69995117188
1512.84354005429	1179
1515.44002549691	1181.19995117188
1518.03570719625	1177.09997558594
1520.63058548894	1179.90002441406
1523.22466071147	1178.80004882813
1525.81793320028	1178.69995117188
1528.41040329169	1178.80004882813
1531.00207132192	1184.40002441406
1533.59293762712	1177.30004882813
1536.18300254332	1183.59997558594
1538.77226640645	1182.40002441406
1541.36072955237	1184.09997558594
1543.94839231684	1185.30004882813
1546.53525503548	1183.59997558594
1549.12131804389	1184.30004882813
1551.70658167752	1189.80004882813
1554.29104627173	1197.40002441406
1556.87471216181	1193.40002441406
1559.45757968292	1200.69995117188
1562.03964917017	1210.09997558594
1564.62092095853	1219.80004882813
1567.2013953829	1233.80004882813
1569.78107277808	1265.09997558594
1572.35995347877	1292.19995117188
1574.93803781959	1341.5
1577.51532613504	1419.09997558594
1580.09181875956	1516.09997558594
1582.66751602746	1590.90002441406
1585.24241827297	1606.80004882813
1587.81652583024	1561.69995117188
1590.3898390333	1474.80004882813
1592.96235821611	1386.69995117188
1595.53408371251	1315.69995117188
1598.10501585628	1276.90002441406
1600.67515498106	1241.09997558594
1603.24450142043	1223.80004882813
1605.81305550788	1212.09997558594
1608.38081757677	1203.69995117188
1610.9477879604	1195.80004882813
1613.51396699198	1198.19995117188
1616.07935500458	1192
1618.64395233122	1189.90002441406
1621.20775930483	1192.40002441406
1623.7707762582	1187.40002441406
1626.33300352408	1179.80004882813
1628.89444143508	1185.30004882813
1631.45509032376	1183.40002441406
1634.01495052255	1180
1636.5740223638	1181.5
1639.13230617978	1179.30004882813
1641.68980230264	1178.69995117188
1644.24651106446	1172.09997558594
1646.80243279721	1176.5
1649.35756783278	1174.09997558594
1651.91191650296	1173.90002441406
1654.46547913944	1170.19995117188
1657.01825607383	1172.59997558594
1659.57024763764	1170.09997558594
1662.12145416229	1173.40002441406
1664.6718759791	1170.19995117188
1667.2215134193	1172.30004882813
1669.77036681404	1170.5
1672.31843649435	1167
1674.8657227912	1167.80004882813
1677.41222603543	1172.5
1679.95794655782	1169.69995117188
1682.50288468904	1170.40002441406
1685.04704075968	1169.69995117188
1687.59041510022	1166.69995117188
1690.13300804106	1172.19995117188
1692.67481991249	1167.40002441406
1695.21585104474	1170.40002441406
1697.75610176791	1167.69995117188
1700.29557241205	1166.69995117188
1702.83426330707	1170.69995117188
1705.37217478282	1168.59997558594
1707.90930716905	1172.19995117188
1710.44566079541	1170.80004882813
1712.98123599146	1166.5
1715.51603308669	1171.5
1718.05005241045	1165.69995117188
1720.58329429205	1169.69995117188
1723.11575906067	1168.19995117188
1725.64744704542	1167.30004882813
1728.17835857532	1166.5
1730.70849397927	1168.09997558594
1733.2378535861	1168.90002441406
1735.76643772453	1164.80004882813
1738.29424672323	1166.69995117188
1740.82128091074	1163
1743.3475406155	1166.40002441406
1745.87302616589	1166.69995117188
1748.39773789019	1167.19995117188
1750.92167611656	1164.09997558594
1753.44484117311	1165.90002441406
1755.96723338783	1166.80004882813
1758.48885308862	1163.80004882813
1761.00970060331	1170.90002441406
1763.52977625961	1165.80004882813
1766.04908038514	1169.30004882813
1768.56761330746	1164.90002441406
1771.08537535401	1167.5
1773.60236685214	1167.90002441406
1776.11858812912	1166.69995117188
1778.63403951211	1167.19995117188
1781.14872132821	1170.40002441406
1783.6626339044	1166.09997558594
1786.17577756757	1166
1788.68815264454	1166.59997558594
1791.199759462	1169.30004882813
1793.7105983466	1168.69995117188
1796.22066962486	1168.40002441406
1798.72997362322	1168.19995117188
1801.23851066803	1165.90002441406
1803.74628108554	1167.59997558594
1806.25328520193	1167.69995117188
1808.75952334326	1164.5
1811.2649958355	1165.40002441406
1813.76970300458	1163
1816.27364517628	1163.5
1818.77682267629	1167.5
1821.27923583026	1166.90002441406
1823.78088496369	1168.09997558594
1826.28177040204	1168
1828.78189247064	1167.69995117188
1831.28125149473	1169
1833.77984779949	1174
1836.27768170998	1168.69995117188
1838.77475355119	1169.90002441406
1841.271063648	1170.40002441406
1843.76661232521	1168.09997558594
1846.26139990751	1173.80004882813
1848.75542671954	1169.19995117188
1851.2486930858	1176.5
1853.74119933074	1167
1856.23294577869	1172
1858.72393275391	1172.59997558594
1861.21416058054	1170.19995117188
1863.70362958267	1169.5
1866.19234008426	1170.09997558594
1868.6802924092	1168.69995117188
1871.16748688129	1169.19995117188
1873.65392382424	1167.90002441406
1876.13960356164	1172.69995117188
1878.62452641704	1172.19995117188
1881.10869271384	1170.5
1883.59210277541	1169.90002441406
1886.07475692498	1166.69995117188
1888.55665548571	1168.90002441406
1891.03779878067	1167.40002441406
1893.51818713284	1168.90002441406
1895.99782086509	1171
1898.47670030024	1170.5
1900.95482576096	1167.40002441406
1903.43219756989	1170
1905.90881604954	1168.90002441406
1908.38468152235	1170
1910.85979431064	1169.40002441406
1913.33415473668	1173.19995117188
1915.80776312261	1168.80004882813
1918.28061979051	1169.19995117188
1920.75272506234	1169
1923.22407926001	1168.09997558594
1925.69468270529	1169.09997558594
1928.16453571989	1167.80004882813
1930.63363862544	1167.40002441406
1933.10199174344	1168.40002441406
1935.56959539533	1165.90002441406
1938.03644990244	1167.40002441406
1940.50255558603	1169.19995117188
1942.96791276726	1168.69995117188
1945.43252176718	1166.40002441406
1947.8963829068	1166.69995117188
1950.35949650697	1167.09997558594
1952.8218628885	1168.90002441406
1955.2834823721	1164.90002441406
1957.74435527836	1169.09997558594
1960.20448192784	1170.80004882813
1962.66386264093	1169.90002441406
1965.12249773799	1167.09997558594
1967.58038753927	1165.80004882813
1970.03753236493	1166.5
1972.49393253504	1170
1974.94958836957	1167.30004882813
1977.4045001884	1168.90002441406
1979.85866831133	1171.80004882813
1982.31209305807	1171.30004882813
1984.76477474823	1167.69995117188
1987.21671370133	1169.5
1989.6679102368	1170.19995117188
1992.11836467399	1169
1994.56807733213	1170.30004882813
1997.0170485304	1168.30004882813
1999.46527858786	1166.90002441406
2001.91276782348	1171
2004.35951655615	1170.30004882813
2006.80552510467	1168.80004882813
2009.25079378774	1170
2011.69532292397	1169.19995117188
2014.13911283188	1168.5
2016.58216382991	1168.5
2019.02447623639	1171.5
2021.46605036956	1169.59997558594
2023.90688654761	1169.90002441406
2026.34698508858	1168
2028.78634631045	1166.5
2031.22497053111	1167.5
2033.66285806835	1167.5
2036.10000923987	1173
2038.53642436328	1167.80004882813
2040.97210375611	1166.19995117188
2043.40704773578	1169.59997558594
2045.84125661964	1166.40002441406
2048.27473072492	1171.69995117188
2050.70747036878	1168.09997558594
2053.13947586829	1163.90002441406
2055.57074754041	1164.40002441406
2058.00128570205	1165.90002441406
2060.43109066998	1168.69995117188
2062.8601627609	1169.90002441406
2065.28850229143	1171.30004882813
2067.71610957807	1167.09997558594
2070.14298493726	1164.40002441406
2072.56912868532	1168.5
2074.99454113851	1167.30004882813
2077.41922261297	1169.30004882813
2079.84317342476	1167.59997558594
2082.26639388986	1169.69995117188
2084.68888432414	1167.5
2087.1106450434	1166.69995117188
2089.53167636331	1166.40002441406
2091.95197859949	1162.30004882813
2094.37155206745	1170.19995117188
2096.79039708261	1165.69995117188
2099.20851396029	1165.59997558594
2101.62590301575	1167.80004882813
2104.04256456411	1166.5
2106.45849892045	1164.09997558594
2108.87370639971	1170
2111.28818731677	1166.19995117188
2113.70194198641	1163.90002441406
2116.11497072333	1168.69995117188
2118.52727384211	1165.69995117188
2120.93885165726	1163.80004882813
2123.34970448321	1171.59997558594
2125.75983263425	1164.5
2128.16923642463	1165.5
2130.57791616848	1165
2132.98587217985	1169.5
2135.3931047727	1166.09997558594
2137.79961426089	1169.80004882813
2140.20540095818	1164.90002441406
2142.61046517826	1169.19995117188
2145.01480723472	1164.90002441406
2147.41842744104	1167.5
2149.82132611063	1165.59997558594
2152.22350355681	1167.40002441406
2154.62496009279	1171.19995117188
2157.0256960317	1167.5
2159.42571168658	1167.19995117188
2161.82500737036	1165.40002441406
2164.22358339589	1166.09997558594
2166.62144007595	1167.09997558594
2169.01857772318	1168.59997558594
2171.41499665018	1166.59997558594
2173.81069716942	1167.59997558594
2176.20567959329	1169.40002441406
2178.59994423409	1167
2180.99349140402	1167.59997558594
2183.38632141519	1169.09997558594
2185.77843457964	1166.5
2188.16983120927	1170.09997558594
2190.56051161594	1168.5
2192.95047611139	1169.09997558594
2195.33972500725	1171.30004882813
2197.72825861511	1166.59997558594
2200.11607724641	1170.80004882813
2202.50318121254	1167
2204.88957082477	1169.5
2207.27524639429	1167.90002441406
2209.6602082322	1167.59997558594
2212.0444566495	1168.90002441406
2214.4279919571	1166.40002441406
2216.81081446582	1169.59997558594
2219.19292448638	1166.90002441406
2221.57432232942	1170.90002441406
2223.95500830547	1165.80004882813
2226.33498272498	1171.59997558594
2228.7142458983	1169.19995117188
2231.09279813569	1167.90002441406
2233.47063974732	1169.09997558594
2235.84777104327	1167.59997558594
2238.2241923335	1168.69995117188
2240.59990392792	1167.09997558594
2242.97490613632	1167
2245.34919926839	1170.09997558594
2247.72278363376	1169
2250.09565954192	1171.09997558594
2252.46782730231	1167.69995117188
2254.83928722425	1167.30004882813
2257.21003961698	1168.19995117188
2259.58008478963	1169
2261.94942305127	1168.90002441406
2264.31805471084	1163.69995117188
2266.68598007721	1169.19995117188
2269.05319945914	1167.40002441406
2271.4197131653	1167.80004882813
2273.78552150427	1167.40002441406
2276.15062478456	1165
2278.51502331454	1166.19995117188
2280.87871740252	1165.80004882813
2283.24170735671	1167
2285.60399348521	1166.19995117188
2287.96557609605	1168.09997558594
2290.32645549714	1168.69995117188
2292.68663199633	1163
2295.04610590133	1169.90002441406
2297.40487751981	1168.80004882813
2299.76294715931	1168.40002441406
2302.12031512727	1166.19995117188
2304.47698173107	1167.80004882813
2306.83294727796	1166.40002441406
2309.18821207512	1167.69995117188
2311.54277642963	1168.30004882813
2313.89664064847	1168.30004882813
2316.24980503852	1168
2318.6022699066	1165.69995117188
2320.95403555938	1168.30004882813
2323.30510230349	1169.30004882813
2325.65547044542	1166.30004882813
2328.0051402916	1170.19995117188
2330.35411214835	1169.09997558594
2332.7023863219	1168.09997558594
2335.04996311837	1167.30004882813
2337.39684284382	1164.5
2339.74302580418	1167.80004882813
2342.08851230529	1169.69995117188
2344.43330265291	1170.09997558594
2346.7773971527	1170.5
2349.12079611023	1168.40002441406
2351.46349983096	1171.59997558594
2353.80550862026	1170
2356.14682278342	1172.59997558594
2358.48744262562	1172.19995117188
2360.82736845194	1171.5
2363.16660056738	1167.5
2365.50513927683	1166.30004882813
2367.8429848851	1168
2370.1801376969	1167.30004882813
2372.51659801683	1169.59997558594
2374.85236614941	1168.59997558594
2377.18744239906	1169.19995117188
2379.52182707011	1168.40002441406
2381.85552046679	1172.90002441406
2384.18852289322	1172.90002441406
2386.52083465345	1168.09997558594
2388.85245605142	1165.69995117188
2391.18338739097	1170.30004882813
2393.51362897585	1168.90002441406
2395.84318110973	1171.59997558594
2398.17204409615	1169.30004882813
2400.50021823858	1171.30004882813
2402.82770384038	1170
2405.15450120483	1169.59997558594
2407.48061063509	1170.5
2409.80603243426	1172.90002441406
2412.13076690529	1175.59997558594
2414.4548143511	1172.09997558594
2416.77817507445	1170.80004882813
2419.10084937804	1174.90002441406
2421.42283756447	1171.90002441406
2423.74413993625	1172.19995117188
2426.06475679575	1171.59997558594
2428.38468844531	1176.30004882813
2430.70393518711	1180.80004882813
2433.02249732329	1178.80004882813
2435.34037515584	1182.40002441406
2437.65756898669	1183
2439.97407911767	1186.5
2442.28990585049	1193.80004882813
2444.60504948679	1199.80004882813
2446.91951032808	1202
2449.23328867581	1204.69995117188
2451.54638483132	1211.90002441406
2453.85879909585	1210
2456.17053177052	1213.09997558594
2458.48158315639	1209.40002441406
2460.79195355441	1208.09997558594
2463.10164326542	1205.69995117188
2465.41065259017	1201.19995117188
2467.71898182932	1199.90002441406
2470.02663128344	1195.90002441406
2472.33360125296	1192.09997558594
2474.63989203825	1188.5
2476.94550393958	1195.59997558594
2479.25043725712	1186.80004882813
2481.55469229093	1187.40002441406
2483.85826934098	1192.80004882813
2486.16116870713	1187.40002441406
2488.46339068916	1188
2490.76493558676	1183.80004882813
2493.06580369949	1182.19995117188
2495.36599532684	1184
2497.66551076817	1181.19995117188
2499.96435032278	1184.30004882813
2502.26251428984	1178.40002441406
2504.56000296845	1177.59997558594
2506.85681665757	1175.90002441406
2509.15295565612	1180
2511.44842026287	1177.80004882813
2513.74321077651	1177.09997558594
2516.03732749563	1177.80004882813
2518.33077071873	1177
2520.62354074419	1178.90002441406
2522.91563787031	1175.40002441406
2525.20706239528	1178.40002441406
2527.49781461721	1177
2529.78789483408	1175.80004882813
2532.0773033438	1178.90002441406
2534.36604044416	1174.69995117188
2536.65410643286	1175.90002441406
2538.9415016075	1172.80004882813
2541.22822626558	1178.5
2543.51428070449	1177.19995117188
2545.79966522154	1176.30004882813
2548.08438011393	1175.69995117188
2550.36842567876	1175.59997558594
2552.65180221302	1175.5
2554.93451001363	1179.30004882813
2557.21654937738	1177.09997558594
2559.49792060096	1178.30004882813
2561.77862398098	1177.69995117188
2564.05865981395	1174.69995117188
2566.33802839626	1179.80004882813
2568.61673002421	1176
2570.89476499399	1176.5
2573.17213360172	1177.90002441406
2575.44883614338	1179.30004882813
2577.72487291489	1174.90002441406
2580.00024421203	1177.80004882813
2582.27495033048	1179.30004882813
2584.54899156587	1174.09997558594
2586.82236821368	1181.30004882813
2589.0950805693	1182
2591.36712892802	1179.40002441406
2593.63851358505	1182.69995117188
2595.90923483547	1181.59997558594
2598.17929297426	1184.30004882813
2600.44868829631	1185
2602.71742109642	1185
2604.98549166927	1186.09997558594
2607.25290030944	1183.59997558594
2609.51964731142	1186.30004882813
2611.78573296958	1185.90002441406
2614.05115757822	1191.30004882813
2616.31592143149	1196.40002441406
2618.58002482349	1194.5
2620.84346804817	1196.90002441406
2623.10625139942	1203.30004882813
2625.36837517101	1208.69995117188
2627.6298396566	1215.40002441406
2629.89064514976	1215.30004882813
2632.15079194395	1230.19995117188
2634.41028033254	1233.59997558594
2636.66911060878	1248.30004882813
2638.92728306582	1256.90002441406
2641.18479799672	1266.30004882813
2643.44165569444	1290.09997558594
2645.69785645182	1323.5
2647.95340056162	1354.59997558594
2650.20828831645	1394.40002441406
2652.46252000888	1436.80004882813
2654.71609593134	1493.69995117188
2656.96901637616	1567.59997558594
2659.22128163557	1653.30004882813
2661.47289200171	1731.19995117188
2663.72384776659	1808.59997558594
2665.97414922213	1880.80004882813
2668.22379666017	1959.80004882813
2670.4727903724	2009.19995117188
2672.72113065044	2045.09997558594
2674.9688177858	2073.5
2677.21585206988	2060
2679.46223379399	2048.69995117188
2681.70796324931	1974.5
2683.95304072694	1920.40002441406
2686.19746651787	1851.69995117188
2688.44124091298	1753.30004882813
2690.68436420305	1688.19995117188
2692.92683667876	1613.59997558594
2695.16865863068	1546.19995117188
2697.40983034928	1472.90002441406
2699.65035212492	1436.09997558594
2701.89022424785	1397.90002441406
2704.12944700824	1353.5
2706.36802069612	1333.30004882813
2708.60594560146	1301.09997558594
2710.84322201407	1279.80004882813
2713.0798502237	1269.69995117188
2715.31583051998	1260.09997558594
2717.55116319244	1246.90002441406
2719.78584853048	1235.5
2722.01988682344	1232.30004882813
2724.2532783605	1214.5
2726.48602343079	1214.09997558594
2728.71812232329	1209.5
2730.9495753269	1209.30004882813
2733.1803827304	1200.40002441406
2735.4105448225	1202.19995117188
2737.64006189173	1199.5
2739.86893422659	1194.09997558594
2742.09716211544	1196.40002441406
2744.32474584653	1189.40002441406
2746.55168570802	1186.59997558594
2748.77798198795	1187.90002441406
2751.00363497426	1187.30004882813
2753.22864495479	1187.69995117188
2755.45301221725	1183.5
2757.67673704928	1183.09997558594
2759.89981973839	1178.40002441406
2762.12226057198	1182.90002441406
2764.34405983734	1180.90002441406
2766.56521782169	1175
2768.7857348121	1175.5
2771.00561109555	1181.40002441406
2773.22484695892	1178
2775.44344268897	1176.90002441406
2777.66139857236	1178.90002441406
2779.87871489564	1175
2782.09539194526	1169.5
2784.31143000754	1178.80004882813
2786.52682936873	1172.40002441406
2788.74159031494	1175.59997558594
2790.95571313218	1173.19995117188
2793.16919810637	1171.69995117188
2795.38204552329	1175.59997558594
2797.59425566864	1173.40002441406
2799.805828828	1173.40002441406
2802.01676528685	1174.90002441406
2804.22706533056	1174
2806.43672924436	1172.90002441406
2808.64575731343	1174.5
2810.85414982279	1169.90002441406
2813.06190705738	1171.09997558594
2815.26902930203	1174.5
2817.47551684145	1172.19995117188
2819.68136996024	1172.19995117188
2821.88658894291	1169.30004882813
2824.09117407383	1170.80004882813
2826.29512563729	1168.69995117188
2828.49844391747	1168.40002441406
2830.70112919842	1171.5
2832.90318176409	1170.80004882813
2835.10460189833	1170.59997558594
2837.30538988487	1168.90002441406
2839.50554600732	1172.5
2841.70507054922	1165.90002441406
2843.90396379395	1170.5
2846.10222602482	1167.09997558594
2848.29985752501	1166.80004882813
2850.49685857759	1170.80004882813
2852.69322946553	1172.40002441406
2854.88897047169	1168.59997558594
2857.08408187879	1166.59997558594
2859.27856396949	1167.09997558594
2861.4724170263	1170.5
2863.66564133164	1173.90002441406
2865.85823716781	1169.19995117188
2868.050204817	1172.19995117188
2870.2415445613	1170.90002441406
2872.43225668266	1169.40002441406
2874.62234146295	1168
2876.81179918393	1168.40002441406
2879.00063012722	1168.30004882813
2881.18883457435	1166.69995117188
2883.37641280674	1172.80004882813
2885.56336510569	1169.80004882813
2887.7496917524	1170.09997558594
2889.93539302793	1163.69995117188
2892.12046921326	1170.40002441406
2894.30492058926	1172.59997558594
2896.48874743666	1168.09997558594
2898.67195003609	1167.80004882813
2900.85452866809	1167.90002441406
2903.03648361305	1173.59997558594
2905.21781515128	1169.5
2907.39852356295	1173.69995117188
2909.57860912814	1170.09997558594
2911.75807212682	1167.40002441406
2913.93691283883	1168.5
2916.1151315439	1170.19995117188
2918.29272852166	1174.40002441406
2920.46970405161	1163.19995117188
2922.64605841316	1166.09997558594
2924.82179188558	1167.09997558594
2926.99690474805	1168.09997558594
2929.17139727962	1167
2931.34526975924	1170
2933.51852246574	1167
2935.69115567784	1167.90002441406
2937.86316967414	1165.59997558594
2940.03456473313	1167.09997558594
2942.20534113318	1168.80004882813
2944.37549915256	1166.40002441406
2946.54503906942	1164.80004882813
2948.71396116179	1167.69995117188
2950.8822657076	1170.40002441406
2953.04995298465	1165.59997558594
2955.21702327062	1165.19995117188
2957.38347684312	1168.19995117188
2959.54931397958	1169.59997558594
2961.71453495737	1164
2963.87914005372	1166.80004882813
2966.04312954574	1167.69995117188
2968.20650371045	1165.69995117188
2970.36926282472	1164.59997558594
2972.53140716535	1164.90002441406
2974.69293700897	1169.40002441406
2976.85385263216	1168.5
2979.01415431133	1165.19995117188
2981.17384232278	1166.5
2983.33291694274	1163.5
2985.49137844726	1162.90002441406
2987.64922711234	1164.80004882813
2989.8064632138	1166.80004882813
2991.9630870274	1163.69995117188
2994.11909882875	1166.19995117188
2996.27449889334	1163.69995117188
2998.42928749659	1166.59997558594
3000.58346491374	1164.40002441406
3002.73703141997	1164.59997558594
3004.8899872903	1165
3007.04233279965	1165.40002441406
3009.19406822284	1166.09997558594
3011.34519383455	1163.30004882813
3013.49570990936	1167.40002441406
3015.64561672172	1163.90002441406
3017.79491454597	1163
3019.94360365632	1164.40002441406
3022.09168432689	1162.30004882813
3024.23915683165	1162.80004882813
3026.38602144448	1162.69995117188
3028.53227843913	1163.80004882813
3030.67792808923	1163.80004882813
3032.82297066831	1163.80004882813
3034.96740644975	1162.19995117188
3037.11123570684	1165.19995117188
3039.25445871273	1163.19995117188
3041.39707574049	1164.59997558594
3043.53908706303	1165.59997558594
3045.68049295316	1163.30004882813
3047.82129368358	1164.59997558594
3049.96148952684	1163.5
3052.1010807554	1163.69995117188
3054.24006764161	1164.30004882813
3056.37845045767	1163
3058.51622947568	1165.19995117188
3060.65340496763	1162
3062.78997720535	1163.40002441406
3064.92594646061	1161
3067.06131300501	1164
3069.19607711007	1165.59997558594
3071.33023904715	1165
3073.46379908752	1162.59997558594
3075.59675750233	1162.09997558594
3077.7291145626	1161.40002441406
3079.86087053922	1161.59997558594
3081.99202570299	1161.30004882813
3084.12258032456	1162.19995117188
3086.25253467448	1163.59997558594
3088.38188902317	1161.30004882813
3090.51064364093	1163.69995117188
3092.63879879794	1166.80004882813
3094.76635476428	1166.5
3096.89331180986	1160.40002441406
3099.01967020452	1162
3101.14543021796	1164
3103.27059211975	1165.90002441406
3105.39515617934	1161.90002441406
3107.51912266608	1158.59997558594
3109.64249184919	1162.90002441406
3111.76526399774	1162.40002441406
3113.88743938072	1163.90002441406
3116.00901826698	1161.19995117188
3118.13000092523	1162.19995117188
3120.2503876241	1164.09997558594
3122.37017863206	1159.30004882813
3124.48937421748	1161.40002441406
3126.6079746486	1162.80004882813
3128.72598019354	1160.59997558594
3130.84339112029	1158.90002441406
3132.96020769673	1161
3135.07643019061	1161.59997558594
3137.19205886957	1164.90002441406
3139.3070940011	1164.69995117188
3141.42153585259	1157.69995117188
3143.5353846913	1161.5
3145.64864078438	1165.19995117188
3147.76130439882	1165.80004882813
3149.87337580154	1162.59997558594
3151.98485525929	1161.80004882813
3154.09574303872	1163.80004882813
3156.20603940634	1161.69995117188
3158.31574462857	1161
3160.42485897167	1163.09997558594
3162.53338270181	1163.5
3164.64131608498	1167.30004882813
3166.74865938712	1164.80004882813
3168.85541287398	1162.80004882813
3170.96157681123	1164.90002441406
3173.0671514644	1162.80004882813
3175.17213709889	1163
3177.27653397998	1163.90002441406
3179.38034237284	1162.80004882813
3181.48356254248	1160.19995117188
3183.58619475382	1161.09997558594
3185.68823927165	1159.80004882813
3187.78969636061	1160
3189.89056628524	1165.5
3191.99084930995	1163.90002441406
3194.09054569901	1161
3196.18965571659	1159.80004882813
3198.28817962671	1160.90002441406
3200.38611769327	1160.19995117188
3202.48347018006	1163.59997558594
3204.58023735073	1162.40002441406
3206.67641946881	1165.40002441406
3208.77201679769	1165.40002441406
3210.86702960065	1166.09997558594
3212.96145814084	1162.80004882813
3215.05530268128	1163.30004882813
3217.14856348487	1165.09997558594
3219.24124081437	1164.59997558594
3221.33333493243	1165.69995117188
3223.42484610157	1164.30004882813
3225.51577458416	1163.59997558594
3227.60612064247	1167.19995117188
3229.69588453864	1173.90002441406
3231.78506653466	1177.90002441406
3233.87366689244	1176.69995117188
3235.9616858737	1185.09997558594
3238.04912374008	1197.40002441406
3240.13598075307	1203.09997558594
3242.22225717405	1204.19995117188
3244.30795326425	1206.09997558594
3246.39306928479	1206.30004882813
3248.47760549664	1197.80004882813
3250.56156216068	1185.30004882813
3252.64493953762	1183.09997558594
3254.72773788807	1174.69995117188
3256.8099574725	1167.59997558594
3258.89159855124	1165.19995117188
3260.97266138451	1163
3263.05314623241	1163.59997558594
3265.13305335488	1164.5
3267.21238301175	1164.40002441406
3269.29113546272	1158.90002441406
3271.36931096736	1163.5
3273.4469097851	1160.30004882813
3275.52393217526	1161.09997558594
3277.60037839702	1165.80004882813
3279.67624870941	1159.90002441406
3281.75154337138	1164.19995117188
3283.8262626417	1159.69995117188
3285.90040677904	1160.19995117188
3287.97397604193	1157.5
3290.04697068876	1164.90002441406
3292.11939097781	1161.59997558594
3294.19123716721	1162
3296.26250951497	1162.09997558594
3298.33320827897	1161.09997558594
3300.40333371696	1163
3302.47288608655	1160.30004882813
3304.54186564524	1160.80004882813
3306.61027265036	1161.80004882813
3308.67810735915	1158.90002441406
3310.74537002869	1160
3312.81206091594	1160
3314.87818027774	1162
3316.94372837077	1158.5
3319.00870545161	1163
3321.07311177668	1159.59997558594
3323.13694760229	1158.80004882813
3325.2002131846	1158.40002441406
3327.26290877964	1160.19995117188
3329.32503464334	1159.80004882813
3331.38659103145	1159.59997558594
3333.4475781996	1161.69995117188
3335.50799640332	1162.5
3337.56784589797	1159.69995117188
3339.62712693879	1163.30004882813
3341.68583978089	1161.90002441406
3343.74398467924	1161.80004882813
3345.80156188869	1160.40002441406
3347.85857166394	1159.30004882813
3349.91501425956	1157.5
3351.97088992999	1157.59997558594
3354.02619892956	1159.80004882813
3356.0809415124	1159.09997558594
3358.13511793259	1158.40002441406
3360.18872844401	1158.80004882813
3362.24177330044	1160.30004882813
3364.29425275552	1158
3366.34616706274	1159.80004882813
3368.39751647548	1158.69995117188
3370.44830124696	1160.19995117188
3372.49852163029	1160.90002441406
3374.54817787843	1156.5
3376.5972702442	1157.19995117188
3378.64579898031	1164
3380.69376433931	1158.19995117188
3382.74116657361	1159.90002441406
3384.78800593552	1161.59997558594
3386.83428267718	1158.19995117188
3388.8799970506	1162.40002441406
3390.92514930767	1162.19995117188
3392.96973970014	1161.80004882813
3395.01376847962	1157.19995117188
3397.05723589757	1158.40002441406
3399.10014220533	1160.80004882813
3401.1424876541	1157.40002441406
3403.18427249495	1162.30004882813
3405.22549697881	1159
3407.26616135646	1161.19995117188
3409.30626587856	1161.09997558594
3411.34581079563	1156.80004882813
3413.38479635805	1160.80004882813
3415.42322281605	1161
3417.46109041976	1159.30004882813
3419.49839941912	1159.59997558594
3421.53515006399	1160.19995117188
3423.57134260405	1158.90002441406
3425.60697728886	1157.90002441406
3427.64205436783	1158.90002441406
3429.67657409025	1159.30004882813
3431.71053670525	1158.5
3433.74394246185	1160.69995117188
3435.77679160891	1157.09997558594
3437.80908439515	1160.09997558594
3439.84082106917	1158.30004882813
3441.87200187943	1157.5
3443.90262707421	1160
3445.93269690172	1161.40002441406
3447.96221160996	1158.90002441406
3449.99117144686	1160
3452.01957666015	1157.5
3454.04742749746	1156.69995117188
3456.07472420626	1160.09997558594
3458.1014670339	1159.59997558594
3460.12765622756	1158.40002441406
3462.15329203432	1157.19995117188
3464.17837470108	1157.19995117188
3466.20290447463	1161.19995117188
3468.22688160161	1160
3470.25030632851	1157.59997558594
3472.2731789017	1158.59997558594
3474.29549956739	1159.30004882813
3476.31726857166	1156.80004882813
3478.33848616045	1156.69995117188
3480.35915257955	1159.5
3482.37926807462	1158.69995117188
3484.39883289117	1158.09997558594
3486.41784727458	1158.80004882813
3488.43631147007	1159.5
3490.45422572275	1154.90002441406
3492.47159027755	1158.30004882813
3494.4884053793	1159.30004882813
3496.50467127263	1156.80004882813
3498.5203882021	1158.69995117188
3500.53555641208	1156.30004882813
3502.5501761468	1161.30004882813
3504.56424765036	1153.30004882813
3506.57777116674	1160.69995117188
3508.59074693973	1158.59997558594
3510.603175213	1158.30004882813
3512.61505623009	1158
3514.62639023438	1155.69995117188
3516.63717746911	1157.40002441406
3518.64741817739	1161.19995117188
3520.65711260216	1158.19995117188
3522.66626098625	1159.19995117188
3524.67486357232	1157
3526.6829206029	1155.80004882813
3528.69043232037	1157.40002441406
3530.69739896698	1157.19995117188
3532.70382078481	1157.09997558594
3534.70969801583	1156.69995117188
3536.71503090183	1158.30004882813
3538.71981968447	1154.30004882813
3540.72406460529	1158.40002441406
3542.72776590566	1156.19995117188
3544.7309238268	1158.90002441406
3546.7335386098	1158.40002441406
3548.7356104956	1158.59997558594
3550.737139725	1158.09997558594
3552.73812653866	1157.5
3554.73857117706	1157.40002441406
3556.73847388059	1154.30004882813
3558.73783488944	1157.40002441406
3560.7366544437	1157.19995117188
3562.73493278328	1157.5
3564.73267014797	1157.80004882813
3566.7298667774	1157.40002441406
3568.72652291106	1159.59997558594
3570.72263878828	1155.09997558594
3572.71821464827	1156.19995117188
3574.71325073007	1156
3576.70774727257	1153.90002441406
3578.70170451455	1157.19995117188
3580.6951226946	1157.5
3582.68800205121	1155.80004882813
3584.68034282266	1157.5
3586.67214524714	1156.80004882813
3588.66340956266	1155.09997558594
3590.6541360071	1153.40002441406
3592.6443248182	1155.80004882813
3594.63397623352	1156.40002441406
3596.6230904905	1155.90002441406
3598.61166782642	1157.09997558594
3600.59970847842	1154.59997558594
3602.58721268348	1155.90002441406
3604.57418067846	1157.69995117188
3606.56061270003	1156.09997558594
3608.54650898475	1154.80004882813
3610.53186976901	1155.19995117188
3612.51669528905	1158
3614.50098578098	1156.19995117188
3616.48474148074	1157.90002441406
3618.46796262413	1153.19995117188
3620.45064944681	1157.5
3622.43280218428	1155.80004882813
3624.41442107188	1156.19995117188
3626.39550634484	1154.90002441406
3628.37605823819	1155.90002441406
3630.35607698685	1157
3632.33556282556	1153.5
3634.31451598894	1156
3636.29293671143	1155
3638.27082522735	1155.90002441406
3640.24818177084	1157.40002441406
3642.22500657592	1156
3644.20129987644	1155.80004882813
3646.17706190608	1158.30004882813
3648.15229289843	1154.09997558594
3650.12699308687	1155.59997558594
3652.10116270465	1156.5
3654.07480198488	1156.90002441406
3656.04791116049	1155.90002441406
3658.02049046431	1155.59997558594
3659.99254012895	1152.90002441406
3661.96406038692	1157.30004882813
3663.93505147056	1154.69995117188
3665.90551361207	1156.5
3667.87544704349	1156.80004882813
3669.84485199668	1156.19995117188
3671.81372870341	1156.5
3673.78207739523	1152.40002441406
3675.7498983036	1154.5
3677.71719165977	1155.80004882813
3679.68395769488	1156.30004882813
3681.65019663991	1152.5
3683.61590872567	1157.09997558594
3685.58109418282	1155.5
3687.54575324187	1157.09997558594
3689.5098861332	1155
3691.473493087	1157
3693.43657433333	1156.19995117188
3695.39913010208	1156.19995117188
3697.36116062301	1154
3699.32266612569	1156.90002441406
3701.28364683959	1157.30004882813
3703.24410299397	1156.19995117188
3705.20403481795	1153.5
3707.16344254053	1157
3709.12232639052	1154.19995117188
3711.08068659659	1153.30004882813
3713.03852338724	1156.09997558594
3714.99583699084	1153.59997558594
3716.95262763558	1154.40002441406
3718.90889554951	1156.19995117188
3720.86464096053	1157
3722.81986409636	1156.19995117188
3724.7745651846	1154.5
3726.72874445265	1154.30004882813
3728.6824021278	1151.90002441406
3730.63553843715	1152.30004882813
3732.58815360767	1154.69995117188
3734.54024786615	1154.09997558594
3736.49182143924	1154.19995117188
3738.44287455343	1154.30004882813
3740.39340743505	1152.80004882813
3742.34342031027	1152.40002441406
3744.29291340513	1155.90002441406
3746.24188694546	1152.30004882813
3748.190341157	1153.59997558594
3750.13827626527	1155.59997558594
3752.08569249567	1156.69995117188
3754.03259007345	1156.30004882813
3755.97896922367	1155.5
3757.92483017124	1152
3759.87017314094	1155.40002441406
3761.81499835737	1156.19995117188
3763.75930604498	1154.80004882813
3765.70309642803	1151.40002441406
3767.64636973068	1153.19995117188
3769.58912617689	1155
3771.53136599047	1156.69995117188
3773.47308939509	1153.80004882813
3775.41429661421	1153.19995117188
