-174.488245116115	1147.69995117188
-171.353866679816	1147.5
-168.22051297009	1148.90002441406
-165.088183560586	1145.5
-161.956878025242	1149.90002441406
-158.826595938226	1147.80004882813
-155.697336873968	1145.90002441406
-152.569100407157	1144.80004882813
-149.441886112741	1149.30004882813
-146.315693565896	1149.5
-143.190522342091	1148
-140.066372017002	1147.80004882813
-136.943242166608	1147.90002441406
-133.82113236709	1147.90002441406
-130.7000421949	1148.40002441406
-127.579971226752	1147.69995117188
-124.46091903959	1148
-121.342885210617	1147.19995117188
-118.225869317289	1146.80004882813
-115.109870937295	1148.40002441406
-111.994889648578	1147.19995117188
-108.880925029339	1148
-105.767976658009	1147.69995117188
-102.656044113272	1147.80004882813
-99.5451269740494	1146
-96.4352248195329	1149.5
-93.3263372291173	1148.80004882813
-90.2184637824824	1145.19995117188
-87.1116040595153	1146.40002441406
-84.0057576403752	1148.59997558594
-80.9009241054446	1149.09997558594
-77.7971030353455	1147.40002441406
-74.6942940109553	1147.09997558594
-71.5924966133822	1148.5
-68.4917104239774	1147.90002441406
-65.3919350243307	1148
-62.2931699962624	1150.09997558594
-59.1954149218515	1148.69995117188
-56.0986693833866	1145.90002441406
-53.0029329634189	1148.59997558594
-49.908205244721	1150.09997558594
-46.8144858103075	1146.40002441406
-43.7217742434262	1148.5
-40.6300701275667	1148.30004882813
-37.5393730464434	1149.90002441406
-34.4496825840078	1148.19995117188
-31.3609983244403	1147.5
-28.273319852166	1147.30004882813
-25.1866467518426	1147.40002441406
-22.10097860834	1148.69995117188
-19.0163150067886	1148.09997558594
-15.9326555325185	1149.80004882813
-12.8499997711119	1148
-9.76834730837485	1149.09997558594
-6.68769773034879	1147.30004882813
-3.60805062329064	1148.90002441406
-0.529405573692618	1157.40002441406
2.54823783170989	1165.19995117188
5.62488000599066	1159.30004882813
8.70052136196052	1150.5
11.7751623122237	1148.19995117188
14.8488032691459	1148.09997558594
17.9214446448865	1146.69995117188
20.9930868513505	1148.90002441406
24.0637303002531	1148
27.1333754030514	1147.40002441406
30.2020225710047	1149.40002441406
33.2696722151428	1147.40002441406
36.3363247462699	1145.5
39.401980574957	1148.80004882813
42.4666401115817	1146
45.5303037662728	1147.90002441406
48.5929719489461	1148.40002441406
51.6546450693084	1148.5
54.7153235368463	1148.69995117188
57.7750077608055	1149.69995117188
60.8336981502356	1148
63.891395113966	1147.80004882813
66.9480990605899	1149.90002441406
70.0038103985047	1149.09997558594
73.0585295358718	1152.40002441406
76.112256880665	1155.80004882813
79.1649928406108	1178.30004882813
82.21673782324	1237.19995117188
85.2674922358484	1322.80004882813
88.3172564855524	1375.40002441406
91.3660309792176	1395.40002441406
94.4138161235146	1421.40002441406
97.4606123248875	1412.5
100.506419989605	1414.30004882813
103.551239523679	1409.80004882813
106.595071332926	1403.40002441406
109.637915822959	1409.90002441406
112.679773399166	1410.80004882813
115.720644466743	1406
118.760529430661	1395.90002441406
121.799428695683	1392.30004882813
124.83734266637	1380
127.874271747074	1371.09997558594
130.910216341928	1377
133.945176854874	1363.30004882813
136.979153689627	1370.80004882813
140.012147249714	1367.09997558594
143.044157938449	1363.40002441406
146.075186158938	1351.09997558594
149.105232314081	1355.69995117188
152.134296806573	1346.90002441406
155.162380038908	1349.69995117188
158.189482413382	1342.19995117188
161.215604332062	1343.19995117188
164.240746196836	1338.09997558594
167.264908409388	1338.5
170.288091371194	1333.69995117188
173.310295483525	1332.30004882813
176.331521147454	1330.19995117188
179.351768763859	1334
182.3710387334	1326.30004882813
185.389331456545	1331.19995117188
188.40664733357	1319.40002441406
191.422986764561	1319.40002441406
194.438350149375	1318.80004882813
197.452737887679	1318.90002441406
200.466150378974	1322.90002441406
203.478588022515	1323.09997558594
206.490051217389	1320.69995117188
209.500540362482	1322.90002441406
212.510055856486	1327.30004882813
215.51859809788	1322.90002441406
218.526167484984	1328.69995117188
221.532764415869	1333.30004882813
224.538389288469	1341.19995117188
227.543042500475	1360.30004882813
230.546724449419	1357.40002441406
233.549435532609	1368.90002441406
236.551176147184	1377.30004882813
239.551946690085	1372.5
242.551747558066	1371.19995117188
245.55057914767	1355.80004882813
248.548441855258	1372.90002441406
251.545336077006	1375.19995117188
254.541262208898	1385.69995117188
257.536220646712	1378
260.53021178606	1386.09997558594
263.523236022356	1382.40002441406
266.515293750805	1383.59997558594
269.506385366465	1390.40002441406
272.496511264158	1393.90002441406
275.485671838549	1399.90002441406
278.473867484101	1400.59997558594
281.461098595114	1411.59997558594
284.44736556567	1416.30004882813
287.432668789673	1422.80004882813
290.417008660864	1435.80004882813
293.400385572757	1436
296.382799918725	1466.5
299.364252091929	1483.30004882813
302.344742485338	1509.09997558594
305.324271491768	1490
308.302839503825	1478
311.280446913945	1452.40002441406
314.257094114377	1435.59997558594
317.23278149719	1421.69995117188
320.207509454258	1403.59997558594
323.181278377283	1393.90002441406
326.154088657796	1386.19995117188
329.125940687134	1375.59997558594
332.096834856454	1380.19995117188
335.066771556737	1369
338.035751178774	1372.30004882813
341.003774113189	1354.30004882813
343.97084075043	1357.09997558594
346.936951480745	1354.40002441406
349.902106694219	1340.59997558594
352.866306780769	1341.19995117188
355.82955213011	1351.69995117188
358.791843131792	1339.40002441406
361.753180175185	1336.30004882813
364.713563649499	1333.59997558594
367.672993943731	1330.30004882813
370.631471446741	1329.80004882813
373.588996547206	1322.80004882813
376.545569633593	1312.80004882813
379.501191094236	1314.30004882813
382.45586131727	1322.09997558594
385.409580690674	1324.59997558594
388.362349602236	1314.90002441406
391.314168439577	1304.5
394.265037590153	1305
397.214957441235	1304.69995117188
400.16392837993	1302.40002441406
403.111950793165	1306
406.059025067691	1288.59997558594
409.005151590118	1306
411.950330746855	1300.90002441406
414.894562924143	1296.80004882813
417.837848508063	1311.5
420.780187884513	1296.5
423.721581439244	1305.90002441406
426.662029557819	1313.69995117188
429.601532625628	1310.40002441406
432.540091027909	1307.09997558594
435.477705149715	1316.69995117188
438.414375375956	1303.5
441.350102091341	1292.69995117188
444.284885680439	1276.40002441406
447.218726527646	1285
450.151625017169	1274.30004882813
453.083581533085	1265
456.014596459275	1254
458.94467017946	1252.5
461.87380307723	1246.09997558594
464.801995535963	1248.90002441406
467.72924793888	1248.40002441406
470.655560669072	1254
473.580934109433	1267.5
476.505368642699	1271.30004882813
479.42886465145	1276.69995117188
482.351422518103	1290.40002441406
485.273042624905	1304.5
488.193725353949	1319.30004882813
491.113471087159	1337.90002441406
494.032280206301	1352.59997558594
496.950153092974	1391.40002441406
499.867090128629	1431.09997558594
502.783091694533	1531.69995117188
505.698158171827	1669.19995117188
508.612289941456	1976.40002441406
511.525487384225	2790.80004882813
514.43775088078	5371.7998046875
517.3490808116	10959.7998046875
520.259477557008	14166.400390625
523.168941497168	10047.2001953125
526.077473012083	5634.39990234375
528.98507248161	3464.39990234375
531.891740285434	2513.30004882813
534.797476803086	2050.10009765625
537.702282413949	1779.40002441406
540.606157497241	1612.5
543.509102432012	1520.80004882813
546.411117597179	1454.09997558594
549.312203371496	1399.19995117188
552.212360133551	1370.09997558594
555.111588261787	1339.5
558.009888134493	1330.19995117188
560.907260129786	1315.19995117188
563.803704625648	1302.90002441406
566.699221999907	1288.30004882813
569.593812630219	1276.5
572.487476894111	1270.19995117188
575.380215168932	1264.69995117188
578.272027831898	1267.80004882813
581.162915260056	1259.59997558594
584.052877830319	1255.30004882813
586.941915919431	1247.69995117188
589.830029903984	1253.90002441406
592.717220160442	1252.5
595.603487065095	1259.30004882813
598.488830994078	1254.80004882813
601.373252323396	1257.5
604.256751428889	1253.09997558594
607.139328686265	1261
610.020984471038	1271.09997558594
612.90171915863	1270.59997558594
615.781533124278	1281
618.660426743072	1283
621.538400389971	1287.69995117188
624.415454439761	1271.5
627.291589267105	1265.90002441406
630.166805246513	1261
633.041102752313	1270.09997558594
635.914482158742	1253.40002441406
638.786943839845	1253.5
641.658488169547	1255.19995117188
644.529115521603	1253.40002441406
647.398826269641	1258.90002441406
650.267620787151	1257.19995117188
653.135499447438	1256.69995117188
656.002462623708	1257
658.868510688984	1258.19995117188
661.733644016172	1261.59997558594
664.59786297802	1262.69995117188
667.461167947139	1261.09997558594
670.32355929598	1266.5
673.185037396862	1257
676.045602621965	1262.30004882813
678.905255343306	1258.19995117188
681.763995932795	1245.09997558594
684.621824762164	1252.5
687.47874220302	1248.90002441406
690.334748626818	1243.80004882813
693.189844404876	1230.5
696.044029908375	1227.90002441406
698.897305508341	1224.5
701.749671575677	1221.59997558594
704.601128481138	1226.80004882813
707.451676595324	1219.40002441406
710.301316288718	1221.19995117188
713.150047931639	1215.80004882813
715.997871894292	1216.19995117188
718.844788546713	1219.40002441406
721.690798258824	1210.40002441406
724.535901400393	1218.80004882813
727.380098341057	1216.69995117188
730.223389450309	1218.80004882813
733.065775097502	1217.5
735.907255651861	1212.59997558594
738.747831482461	1223.5
741.587502958238	1212.30004882813
744.426270448005	1216.40002441406
747.264134320431	1217.5
750.101094944034	1210.69995117188
752.937152687221	1217.80004882813
755.772307918238	1226.40002441406
758.606561005211	1224
761.439912316121	1222.69995117188
764.272362218816	1216.09997558594
767.103911081018	1219
769.934559270291	1220.80004882813
772.764307154079	1225
775.593155099695	1229.80004882813
778.42110347431	1232.69995117188
781.248152644956	1229.40002441406
784.074302978539	1228.80004882813
786.899554841832	1230.80004882813
789.723908601474	1231.59997558594
792.547364623949	1233.90002441406
795.369923275648	1236.59997558594
798.191584922798	1242
801.012349931499	1236.19995117188
803.832218667714	1242
806.651191497303	1233
809.469268785944	1244.59997558594
812.286450899232	1248.5
815.1027382026	1248.19995117188
817.918131061357	1247.69995117188
820.73262984068	1251.69995117188
823.546234905624	1253.80004882813
826.358946621095	1246.59997558594
829.170765351889	1250.69995117188
831.981691462663	1243.80004882813
834.791725317936	1237.30004882813
837.600867282103	1247.19995117188
840.409117719429	1234.40002441406
843.216476994053	1243.59997558594
846.022945469989	1246.19995117188
848.828523511098	1236.30004882813
851.633211481134	1239.40002441406
854.437009743721	1241.30004882813
857.239918662353	1241.80004882813
860.041938600383	1246.90002441406
862.843069921057	1238.30004882813
865.643312987472	1242.69995117188
868.442668162604	1239.30004882813
871.241135809316	1242.69995117188
874.038716290324	1242.90002441406
876.835409968233	1239.5
879.63121720551	1246.09997558594
882.426138364494	1244.19995117188
885.22017380741	1239.90002441406
888.013323896339	1243.09997558594
890.805588993253	1252.19995117188
893.596969459993	1253.19995117188
896.387465658265	1242.19995117188
899.177077949666	1248.30004882813
901.965806695649	1242.90002441406
904.75365225756	1250.19995117188
907.540614996601	1257.59997558594
910.326695273873	1255.19995117188
913.111893450328	1253.5
915.896209886813	1246.69995117188
918.679644944044	1270.5
921.462198982604	1276.80004882813
924.243872362968	1298.30004882813
927.02466544548	1344.30004882813
929.804578590358	1401.40002441406
932.583612157696	1462.40002441406
935.361766507473	1541.5
938.13904199954	1610.80004882813
940.915438993633	1649.69995117188
943.690957849354	1647.69995117188
946.465598926189	1637.19995117188
949.239362583496	1656.19995117188
952.012249180518	1645.59997558594
954.784259076376	1653.40002441406
957.555392630071	1647.59997558594
960.325650200475	1661.59997558594
963.09503214635	1674.80004882813
965.863538826323	1666.69995117188
968.631170598912	1682.80004882813
971.397927822515	1672.09997558594
974.163810855393	1679.40002441406
976.928820055712	1668.90002441406
979.692955781498	1685.19995117188
982.456218390671	1667.80004882813
985.218608241021	1618.30004882813
987.980125690221	1566.09997558594
990.740771095826	1499.5
993.500544815275	1440
996.259447205875	1399.5
999.017478624842	1372.90002441406
1001.77463942924	1342.90002441406
1004.53092997605	1335.30004882813
1007.28635062209	1318.5
1010.0409017241	1300.59997558594
1012.79458363868	1293.40002441406
1015.54739672233	1276.30004882813
1018.29934133142	1272.59997558594
1021.05041782219	1265.09997558594
1023.8006265508	1255.40002441406
1026.54996787325	1242.09997558594
1029.29844214545	1229.90002441406
1032.0460497232	1226.30004882813
1034.79279096215	1211.09997558594
1037.53866621786	1204.90002441406
1040.28367584578	1197.59997558594
1043.02782020123	1192.80004882813
1045.7710996394	1189.40002441406
1048.51351451539	1190.80004882813
1051.25506518417	1188
1053.99575200061	1186.40002441406
1056.73557531945	1182.69995117188
1059.4745354953	1188
1062.2126328827	1186.90002441406
1064.94986783605	1182.69995117188
1067.68624070961	1180.69995117188
1070.42175185757	1186.5
1073.15640163398	1183.90002441406
1075.89019039278	1184.5
1078.6231184878	1181.69995117188
1081.35518627276	1181.40002441406
1084.08639410125	1187
1086.81674232676	1182.5
1089.54623130267	1181.30004882813
1092.27486138224	1188.30004882813
1095.00263291861	1182.30004882813
1097.72954626482	1181.59997558594
1100.45560177378	1187
1103.18079979831	1183.80004882813
1105.90514069112	1179
1108.62862480477	1183.69995117188
1111.35125249175	1180.09997558594
1114.07302410441	1183.5
1116.793939995	1179.80004882813
1119.51400051566	1178.19995117188
1122.23320601841	1179.09997558594
1124.95155685517	1184.59997558594
1127.66905337774	1184.40002441406
1130.38569593782	1182.59997558594
1133.10148488697	1179.30004882813
1135.81642057667	1177.5
1138.53050335829	1181.40002441406
1141.24373358306	1175
1143.95611160214	1178
1146.66763776654	1183.30004882813
1149.37831242718	1178.5
1152.08813593487	1178
1154.7971086403	1177.19995117188
1157.50523089408	1176.80004882813
1160.21250304667	1175.30004882813
1162.91892544844	1179.69995117188
1165.62449844965	1177.5
1168.32922240045	1169.40002441406
1171.0330976509	1175.19995117188
1173.73612455091	1175
1176.43830345031	1178.19995117188
1179.13963469882	1173.59997558594
1181.84011864604	1173.90002441406
1184.53975564147	1174.09997558594
1187.23854603451	1173.69995117188
1189.93649017442	1177.09997558594
1192.63358841039	1170.30004882813
1195.32984109149	1174.30004882813
1198.02524856667	1175.80004882813
1200.71981118478	1177.19995117188
1203.41352929457	1171.19995117188
1206.10640324467	1174.09997558594
1208.79843338361	1176.30004882813
1211.48962005981	1175.80004882813
1214.17996362159	1169.09997558594
1216.86946441716	1172.30004882813
1219.55812279461	1172.19995117188
1222.24593910194	1173.90002441406
1224.93291368704	1176.69995117188
1227.61904689769	1177.59997558594
1230.30433908157	1173.09997558594
1232.98879058625	1171.19995117188
1235.67240175918	1176.59997558594
1238.35517294773	1176.5
1241.03710449915	1170.80004882813
1243.71819676058	1175.09997558594
1246.39845007907	1176.90002441406
1249.07786480155	1172
1251.75644127485	1174.90002441406
1254.43417984571	1172.09997558594
1257.11108086072	1172.80004882813
1259.78714466643	1173.59997558594
1262.46237160921	1171.80004882813
1265.1367620354	1172.90002441406
1267.81031629118	1174.69995117188
1270.48303472266	1172.30004882813
1273.15491767583	1172.09997558594
1275.82596549657	1174.5
1278.49617853067	1168.59997558594
1281.16555712381	1174
1283.83410162156	1177.80004882813
1286.50181236939	1173.19995117188
1289.16868971269	1172.40002441406
1291.8347339967	1176.19995117188
1294.49994556659	1173.09997558594
1297.16432476743	1178.09997558594
1299.82787194415	1174.59997558594
1302.49058744163	1172
1305.15247160459	1172.80004882813
1307.81352477769	1172.90002441406
1310.47374730548	1174
1313.1331395324	1174
1315.79170180277	1170.80004882813
1318.44943446083	1174.5
1321.10633785073	1174.90002441406
1323.76241231648	1174.90002441406
1326.41765820202	1173.90002441406
1329.07207585117	1170.30004882813
1331.72566560766	1173.40002441406
1334.3784278151	1174.69995117188
1337.03036281703	1172.69995117188
1339.68147095686	1172.80004882813
1342.33175257789	1172.5
1344.98120802335	1173
1347.62983763636	1173
1350.27764175994	1171
1352.92462073697	1169.59997558594
1355.57077491028	1172.30004882813
1358.21610462259	1175.90002441406
1360.86061021649	1171.80004882813
1363.50429203449	1171.30004882813
1366.14715041901	1172.90002441406
1368.78918571234	1174.5
1371.4303982567	1170.5
1374.07078839419	1173.19995117188
1376.71035646681	1170.90002441406
1379.34910281647	1171.19995117188
1381.98702778498	1173.90002441406
1384.62413171402	1169.69995117188
1387.26041494523	1172.19995117188
1389.89587782008	1177.69995117188
1392.53052068001	1172.80004882813
1395.16434386629	1173.5
1397.79734772015	1170.40002441406
1400.42953258269	1169.30004882813
1403.0608987949	1167.69995117188
1405.69144669771	1171.40002441406
1408.32117663193	1171.69995117188
1410.95008893825	1175.5
1413.57818395728	1176
1416.20546202954	1171.09997558594
1418.83192349543	1172.5
1421.45756869528	1172
1424.08239796929	1173.59997558594
1426.70641165757	1175
1429.32961010016	1173.30004882813
1431.95199363695	1170
1434.57356260778	1175.69995117188
1437.19431735237	1176.69995117188
1439.81425821033	1172.19995117188
1442.43338552118	1175.30004882813
1445.05169962437	1174.5
1447.66920085921	1171.30004882813
1450.28588956493	1175.69995117188
1452.90176608067	1171.5
1455.51683074547	1174.80004882813
1458.13108389825	1174.40002441406
1460.74452587786	1175.19995117188
1463.35715702303	1169.19995117188
1465.96897767243	1166.09997558594
1468.57998816457	1171.09997558594
1471.19018883794	1171.19995117188
1473.79958003086	1168.80004882813
1476.4081620816	1173
1479.01593532831	1173.30004882813
1481.62290010905	1173.09997558594
1484.22905676179	1169.09997558594
1486.83440562438	1171.59997558594
1489.43894703461	1171.59997558594
1492.04268133016	1166.59997558594
1494.64560884857	1169.19995117188
1497.24772992735	1165.5
1499.84904490388	1167.40002441406
1502.44955411543	1171.5
1505.0492578992	1163.69995117188
1507.64815659229	1171.40002441406
1510.24625053168	1169.80004882813
1512.84354005429	1170.40002441406
1515.44002549691	1171.69995117188
1518.03570719625	1168.69995117188
1520.63058548894	1165.80004882813
1523.22466071147	1168.09997558594
1525.81793320028	1169.90002441406
1528.41040329169	1167.19995117188
1531.00207132192	1168.59997558594
1533.59293762712	1165.40002441406
1536.18300254332	1165.69995117188
1538.77226640645	1172.59997558594
1541.36072955237	1169.5
1543.94839231684	1169.80004882813
1546.53525503548	1169.19995117188
1549.12131804389	1169.5
1551.70658167752	1166.40002441406
1554.29104627173	1169.30004882813
1556.87471216181	1166.59997558594
1559.45757968292	1168.59997558594
1562.03964917017	1169.40002441406
1564.62092095853	1170
1567.2013953829	1171.69995117188
1569.78107277808	1167.40002441406
1572.35995347877	1170.5
1574.93803781959	1165.09997558594
1577.51532613504	1166.90002441406
1580.09181875956	1170.69995117188
1582.66751602746	1170.90002441406
1585.24241827297	1168.59997558594
1587.81652583024	1168.90002441406
1590.3898390333	1169.69995117188
1592.96235821611	1162.19995117188
1595.53408371251	1170.30004882813
1598.10501585628	1170.19995117188
1600.67515498106	1166.09997558594
1603.24450142043	1169.80004882813
1605.81305550788	1170.69995117188
1608.38081757677	1169.80004882813
1610.9477879604	1168.40002441406
1613.51396699198	1166
1616.07935500458	1171.40002441406
1618.64395233122	1166.19995117188
1621.20775930483	1169.40002441406
1623.7707762582	1166.40002441406
1626.33300352408	1168
1628.89444143508	1167.5
1631.45509032376	1170.5
1634.01495052255	1165.19995117188
1636.5740223638	1168.30004882813
1639.13230617978	1172.69995117188
1641.68980230264	1166.59997558594
1644.24651106446	1169
1646.80243279721	1167
1649.35756783278	1167.59997558594
1651.91191650296	1164.40002441406
1654.46547913944	1167.19995117188
1657.01825607383	1168
1659.57024763764	1168.80004882813
1662.12145416229	1167.69995117188
1664.6718759791	1170.09997558594
1667.2215134193	1168.59997558594
1669.77036681404	1169.90002441406
1672.31843649435	1166.30004882813
1674.8657227912	1169.90002441406
1677.41222603543	1168.5
1679.95794655782	1166.90002441406
1682.50288468904	1166.40002441406
1685.04704075968	1165.80004882813
1687.59041510022	1166.80004882813
1690.13300804106	1167.40002441406
1692.67481991249	1166.09997558594
1695.21585104474	1169.5
1697.75610176791	1165.40002441406
1700.29557241205	1169.59997558594
1702.83426330707	1167
1705.37217478282	1169
1707.90930716905	1169.59997558594
1710.44566079541	1168
1712.98123599146	1169.40002441406
1715.51603308669	1166.59997558594
1718.05005241045	1164.40002441406
1720.58329429205	1166.69995117188
1723.11575906067	1167.59997558594
1725.64744704542	1170.69995117188
1728.17835857532	1167
1730.70849397927	1165.59997558594
1733.2378535861	1167.90002441406
1735.76643772453	1166.40002441406
1738.29424672323	1169.19995117188
1740.82128091074	1170.69995117188
1743.3475406155	1167.90002441406
1745.87302616589	1164.09997558594
1748.39773789019	1167.69995117188
1750.92167611656	1169.90002441406
1753.44484117311	1170
1755.96723338783	1164.80004882813
1758.48885308862	1168
1761.00970060331	1164.80004882813
1763.52977625961	1166.80004882813
1766.04908038514	1168.90002441406
1768.56761330746	1169.40002441406
1771.08537535401	1166.69995117188
1773.60236685214	1168
1776.11858812912	1164.59997558594
1778.63403951211	1167.19995117188
1781.14872132821	1168.80004882813
1783.6626339044	1168.69995117188
1786.17577756757	1168.40002441406
1788.68815264454	1167.09997558594
1791.199759462	1162.5
1793.7105983466	1167.30004882813
1796.22066962486	1167.40002441406
1798.72997362322	1166.30004882813
1801.23851066803	1169.90002441406
1803.74628108554	1161.69995117188
1806.25328520193	1165.09997558594
1808.75952334326	1166
1811.2649958355	1166.40002441406
1813.76970300458	1167.69995117188
1816.27364517628	1165.80004882813
1818.77682267629	1164
1821.27923583026	1167.69995117188
1823.78088496369	1164.80004882813
1826.28177040204	1164.09997558594
1828.78189247064	1170.59997558594
1831.28125149473	1165.80004882813
1833.77984779949	1165.19995117188
1836.27768170998	1166.5
1838.77475355119	1165.90002441406
1841.271063648	1164.09997558594
1843.76661232521	1165.59997558594
1846.26139990751	1168.5
1848.75542671954	1166.09997558594
1851.2486930858	1168
1853.74119933074	1167.09997558594
1856.23294577869	1166.59997558594
1858.72393275391	1164.5
1861.21416058054	1165
1863.70362958267	1167.19995117188
1866.19234008426	1164.09997558594
1868.6802924092	1162.80004882813
1871.16748688129	1163.90002441406
1873.65392382424	1168
1876.13960356164	1163.40002441406
1878.62452641704	1169.69995117188
1881.10869271384	1164.90002441406
1883.59210277541	1165.69995117188
1886.07475692498	1165.90002441406
1888.55665548571	1169.40002441406
1891.03779878067	1166.90002441406
1893.51818713284	1165.30004882813
1895.99782086509	1170
1898.47670030024	1169.30004882813
1900.95482576096	1163.69995117188
1903.43219756989	1164.19995117188
1905.90881604954	1169.40002441406
1908.38468152235	1166.09997558594
1910.85979431064	1166.69995117188
1913.33415473668	1163.69995117188
1915.80776312261	1164
1918.28061979051	1168.59997558594
1920.75272506234	1164.30004882813
1923.22407926001	1168.69995117188
1925.69468270529	1170.80004882813
1928.16453571989	1163.19995117188
1930.63363862544	1169
1933.10199174344	1167.90002441406
1935.56959539533	1165
1938.03644990244	1165.30004882813
1940.50255558603	1171.09997558594
1942.96791276726	1166.09997558594
1945.43252176718	1164.59997558594
1947.8963829068	1166.09997558594
1950.35949650697	1164.19995117188
1952.8218628885	1168.19995117188
1955.2834823721	1165.30004882813
1957.74435527836	1160.90002441406
1960.20448192784	1164.30004882813
1962.66386264093	1166.40002441406
1965.12249773799	1168.30004882813
1967.58038753927	1165.90002441406
1970.03753236493	1165
1972.49393253504	1164.30004882813
1974.94958836957	1164.5
1977.4045001884	1169.90002441406
1979.85866831133	1162.5
1982.31209305807	1168
1984.76477474823	1163.69995117188
1987.21671370133	1162.69995117188
1989.6679102368	1164.40002441406
1992.11836467399	1164.80004882813
1994.56807733213	1167.90002441406
1997.0170485304	1165.5
1999.46527858786	1169.09997558594
2001.91276782348	1168.80004882813
2004.35951655615	1167.69995117188
2006.80552510467	1165.5
2009.25079378774	1164.5
2011.69532292397	1166.30004882813
2014.13911283188	1166.69995117188
2016.58216382991	1163.5
2019.02447623639	1165.59997558594
2021.46605036956	1163.5
2023.90688654761	1167.09997558594
2026.34698508858	1165.30004882813
2028.78634631045	1168.59997558594
2031.22497053111	1165.30004882813
2033.66285806835	1165.30004882813
2036.10000923987	1166.90002441406
2038.53642436328	1164.40002441406
2040.97210375611	1163.80004882813
2043.40704773578	1167.40002441406
2045.84125661964	1166.30004882813
2048.27473072492	1162.69995117188
2050.70747036878	1167.40002441406
2053.13947586829	1165.40002441406
2055.57074754041	1165.59997558594
2058.00128570205	1166.5
2060.43109066998	1164
2062.8601627609	1163.69995117188
2065.28850229143	1166.40002441406
2067.71610957807	1165.09997558594
2070.14298493726	1166.40002441406
2072.56912868532	1164.90002441406
2074.99454113851	1166.30004882813
2077.41922261297	1163
2079.84317342476	1168.09997558594
2082.26639388986	1165.80004882813
2084.68888432414	1167
2087.1106450434	1162
2089.53167636331	1165.40002441406
2091.95197859949	1166.90002441406
2094.37155206745	1163.90002441406
2096.79039708261	1162
2099.20851396029	1168.59997558594
2101.62590301575	1162.40002441406
2104.04256456411	1162.90002441406
2106.45849892045	1168.09997558594
2108.87370639971	1164.59997558594
2111.28818731677	1164.09997558594
2113.70194198641	1164.30004882813
2116.11497072333	1164.59997558594
2118.52727384211	1164.40002441406
2120.93885165726	1160.69995117188
2123.34970448321	1163.40002441406
2125.75983263425	1166.09997558594
2128.16923642463	1164.30004882813
2130.57791616848	1167.19995117188
2132.98587217985	1163.19995117188
2135.3931047727	1162.90002441406
2137.79961426089	1167
2140.20540095818	1164.19995117188
2142.61046517826	1169.30004882813
2145.01480723472	1166.09997558594
2147.41842744104	1167.30004882813
2149.82132611063	1166.09997558594
2152.22350355681	1165.19995117188
2154.62496009279	1166.5
2157.0256960317	1167.30004882813
2159.42571168658	1167.69995117188
2161.82500737036	1166.30004882813
2164.22358339589	1162.5
2166.62144007595	1165.40002441406
2169.01857772318	1167.40002441406
2171.41499665018	1162.69995117188
2173.81069716942	1166.30004882813
2176.20567959329	1161.69995117188
2178.59994423409	1163.40002441406
2180.99349140402	1164.80004882813
2183.38632141519	1164.59997558594
2185.77843457964	1164.30004882813
2188.16983120927	1163.5
2190.56051161594	1164
2192.95047611139	1164.5
2195.33972500725	1165
2197.72825861511	1165.59997558594
2200.11607724641	1165.09997558594
2202.50318121254	1164.40002441406
2204.88957082477	1166.40002441406
2207.27524639429	1166.90002441406
2209.6602082322	1167.5
2212.0444566495	1165.09997558594
2214.4279919571	1163.40002441406
2216.81081446582	1170.40002441406
2219.19292448638	1164.59997558594
2221.57432232942	1166.19995117188
2223.95500830547	1164.40002441406
2226.33498272498	1165.30004882813
2228.7142458983	1168.09997558594
2231.09279813569	1165.5
2233.47063974732	1162.80004882813
2235.84777104327	1164.59997558594
2238.2241923335	1164.90002441406
2240.59990392792	1166.40002441406
2242.97490613632	1163.80004882813
2245.34919926839	1167
2247.72278363376	1163.80004882813
2250.09565954192	1166.19995117188
2252.46782730231	1163.59997558594
2254.83928722425	1164.40002441406
2257.21003961698	1163.90002441406
2259.58008478963	1162.5
2261.94942305127	1169.40002441406
2264.31805471084	1166.19995117188
2266.68598007721	1167.80004882813
2269.05319945914	1166.40002441406
2271.4197131653	1162.80004882813
2273.78552150427	1166.80004882813
2276.15062478456	1166.80004882813
2278.51502331454	1164.90002441406
2280.87871740252	1166
2283.24170735671	1166.69995117188
2285.60399348521	1161.40002441406
2287.96557609605	1166.90002441406
2290.32645549714	1165.90002441406
2292.68663199633	1165.19995117188
2295.04610590133	1165.09997558594
2297.40487751981	1165.30004882813
2299.76294715931	1165.5
2302.12031512727	1164.90002441406
2304.47698173107	1167.80004882813
2306.83294727796	1165.5
2309.18821207512	1168.19995117188
2311.54277642963	1166.5
2313.89664064847	1162.69995117188
2316.24980503852	1161.19995117188
2318.6022699066	1163.59997558594
2320.95403555938	1162.90002441406
2323.30510230349	1162.80004882813
2325.65547044542	1163.40002441406
2328.0051402916	1166.80004882813
2330.35411214835	1163.5
2332.7023863219	1163
2335.04996311837	1164.59997558594
2337.39684284382	1165.80004882813
2339.74302580418	1163.30004882813
2342.08851230529	1163.80004882813
2344.43330265291	1165.09997558594
2346.7773971527	1162.09997558594
2349.12079611023	1162.09997558594
2351.46349983096	1164.19995117188
2353.80550862026	1165.69995117188
2356.14682278342	1164.69995117188
2358.48744262562	1162.69995117188
2360.82736845194	1165.19995117188
2363.16660056738	1161.59997558594
2365.50513927683	1163.30004882813
2367.8429848851	1162.09997558594
2370.1801376969	1161.5
2372.51659801683	1167
2374.85236614941	1164.30004882813
2377.18744239906	1164.09997558594
2379.52182707011	1160.5
2381.85552046679	1166.59997558594
2384.18852289322	1164
2386.52083465345	1163.90002441406
2388.85245605142	1162.90002441406
2391.18338739097	1165.59997558594
2393.51362897585	1167
2395.84318110973	1164.5
2398.17204409615	1164.30004882813
2400.50021823858	1167.69995117188
2402.82770384038	1165.5
2405.15450120483	1160.59997558594
2407.48061063509	1163.40002441406
2409.80603243426	1167.19995117188
2412.13076690529	1167.40002441406
2414.4548143511	1163.40002441406
2416.77817507445	1166.09997558594
2419.10084937804	1166.09997558594
2421.42283756447	1165
2423.74413993625	1167.19995117188
2426.06475679575	1164.59997558594
2428.38468844531	1165.59997558594
2430.70393518711	1161.40002441406
2433.02249732329	1162
2435.34037515584	1164.59997558594
2437.65756898669	1163.59997558594
2439.97407911767	1164.69995117188
2442.28990585049	1163.19995117188
2444.60504948679	1165.40002441406
2446.91951032808	1165.80004882813
2449.23328867581	1161.69995117188
2451.54638483132	1165.30004882813
2453.85879909585	1162.80004882813
2456.17053177052	1163.5
2458.48158315639	1164.40002441406
2460.79195355441	1164.59997558594
2463.10164326542	1163.40002441406
2465.41065259017	1163.80004882813
2467.71898182932	1165.90002441406
2470.02663128344	1166.69995117188
2472.33360125296	1163.5
2474.63989203825	1164.30004882813
2476.94550393958	1165.40002441406
2479.25043725712	1164.30004882813
2481.55469229093	1164.90002441406
2483.85826934098	1162.59997558594
2486.16116870713	1164.59997558594
2488.46339068916	1165.59997558594
2490.76493558676	1164
2493.06580369949	1166.90002441406
2495.36599532684	1163.09997558594
2497.66551076817	1167.40002441406
2499.96435032278	1161.80004882813
2502.26251428984	1167.80004882813
2504.56000296845	1162.19995117188
2506.85681665757	1166.19995117188
2509.15295565612	1161.40002441406
2511.44842026287	1165.80004882813
2513.74321077651	1164.30004882813
2516.03732749563	1166
2518.33077071873	1166
2520.62354074419	1160.5
2522.91563787031	1162.5
2525.20706239528	1164.90002441406
2527.49781461721	1162
2529.78789483408	1163.40002441406
2532.0773033438	1167.30004882813
2534.36604044416	1162.59997558594
2536.65410643286	1167.19995117188
2538.9415016075	1165.80004882813
2541.22822626558	1164.19995117188
2543.51428070449	1160
2545.79966522154	1162.80004882813
2548.08438011393	1163.40002441406
2550.36842567876	1166.09997558594
2552.65180221302	1165.19995117188
2554.93451001363	1164.59997558594
2557.21654937738	1167.80004882813
2559.49792060096	1165
2561.77862398098	1161.30004882813
2564.05865981395	1164.19995117188
2566.33802839626	1164.40002441406
2568.61673002421	1163.5
2570.89476499399	1162.19995117188
2573.17213360172	1165.5
2575.44883614338	1162.5
2577.72487291489	1162.19995117188
2580.00024421203	1163
2582.27495033048	1163.30004882813
2584.54899156587	1164
2586.82236821368	1166.30004882813
2589.0950805693	1163
2591.36712892802	1165.5
2593.63851358505	1165.80004882813
2595.90923483547	1162.59997558594
2598.17929297426	1163.59997558594
2600.44868829631	1164.40002441406
2602.71742109642	1165.59997558594
2604.98549166927	1165.69995117188
2607.25290030944	1166.09997558594
2609.51964731142	1163.69995117188
2611.78573296958	1162.09997558594
2614.05115757822	1163.19995117188
2616.31592143149	1165.30004882813
2618.58002482349	1165.19995117188
2620.84346804817	1163.69995117188
2623.10625139942	1163.40002441406
2625.36837517101	1162.40002441406
2627.6298396566	1164.80004882813
2629.89064514976	1161.80004882813
2632.15079194395	1164.80004882813
2634.41028033254	1165.30004882813
2636.66911060878	1165.90002441406
2638.92728306582	1162
2641.18479799672	1161.90002441406
2643.44165569444	1164.30004882813
2645.69785645182	1166.5
2647.95340056162	1164.40002441406
2650.20828831645	1164.69995117188
2652.46252000888	1162
2654.71609593134	1162.59997558594
2656.96901637616	1166.59997558594
2659.22128163557	1165.30004882813
2661.47289200171	1164.40002441406
2663.72384776659	1162.5
2665.97414922213	1164.59997558594
2668.22379666017	1165.5
2670.4727903724	1160.80004882813
2672.72113065044	1162
2674.9688177858	1164.40002441406
2677.21585206988	1162.90002441406
2679.46223379399	1162.59997558594
2681.70796324931	1165.09997558594
2683.95304072694	1164.90002441406
2686.19746651787	1159.40002441406
2688.44124091298	1162.59997558594
2690.68436420305	1164.19995117188
2692.92683667876	1163
2695.16865863068	1165.40002441406
2697.40983034928	1161.90002441406
2699.65035212492	1163.90002441406
2701.89022424785	1164.40002441406
2704.12944700824	1164.19995117188
2706.36802069612	1166.90002441406
2708.60594560146	1165.90002441406
2710.84322201407	1163.69995117188
2713.0798502237	1165.19995117188
2715.31583051998	1163.40002441406
2717.55116319244	1162.90002441406
2719.78584853048	1162.69995117188
2722.01988682344	1163.80004882813
2724.2532783605	1164.5
2726.48602343079	1164.40002441406
2728.71812232329	1168.80004882813
2730.9495753269	1162.5
2733.1803827304	1161.09997558594
2735.4105448225	1161.09997558594
2737.64006189173	1162.5
2739.86893422659	1164.80004882813
2742.09716211544	1167.80004882813
2744.32474584653	1162.59997558594
2746.55168570802	1158
2748.77798198795	1164.5
2751.00363497426	1162.59997558594
2753.22864495479	1163.59997558594
2755.45301221725	1162.40002441406
2757.67673704928	1162.40002441406
2759.89981973839	1164.59997558594
2762.12226057198	1163.40002441406
2764.34405983734	1160.5
2766.56521782169	1163.09997558594
2768.7857348121	1166.09997558594
2771.00561109555	1161.59997558594
2773.22484695892	1162.59997558594
2775.44344268897	1163.69995117188
2777.66139857236	1162.69995117188
2779.87871489564	1163.80004882813
2782.09539194526	1159
2784.31143000754	1162.69995117188
2786.52682936873	1164.09997558594
2788.74159031494	1161.69995117188
2790.95571313218	1161.90002441406
2793.16919810637	1164.40002441406
2795.38204552329	1163.09997558594
2797.59425566864	1161.19995117188
2799.805828828	1163.09997558594
2802.01676528685	1162.30004882813
2804.22706533056	1162.19995117188
2806.43672924436	1160.09997558594
2808.64575731343	1164
2810.85414982279	1159.30004882813
2813.06190705738	1163.19995117188
2815.26902930203	1159.40002441406
2817.47551684145	1164.09997558594
2819.68136996024	1163.5
2821.88658894291	1164.40002441406
2824.09117407383	1161.80004882813
2826.29512563729	1163.59997558594
2828.49844391747	1163.69995117188
2830.70112919842	1161
2832.90318176409	1162.69995117188
2835.10460189833	1162.59997558594
2837.30538988487	1160.80004882813
2839.50554600732	1160.80004882813
2841.70507054922	1160.5
2843.90396379395	1159
2846.10222602482	1162.30004882813
2848.29985752501	1159.5
2850.49685857759	1162.5
2852.69322946553	1161.90002441406
2854.88897047169	1162
2857.08408187879	1160.69995117188
2859.27856396949	1161.19995117188
2861.4724170263	1165.09997558594
2863.66564133164	1165.69995117188
2865.85823716781	1163.40002441406
2868.050204817	1163.40002441406
2870.2415445613	1161.40002441406
2872.43225668266	1158.5
2874.62234146295	1163.5
2876.81179918393	1163
2879.00063012722	1160.5
2881.18883457435	1164.80004882813
2883.37641280674	1161.69995117188
2885.56336510569	1158.80004882813
2887.7496917524	1163.30004882813
2889.93539302793	1163.69995117188
2892.12046921326	1163.90002441406
2894.30492058926	1160.59997558594
2896.48874743666	1160.80004882813
2898.67195003609	1162.5
2900.85452866809	1162.5
2903.03648361305	1162.59997558594
2905.21781515128	1160.80004882813
2907.39852356295	1162.90002441406
2909.57860912814	1160.69995117188
2911.75807212682	1160.80004882813
2913.93691283883	1158.5
2916.1151315439	1163.09997558594
2918.29272852166	1163.09997558594
2920.46970405161	1162.59997558594
2922.64605841316	1161.30004882813
2924.82179188558	1160.90002441406
2926.99690474805	1161.90002441406
2929.17139727962	1161.90002441406
2931.34526975924	1160.90002441406
2933.51852246574	1160.90002441406
2935.69115567784	1158.80004882813
2937.86316967414	1159.09997558594
2940.03456473313	1161
2942.20534113318	1163.30004882813
2944.37549915256	1161.09997558594
2946.54503906942	1162.69995117188
2948.71396116179	1158.40002441406
2950.8822657076	1161
2953.04995298465	1162.5
2955.21702327062	1163.09997558594
2957.38347684312	1160.40002441406
2959.54931397958	1158.40002441406
2961.71453495737	1159.09997558594
2963.87914005372	1159.5
2966.04312954574	1162.90002441406
2968.20650371045	1158.19995117188
2970.36926282472	1163.40002441406
2972.53140716535	1159.30004882813
2974.69293700897	1162
2976.85385263216	1158.90002441406
2979.01415431133	1160
2981.17384232278	1161
2983.33291694274	1157
2985.49137844726	1164
2987.64922711234	1162.19995117188
2989.8064632138	1162.59997558594
2991.9630870274	1161.90002441406
2994.11909882875	1160.80004882813
2996.27449889334	1160.80004882813
2998.42928749659	1160
3000.58346491374	1161.59997558594
3002.73703141997	1162.69995117188
3004.8899872903	1162.09997558594
3007.04233279965	1163.69995117188
3009.19406822284	1163.59997558594
3011.34519383455	1162.59997558594
3013.49570990936	1162.19995117188
3015.64561672172	1163
3017.79491454597	1161
3019.94360365632	1159.59997558594
3022.09168432689	1159.80004882813
3024.23915683165	1162.5
3026.38602144448	1161.40002441406
3028.53227843913	1159.09997558594
3030.67792808923	1161.59997558594
3032.82297066831	1161
3034.96740644975	1161.80004882813
3037.11123570684	1163.09997558594
3039.25445871273	1162.90002441406
3041.39707574049	1157.5
3043.53908706303	1160.09997558594
3045.68049295316	1157.09997558594
3047.82129368358	1162.30004882813
3049.96148952684	1160.80004882813
3052.1010807554	1160
3054.24006764161	1161.59997558594
3056.37845045767	1160.19995117188
3058.51622947568	1160
3060.65340496763	1159.90002441406
3062.78997720535	1161
3064.92594646061	1156.80004882813
3067.06131300501	1159.59997558594
3069.19607711007	1160.19995117188
3071.33023904715	1158.40002441406
3073.46379908752	1160.30004882813
3075.59675750233	1162.80004882813
3077.7291145626	1163.09997558594
3079.86087053922	1159.69995117188
3081.99202570299	1157.90002441406
3084.12258032456	1161.30004882813
3086.25253467448	1162.19995117188
3088.38188902317	1161.69995117188
3090.51064364093	1160
3092.63879879794	1157.69995117188
3094.76635476428	1162.80004882813
3096.89331180986	1158.80004882813
3099.01967020452	1161.90002441406
3101.14543021796	1161.59997558594
3103.27059211975	1160.09997558594
3105.39515617934	1160.30004882813
3107.51912266608	1159.69995117188
3109.64249184919	1160
3111.76526399774	1160.90002441406
3113.88743938072	1160.90002441406
3116.00901826698	1158.80004882813
3118.13000092523	1159.5
3120.2503876241	1160.30004882813
3122.37017863206	1159.5
3124.48937421748	1157.5
3126.6079746486	1162.5
3128.72598019354	1157.40002441406
3130.84339112029	1162
3132.96020769673	1161.90002441406
3135.07643019061	1162.90002441406
3137.19205886957	1159.19995117188
3139.3070940011	1160.69995117188
3141.42153585259	1160.59997558594
3143.5353846913	1157.09997558594
3145.64864078438	1162.5
3147.76130439882	1157.69995117188
3149.87337580154	1158.09997558594
3151.98485525929	1162.5
3154.09574303872	1156.59997558594
3156.20603940634	1158.69995117188
3158.31574462857	1162
3160.42485897167	1156.90002441406
3162.53338270181	1158.69995117188
3164.64131608498	1158.69995117188
3166.74865938712	1159.30004882813
3168.85541287398	1159.80004882813
3170.96157681123	1159.80004882813
3173.0671514644	1158.59997558594
3175.17213709889	1161.5
3177.27653397998	1160
3179.38034237284	1158.09997558594
3181.48356254248	1159.80004882813
3183.58619475382	1156.80004882813
3185.68823927165	1162.40002441406
3187.78969636061	1162.80004882813
3189.89056628524	1156.5
3191.99084930995	1159.5
3194.09054569901	1158.59997558594
3196.18965571659	1162.80004882813
3198.28817962671	1159
3200.38611769327	1162.09997558594
3202.48347018006	1158.19995117188
3204.58023735073	1158.90002441406
3206.67641946881	1159.40002441406
3208.77201679769	1163
3210.86702960065	1159.69995117188
3212.96145814084	1159.59997558594
3215.05530268128	1160.40002441406
3217.14856348487	1159.5
3219.24124081437	1160.19995117188
3221.33333493243	1158.09997558594
3223.42484610157	1158.19995117188
3225.51577458416	1158.19995117188
3227.60612064247	1156.69995117188
3229.69588453864	1159.5
3231.78506653466	1162
3233.87366689244	1158.80004882813
3235.9616858737	1158.19995117188
3238.04912374008	1157.59997558594
3240.13598075307	1159.19995117188
3242.22225717405	1159
3244.30795326425	1159.30004882813
3246.39306928479	1158
3248.47760549664	1157
3250.56156216068	1156.69995117188
3252.64493953762	1160.5
3254.72773788807	1158.59997558594
3256.8099574725	1159.09997558594
3258.89159855124	1156.80004882813
3260.97266138451	1159
3263.05314623241	1159.69995117188
3265.13305335488	1160.09997558594
3267.21238301175	1158.40002441406
3269.29113546272	1157.30004882813
3271.36931096736	1159.30004882813
3273.4469097851	1159.40002441406
3275.52393217526	1158.19995117188
3277.60037839702	1158.30004882813
3279.67624870941	1158.90002441406
3281.75154337138	1158.19995117188
3283.8262626417	1160.40002441406
3285.90040677904	1160
3287.97397604193	1157
3290.04697068876	1159.40002441406
3292.11939097781	1157.69995117188
3294.19123716721	1161.40002441406
3296.26250951497	1161.30004882813
3298.33320827897	1158.90002441406
3300.40333371696	1158.19995117188
3302.47288608655	1159.80004882813
3304.54186564524	1156.69995117188
3306.61027265036	1157.30004882813
3308.67810735915	1158.69995117188
3310.74537002869	1156.19995117188
3312.81206091594	1159.19995117188
3314.87818027774	1157.90002441406
3316.94372837077	1155
3319.00870545161	1158
3321.07311177668	1161.80004882813
3323.13694760229	1157.5
3325.2002131846	1159.80004882813
3327.26290877964	1158.69995117188
3329.32503464334	1159.80004882813
3331.38659103145	1158.09997558594
3333.4475781996	1156
3335.50799640332	1159
3337.56784589797	1155.59997558594
3339.62712693879	1157
3341.68583978089	1153.90002441406
3343.74398467924	1159.80004882813
3345.80156188869	1157.40002441406
3347.85857166394	1157.69995117188
3349.91501425956	1154
3351.97088992999	1159.40002441406
3354.02619892956	1160.59997558594
3356.0809415124	1157.80004882813
3358.13511793259	1158.90002441406
3360.18872844401	1156.59997558594
3362.24177330044	1154.80004882813
3364.29425275552	1158.19995117188
3366.34616706274	1156.5
3368.39751647548	1158.30004882813
3370.44830124696	1158.59997558594
3372.49852163029	1158.30004882813
3374.54817787843	1156.90002441406
3376.5972702442	1157.09997558594
3378.64579898031	1155.40002441406
3380.69376433931	1158.59997558594
3382.74116657361	1156.69995117188
3384.78800593552	1155.80004882813
3386.83428267718	1159.19995117188
3388.8799970506	1158.90002441406
3390.92514930767	1155.80004882813
3392.96973970014	1159.30004882813
3395.01376847962	1156.09997558594
3397.05723589757	1157.30004882813
3399.10014220533	1157.19995117188
3401.1424876541	1156.30004882813
3403.18427249495	1156.09997558594
3405.22549697881	1156.59997558594
3407.26616135646	1158.90002441406
3409.30626587856	1155.09997558594
3411.34581079563	1157
3413.38479635805	1156.19995117188
3415.42322281605	1162.69995117188
3417.46109041976	1158.40002441406
3419.49839941912	1158.5
3421.53515006399	1158
3423.57134260405	1157.40002441406
3425.60697728886	1158.09997558594
3427.64205436783	1157.5
3429.67657409025	1154.90002441406
3431.71053670525	1157.09997558594
3433.74394246185	1157.19995117188
3435.77679160891	1156.59997558594
3437.80908439515	1157.80004882813
3439.84082106917	1156.5
3441.87200187943	1157.5
3443.90262707421	1155.69995117188
3445.93269690172	1155.59997558594
3447.96221160996	1159.19995117188
3449.99117144686	1159.09997558594
3452.01957666015	1159.09997558594
3454.04742749746	1156.59997558594
3456.07472420626	1157.19995117188
3458.1014670339	1156.80004882813
3460.12765622756	1153.59997558594
3462.15329203432	1158
3464.17837470108	1155.5
3466.20290447463	1155.59997558594
3468.22688160161	1155.90002441406
3470.25030632851	1153.80004882813
3472.2731789017	1153.09997558594
3474.29549956739	1158.09997558594
3476.31726857166	1155.80004882813
3478.33848616045	1155.69995117188
3480.35915257955	1156.30004882813
3482.37926807462	1157.5
3484.39883289117	1158
3486.41784727458	1160.09997558594
3488.43631147007	1156.30004882813
3490.45422572275	1155.59997558594
3492.47159027755	1152.80004882813
3494.4884053793	1152.5
3496.50467127263	1157.19995117188
3498.5203882021	1156.80004882813
3500.53555641208	1156.40002441406
3502.5501761468	1155.5
3504.56424765036	1154.09997558594
3506.57777116674	1158.30004882813
3508.59074693973	1153.90002441406
3510.603175213	1158.40002441406
3512.61505623009	1157.90002441406
3514.62639023438	1154.19995117188
3516.63717746911	1157.59997558594
3518.64741817739	1154.59997558594
3520.65711260216	1154
3522.66626098625	1156
3524.67486357232	1154.5
3526.6829206029	1155.40002441406
3528.69043232037	1153.80004882813
3530.69739896698	1155.5
3532.70382078481	1155.09997558594
3534.70969801583	1152.90002441406
3536.71503090183	1156.59997558594
3538.71981968447	1155.59997558594
3540.72406460529	1156.30004882813
3542.72776590566	1153.59997558594
3544.7309238268	1158.30004882813
3546.7335386098	1159
3548.7356104956	1155.59997558594
3550.737139725	1157.40002441406
3552.73812653866	1156.09997558594
3554.73857117706	1155.59997558594
3556.73847388059	1154.59997558594
3558.73783488944	1154.69995117188
3560.7366544437	1157.09997558594
3562.73493278328	1157.19995117188
3564.73267014797	1156.19995117188
3566.7298667774	1154
3568.72652291106	1153.90002441406
3570.72263878828	1154.90002441406
3572.71821464827	1153.80004882813
3574.71325073007	1154.59997558594
3576.70774727257	1156.09997558594
3578.70170451455	1156
3580.6951226946	1152.69995117188
3582.68800205121	1155
3584.68034282266	1155.19995117188
3586.67214524714	1157.09997558594
3588.66340956266	1156.19995117188
3590.6541360071	1154.90002441406
3592.6443248182	1153.30004882813
3594.63397623352	1154.09997558594
3596.6230904905	1153.30004882813
3598.61166782642	1155.09997558594
3600.59970847842	1155.5
3602.58721268348	1153.90002441406
3604.57418067846	1153.59997558594
3606.56061270003	1155.40002441406
3608.54650898475	1154.40002441406
3610.53186976901	1153.80004882813
3612.51669528905	1157.40002441406
3614.50098578098	1153.69995117188
3616.48474148074	1155.09997558594
3618.46796262413	1154.90002441406
3620.45064944681	1152.19995117188
3622.43280218428	1153.40002441406
3624.41442107188	1156.59997558594
3626.39550634484	1150.30004882813
3628.37605823819	1154.30004882813
3630.35607698685	1153.19995117188
3632.33556282556	1152.40002441406
3634.31451598894	1153.30004882813
3636.29293671143	1152.90002441406
3638.27082522735	1155.40002441406
3640.24818177084	1153.59997558594
3642.22500657592	1153.09997558594
3644.20129987644	1154.40002441406
3646.17706190608	1154.40002441406
3648.15229289843	1155.19995117188
3650.12699308687	1152.40002441406
3652.10116270465	1154.5
3654.07480198488	1153
3656.04791116049	1153.69995117188
3658.02049046431	1153.40002441406
3659.99254012895	1156.30004882813
3661.96406038692	1153.19995117188
3663.93505147056	1154.90002441406
3665.90551361207	1152.59997558594
3667.87544704349	1153.80004882813
3669.84485199668	1153.5
3671.81372870341	1152.19995117188
3673.78207739523	1153.5
3675.7498983036	1158
3677.71719165977	1152.30004882813
3679.68395769488	1152.80004882813
3681.65019663991	1152.90002441406
3683.61590872567	1155.80004882813
3685.58109418282	1154.80004882813
3687.54575324187	1153.40002441406
3689.5098861332	1156.09997558594
3691.473493087	1153.80004882813
3693.43657433333	1151.90002441406
3695.39913010208	1154.19995117188
3697.36116062301	1153.59997558594
3699.32266612569	1153.19995117188
3701.28364683959	1154.30004882813
3703.24410299397	1149.69995117188
3705.20403481795	1153.40002441406
3707.16344254053	1151.59997558594
3709.12232639052	1153.69995117188
3711.08068659659	1153.30004882813
3713.03852338724	1151
3714.99583699084	1152.59997558594
3716.95262763558	1153.69995117188
3718.90889554951	1152.19995117188
3720.86464096053	1152.30004882813
3722.81986409636	1151.80004882813
3724.7745651846	1150.5
3726.72874445265	1153.69995117188
3728.6824021278	1151.80004882813
3730.63553843715	1154.40002441406
3732.58815360767	1154.5
3734.54024786615	1152.09997558594
3736.49182143924	1155.09997558594
3738.44287455343	1152
3740.39340743505	1151.90002441406
3742.34342031027	1154.09997558594
3744.29291340513	1151.40002441406
3746.24188694546	1157.90002441406
3748.190341157	1153
3750.13827626527	1151.90002441406
3752.08569249567	1152.59997558594
3754.03259007345	1150.59997558594
3755.97896922367	1152.19995117188
3757.92483017124	1153.5
3759.87017314094	1154.90002441406
3761.81499835737	1153.69995117188
3763.75930604498	1154.19995117188
3765.70309642803	1152.90002441406
3767.64636973068	1151.90002441406
3769.58912617689	1154.40002441406
3771.53136599047	1154
3773.47308939509	1149.59997558594
3775.41429661421	1150.19995117188
