-174.488245116115	1147.30004882813
-171.353866679816	1149.30004882813
-168.22051297009	1147.5
-165.088183560586	1148.90002441406
-161.956878025242	1149
-158.826595938226	1147.69995117188
-155.697336873968	1147.09997558594
-152.569100407157	1149.69995117188
-149.441886112741	1148
-146.315693565896	1147.09997558594
-143.190522342091	1148.40002441406
-140.066372017002	1147.69995117188
-136.943242166608	1149.69995117188
-133.82113236709	1148.09997558594
-130.7000421949	1147.09997558594
-127.579971226752	1144.69995117188
-124.46091903959	1149
-121.342885210617	1149.19995117188
-118.225869317289	1148.69995117188
-115.109870937295	1149.80004882813
-111.994889648578	1146.40002441406
-108.880925029339	1150.59997558594
-105.767976658009	1148
-102.656044113272	1149.90002441406
-99.5451269740494	1147.19995117188
-96.4352248195329	1146.40002441406
-93.3263372291173	1147.40002441406
-90.2184637824824	1147.30004882813
-87.1116040595153	1147.40002441406
-84.0057576403752	1146.90002441406
-80.9009241054446	1149.59997558594
-77.7971030353455	1149.09997558594
-74.6942940109553	1147.09997558594
-71.5924966133822	1149.30004882813
-68.4917104239774	1146.59997558594
-65.3919350243307	1148.30004882813
-62.2931699962624	1148.59997558594
-59.1954149218515	1147.69995117188
-56.0986693833866	1148.40002441406
-53.0029329634189	1148.69995117188
-49.908205244721	1148.90002441406
-46.8144858103075	1148.90002441406
-43.7217742434262	1149.59997558594
-40.6300701275667	1148.30004882813
-37.5393730464434	1147.09997558594
-34.4496825840078	1148.09997558594
-31.3609983244403	1149.40002441406
-28.273319852166	1147
-25.1866467518426	1147.90002441406
-22.10097860834	1147.5
-19.0163150067886	1145.30004882813
-15.9326555325185	1148
-12.8499997711119	1150.30004882813
-9.76834730837485	1147.80004882813
-6.68769773034879	1149.90002441406
-3.60805062329064	1148.69995117188
-0.529405573692618	1151.80004882813
2.54823783170989	1163.30004882813
5.62488000599066	1155.69995117188
8.70052136196052	1152.19995117188
11.7751623122237	1148.19995117188
14.8488032691459	1148
17.9214446448865	1149.30004882813
20.9930868513505	1147.5
24.0637303002531	1146.19995117188
27.1333754030514	1147.30004882813
30.2020225710047	1147.59997558594
33.2696722151428	1147.19995117188
36.3363247462699	1147.90002441406
39.401980574957	1150.09997558594
42.4666401115817	1145.69995117188
45.5303037662728	1146.59997558594
48.5929719489461	1149.40002441406
51.6546450693084	1146.40002441406
54.7153235368463	1149
57.7750077608055	1149
60.8336981502356	1146
63.891395113966	1146.5
66.9480990605899	1147.09997558594
70.0038103985047	1149.59997558594
73.0585295358718	1149.69995117188
76.112256880665	1154.69995117188
79.1649928406108	1168.80004882813
82.21673782324	1212.09997558594
85.2674922358484	1275.19995117188
88.3172564855524	1324.30004882813
91.3660309792176	1339.30004882813
94.4138161235146	1343.09997558594
97.4606123248875	1350.90002441406
100.506419989605	1353.09997558594
103.551239523679	1348.69995117188
106.595071332926	1349.69995117188
109.637915822959	1345.09997558594
112.679773399166	1354.80004882813
115.720644466743	1328.19995117188
118.760529430661	1334.19995117188
121.799428695683	1331.09997558594
124.83734266637	1331.80004882813
127.874271747074	1320.59997558594
130.910216341928	1329
133.945176854874	1324.59997558594
136.979153689627	1310.30004882813
140.012147249714	1313.30004882813
143.044157938449	1312.59997558594
146.075186158938	1307.40002441406
149.105232314081	1309.59997558594
152.134296806573	1310.09997558594
155.162380038908	1305.90002441406
158.189482413382	1299.30004882813
161.215604332062	1307.09997558594
164.240746196836	1303.90002441406
167.264908409388	1292.59997558594
170.288091371194	1298.80004882813
173.310295483525	1296.19995117188
176.331521147454	1292.30004882813
179.351768763859	1291.40002441406
182.3710387334	1290.5
185.389331456545	1285.30004882813
188.40664733357	1289.19995117188
191.422986764561	1282
194.438350149375	1291.09997558594
197.452737887679	1286.19995117188
200.466150378974	1291.5
203.478588022515	1296.09997558594
206.490051217389	1296.19995117188
209.500540362482	1292.90002441406
212.510055856486	1291.40002441406
215.51859809788	1296.09997558594
218.526167484984	1298.30004882813
221.532764415869	1304
224.538389288469	1301.40002441406
227.543042500475	1312.59997558594
230.546724449419	1308.90002441406
233.549435532609	1316.30004882813
236.551176147184	1321.5
239.551946690085	1320.59997558594
242.551747558066	1325.40002441406
245.55057914767	1311.30004882813
248.548441855258	1325
251.545336077006	1328.59997558594
254.541262208898	1313.19995117188
257.536220646712	1325.59997558594
260.53021178606	1326
263.523236022356	1332.90002441406
266.515293750805	1327.69995117188
269.506385366465	1337.19995117188
272.496511264158	1339.19995117188
275.485671838549	1342.90002441406
278.473867484101	1338.19995117188
281.461098595114	1346.80004882813
284.44736556567	1343.5
287.432668789673	1350.40002441406
290.417008660864	1356.19995117188
293.400385572757	1361.69995117188
296.382799918725	1371.09997558594
299.364252091929	1395.5
302.344742485338	1404.40002441406
305.324271491768	1402.90002441406
308.302839503825	1392.80004882813
311.280446913945	1372.5
314.257094114377	1360.19995117188
317.23278149719	1345
320.207509454258	1337.30004882813
323.181278377283	1335.30004882813
326.154088657796	1330
329.125940687134	1320.80004882813
332.096834856454	1323
335.066771556737	1314.09997558594
338.035751178774	1312.19995117188
341.003774113189	1307.69995117188
343.97084075043	1314.19995117188
346.936951480745	1304.59997558594
349.902106694219	1292.40002441406
352.866306780769	1297.19995117188
355.82955213011	1313.69995117188
358.791843131792	1306.69995117188
361.753180175185	1289
364.713563649499	1286
367.672993943731	1295.5
370.631471446741	1295.69995117188
373.588996547206	1296.09997558594
376.545569633593	1292.59997558594
379.501191094236	1283
382.45586131727	1278.80004882813
385.409580690674	1280.09997558594
388.362349602236	1283.59997558594
391.314168439577	1284.19995117188
394.265037590153	1274.30004882813
397.214957441235	1270.40002441406
400.16392837993	1270
403.111950793165	1275.19995117188
406.059025067691	1275.30004882813
409.005151590118	1277.09997558594
411.950330746855	1272.19995117188
414.894562924143	1276.30004882813
417.837848508063	1272.30004882813
420.780187884513	1274.90002441406
423.721581439244	1277.59997558594
426.662029557819	1273.69995117188
429.601532625628	1276.59997558594
432.540091027909	1290.30004882813
435.477705149715	1283.80004882813
438.414375375956	1275.09997558594
441.350102091341	1266.90002441406
444.284885680439	1266.90002441406
447.218726527646	1260.40002441406
450.151625017169	1253
453.083581533085	1252.09997558594
456.014596459275	1243.19995117188
458.94467017946	1243.5
461.87380307723	1245.09997558594
464.801995535963	1248
467.72924793888	1242.69995117188
470.655560669072	1252
473.580934109433	1259.19995117188
476.505368642699	1260.40002441406
479.42886465145	1265.80004882813
482.351422518103	1263.09997558594
485.273042624905	1274.69995117188
488.193725353949	1284.5
491.113471087159	1295
494.032280206301	1317.80004882813
496.950153092974	1339.19995117188
499.867090128629	1359
502.783091694533	1404.40002441406
505.698158171827	1509.40002441406
508.612289941456	1711.09997558594
511.525487384225	2202.89990234375
514.43775088078	3833.5
517.3490808116	7566.10009765625
520.259477557008	9834.2001953125
523.168941497168	7068.7001953125
526.077473012083	4096.2001953125
528.98507248161	2665.89990234375
531.891740285434	2030.30004882813
534.797476803086	1729.09997558594
537.702282413949	1552.69995117188
540.606157497241	1474.19995117188
543.509102432012	1408.09997558594
546.411117597179	1369.30004882813
549.312203371496	1342.90002441406
552.212360133551	1310.5
555.111588261787	1300
558.009888134493	1296.80004882813
560.907260129786	1280.09997558594
563.803704625648	1271
566.699221999907	1261.40002441406
569.593812630219	1256.5
572.487476894111	1248.30004882813
575.380215168932	1249.59997558594
578.272027831898	1237.5
581.162915260056	1245.09997558594
584.052877830319	1239.59997558594
586.941915919431	1247.69995117188
589.830029903984	1241.19995117188
592.717220160442	1242
595.603487065095	1241.5
598.488830994078	1243.5
601.373252323396	1243.19995117188
604.256751428889	1248.90002441406
607.139328686265	1255.69995117188
610.020984471038	1259.09997558594
612.90171915863	1255.80004882813
615.781533124278	1256
618.660426743072	1259.09997558594
621.538400389971	1265.5
624.415454439761	1255.40002441406
627.291589267105	1252.40002441406
630.166805246513	1241.19995117188
633.041102752313	1249.69995117188
635.914482158742	1246.59997558594
638.786943839845	1238.5
641.658488169547	1244.30004882813
644.529115521603	1246
647.398826269641	1246.90002441406
650.267620787151	1243.69995117188
653.135499447438	1239.30004882813
656.002462623708	1248.59997558594
658.868510688984	1248.59997558594
661.733644016172	1250.19995117188
664.59786297802	1245.19995117188
667.461167947139	1248.80004882813
670.32355929598	1247
673.185037396862	1254
676.045602621965	1246.30004882813
678.905255343306	1244
681.763995932795	1248.59997558594
684.621824762164	1230.59997558594
687.47874220302	1238.90002441406
690.334748626818	1235.40002441406
693.189844404876	1228.59997558594
696.044029908375	1228.19995117188
698.897305508341	1227.30004882813
701.749671575677	1224.30004882813
704.601128481138	1221.09997558594
707.451676595324	1219.69995117188
710.301316288718	1224
713.150047931639	1219.5
715.997871894292	1222.40002441406
718.844788546713	1222.59997558594
721.690798258824	1218.5
724.535901400393	1224.59997558594
727.380098341057	1220
730.223389450309	1223.69995117188
733.065775097502	1218.59997558594
735.907255651861	1222
738.747831482461	1218
741.587502958238	1220.30004882813
744.426270448005	1221.40002441406
747.264134320431	1219.5
750.101094944034	1221.30004882813
752.937152687221	1227.80004882813
755.772307918238	1226.59997558594
758.606561005211	1223.69995117188
761.439912316121	1226.5
764.272362218816	1220.09997558594
767.103911081018	1224.40002441406
769.934559270291	1223.80004882813
772.764307154079	1221.69995117188
775.593155099695	1225.59997558594
778.42110347431	1225.69995117188
781.248152644956	1230.09997558594
784.074302978539	1228
786.899554841832	1229.59997558594
789.723908601474	1228.90002441406
792.547364623949	1228.90002441406
795.369923275648	1234.80004882813
798.191584922798	1231
801.012349931499	1233.90002441406
803.832218667714	1239.40002441406
806.651191497303	1230.90002441406
809.469268785944	1237.80004882813
812.286450899232	1243.59997558594
815.1027382026	1240.19995117188
817.918131061357	1236.69995117188
820.73262984068	1239.80004882813
823.546234905624	1246.30004882813
826.358946621095	1243.90002441406
829.170765351889	1241.19995117188
831.981691462663	1233.90002441406
834.791725317936	1237.5
837.600867282103	1233
840.409117719429	1235.59997558594
843.216476994053	1235.40002441406
846.022945469989	1229
848.828523511098	1234
851.633211481134	1232.69995117188
854.437009743721	1233.59997558594
857.239918662353	1233.19995117188
860.041938600383	1240.09997558594
862.843069921057	1233.90002441406
865.643312987472	1241.80004882813
868.442668162604	1236.80004882813
871.241135809316	1239.40002441406
874.038716290324	1242.09997558594
876.835409968233	1244.69995117188
879.63121720551	1242.5
882.426138364494	1238.40002441406
885.22017380741	1236.40002441406
888.013323896339	1235.80004882813
890.805588993253	1236.59997558594
893.596969459993	1243.30004882813
896.387465658265	1244.40002441406
899.177077949666	1238.30004882813
901.965806695649	1246.90002441406
904.75365225756	1238
907.540614996601	1242.30004882813
910.326695273873	1250.69995117188
913.111893450328	1242.09997558594
915.896209886813	1249.30004882813
918.679644944044	1245.40002441406
921.462198982604	1262.5
924.243872362968	1277.30004882813
927.02466544548	1296.19995117188
929.804578590358	1329.90002441406
932.583612157696	1366.5
935.361766507473	1429.30004882813
938.13904199954	1469.69995117188
940.915438993633	1507.09997558594
943.690957849354	1512.40002441406
946.465598926189	1492.90002441406
949.239362583496	1501.5
952.012249180518	1502.19995117188
954.784259076376	1500.40002441406
957.555392630071	1511.09997558594
960.325650200475	1501.59997558594
963.09503214635	1500.09997558594
965.863538826323	1513.30004882813
968.631170598912	1521.40002441406
971.397927822515	1506.90002441406
974.163810855393	1512.30004882813
976.928820055712	1518.40002441406
979.692955781498	1521.90002441406
982.456218390671	1495.5
985.218608241021	1479.90002441406
987.980125690221	1448.69995117188
990.740771095826	1404
993.500544815275	1358.90002441406
996.259447205875	1332.30004882813
999.017478624842	1324.19995117188
1001.77463942924	1309.40002441406
1004.53092997605	1293.90002441406
1007.28635062209	1290.09997558594
1010.0409017241	1280.69995117188
1012.79458363868	1276.09997558594
1015.54739672233	1272.90002441406
1018.29934133142	1259.09997558594
1021.05041782219	1258.19995117188
1023.8006265508	1248
1026.54996787325	1242.5
1029.29844214545	1238.19995117188
1032.0460497232	1231.69995117188
1034.79279096215	1224.09997558594
1037.53866621786	1222.30004882813
1040.28367584578	1217.69995117188
1043.02782020123	1218.5
1045.7710996394	1213.59997558594
1048.51351451539	1214.5
1051.25506518417	1211.09997558594
1053.99575200061	1207.5
1056.73557531945	1211.30004882813
1059.4745354953	1216.09997558594
1062.2126328827	1209.30004882813
1064.94986783605	1216.5
1067.68624070961	1215.80004882813
1070.42175185757	1207.80004882813
1073.15640163398	1214.09997558594
1075.89019039278	1210
1078.6231184878	1215.09997558594
1081.35518627276	1215.59997558594
1084.08639410125	1204.19995117188
1086.81674232676	1211.30004882813
1089.54623130267	1208.80004882813
1092.27486138224	1212.69995117188
1095.00263291861	1212.5
1097.72954626482	1215.30004882813
1100.45560177378	1214
1103.18079979831	1214.09997558594
1105.90514069112	1208.80004882813
1108.62862480477	1218.30004882813
1111.35125249175	1211.5
1114.07302410441	1211.5
1116.793939995	1219.19995117188
1119.51400051566	1211.80004882813
1122.23320601841	1212.69995117188
1124.95155685517	1213.59997558594
1127.66905337774	1213.69995117188
1130.38569593782	1210.80004882813
1133.10148488697	1211.5
1135.81642057667	1214.5
1138.53050335829	1211.09997558594
1141.24373358306	1212.59997558594
1143.95611160214	1199.5
1146.66763776654	1214.90002441406
1149.37831242718	1212.59997558594
1152.08813593487	1211.90002441406
1154.7971086403	1214.30004882813
1157.50523089408	1210.09997558594
1160.21250304667	1216.80004882813
1162.91892544844	1212.09997558594
1165.62449844965	1211.5
1168.32922240045	1212.5
1171.0330976509	1209.30004882813
1173.73612455091	1209.59997558594
1176.43830345031	1215.30004882813
1179.13963469882	1212.90002441406
1181.84011864604	1213.09997558594
1184.53975564147	1216.19995117188
1187.23854603451	1210.30004882813
1189.93649017442	1212.19995117188
1192.63358841039	1216.19995117188
1195.32984109149	1210.80004882813
1198.02524856667	1216.30004882813
1200.71981118478	1216.90002441406
1203.41352929457	1220.40002441406
1206.10640324467	1214.80004882813
1208.79843338361	1218.5
1211.48962005981	1219.19995117188
1214.17996362159	1217.69995117188
1216.86946441716	1220
1219.55812279461	1219.5
1222.24593910194	1214.5
1224.93291368704	1213.59997558594
1227.61904689769	1218.19995117188
1230.30433908157	1224.69995117188
1232.98879058625	1219.30004882813
1235.67240175918	1222.69995117188
1238.35517294773	1222.5
1241.03710449915	1218.5
1243.71819676058	1224
1246.39845007907	1223.30004882813
1249.07786480155	1224.40002441406
1251.75644127485	1217.59997558594
1254.43417984571	1219.90002441406
1257.11108086072	1220.69995117188
1259.78714466643	1224.59997558594
1262.46237160921	1220
1265.1367620354	1229.09997558594
1267.81031629118	1228
1270.48303472266	1225.80004882813
1273.15491767583	1225.5
1275.82596549657	1222.19995117188
1278.49617853067	1223.19995117188
1281.16555712381	1228.09997558594
1283.83410162156	1228.09997558594
1286.50181236939	1227.80004882813
1289.16868971269	1225.40002441406
1291.8347339967	1232.09997558594
1294.49994556659	1231.19995117188
1297.16432476743	1234
1299.82787194415	1237.59997558594
1302.49058744163	1230.19995117188
1305.15247160459	1230
1307.81352477769	1229.09997558594
1310.47374730548	1239.5
1313.1331395324	1235.40002441406
1315.79170180277	1230.09997558594
1318.44943446083	1239.80004882813
1321.10633785073	1244.40002441406
1323.76241231648	1243.80004882813
1326.41765820202	1240.69995117188
1329.07207585117	1246.69995117188
1331.72566560766	1256.90002441406
1334.3784278151	1259
1337.03036281703	1268.40002441406
1339.68147095686	1269.30004882813
1342.33175257789	1271.19995117188
1344.98120802335	1282.90002441406
1347.62983763636	1280.19995117188
1350.27764175994	1280.69995117188
1352.92462073697	1273.5
1355.57077491028	1271.09997558594
1358.21610462259	1262.5
1360.86061021649	1252
1363.50429203449	1244.80004882813
1366.14715041901	1250.80004882813
1368.78918571234	1249.19995117188
1371.4303982567	1243.59997558594
1374.07078839419	1238.09997558594
1376.71035646681	1241.59997558594
1379.34910281647	1245.5
1381.98702778498	1241.80004882813
1384.62413171402	1234.19995117188
1387.26041494523	1233.69995117188
1389.89587782008	1235.30004882813
1392.53052068001	1233.59997558594
1395.16434386629	1239.80004882813
1397.79734772015	1237.40002441406
1400.42953258269	1232.80004882813
1403.0608987949	1231.19995117188
1405.69144669771	1237.19995117188
1408.32117663193	1229.30004882813
1410.95008893825	1232.09997558594
1413.57818395728	1225.19995117188
1416.20546202954	1238.90002441406
1418.83192349543	1231.90002441406
1421.45756869528	1225.09997558594
1424.08239796929	1227.40002441406
1426.70641165757	1234.30004882813
1429.32961010016	1233.19995117188
1431.95199363695	1234
1434.57356260778	1231
1437.19431735237	1236.5
1439.81425821033	1242.5
1442.43338552118	1236.80004882813
1445.05169962437	1234.90002441406
1447.66920085921	1239.09997558594
1450.28588956493	1235.30004882813
1452.90176608067	1238.80004882813
1455.51683074547	1232.09997558594
1458.13108389825	1233.19995117188
1460.74452587786	1244.30004882813
1463.35715702303	1232
1465.96897767243	1226.5
1468.57998816457	1236.19995117188
1471.19018883794	1234.09997558594
1473.79958003086	1228.5
1476.4081620816	1233.90002441406
1479.01593532831	1231.69995117188
1481.62290010905	1234.80004882813
1484.22905676179	1237
1486.83440562438	1229.09997558594
1489.43894703461	1232.40002441406
1492.04268133016	1235.19995117188
1494.64560884857	1237.5
1497.24772992735	1237.40002441406
1499.84904490388	1240.69995117188
1502.44955411543	1235.69995117188
1505.0492578992	1239.30004882813
1507.64815659229	1238.30004882813
1510.24625053168	1242.30004882813
1512.84354005429	1239.69995117188
1515.44002549691	1239.90002441406
1518.03570719625	1241.59997558594
1520.63058548894	1236.40002441406
1523.22466071147	1252
1525.81793320028	1251.5
1528.41040329169	1250.90002441406
1531.00207132192	1249.5
1533.59293762712	1251.19995117188
1536.18300254332	1246.19995117188
1538.77226640645	1253.19995117188
1541.36072955237	1253.90002441406
1543.94839231684	1261.09997558594
1546.53525503548	1261
1549.12131804389	1277.80004882813
1551.70658167752	1270.5
1554.29104627173	1277.59997558594
1556.87471216181	1280.69995117188
1559.45757968292	1294.80004882813
1562.03964917017	1299.80004882813
1564.62092095853	1324
1567.2013953829	1347.09997558594
1569.78107277808	1370.90002441406
1572.35995347877	1408
1574.93803781959	1457.90002441406
1577.51532613504	1518.59997558594
1580.09181875956	1595.5
1582.66751602746	1692.30004882813
1585.24241827297	1715.80004882813
1587.81652583024	1760.69995117188
1590.3898390333	1693
1592.96235821611	1643.19995117188
1595.53408371251	1564.80004882813
1598.10501585628	1474.19995117188
1600.67515498106	1408.59997558594
1603.24450142043	1365.09997558594
1605.81305550788	1333.40002441406
1608.38081757677	1311.40002441406
1610.9477879604	1301.80004882813
1613.51396699198	1290.19995117188
1616.07935500458	1285.09997558594
1618.64395233122	1267.59997558594
1621.20775930483	1272.09997558594
1623.7707762582	1261.09997558594
1626.33300352408	1250.30004882813
1628.89444143508	1245.69995117188
1631.45509032376	1245.09997558594
1634.01495052255	1241.59997558594
1636.5740223638	1239.69995117188
1639.13230617978	1234.5
1641.68980230264	1225.30004882813
1644.24651106446	1222.19995117188
1646.80243279721	1226.30004882813
1649.35756783278	1221.09997558594
1651.91191650296	1221.69995117188
1654.46547913944	1225.09997558594
1657.01825607383	1220.69995117188
1659.57024763764	1217
1662.12145416229	1216.19995117188
1664.6718759791	1206.19995117188
1667.2215134193	1218.09997558594
1669.77036681404	1213.69995117188
1672.31843649435	1210
1674.8657227912	1212.90002441406
1677.41222603543	1211.90002441406
1679.95794655782	1212.5
1682.50288468904	1211.09997558594
1685.04704075968	1205.69995117188
1687.59041510022	1209.69995117188
1690.13300804106	1204.69995117188
1692.67481991249	1205.40002441406
1695.21585104474	1208.5
1697.75610176791	1206.5
1700.29557241205	1207.80004882813
1702.83426330707	1206.30004882813
1705.37217478282	1207.30004882813
1707.90930716905	1200.69995117188
1710.44566079541	1201.69995117188
1712.98123599146	1199.59997558594
1715.51603308669	1202.59997558594
1718.05005241045	1206.30004882813
1720.58329429205	1209.5
1723.11575906067	1202.59997558594
1725.64744704542	1205.90002441406
1728.17835857532	1202.90002441406
1730.70849397927	1202.09997558594
1733.2378535861	1199.80004882813
1735.76643772453	1207.5
1738.29424672323	1204.09997558594
1740.82128091074	1201.40002441406
1743.3475406155	1204.30004882813
1745.87302616589	1201.30004882813
1748.39773789019	1202.09997558594
1750.92167611656	1203.90002441406
1753.44484117311	1202.5
1755.96723338783	1204.40002441406
1758.48885308862	1202.09997558594
1761.00970060331	1206.09997558594
1763.52977625961	1203
1766.04908038514	1207.5
1768.56761330746	1199
1771.08537535401	1199.69995117188
1773.60236685214	1201.69995117188
1776.11858812912	1204.5
1778.63403951211	1200.30004882813
1781.14872132821	1204
1783.6626339044	1200.59997558594
1786.17577756757	1204.90002441406
1788.68815264454	1199.90002441406
1791.199759462	1201.09997558594
1793.7105983466	1201.19995117188
1796.22066962486	1202
1798.72997362322	1205.30004882813
1801.23851066803	1196.90002441406
1803.74628108554	1199.80004882813
1806.25328520193	1198.69995117188
1808.75952334326	1200.90002441406
1811.2649958355	1201.90002441406
1813.76970300458	1205
1816.27364517628	1198.09997558594
1818.77682267629	1201.90002441406
1821.27923583026	1207.19995117188
1823.78088496369	1199.09997558594
1826.28177040204	1198.30004882813
1828.78189247064	1202.30004882813
1831.28125149473	1202
1833.77984779949	1204.5
1836.27768170998	1199.30004882813
1838.77475355119	1204.09997558594
1841.271063648	1200.90002441406
1843.76661232521	1199.59997558594
1846.26139990751	1204.09997558594
1848.75542671954	1194.69995117188
1851.2486930858	1206.5
1853.74119933074	1203.59997558594
1856.23294577869	1203
1858.72393275391	1204.59997558594
1861.21416058054	1201.30004882813
1863.70362958267	1203.5
1866.19234008426	1203.30004882813
1868.6802924092	1202.30004882813
1871.16748688129	1201.90002441406
1873.65392382424	1201.59997558594
1876.13960356164	1204.59997558594
1878.62452641704	1200.90002441406
1881.10869271384	1209
1883.59210277541	1206.80004882813
1886.07475692498	1201.80004882813
1888.55665548571	1200.90002441406
1891.03779878067	1199.5
1893.51818713284	1200.80004882813
1895.99782086509	1196.80004882813
1898.47670030024	1199.90002441406
1900.95482576096	1203.19995117188
1903.43219756989	1198.40002441406
1905.90881604954	1201.40002441406
1908.38468152235	1199.30004882813
1910.85979431064	1192.40002441406
1913.33415473668	1198.59997558594
1915.80776312261	1202
1918.28061979051	1200.19995117188
1920.75272506234	1199.09997558594
1923.22407926001	1198.59997558594
1925.69468270529	1199.90002441406
1928.16453571989	1201.59997558594
1930.63363862544	1197.40002441406
1933.10199174344	1203.90002441406
1935.56959539533	1198.69995117188
1938.03644990244	1201.19995117188
1940.50255558603	1197.5
1942.96791276726	1200
1945.43252176718	1199.80004882813
1947.8963829068	1200.5
1950.35949650697	1203.90002441406
1952.8218628885	1194.80004882813
1955.2834823721	1200.30004882813
1957.74435527836	1202.30004882813
1960.20448192784	1205.09997558594
1962.66386264093	1199.59997558594
1965.12249773799	1193.59997558594
1967.58038753927	1194.09997558594
1970.03753236493	1201.19995117188
1972.49393253504	1198.40002441406
1974.94958836957	1201.09997558594
1977.4045001884	1200.90002441406
1979.85866831133	1206.80004882813
1982.31209305807	1196.59997558594
1984.76477474823	1197.5
1987.21671370133	1206.5
1989.6679102368	1207.90002441406
1992.11836467399	1205.30004882813
1994.56807733213	1201.69995117188
1997.0170485304	1200.69995117188
1999.46527858786	1206.69995117188
2001.91276782348	1199.5
2004.35951655615	1198.69995117188
2006.80552510467	1196.19995117188
2009.25079378774	1202.69995117188
2011.69532292397	1200.30004882813
2014.13911283188	1205.09997558594
2016.58216382991	1201.59997558594
2019.02447623639	1202.09997558594
2021.46605036956	1200.59997558594
2023.90688654761	1200.59997558594
2026.34698508858	1203.69995117188
2028.78634631045	1199.90002441406
2031.22497053111	1199.90002441406
2033.66285806835	1199.19995117188
2036.10000923987	1197.90002441406
2038.53642436328	1196.69995117188
2040.97210375611	1199.80004882813
2043.40704773578	1201.80004882813
2045.84125661964	1197.59997558594
2048.27473072492	1199.40002441406
2050.70747036878	1202.30004882813
2053.13947586829	1197
2055.57074754041	1203.30004882813
2058.00128570205	1197.5
2060.43109066998	1199.40002441406
2062.8601627609	1199.90002441406
2065.28850229143	1196.69995117188
2067.71610957807	1202.59997558594
2070.14298493726	1195
2072.56912868532	1199.30004882813
2074.99454113851	1198.30004882813
2077.41922261297	1199.59997558594
2079.84317342476	1197.30004882813
2082.26639388986	1200.90002441406
2084.68888432414	1198.19995117188
2087.1106450434	1197.09997558594
2089.53167636331	1198.09997558594
2091.95197859949	1199
2094.37155206745	1200.5
2096.79039708261	1199.90002441406
2099.20851396029	1200.90002441406
2101.62590301575	1199.69995117188
2104.04256456411	1198.59997558594
2106.45849892045	1196.09997558594
2108.87370639971	1195.90002441406
2111.28818731677	1202.09997558594
2113.70194198641	1197.40002441406
2116.11497072333	1198
2118.52727384211	1198.5
2120.93885165726	1197.40002441406
2123.34970448321	1197.69995117188
2125.75983263425	1194.30004882813
2128.16923642463	1198.90002441406
2130.57791616848	1194.69995117188
2132.98587217985	1199.69995117188
2135.3931047727	1197.5
2137.79961426089	1201.30004882813
2140.20540095818	1198.19995117188
2142.61046517826	1196.90002441406
2145.01480723472	1195.59997558594
2147.41842744104	1198.5
2149.82132611063	1201.5
2152.22350355681	1199.30004882813
2154.62496009279	1196
2157.0256960317	1196.40002441406
2159.42571168658	1202.69995117188
2161.82500737036	1202
2164.22358339589	1201
2166.62144007595	1200
2169.01857772318	1196.59997558594
2171.41499665018	1201.09997558594
2173.81069716942	1198.40002441406
2176.20567959329	1196.40002441406
2178.59994423409	1197.5
2180.99349140402	1195.5
2183.38632141519	1202.40002441406
2185.77843457964	1195.80004882813
2188.16983120927	1193.30004882813
2190.56051161594	1194.69995117188
2192.95047611139	1196.5
2195.33972500725	1198.5
2197.72825861511	1202.59997558594
2200.11607724641	1199.09997558594
2202.50318121254	1197.30004882813
2204.88957082477	1199.90002441406
2207.27524639429	1196.5
2209.6602082322	1205.40002441406
2212.0444566495	1194.40002441406
2214.4279919571	1202.19995117188
2216.81081446582	1198.90002441406
2219.19292448638	1199.90002441406
2221.57432232942	1196.80004882813
2223.95500830547	1204.80004882813
2226.33498272498	1196.30004882813
2228.7142458983	1197.69995117188
2231.09279813569	1198.40002441406
2233.47063974732	1194.59997558594
2235.84777104327	1200.69995117188
2238.2241923335	1197.5
2240.59990392792	1198.19995117188
2242.97490613632	1199.30004882813
2245.34919926839	1201.40002441406
2247.72278363376	1200.19995117188
2250.09565954192	1195.30004882813
2252.46782730231	1199.90002441406
2254.83928722425	1203.59997558594
2257.21003961698	1200
2259.58008478963	1197.19995117188
2261.94942305127	1196.19995117188
2264.31805471084	1197
2266.68598007721	1198.5
2269.05319945914	1199
2271.4197131653	1201.59997558594
2273.78552150427	1195.90002441406
2276.15062478456	1206.90002441406
2278.51502331454	1198.5
2280.87871740252	1198.19995117188
2283.24170735671	1199.30004882813
2285.60399348521	1200.69995117188
2287.96557609605	1202.80004882813
2290.32645549714	1198
2292.68663199633	1201.40002441406
2295.04610590133	1197.69995117188
2297.40487751981	1201.80004882813
2299.76294715931	1198.80004882813
2302.12031512727	1202.80004882813
2304.47698173107	1200.80004882813
2306.83294727796	1196.59997558594
2309.18821207512	1198
2311.54277642963	1201.69995117188
2313.89664064847	1201.5
2316.24980503852	1205.5
2318.6022699066	1197
2320.95403555938	1194.69995117188
2323.30510230349	1200.40002441406
2325.65547044542	1199.69995117188
2328.0051402916	1201.80004882813
2330.35411214835	1200.19995117188
2332.7023863219	1204
2335.04996311837	1197.30004882813
2337.39684284382	1199
2339.74302580418	1200.69995117188
2342.08851230529	1200.69995117188
2344.43330265291	1204.19995117188
2346.7773971527	1197.59997558594
2349.12079611023	1197.69995117188
2351.46349983096	1198.5
2353.80550862026	1200.5
2356.14682278342	1198.09997558594
2358.48744262562	1203.59997558594
2360.82736845194	1196.09997558594
2363.16660056738	1202.90002441406
2365.50513927683	1205.5
2367.8429848851	1202.59997558594
2370.1801376969	1201.30004882813
2372.51659801683	1200.59997558594
2374.85236614941	1197.19995117188
2377.18744239906	1200.80004882813
2379.52182707011	1203.19995117188
2381.85552046679	1203.59997558594
2384.18852289322	1199.09997558594
2386.52083465345	1200.80004882813
2388.85245605142	1202.59997558594
2391.18338739097	1201.90002441406
2393.51362897585	1198.69995117188
2395.84318110973	1207.5
2398.17204409615	1198.80004882813
2400.50021823858	1199
2402.82770384038	1198.5
2405.15450120483	1202.40002441406
2407.48061063509	1202.69995117188
2409.80603243426	1201.69995117188
2412.13076690529	1203.30004882813
2414.4548143511	1204.30004882813
2416.77817507445	1206.69995117188
2419.10084937804	1206.19995117188
2421.42283756447	1208.19995117188
2423.74413993625	1208.59997558594
2426.06475679575	1211.90002441406
2428.38468844531	1210.19995117188
2430.70393518711	1212.09997558594
2433.02249732329	1222.59997558594
2435.34037515584	1217.19995117188
2437.65756898669	1222.40002441406
2439.97407911767	1229.09997558594
2442.28990585049	1228.19995117188
2444.60504948679	1239.69995117188
2446.91951032808	1238.59997558594
2449.23328867581	1246.30004882813
2451.54638483132	1245.80004882813
2453.85879909585	1245.09997558594
2456.17053177052	1246.40002441406
2458.48158315639	1242
2460.79195355441	1245.09997558594
2463.10164326542	1235.80004882813
2465.41065259017	1228.80004882813
2467.71898182932	1233.19995117188
2470.02663128344	1230.40002441406
2472.33360125296	1229.90002441406
2474.63989203825	1224.30004882813
2476.94550393958	1218.69995117188
2479.25043725712	1218.19995117188
2481.55469229093	1219.90002441406
2483.85826934098	1219.80004882813
2486.16116870713	1219.90002441406
2488.46339068916	1222.30004882813
2490.76493558676	1212.59997558594
2493.06580369949	1216
2495.36599532684	1216.40002441406
2497.66551076817	1212.30004882813
2499.96435032278	1211.09997558594
2502.26251428984	1214.69995117188
2504.56000296845	1216.69995117188
2506.85681665757	1215.30004882813
2509.15295565612	1213.40002441406
2511.44842026287	1214.09997558594
2513.74321077651	1211.19995117188
2516.03732749563	1211.40002441406
2518.33077071873	1208.69995117188
2520.62354074419	1210.90002441406
2522.91563787031	1212.19995117188
2525.20706239528	1214.5
2527.49781461721	1206.09997558594
2529.78789483408	1210.09997558594
2532.0773033438	1213.69995117188
2534.36604044416	1216.40002441406
2536.65410643286	1213.80004882813
2538.9415016075	1206.69995117188
2541.22822626558	1213.5
2543.51428070449	1209
2545.79966522154	1213.40002441406
2548.08438011393	1208.30004882813
2550.36842567876	1214.80004882813
2552.65180221302	1211.19995117188
2554.93451001363	1211.69995117188
2557.21654937738	1213.90002441406
2559.49792060096	1208.5
2561.77862398098	1212.40002441406
2564.05865981395	1209.59997558594
2566.33802839626	1210.30004882813
2568.61673002421	1209.69995117188
2570.89476499399	1204.5
2573.17213360172	1211.5
2575.44883614338	1212.19995117188
2577.72487291489	1213.09997558594
2580.00024421203	1213.09997558594
2582.27495033048	1213.40002441406
2584.54899156587	1217
2586.82236821368	1212
2589.0950805693	1219.80004882813
2591.36712892802	1216.40002441406
2593.63851358505	1217.80004882813
2595.90923483547	1224.19995117188
2598.17929297426	1219.5
2600.44868829631	1219.90002441406
2602.71742109642	1227.30004882813
2604.98549166927	1226.40002441406
2607.25290030944	1232.90002441406
2609.51964731142	1232.5
2611.78573296958	1238.5
2614.05115757822	1239.30004882813
2616.31592143149	1244.19995117188
2618.58002482349	1248.80004882813
2620.84346804817	1250.19995117188
2623.10625139942	1250.30004882813
2625.36837517101	1262.09997558594
2627.6298396566	1266.5
2629.89064514976	1272
2632.15079194395	1284.09997558594
2634.41028033254	1292
2636.66911060878	1308.90002441406
2638.92728306582	1318.30004882813
2641.18479799672	1326.90002441406
2643.44165569444	1367.90002441406
2645.69785645182	1393.30004882813
2647.95340056162	1407.09997558594
2650.20828831645	1435.69995117188
2652.46252000888	1480.40002441406
2654.71609593134	1518
2656.96901637616	1553.69995117188
2659.22128163557	1613.80004882813
2661.47289200171	1664.30004882813
2663.72384776659	1711
2665.97414922213	1780.5
2668.22379666017	1835.09997558594
2670.4727903724	1868.90002441406
2672.72113065044	1898.09997558594
2674.9688177858	1932.19995117188
2677.21585206988	1964.40002441406
2679.46223379399	1956.19995117188
2681.70796324931	1942.80004882813
2683.95304072694	1916.69995117188
2686.19746651787	1896.19995117188
2688.44124091298	1858.30004882813
2690.68436420305	1807.90002441406
2692.92683667876	1758.69995117188
2695.16865863068	1723.40002441406
2697.40983034928	1661.09997558594
2699.65035212492	1611.59997558594
2701.89022424785	1565.90002441406
2704.12944700824	1527.80004882813
2706.36802069612	1488
2708.60594560146	1444.40002441406
2710.84322201407	1424.90002441406
2713.0798502237	1383.80004882813
2715.31583051998	1372
2717.55116319244	1345.09997558594
2719.78584853048	1328.90002441406
2722.01988682344	1313.40002441406
2724.2532783605	1301.19995117188
2726.48602343079	1288.40002441406
2728.71812232329	1279.40002441406
2730.9495753269	1272.30004882813
2733.1803827304	1256.80004882813
2735.4105448225	1260.30004882813
2737.64006189173	1252.30004882813
2739.86893422659	1247.30004882813
2742.09716211544	1242.5
2744.32474584653	1237.59997558594
2746.55168570802	1237.69995117188
2748.77798198795	1231
2751.00363497426	1230.90002441406
2753.22864495479	1225.30004882813
2755.45301221725	1228.69995117188
2757.67673704928	1224
2759.89981973839	1222.5
2762.12226057198	1213.30004882813
2764.34405983734	1214.40002441406
2766.56521782169	1221.19995117188
2768.7857348121	1218.69995117188
2771.00561109555	1216
2773.22484695892	1215.19995117188
2775.44344268897	1207.30004882813
2777.66139857236	1211.90002441406
2779.87871489564	1209.30004882813
2782.09539194526	1210.90002441406
2784.31143000754	1209.09997558594
2786.52682936873	1210.5
2788.74159031494	1209
2790.95571313218	1206.5
2793.16919810637	1202
2795.38204552329	1208.40002441406
2797.59425566864	1201
2799.805828828	1208.90002441406
2802.01676528685	1203.30004882813
2804.22706533056	1205.5
2806.43672924436	1201.5
2808.64575731343	1198
2810.85414982279	1202.69995117188
2813.06190705738	1201.40002441406
2815.26902930203	1203.80004882813
2817.47551684145	1205
2819.68136996024	1204
2821.88658894291	1202.09997558594
2824.09117407383	1201.90002441406
2826.29512563729	1202.5
2828.49844391747	1203.40002441406
2830.70112919842	1199.90002441406
2832.90318176409	1198.59997558594
2835.10460189833	1201.09997558594
2837.30538988487	1199.69995117188
2839.50554600732	1198.19995117188
2841.70507054922	1199.5
2843.90396379395	1206.40002441406
2846.10222602482	1203.5
2848.29985752501	1200.80004882813
2850.49685857759	1195.40002441406
2852.69322946553	1199.19995117188
2854.88897047169	1200.19995117188
2857.08408187879	1202
2859.27856396949	1196.69995117188
2861.4724170263	1195
2863.66564133164	1197.59997558594
2865.85823716781	1198.40002441406
2868.050204817	1196
2870.2415445613	1200.30004882813
2872.43225668266	1196.90002441406
2874.62234146295	1198.09997558594
2876.81179918393	1196.59997558594
2879.00063012722	1195.59997558594
2881.18883457435	1197.09997558594
2883.37641280674	1198.5
2885.56336510569	1194
2887.7496917524	1196.19995117188
2889.93539302793	1194.5
2892.12046921326	1196.80004882813
2894.30492058926	1199.19995117188
2896.48874743666	1192.69995117188
2898.67195003609	1199.30004882813
2900.85452866809	1201.90002441406
2903.03648361305	1204.30004882813
2905.21781515128	1207
2907.39852356295	1196
2909.57860912814	1197.09997558594
2911.75807212682	1199.59997558594
2913.93691283883	1204.19995117188
2916.1151315439	1198.59997558594
2918.29272852166	1200.5
2920.46970405161	1198.40002441406
2922.64605841316	1196.69995117188
2924.82179188558	1195.40002441406
2926.99690474805	1196.09997558594
2929.17139727962	1196.80004882813
2931.34526975924	1194.90002441406
2933.51852246574	1194.80004882813
2935.69115567784	1197.40002441406
2937.86316967414	1194.30004882813
2940.03456473313	1197.90002441406
2942.20534113318	1195.40002441406
2944.37549915256	1198.69995117188
2946.54503906942	1196.30004882813
2948.71396116179	1195.09997558594
2950.8822657076	1190.5
2953.04995298465	1193.69995117188
2955.21702327062	1191.90002441406
2957.38347684312	1192.69995117188
2959.54931397958	1193.59997558594
2961.71453495737	1192.30004882813
2963.87914005372	1192
2966.04312954574	1194.19995117188
2968.20650371045	1190.69995117188
2970.36926282472	1192.90002441406
2972.53140716535	1194.59997558594
2974.69293700897	1191.09997558594
2976.85385263216	1189.40002441406
2979.01415431133	1190
2981.17384232278	1189.69995117188
2983.33291694274	1189.30004882813
2985.49137844726	1193.30004882813
2987.64922711234	1189.5
2989.8064632138	1189.40002441406
2991.9630870274	1188.69995117188
2994.11909882875	1187.80004882813
2996.27449889334	1192.5
2998.42928749659	1193
3000.58346491374	1190.30004882813
3002.73703141997	1187
3004.8899872903	1189.09997558594
3007.04233279965	1189.69995117188
3009.19406822284	1189.80004882813
3011.34519383455	1186.59997558594
3013.49570990936	1190.30004882813
3015.64561672172	1187.80004882813
3017.79491454597	1192.59997558594
3019.94360365632	1187.80004882813
3022.09168432689	1189.19995117188
3024.23915683165	1188.59997558594
3026.38602144448	1188.59997558594
3028.53227843913	1189
3030.67792808923	1187
3032.82297066831	1189
3034.96740644975	1186.5
3037.11123570684	1182.5
3039.25445871273	1185.5
3041.39707574049	1187.59997558594
3043.53908706303	1192.80004882813
3045.68049295316	1190.80004882813
3047.82129368358	1183.90002441406
3049.96148952684	1184.90002441406
3052.1010807554	1183.5
3054.24006764161	1191
3056.37845045767	1189.09997558594
3058.51622947568	1187.90002441406
3060.65340496763	1187.5
3062.78997720535	1186.5
3064.92594646061	1182.59997558594
3067.06131300501	1189.09997558594
3069.19607711007	1183.59997558594
3071.33023904715	1185.90002441406
3073.46379908752	1185.90002441406
3075.59675750233	1187.5
3077.7291145626	1185.69995117188
3079.86087053922	1185.59997558594
3081.99202570299	1186.40002441406
3084.12258032456	1186.90002441406
3086.25253467448	1183.40002441406
3088.38188902317	1180.69995117188
3090.51064364093	1187.09997558594
3092.63879879794	1185.40002441406
3094.76635476428	1183.19995117188
3096.89331180986	1184.90002441406
3099.01967020452	1186.40002441406
3101.14543021796	1183.30004882813
3103.27059211975	1186.09997558594
3105.39515617934	1188.80004882813
3107.51912266608	1183.69995117188
3109.64249184919	1187.69995117188
3111.76526399774	1188.19995117188
3113.88743938072	1180.69995117188
3116.00901826698	1185.19995117188
3118.13000092523	1179.80004882813
3120.2503876241	1181
3122.37017863206	1179.90002441406
3124.48937421748	1177
3126.6079746486	1184
3128.72598019354	1186.30004882813
3130.84339112029	1187
3132.96020769673	1181.5
3135.07643019061	1183
3137.19205886957	1186.09997558594
3139.3070940011	1182
3141.42153585259	1181.59997558594
3143.5353846913	1183.80004882813
3145.64864078438	1180.90002441406
3147.76130439882	1183.09997558594
3149.87337580154	1179.80004882813
3151.98485525929	1184.90002441406
3154.09574303872	1185.09997558594
3156.20603940634	1182.19995117188
3158.31574462857	1179.40002441406
3160.42485897167	1182.19995117188
3162.53338270181	1183.09997558594
3164.64131608498	1181.90002441406
3166.74865938712	1185.09997558594
3168.85541287398	1177.80004882813
3170.96157681123	1180.90002441406
3173.0671514644	1178.69995117188
3175.17213709889	1180.90002441406
3177.27653397998	1182.59997558594
3179.38034237284	1186.80004882813
3181.48356254248	1183.69995117188
3183.58619475382	1180.80004882813
3185.68823927165	1185.19995117188
3187.78969636061	1182.69995117188
3189.89056628524	1182.59997558594
3191.99084930995	1182.59997558594
3194.09054569901	1185.19995117188
3196.18965571659	1182.5
3198.28817962671	1177.69995117188
3200.38611769327	1181.5
3202.48347018006	1178
3204.58023735073	1180.90002441406
3206.67641946881	1181.90002441406
3208.77201679769	1181.90002441406
3210.86702960065	1182.59997558594
3212.96145814084	1182.59997558594
3215.05530268128	1185.30004882813
3217.14856348487	1182
3219.24124081437	1183
3221.33333493243	1188.09997558594
3223.42484610157	1184.80004882813
3225.51577458416	1189.59997558594
3227.60612064247	1194
3229.69588453864	1194.40002441406
3231.78506653466	1196.59997558594
3233.87366689244	1201.69995117188
3235.9616858737	1206.40002441406
3238.04912374008	1213.09997558594
3240.13598075307	1207.30004882813
3242.22225717405	1211.09997558594
3244.30795326425	1211.69995117188
3246.39306928479	1205
3248.47760549664	1200.5
3250.56156216068	1199.59997558594
3252.64493953762	1194.59997558594
3254.72773788807	1186.90002441406
3256.8099574725	1188.59997558594
3258.89159855124	1184.69995117188
3260.97266138451	1181.90002441406
3263.05314623241	1182.19995117188
3265.13305335488	1177.19995117188
3267.21238301175	1179
3269.29113546272	1178.80004882813
3271.36931096736	1176.59997558594
3273.4469097851	1179.59997558594
3275.52393217526	1178.59997558594
3277.60037839702	1176.59997558594
3279.67624870941	1178.69995117188
3281.75154337138	1174.5
3283.8262626417	1177.09997558594
3285.90040677904	1173.5
3287.97397604193	1179.59997558594
3290.04697068876	1175.90002441406
3292.11939097781	1177
3294.19123716721	1174.90002441406
3296.26250951497	1176.09997558594
3298.33320827897	1171.59997558594
3300.40333371696	1177.59997558594
3302.47288608655	1174.69995117188
3304.54186564524	1174.59997558594
3306.61027265036	1177.90002441406
3308.67810735915	1174.30004882813
3310.74537002869	1172.59997558594
3312.81206091594	1174.90002441406
3314.87818027774	1171.40002441406
3316.94372837077	1177.09997558594
3319.00870545161	1175.30004882813
3321.07311177668	1173.80004882813
3323.13694760229	1170.19995117188
3325.2002131846	1173.59997558594
3327.26290877964	1175
3329.32503464334	1175.80004882813
3331.38659103145	1178.09997558594
3333.4475781996	1170.09997558594
3335.50799640332	1176.69995117188
3337.56784589797	1171.69995117188
3339.62712693879	1175.5
3341.68583978089	1173.80004882813
3343.74398467924	1173.40002441406
3345.80156188869	1175.19995117188
3347.85857166394	1177
3349.91501425956	1169.59997558594
3351.97088992999	1178
3354.02619892956	1174.19995117188
3356.0809415124	1174.59997558594
3358.13511793259	1175.30004882813
3360.18872844401	1173.5
3362.24177330044	1172.69995117188
3364.29425275552	1174.30004882813
3366.34616706274	1173
3368.39751647548	1171.90002441406
3370.44830124696	1173.90002441406
3372.49852163029	1174.40002441406
3374.54817787843	1175.19995117188
3376.5972702442	1174.40002441406
3378.64579898031	1171.40002441406
3380.69376433931	1170
3382.74116657361	1173.19995117188
3384.78800593552	1170
3386.83428267718	1174.30004882813
3388.8799970506	1172.09997558594
3390.92514930767	1168
3392.96973970014	1175
3395.01376847962	1172.5
3397.05723589757	1171.30004882813
3399.10014220533	1172.80004882813
3401.1424876541	1175.30004882813
3403.18427249495	1171.19995117188
3405.22549697881	1168.80004882813
3407.26616135646	1172.69995117188
3409.30626587856	1168.5
3411.34581079563	1167.90002441406
3413.38479635805	1172
3415.42322281605	1166.09997558594
3417.46109041976	1167.30004882813
3419.49839941912	1170.69995117188
3421.53515006399	1171.5
3423.57134260405	1170.90002441406
3425.60697728886	1173
3427.64205436783	1173.69995117188
3429.67657409025	1165.80004882813
3431.71053670525	1169.90002441406
3433.74394246185	1166.69995117188
3435.77679160891	1169
3437.80908439515	1174.5
3439.84082106917	1166.80004882813
3441.87200187943	1168.59997558594
3443.90262707421	1170.90002441406
3445.93269690172	1171.30004882813
3447.96221160996	1167.09997558594
3449.99117144686	1168.40002441406
3452.01957666015	1172.40002441406
3454.04742749746	1170
3456.07472420626	1171.80004882813
3458.1014670339	1167.09997558594
3460.12765622756	1169.30004882813
3462.15329203432	1168.90002441406
3464.17837470108	1168.09997558594
3466.20290447463	1168.59997558594
3468.22688160161	1166.69995117188
3470.25030632851	1170.69995117188
3472.2731789017	1168.30004882813
3474.29549956739	1170.40002441406
3476.31726857166	1166.09997558594
3478.33848616045	1171.59997558594
3480.35915257955	1170.5
3482.37926807462	1168.80004882813
3484.39883289117	1169.59997558594
3486.41784727458	1170
3488.43631147007	1170.19995117188
3490.45422572275	1169.80004882813
3492.47159027755	1169.80004882813
3494.4884053793	1168
3496.50467127263	1166.5
3498.5203882021	1170
3500.53555641208	1168.19995117188
3502.5501761468	1168
3504.56424765036	1166.69995117188
3506.57777116674	1168.19995117188
3508.59074693973	1169.19995117188
3510.603175213	1164.59997558594
3512.61505623009	1167.30004882813
3514.62639023438	1167
3516.63717746911	1167.30004882813
3518.64741817739	1170.09997558594
3520.65711260216	1167.19995117188
3522.66626098625	1168.69995117188
3524.67486357232	1168.19995117188
3526.6829206029	1166.30004882813
3528.69043232037	1167.19995117188
3530.69739896698	1165
3532.70382078481	1167.69995117188
3534.70969801583	1167.30004882813
3536.71503090183	1167.5
3538.71981968447	1166.30004882813
3540.72406460529	1167.40002441406
3542.72776590566	1167.30004882813
3544.7309238268	1167.59997558594
3546.7335386098	1165.90002441406
3548.7356104956	1166.5
3550.737139725	1164
3552.73812653866	1166.80004882813
3554.73857117706	1163.90002441406
3556.73847388059	1167.80004882813
3558.73783488944	1163.80004882813
3560.7366544437	1167.69995117188
3562.73493278328	1168.09997558594
3564.73267014797	1167.59997558594
3566.7298667774	1163.19995117188
3568.72652291106	1167.90002441406
3570.72263878828	1163.09997558594
3572.71821464827	1167.69995117188
3574.71325073007	1164.09997558594
3576.70774727257	1164.69995117188
3578.70170451455	1164.19995117188
3580.6951226946	1166.30004882813
3582.68800205121	1163.59997558594
3584.68034282266	1164.59997558594
3586.67214524714	1167.40002441406
3588.66340956266	1163.30004882813
3590.6541360071	1163.59997558594
3592.6443248182	1166.09997558594
3594.63397623352	1163.5
3596.6230904905	1167.59997558594
3598.61166782642	1166.09997558594
3600.59970847842	1164.80004882813
3602.58721268348	1164.90002441406
3604.57418067846	1163
3606.56061270003	1160.5
3608.54650898475	1162.30004882813
3610.53186976901	1164.19995117188
3612.51669528905	1167.69995117188
3614.50098578098	1167.40002441406
3616.48474148074	1164.40002441406
3618.46796262413	1164.09997558594
3620.45064944681	1160.69995117188
3622.43280218428	1161
3624.41442107188	1163
3626.39550634484	1160.80004882813
3628.37605823819	1163
3630.35607698685	1163.69995117188
3632.33556282556	1164.09997558594
3634.31451598894	1163.5
3636.29293671143	1164.80004882813
3638.27082522735	1161
3640.24818177084	1166.40002441406
3642.22500657592	1166.40002441406
3644.20129987644	1165.59997558594
3646.17706190608	1167.09997558594
3648.15229289843	1163.19995117188
3650.12699308687	1165.90002441406
3652.10116270465	1160.69995117188
3654.07480198488	1163.59997558594
3656.04791116049	1162.40002441406
3658.02049046431	1162.30004882813
3659.99254012895	1163.19995117188
3661.96406038692	1163.19995117188
3663.93505147056	1165.69995117188
3665.90551361207	1165.69995117188
3667.87544704349	1161.09997558594
3669.84485199668	1163.30004882813
3671.81372870341	1162.69995117188
3673.78207739523	1164.5
3675.7498983036	1164.30004882813
3677.71719165977	1164.40002441406
3679.68395769488	1163.80004882813
3681.65019663991	1164.19995117188
3683.61590872567	1161.30004882813
3685.58109418282	1163.19995117188
3687.54575324187	1164.19995117188
3689.5098861332	1161.80004882813
3691.473493087	1162.80004882813
3693.43657433333	1161.80004882813
3695.39913010208	1163.59997558594
3697.36116062301	1165.09997558594
3699.32266612569	1159.80004882813
3701.28364683959	1162.40002441406
3703.24410299397	1162
3705.20403481795	1159.59997558594
3707.16344254053	1163.80004882813
3709.12232639052	1161.5
3711.08068659659	1164.19995117188
3713.03852338724	1163.40002441406
3714.99583699084	1163.19995117188
3716.95262763558	1160.90002441406
3718.90889554951	1160.90002441406
3720.86464096053	1165.59997558594
3722.81986409636	1157.5
3724.7745651846	1160.80004882813
3726.72874445265	1160.19995117188
3728.6824021278	1164
3730.63553843715	1161.40002441406
3732.58815360767	1159.30004882813
3734.54024786615	1160
3736.49182143924	1162.5
3738.44287455343	1158.90002441406
3740.39340743505	1160.40002441406
3742.34342031027	1162.19995117188
3744.29291340513	1161.40002441406
3746.24188694546	1160.30004882813
3748.190341157	1161.40002441406
3750.13827626527	1159.59997558594
3752.08569249567	1162.19995117188
3754.03259007345	1160.5
3755.97896922367	1160.30004882813
3757.92483017124	1163.80004882813
3759.87017314094	1162.69995117188
3761.81499835737	1160.40002441406
3763.75930604498	1157
3765.70309642803	1159.90002441406
3767.64636973068	1158.30004882813
3769.58912617689	1163.80004882813
3771.53136599047	1163.09997558594
3773.47308939509	1160.59997558594
3775.41429661421	1161.09997558594
