-174.488245116115	1146.40002441406
-171.353866679816	1148.69995117188
-168.22051297009	1147.19995117188
-165.088183560586	1148.30004882813
-161.956878025242	1147.09997558594
-158.826595938226	1146.5
-155.697336873968	1148.09997558594
-152.569100407157	1148
-149.441886112741	1146.09997558594
-146.315693565896	1147.5
-143.190522342091	1148.19995117188
-140.066372017002	1147.80004882813
-136.943242166608	1147.59997558594
-133.82113236709	1148.09997558594
-130.7000421949	1146.80004882813
-127.579971226752	1149.80004882813
-124.46091903959	1148.09997558594
-121.342885210617	1145.5
-118.225869317289	1149.19995117188
-115.109870937295	1149.69995117188
-111.994889648578	1146.90002441406
-108.880925029339	1148.5
-105.767976658009	1146.59997558594
-102.656044113272	1148.80004882813
-99.5451269740494	1147.80004882813
-96.4352248195329	1147.30004882813
-93.3263372291173	1147.5
-90.2184637824824	1147.40002441406
-87.1116040595153	1148.30004882813
-84.0057576403752	1144.19995117188
-80.9009241054446	1148.80004882813
-77.7971030353455	1148.5
-74.6942940109553	1148
-71.5924966133822	1147.80004882813
-68.4917104239774	1147.19995117188
-65.3919350243307	1148.30004882813
-62.2931699962624	1148.19995117188
-59.1954149218515	1148.59997558594
-56.0986693833866	1148.30004882813
-53.0029329634189	1148.19995117188
-49.908205244721	1148.40002441406
-46.8144858103075	1149.09997558594
-43.7217742434262	1148.19995117188
-40.6300701275667	1147.59997558594
-37.5393730464434	1148
-34.4496825840078	1147.80004882813
-31.3609983244403	1147.90002441406
-28.273319852166	1148.90002441406
-25.1866467518426	1148.59997558594
-22.10097860834	1148.5
-19.0163150067886	1147.59997558594
-15.9326555325185	1147.09997558594
-12.8499997711119	1148.40002441406
-9.76834730837485	1148.69995117188
-6.68769773034879	1148.19995117188
-3.60805062329064	1147.80004882813
-0.529405573692618	1149.09997558594
2.54823783170989	1151.80004882813
5.62488000599066	1153.30004882813
8.70052136196052	1149.5
11.7751623122237	1148.40002441406
14.8488032691459	1148.69995117188
17.9214446448865	1149.5
20.9930868513505	1147.90002441406
24.0637303002531	1148.30004882813
27.1333754030514	1148.59997558594
30.2020225710047	1149.69995117188
33.2696722151428	1149.5
36.3363247462699	1146.30004882813
39.401980574957	1148.09997558594
42.4666401115817	1150.19995117188
45.5303037662728	1149.69995117188
48.5929719489461	1149.19995117188
51.6546450693084	1147.59997558594
54.7153235368463	1147.5
57.7750077608055	1148.19995117188
60.8336981502356	1147.80004882813
63.891395113966	1147.59997558594
66.9480990605899	1147.40002441406
70.0038103985047	1147.19995117188
73.0585295358718	1150.5
76.112256880665	1150.90002441406
79.1649928406108	1163.80004882813
82.21673782324	1207.09997558594
85.2674922358484	1253.80004882813
88.3172564855524	1294.40002441406
91.3660309792176	1309.90002441406
94.4138161235146	1315.59997558594
97.4606123248875	1320.09997558594
100.506419989605	1311.30004882813
103.551239523679	1307.30004882813
106.595071332926	1307.09997558594
109.637915822959	1308.40002441406
112.679773399166	1306.09997558594
115.720644466743	1313.59997558594
118.760529430661	1300.30004882813
121.799428695683	1305.09997558594
124.83734266637	1284.19995117188
127.874271747074	1288.80004882813
130.910216341928	1281.09997558594
133.945176854874	1291.5
136.979153689627	1287.09997558594
140.012147249714	1280.80004882813
143.044157938449	1280.90002441406
146.075186158938	1286.09997558594
149.105232314081	1279.59997558594
152.134296806573	1275.69995117188
155.162380038908	1274.19995117188
158.189482413382	1269.5
161.215604332062	1267.19995117188
164.240746196836	1270.59997558594
167.264908409388	1267.5
170.288091371194	1267
173.310295483525	1267.69995117188
176.331521147454	1266.69995117188
179.351768763859	1265.59997558594
182.3710387334	1264.30004882813
185.389331456545	1271.40002441406
188.40664733357	1257.5
191.422986764561	1260.09997558594
194.438350149375	1260.30004882813
197.452737887679	1263.30004882813
200.466150378974	1261.40002441406
203.478588022515	1256.90002441406
206.490051217389	1255
209.500540362482	1263.19995117188
212.510055856486	1265
215.51859809788	1252.59997558594
218.526167484984	1271
221.532764415869	1267.19995117188
224.538389288469	1275.09997558594
227.543042500475	1288.40002441406
230.546724449419	1286.59997558594
233.549435532609	1289.19995117188
236.551176147184	1294.30004882813
239.551946690085	1296.40002441406
242.551747558066	1292.30004882813
245.55057914767	1299.09997558594
248.548441855258	1286.19995117188
251.545336077006	1299.19995117188
254.541262208898	1289.69995117188
257.536220646712	1295
260.53021178606	1303.80004882813
263.523236022356	1299.69995117188
266.515293750805	1296.5
269.506385366465	1306.59997558594
272.496511264158	1316.59997558594
275.485671838549	1313.69995117188
278.473867484101	1317.5
281.461098595114	1317.30004882813
284.44736556567	1314.19995117188
287.432668789673	1309
290.417008660864	1326.69995117188
293.400385572757	1325.19995117188
296.382799918725	1337.69995117188
299.364252091929	1356.69995117188
302.344742485338	1365.90002441406
305.324271491768	1377.69995117188
308.302839503825	1349.69995117188
311.280446913945	1337.80004882813
314.257094114377	1318.09997558594
317.23278149719	1321.69995117188
320.207509454258	1310.19995117188
323.181278377283	1307.59997558594
326.154088657796	1303.30004882813
329.125940687134	1286.09997558594
332.096834856454	1293.69995117188
335.066771556737	1293.80004882813
338.035751178774	1290.5
341.003774113189	1283.30004882813
343.97084075043	1286.69995117188
346.936951480745	1279.80004882813
349.902106694219	1275.19995117188
352.866306780769	1274.69995117188
355.82955213011	1266.19995117188
358.791843131792	1272
361.753180175185	1265.19995117188
364.713563649499	1270.59997558594
367.672993943731	1270.90002441406
370.631471446741	1269.59997558594
373.588996547206	1272.09997558594
376.545569633593	1260.69995117188
379.501191094236	1260.59997558594
382.45586131727	1258
385.409580690674	1265.09997558594
388.362349602236	1260.80004882813
391.314168439577	1252.19995117188
394.265037590153	1249.40002441406
397.214957441235	1246
400.16392837993	1249
403.111950793165	1250.90002441406
406.059025067691	1247.40002441406
409.005151590118	1247
411.950330746855	1249.80004882813
414.894562924143	1247.69995117188
417.837848508063	1249.80004882813
420.780187884513	1251.5
423.721581439244	1251.80004882813
426.662029557819	1252.5
429.601532625628	1259.59997558594
432.540091027909	1259.59997558594
435.477705149715	1258
438.414375375956	1244.40002441406
441.350102091341	1245.5
444.284885680439	1238.80004882813
447.218726527646	1242.30004882813
450.151625017169	1234.59997558594
453.083581533085	1229.59997558594
456.014596459275	1217.59997558594
458.94467017946	1219.30004882813
461.87380307723	1223.19995117188
464.801995535963	1223.69995117188
467.72924793888	1222.80004882813
470.655560669072	1227.40002441406
473.580934109433	1229.40002441406
476.505368642699	1233.5
479.42886465145	1242.5
482.351422518103	1244.19995117188
485.273042624905	1265.80004882813
488.193725353949	1260
491.113471087159	1275.5
494.032280206301	1288
496.950153092974	1301
499.867090128629	1335.59997558594
502.783091694533	1371.19995117188
505.698158171827	1478.09997558594
508.612289941456	1644.30004882813
511.525487384225	2110.89990234375
514.43775088078	3611.5
517.3490808116	7073.89990234375
520.259477557008	9187.7998046875
523.168941497168	6676.2001953125
526.077473012083	3835.69995117188
528.98507248161	2521.10009765625
531.891740285434	1968.19995117188
534.797476803086	1662.69995117188
537.702282413949	1520.40002441406
540.606157497241	1426
543.509102432012	1367.09997558594
546.411117597179	1336.40002441406
549.312203371496	1307.5
552.212360133551	1284.09997558594
555.111588261787	1266.59997558594
558.009888134493	1263.80004882813
560.907260129786	1247.59997558594
563.803704625648	1237
566.699221999907	1233.5
569.593812630219	1233.80004882813
572.487476894111	1228.40002441406
575.380215168932	1223.80004882813
578.272027831898	1221.30004882813
581.162915260056	1210.80004882813
584.052877830319	1220.30004882813
586.941915919431	1219.59997558594
589.830029903984	1211.5
592.717220160442	1217.5
595.603487065095	1219
598.488830994078	1213.5
601.373252323396	1223.5
604.256751428889	1220.59997558594
607.139328686265	1222.40002441406
610.020984471038	1232.90002441406
612.90171915863	1231.69995117188
615.781533124278	1234.09997558594
618.660426743072	1232.09997558594
621.538400389971	1230.69995117188
624.415454439761	1235.69995117188
627.291589267105	1227
630.166805246513	1221.40002441406
633.041102752313	1216.19995117188
635.914482158742	1226.59997558594
638.786943839845	1215.19995117188
641.658488169547	1217.90002441406
644.529115521603	1217.80004882813
647.398826269641	1217.5
650.267620787151	1223.40002441406
653.135499447438	1215.80004882813
656.002462623708	1229.5
658.868510688984	1223.5
661.733644016172	1220.69995117188
664.59786297802	1218.09997558594
667.461167947139	1223.69995117188
670.32355929598	1219.59997558594
673.185037396862	1217.5
676.045602621965	1225.19995117188
678.905255343306	1217.5
681.763995932795	1213.19995117188
684.621824762164	1217.59997558594
687.47874220302	1212
690.334748626818	1210.5
693.189844404876	1204
696.044029908375	1204.5
698.897305508341	1206.30004882813
701.749671575677	1199.40002441406
704.601128481138	1199.09997558594
707.451676595324	1204.40002441406
710.301316288718	1200.09997558594
713.150047931639	1196.19995117188
715.997871894292	1197.40002441406
718.844788546713	1192.40002441406
721.690798258824	1195.69995117188
724.535901400393	1198.80004882813
727.380098341057	1201.30004882813
730.223389450309	1202.30004882813
733.065775097502	1191.40002441406
735.907255651861	1198.59997558594
738.747831482461	1192.5
741.587502958238	1192.69995117188
744.426270448005	1199.69995117188
747.264134320431	1192.59997558594
750.101094944034	1201.59997558594
752.937152687221	1195.59997558594
755.772307918238	1202.40002441406
758.606561005211	1201
761.439912316121	1199.19995117188
764.272362218816	1196.30004882813
767.103911081018	1203.69995117188
769.934559270291	1202.80004882813
772.764307154079	1207.30004882813
775.593155099695	1202.80004882813
778.42110347431	1198.09997558594
781.248152644956	1205.90002441406
784.074302978539	1202.59997558594
786.899554841832	1202.09997558594
789.723908601474	1208.59997558594
792.547364623949	1205.40002441406
795.369923275648	1206.59997558594
798.191584922798	1211.09997558594
801.012349931499	1209.40002441406
803.832218667714	1204.5
806.651191497303	1205.69995117188
809.469268785944	1212.40002441406
812.286450899232	1216.40002441406
815.1027382026	1220.69995117188
817.918131061357	1213.69995117188
820.73262984068	1215.80004882813
823.546234905624	1210.09997558594
826.358946621095	1213
829.170765351889	1219.30004882813
831.981691462663	1208.80004882813
834.791725317936	1212.69995117188
837.600867282103	1211.40002441406
840.409117719429	1207.80004882813
843.216476994053	1213.80004882813
846.022945469989	1208
848.828523511098	1208.5
851.633211481134	1206.80004882813
854.437009743721	1217.30004882813
857.239918662353	1216.40002441406
860.041938600383	1210.90002441406
862.843069921057	1214.90002441406
865.643312987472	1215.59997558594
868.442668162604	1216
871.241135809316	1212.40002441406
874.038716290324	1217.19995117188
876.835409968233	1217.5
879.63121720551	1211.09997558594
882.426138364494	1213.40002441406
885.22017380741	1218.19995117188
888.013323896339	1214.09997558594
890.805588993253	1215.59997558594
893.596969459993	1216
896.387465658265	1214.80004882813
899.177077949666	1211.59997558594
901.965806695649	1217.19995117188
904.75365225756	1214.30004882813
907.540614996601	1216.5
910.326695273873	1222.59997558594
913.111893450328	1223.90002441406
915.896209886813	1220.30004882813
918.679644944044	1223.80004882813
921.462198982604	1231
924.243872362968	1241.59997558594
927.02466544548	1272.19995117188
929.804578590358	1306.59997558594
932.583612157696	1345.40002441406
935.361766507473	1392.19995117188
938.13904199954	1420.40002441406
940.915438993633	1456.90002441406
943.690957849354	1448.69995117188
946.465598926189	1454.80004882813
949.239362583496	1455.09997558594
952.012249180518	1443.90002441406
954.784259076376	1456.5
957.555392630071	1457.19995117188
960.325650200475	1462.5
963.09503214635	1465.69995117188
965.863538826323	1461.30004882813
968.631170598912	1469.30004882813
971.397927822515	1461
974.163810855393	1468.59997558594
976.928820055712	1464
979.692955781498	1461.40002441406
982.456218390671	1463.90002441406
985.218608241021	1433.09997558594
987.980125690221	1405.40002441406
990.740771095826	1362.09997558594
993.500544815275	1333.90002441406
996.259447205875	1305.80004882813
999.017478624842	1295.19995117188
1001.77463942924	1270.19995117188
1004.53092997605	1267.30004882813
1007.28635062209	1257
1010.0409017241	1254.80004882813
1012.79458363868	1243.90002441406
1015.54739672233	1243.09997558594
1018.29934133142	1229
1021.05041782219	1226.80004882813
1023.8006265508	1216.19995117188
1026.54996787325	1215.40002441406
1029.29844214545	1208.59997558594
1032.0460497232	1205.80004882813
1034.79279096215	1200
1037.53866621786	1190.59997558594
1040.28367584578	1190.80004882813
1043.02782020123	1186.40002441406
1045.7710996394	1186.40002441406
1048.51351451539	1182.80004882813
1051.25506518417	1182.19995117188
1053.99575200061	1183.40002441406
1056.73557531945	1183.80004882813
1059.4745354953	1184.5
1062.2126328827	1179
1064.94986783605	1182.40002441406
1067.68624070961	1180
1070.42175185757	1179.80004882813
1073.15640163398	1179.5
1075.89019039278	1186.59997558594
1078.6231184878	1182.59997558594
1081.35518627276	1180.30004882813
1084.08639410125	1186.09997558594
1086.81674232676	1181.59997558594
1089.54623130267	1183
1092.27486138224	1186.09997558594
1095.00263291861	1188.09997558594
1097.72954626482	1185
1100.45560177378	1183.09997558594
1103.18079979831	1184.09997558594
1105.90514069112	1179.80004882813
1108.62862480477	1183.19995117188
1111.35125249175	1181
1114.07302410441	1189.09997558594
1116.793939995	1183.69995117188
1119.51400051566	1184.5
1122.23320601841	1183.19995117188
1124.95155685517	1181
1127.66905337774	1182.59997558594
1130.38569593782	1181.90002441406
1133.10148488697	1186.69995117188
1135.81642057667	1182
1138.53050335829	1180.40002441406
1141.24373358306	1180.09997558594
1143.95611160214	1183.59997558594
1146.66763776654	1184.5
1149.37831242718	1180.80004882813
1152.08813593487	1178.19995117188
1154.7971086403	1182
1157.50523089408	1181.90002441406
1160.21250304667	1176.30004882813
1162.91892544844	1178.40002441406
1165.62449844965	1183.40002441406
1168.32922240045	1181
1171.0330976509	1177.59997558594
1173.73612455091	1181.59997558594
1176.43830345031	1181
1179.13963469882	1180.19995117188
1181.84011864604	1180.30004882813
1184.53975564147	1184.40002441406
1187.23854603451	1180.19995117188
1189.93649017442	1180.40002441406
1192.63358841039	1176.80004882813
1195.32984109149	1182.80004882813
1198.02524856667	1182.90002441406
1200.71981118478	1179.19995117188
1203.41352929457	1179.40002441406
1206.10640324467	1179
1208.79843338361	1184.40002441406
1211.48962005981	1183
1214.17996362159	1179.5
1216.86946441716	1180
1219.55812279461	1183.40002441406
1222.24593910194	1184.90002441406
1224.93291368704	1181.59997558594
1227.61904689769	1180.69995117188
1230.30433908157	1178.30004882813
1232.98879058625	1183
1235.67240175918	1187.30004882813
1238.35517294773	1183.69995117188
1241.03710449915	1185.30004882813
1243.71819676058	1183.69995117188
1246.39845007907	1181.69995117188
1249.07786480155	1178.69995117188
1251.75644127485	1187.5
1254.43417984571	1182.59997558594
1257.11108086072	1183.5
1259.78714466643	1180.09997558594
1262.46237160921	1179.59997558594
1265.1367620354	1182.59997558594
1267.81031629118	1177.30004882813
1270.48303472266	1183.80004882813
1273.15491767583	1180.09997558594
1275.82596549657	1182.09997558594
1278.49617853067	1184.90002441406
1281.16555712381	1184.09997558594
1283.83410162156	1185.40002441406
1286.50181236939	1179.59997558594
1289.16868971269	1179.40002441406
1291.8347339967	1185.90002441406
1294.49994556659	1181.19995117188
1297.16432476743	1184.09997558594
1299.82787194415	1182.09997558594
1302.49058744163	1183.5
1305.15247160459	1186.59997558594
1307.81352477769	1184.30004882813
1310.47374730548	1180.69995117188
1313.1331395324	1187.80004882813
1315.79170180277	1182.19995117188
1318.44943446083	1187.80004882813
1321.10633785073	1190
1323.76241231648	1187.19995117188
1326.41765820202	1190.69995117188
1329.07207585117	1198
1331.72566560766	1198.40002441406
1334.3784278151	1203
1337.03036281703	1211.69995117188
1339.68147095686	1215.40002441406
1342.33175257789	1216.80004882813
1344.98120802335	1212.30004882813
1347.62983763636	1213.69995117188
1350.27764175994	1210.59997558594
1352.92462073697	1207.69995117188
1355.57077491028	1201.80004882813
1358.21610462259	1196.09997558594
1360.86061021649	1202.30004882813
1363.50429203449	1190.30004882813
1366.14715041901	1190
1368.78918571234	1185.69995117188
1371.4303982567	1190.69995117188
1374.07078839419	1186.90002441406
1376.71035646681	1190.30004882813
1379.34910281647	1193.09997558594
1381.98702778498	1190.40002441406
1384.62413171402	1189.09997558594
1387.26041494523	1188.09997558594
1389.89587782008	1190.40002441406
1392.53052068001	1187.09997558594
1395.16434386629	1187.19995117188
1397.79734772015	1187.5
1400.42953258269	1185.09997558594
1403.0608987949	1185.90002441406
1405.69144669771	1185.19995117188
1408.32117663193	1183.80004882813
1410.95008893825	1187.09997558594
1413.57818395728	1189.09997558594
1416.20546202954	1184.80004882813
1418.83192349543	1182.40002441406
1421.45756869528	1184.69995117188
1424.08239796929	1184.69995117188
1426.70641165757	1181.59997558594
1429.32961010016	1187.90002441406
1431.95199363695	1186
1434.57356260778	1185.59997558594
1437.19431735237	1183.40002441406
1439.81425821033	1185.90002441406
1442.43338552118	1185.69995117188
1445.05169962437	1183.59997558594
1447.66920085921	1190.09997558594
1450.28588956493	1183.5
1452.90176608067	1181.80004882813
1455.51683074547	1183.30004882813
1458.13108389825	1182.19995117188
1460.74452587786	1186.90002441406
1463.35715702303	1181.09997558594
1465.96897767243	1188.40002441406
1468.57998816457	1183.30004882813
1471.19018883794	1182.09997558594
1473.79958003086	1185.5
1476.4081620816	1185.5
1479.01593532831	1187.30004882813
1481.62290010905	1186.69995117188
1484.22905676179	1188
1486.83440562438	1185.19995117188
1489.43894703461	1183.59997558594
1492.04268133016	1186.59997558594
1494.64560884857	1183.90002441406
1497.24772992735	1186.5
1499.84904490388	1187.69995117188
1502.44955411543	1184.30004882813
1505.0492578992	1187
1507.64815659229	1181.90002441406
1510.24625053168	1189.30004882813
1512.84354005429	1184.90002441406
1515.44002549691	1187.80004882813
1518.03570719625	1191
1520.63058548894	1191.59997558594
1523.22466071147	1191
1525.81793320028	1189.59997558594
1528.41040329169	1194
1531.00207132192	1189.30004882813
1533.59293762712	1194.09997558594
1536.18300254332	1199.30004882813
1538.77226640645	1196.69995117188
1541.36072955237	1197.90002441406
1543.94839231684	1197.80004882813
1546.53525503548	1204.59997558594
1549.12131804389	1205.80004882813
1551.70658167752	1203.90002441406
1554.29104627173	1209.69995117188
1556.87471216181	1217.40002441406
1559.45757968292	1229.09997558594
1562.03964917017	1233.59997558594
1564.62092095853	1254.09997558594
1567.2013953829	1287.19995117188
1569.78107277808	1322.40002441406
1572.35995347877	1376.5
1574.93803781959	1459.19995117188
1577.51532613504	1562.59997558594
1580.09181875956	1654.59997558594
1582.66751602746	1705.59997558594
1585.24241827297	1651.90002441406
1587.81652583024	1549.30004882813
1590.3898390333	1452.90002441406
1592.96235821611	1368.5
1595.53408371251	1318.5
1598.10501585628	1274.69995117188
1600.67515498106	1246.90002441406
1603.24450142043	1236.69995117188
1605.81305550788	1225.59997558594
1608.38081757677	1213.30004882813
1610.9477879604	1218
1613.51396699198	1204.09997558594
1616.07935500458	1211.19995117188
1618.64395233122	1204.19995117188
1621.20775930483	1207.90002441406
1623.7707762582	1198.80004882813
1626.33300352408	1194.19995117188
1628.89444143508	1196.59997558594
1631.45509032376	1189.69995117188
1634.01495052255	1188.69995117188
1636.5740223638	1186
1639.13230617978	1187.69995117188
1641.68980230264	1189.5
1644.24651106446	1179.5
1646.80243279721	1185.5
1649.35756783278	1184.59997558594
1651.91191650296	1184
1654.46547913944	1180.40002441406
1657.01825607383	1178.09997558594
1659.57024763764	1182
1662.12145416229	1181
1664.6718759791	1180.90002441406
1667.2215134193	1178.69995117188
1669.77036681404	1179.80004882813
1672.31843649435	1180
1674.8657227912	1183.30004882813
1677.41222603543	1175.90002441406
1679.95794655782	1174.09997558594
1682.50288468904	1179.30004882813
1685.04704075968	1179
1687.59041510022	1176.5
1690.13300804106	1174.90002441406
1692.67481991249	1180.5
1695.21585104474	1179
1697.75610176791	1175
1700.29557241205	1177.40002441406
1702.83426330707	1177
1705.37217478282	1176.69995117188
1707.90930716905	1172.40002441406
1710.44566079541	1175.19995117188
1712.98123599146	1175.09997558594
1715.51603308669	1175.69995117188
1718.05005241045	1178.5
1720.58329429205	1173.80004882813
1723.11575906067	1174.09997558594
1725.64744704542	1183.19995117188
1728.17835857532	1171.5
1730.70849397927	1176.69995117188
1733.2378535861	1173.30004882813
1735.76643772453	1177
1738.29424672323	1177.30004882813
1740.82128091074	1175.80004882813
1743.3475406155	1177.19995117188
1745.87302616589	1174.5
1748.39773789019	1176.5
1750.92167611656	1173.59997558594
1753.44484117311	1174.59997558594
1755.96723338783	1178.69995117188
1758.48885308862	1175.5
1761.00970060331	1171.09997558594
1763.52977625961	1173.30004882813
1766.04908038514	1169.80004882813
1768.56761330746	1176.80004882813
1771.08537535401	1176
1773.60236685214	1171.90002441406
1776.11858812912	1173.09997558594
1778.63403951211	1175
1781.14872132821	1175.80004882813
1783.6626339044	1176.90002441406
1786.17577756757	1172.40002441406
1788.68815264454	1175.09997558594
1791.199759462	1176.09997558594
1793.7105983466	1175.59997558594
1796.22066962486	1172.69995117188
1798.72997362322	1170.80004882813
1801.23851066803	1175.59997558594
1803.74628108554	1175.90002441406
1806.25328520193	1175.19995117188
1808.75952334326	1173.90002441406
1811.2649958355	1170
1813.76970300458	1171.90002441406
1816.27364517628	1173.59997558594
1818.77682267629	1172.69995117188
1821.27923583026	1174.59997558594
1823.78088496369	1171.69995117188
1826.28177040204	1177.90002441406
1828.78189247064	1175.30004882813
1831.28125149473	1173.30004882813
1833.77984779949	1172.80004882813
1836.27768170998	1177.80004882813
1838.77475355119	1175.19995117188
1841.271063648	1175.30004882813
1843.76661232521	1173.40002441406
1846.26139990751	1180.90002441406
1848.75542671954	1184.59997558594
1851.2486930858	1178.19995117188
1853.74119933074	1179
1856.23294577869	1179.80004882813
1858.72393275391	1181.40002441406
1861.21416058054	1182.40002441406
1863.70362958267	1173.90002441406
1866.19234008426	1181.69995117188
1868.6802924092	1177.90002441406
1871.16748688129	1180.19995117188
1873.65392382424	1174.80004882813
1876.13960356164	1181.69995117188
1878.62452641704	1178.30004882813
1881.10869271384	1177.09997558594
1883.59210277541	1175.69995117188
1886.07475692498	1178.69995117188
1888.55665548571	1171.30004882813
1891.03779878067	1178.30004882813
1893.51818713284	1177.30004882813
1895.99782086509	1174.19995117188
1898.47670030024	1174.5
1900.95482576096	1175.5
1903.43219756989	1175.69995117188
1905.90881604954	1173.09997558594
1908.38468152235	1176.59997558594
1910.85979431064	1173.80004882813
1913.33415473668	1175.30004882813
1915.80776312261	1173.80004882813
1918.28061979051	1171.09997558594
1920.75272506234	1175.59997558594
1923.22407926001	1174.19995117188
1925.69468270529	1169.19995117188
1928.16453571989	1174.40002441406
1930.63363862544	1175.19995117188
1933.10199174344	1176.90002441406
1935.56959539533	1178.69995117188
1938.03644990244	1171.5
1940.50255558603	1174.5
1942.96791276726	1176.69995117188
1945.43252176718	1171.5
1947.8963829068	1178
1950.35949650697	1176.30004882813
1952.8218628885	1178.80004882813
1955.2834823721	1179.5
1957.74435527836	1176.59997558594
1960.20448192784	1171.69995117188
1962.66386264093	1174.80004882813
1965.12249773799	1172.40002441406
1967.58038753927	1178.90002441406
1970.03753236493	1171.80004882813
1972.49393253504	1179.19995117188
1974.94958836957	1175.59997558594
1977.4045001884	1177.30004882813
1979.85866831133	1176.30004882813
1982.31209305807	1174.40002441406
1984.76477474823	1177.5
1987.21671370133	1178.90002441406
1989.6679102368	1178.19995117188
1992.11836467399	1179.09997558594
1994.56807733213	1171.69995117188
1997.0170485304	1173.30004882813
1999.46527858786	1177.69995117188
2001.91276782348	1179.80004882813
2004.35951655615	1178.59997558594
2006.80552510467	1173.19995117188
2009.25079378774	1175.40002441406
2011.69532292397	1174.80004882813
2014.13911283188	1177.59997558594
2016.58216382991	1177.30004882813
2019.02447623639	1175.80004882813
2021.46605036956	1177.69995117188
2023.90688654761	1179.69995117188
2026.34698508858	1176.80004882813
2028.78634631045	1178.19995117188
2031.22497053111	1175.90002441406
2033.66285806835	1177.5
2036.10000923987	1172.30004882813
2038.53642436328	1177.09997558594
2040.97210375611	1177
2043.40704773578	1172.90002441406
2045.84125661964	1174
2048.27473072492	1176.09997558594
2050.70747036878	1173.09997558594
2053.13947586829	1175.40002441406
2055.57074754041	1172.19995117188
2058.00128570205	1172.69995117188
2060.43109066998	1174.40002441406
2062.8601627609	1172.19995117188
2065.28850229143	1176.09997558594
2067.71610957807	1173.30004882813
2070.14298493726	1168.40002441406
2072.56912868532	1171.19995117188
2074.99454113851	1172.09997558594
2077.41922261297	1175.09997558594
2079.84317342476	1173
2082.26639388986	1172.90002441406
2084.68888432414	1174.80004882813
2087.1106450434	1178.59997558594
2089.53167636331	1170.40002441406
2091.95197859949	1174.30004882813
2094.37155206745	1173.80004882813
2096.79039708261	1173.19995117188
2099.20851396029	1173.30004882813
2101.62590301575	1172.19995117188
2104.04256456411	1174.90002441406
2106.45849892045	1170.09997558594
2108.87370639971	1172.59997558594
2111.28818731677	1169.09997558594
2113.70194198641	1172.09997558594
2116.11497072333	1177.5
2118.52727384211	1174.90002441406
2120.93885165726	1171.09997558594
2123.34970448321	1177.09997558594
2125.75983263425	1175.90002441406
2128.16923642463	1174.5
2130.57791616848	1173.40002441406
2132.98587217985	1168.40002441406
2135.3931047727	1172.59997558594
2137.79961426089	1176.5
2140.20540095818	1173
2142.61046517826	1173.69995117188
2145.01480723472	1169.30004882813
2147.41842744104	1174.30004882813
2149.82132611063	1169.30004882813
2152.22350355681	1175
2154.62496009279	1176.19995117188
2157.0256960317	1176.19995117188
2159.42571168658	1175
2161.82500737036	1171.80004882813
2164.22358339589	1172.40002441406
2166.62144007595	1174.80004882813
2169.01857772318	1171.90002441406
2171.41499665018	1179
2173.81069716942	1176.40002441406
2176.20567959329	1175.19995117188
2178.59994423409	1172.5
2180.99349140402	1174.80004882813
2183.38632141519	1170.09997558594
2185.77843457964	1178.09997558594
2188.16983120927	1174.40002441406
2190.56051161594	1172
2192.95047611139	1167.5
2195.33972500725	1174.30004882813
2197.72825861511	1172.90002441406
2200.11607724641	1175.19995117188
2202.50318121254	1177.69995117188
2204.88957082477	1173.80004882813
2207.27524639429	1179.30004882813
2209.6602082322	1176.40002441406
2212.0444566495	1174.69995117188
2214.4279919571	1173.69995117188
2216.81081446582	1176.59997558594
2219.19292448638	1174.40002441406
2221.57432232942	1173.59997558594
2223.95500830547	1179.30004882813
2226.33498272498	1176.5
2228.7142458983	1174
2231.09279813569	1173.5
2233.47063974732	1177.69995117188
2235.84777104327	1173.59997558594
2238.2241923335	1174.59997558594
2240.59990392792	1172.80004882813
2242.97490613632	1171.69995117188
2245.34919926839	1177.59997558594
2247.72278363376	1171.80004882813
2250.09565954192	1172.40002441406
2252.46782730231	1171
2254.83928722425	1173.80004882813
2257.21003961698	1177.80004882813
2259.58008478963	1174.5
2261.94942305127	1171.30004882813
2264.31805471084	1168.80004882813
2266.68598007721	1175.5
2269.05319945914	1171.80004882813
2271.4197131653	1173.69995117188
2273.78552150427	1175.59997558594
2276.15062478456	1174.19995117188
2278.51502331454	1174.80004882813
2280.87871740252	1177.80004882813
2283.24170735671	1172.19995117188
2285.60399348521	1171.69995117188
2287.96557609605	1174.59997558594
2290.32645549714	1172.69995117188
2292.68663199633	1176.09997558594
2295.04610590133	1172.30004882813
2297.40487751981	1171.80004882813
2299.76294715931	1173.59997558594
2302.12031512727	1176.30004882813
2304.47698173107	1175.5
2306.83294727796	1171.5
2309.18821207512	1173.69995117188
2311.54277642963	1178.30004882813
2313.89664064847	1176
2316.24980503852	1174.90002441406
2318.6022699066	1173.09997558594
2320.95403555938	1172.80004882813
2323.30510230349	1172.69995117188
2325.65547044542	1169.5
2328.0051402916	1174.59997558594
2330.35411214835	1177.09997558594
2332.7023863219	1179.80004882813
2335.04996311837	1176.59997558594
2337.39684284382	1176.5
2339.74302580418	1171
2342.08851230529	1175.69995117188
2344.43330265291	1173.19995117188
2346.7773971527	1175.19995117188
2349.12079611023	1175.40002441406
2351.46349983096	1180.09997558594
2353.80550862026	1174.90002441406
2356.14682278342	1174.80004882813
2358.48744262562	1176
2360.82736845194	1175.30004882813
2363.16660056738	1174.19995117188
2365.50513927683	1176.80004882813
2367.8429848851	1177.69995117188
2370.1801376969	1176.5
2372.51659801683	1174
2374.85236614941	1178.30004882813
2377.18744239906	1182.30004882813
2379.52182707011	1176.80004882813
2381.85552046679	1179
2384.18852289322	1175.69995117188
2386.52083465345	1175.5
2388.85245605142	1176.09997558594
2391.18338739097	1179.19995117188
2393.51362897585	1177.90002441406
2395.84318110973	1175.80004882813
2398.17204409615	1180.59997558594
2400.50021823858	1177.80004882813
2402.82770384038	1176.09997558594
2405.15450120483	1176
2407.48061063509	1177.40002441406
2409.80603243426	1174.19995117188
2412.13076690529	1179.40002441406
2414.4548143511	1182.30004882813
2416.77817507445	1181.80004882813
2419.10084937804	1182.90002441406
2421.42283756447	1179.40002441406
2423.74413993625	1184.80004882813
2426.06475679575	1179.40002441406
2428.38468844531	1183.90002441406
2430.70393518711	1190.30004882813
2433.02249732329	1188.19995117188
2435.34037515584	1189.69995117188
2437.65756898669	1200.19995117188
2439.97407911767	1199.5
2442.28990585049	1207.69995117188
2444.60504948679	1211.69995117188
2446.91951032808	1222.30004882813
2449.23328867581	1216.90002441406
2451.54638483132	1225.40002441406
2453.85879909585	1225.80004882813
2456.17053177052	1221.19995117188
2458.48158315639	1221.69995117188
2460.79195355441	1217.30004882813
2463.10164326542	1211.80004882813
2465.41065259017	1212
2467.71898182932	1209.80004882813
2470.02663128344	1203.09997558594
2472.33360125296	1203.19995117188
2474.63989203825	1203.69995117188
2476.94550393958	1204.5
2479.25043725712	1200.09997558594
2481.55469229093	1198.5
2483.85826934098	1193.5
2486.16116870713	1192.80004882813
2488.46339068916	1197.19995117188
2490.76493558676	1189.40002441406
2493.06580369949	1190.80004882813
2495.36599532684	1188.69995117188
2497.66551076817	1187
2499.96435032278	1189.59997558594
2502.26251428984	1188.90002441406
2504.56000296845	1189.19995117188
2506.85681665757	1181.59997558594
2509.15295565612	1188.90002441406
2511.44842026287	1187.40002441406
2513.74321077651	1183.59997558594
2516.03732749563	1185.69995117188
2518.33077071873	1189.19995117188
2520.62354074419	1183.5
2522.91563787031	1187.40002441406
2525.20706239528	1180.69995117188
2527.49781461721	1187.19995117188
2529.78789483408	1185.19995117188
2532.0773033438	1184.80004882813
2534.36604044416	1184.90002441406
2536.65410643286	1184
2538.9415016075	1181.09997558594
2541.22822626558	1182.80004882813
2543.51428070449	1181.09997558594
2545.79966522154	1184.09997558594
2548.08438011393	1188.09997558594
2550.36842567876	1180.80004882813
2552.65180221302	1185.40002441406
2554.93451001363	1182
2557.21654937738	1184.5
2559.49792060096	1183.19995117188
2561.77862398098	1188.90002441406
2564.05865981395	1187.90002441406
2566.33802839626	1183.80004882813
2568.61673002421	1181.80004882813
2570.89476499399	1183.5
2573.17213360172	1184.80004882813
2575.44883614338	1184.80004882813
2577.72487291489	1187.90002441406
2580.00024421203	1187.09997558594
2582.27495033048	1192.5
2584.54899156587	1186.59997558594
2586.82236821368	1189.59997558594
2589.0950805693	1181.69995117188
2591.36712892802	1190.09997558594
2593.63851358505	1194.59997558594
2595.90923483547	1192.59997558594
2598.17929297426	1193
2600.44868829631	1196.69995117188
2602.71742109642	1193.59997558594
2604.98549166927	1199
2607.25290030944	1200.80004882813
2609.51964731142	1195.09997558594
2611.78573296958	1201
2614.05115757822	1208.19995117188
2616.31592143149	1210.19995117188
2618.58002482349	1209.59997558594
2620.84346804817	1217.69995117188
2623.10625139942	1216.09997558594
2625.36837517101	1221.09997558594
2627.6298396566	1233.69995117188
2629.89064514976	1242.80004882813
2632.15079194395	1251.19995117188
2634.41028033254	1275.09997558594
2636.66911060878	1275.09997558594
2638.92728306582	1297.5
2641.18479799672	1324.69995117188
2643.44165569444	1346.5
2645.69785645182	1391.09997558594
2647.95340056162	1434.59997558594
2650.20828831645	1483
2652.46252000888	1540.90002441406
2654.71609593134	1606.19995117188
2656.96901637616	1689.30004882813
2659.22128163557	1778.40002441406
2661.47289200171	1878.40002441406
2663.72384776659	1950.5
2665.97414922213	2010
2668.22379666017	2071
2670.4727903724	2112
2672.72113065044	2157.39990234375
2674.9688177858	2140.89990234375
2677.21585206988	2100.69995117188
2679.46223379399	2077.19995117188
2681.70796324931	2029.69995117188
2683.95304072694	1932
2686.19746651787	1879.5
2688.44124091298	1783.80004882813
2690.68436420305	1706.59997558594
2692.92683667876	1648.69995117188
2695.16865863068	1586.09997558594
2697.40983034928	1528.19995117188
2699.65035212492	1466.80004882813
2701.89022424785	1428.5
2704.12944700824	1394.59997558594
2706.36802069612	1354.80004882813
2708.60594560146	1327.59997558594
2710.84322201407	1306.59997558594
2713.0798502237	1284.69995117188
2715.31583051998	1277.19995117188
2717.55116319244	1262.5
2719.78584853048	1251.19995117188
2722.01988682344	1244.90002441406
2724.2532783605	1238.30004882813
2726.48602343079	1226.80004882813
2728.71812232329	1222.59997558594
2730.9495753269	1216.19995117188
2733.1803827304	1210.80004882813
2735.4105448225	1208.40002441406
2737.64006189173	1208.80004882813
2739.86893422659	1206.09997558594
2742.09716211544	1199
2744.32474584653	1196.59997558594
2746.55168570802	1197.30004882813
2748.77798198795	1196.69995117188
2751.00363497426	1196.19995117188
2753.22864495479	1190.40002441406
2755.45301221725	1193.19995117188
2757.67673704928	1193
2759.89981973839	1194.30004882813
2762.12226057198	1190.19995117188
2764.34405983734	1189.40002441406
2766.56521782169	1187.59997558594
2768.7857348121	1192.30004882813
2771.00561109555	1185.09997558594
2773.22484695892	1179
2775.44344268897	1188.09997558594
2777.66139857236	1180.19995117188
2779.87871489564	1184
2782.09539194526	1181.30004882813
2784.31143000754	1184.19995117188
2786.52682936873	1182
2788.74159031494	1181.69995117188
2790.95571313218	1178.90002441406
2793.16919810637	1178.59997558594
2795.38204552329	1182.80004882813
2797.59425566864	1185.59997558594
2799.805828828	1176.90002441406
2802.01676528685	1179
2804.22706533056	1174.69995117188
2806.43672924436	1178.5
2808.64575731343	1174.59997558594
2810.85414982279	1175.19995117188
2813.06190705738	1177.30004882813
2815.26902930203	1177.30004882813
2817.47551684145	1177.19995117188
2819.68136996024	1181.09997558594
2821.88658894291	1181
2824.09117407383	1177.59997558594
2826.29512563729	1179.30004882813
2828.49844391747	1175
2830.70112919842	1176.40002441406
2832.90318176409	1176.09997558594
2835.10460189833	1180.30004882813
2837.30538988487	1176.19995117188
2839.50554600732	1176.30004882813
2841.70507054922	1173.30004882813
2843.90396379395	1179
2846.10222602482	1172.80004882813
2848.29985752501	1177
2850.49685857759	1176.19995117188
2852.69322946553	1179.09997558594
2854.88897047169	1178.19995117188
2857.08408187879	1175.09997558594
2859.27856396949	1179.80004882813
2861.4724170263	1176
2863.66564133164	1176.80004882813
2865.85823716781	1176.80004882813
2868.050204817	1175.09997558594
2870.2415445613	1174
2872.43225668266	1177.90002441406
2874.62234146295	1174.80004882813
2876.81179918393	1177.5
2879.00063012722	1176.5
2881.18883457435	1173.90002441406
2883.37641280674	1179.09997558594
2885.56336510569	1176.19995117188
2887.7496917524	1173.19995117188
2889.93539302793	1176.30004882813
2892.12046921326	1180.09997558594
2894.30492058926	1175.80004882813
2896.48874743666	1174.19995117188
2898.67195003609	1173.5
2900.85452866809	1171.80004882813
2903.03648361305	1174.69995117188
2905.21781515128	1179.90002441406
2907.39852356295	1175.5
2909.57860912814	1176.09997558594
2911.75807212682	1176
2913.93691283883	1176.90002441406
2916.1151315439	1175.5
2918.29272852166	1171.80004882813
2920.46970405161	1172.69995117188
2922.64605841316	1172.80004882813
2924.82179188558	1170.90002441406
2926.99690474805	1174.80004882813
2929.17139727962	1171.40002441406
2931.34526975924	1176.5
2933.51852246574	1174.19995117188
2935.69115567784	1171.69995117188
2937.86316967414	1173.59997558594
2940.03456473313	1174
2942.20534113318	1171
2944.37549915256	1174.80004882813
2946.54503906942	1172.59997558594
2948.71396116179	1173.5
2950.8822657076	1171.90002441406
2953.04995298465	1175.19995117188
2955.21702327062	1172.19995117188
2957.38347684312	1171.80004882813
2959.54931397958	1170.90002441406
2961.71453495737	1172.5
2963.87914005372	1172.40002441406
2966.04312954574	1171.80004882813
2968.20650371045	1169.09997558594
2970.36926282472	1171
2972.53140716535	1170
2974.69293700897	1172.69995117188
2976.85385263216	1172.09997558594
2979.01415431133	1172.5
2981.17384232278	1172.69995117188
2983.33291694274	1170.09997558594
2985.49137844726	1171.30004882813
2987.64922711234	1169.19995117188
2989.8064632138	1169.40002441406
2991.9630870274	1166.59997558594
2994.11909882875	1173.5
2996.27449889334	1171.19995117188
2998.42928749659	1169.69995117188
3000.58346491374	1172.80004882813
3002.73703141997	1168.90002441406
3004.8899872903	1169.09997558594
3007.04233279965	1165.80004882813
3009.19406822284	1167.40002441406
3011.34519383455	1167.59997558594
3013.49570990936	1171
3015.64561672172	1167.30004882813
3017.79491454597	1169.09997558594
3019.94360365632	1166.19995117188
3022.09168432689	1167.5
3024.23915683165	1168.80004882813
3026.38602144448	1170.69995117188
3028.53227843913	1168.19995117188
3030.67792808923	1170.59997558594
3032.82297066831	1172
3034.96740644975	1166
3037.11123570684	1168.40002441406
3039.25445871273	1167.90002441406
3041.39707574049	1166.09997558594
3043.53908706303	1165.59997558594
3045.68049295316	1168.30004882813
3047.82129368358	1167.30004882813
3049.96148952684	1169.90002441406
3052.1010807554	1169.5
3054.24006764161	1168.19995117188
3056.37845045767	1168.19995117188
3058.51622947568	1166.59997558594
3060.65340496763	1168.69995117188
3062.78997720535	1165.80004882813
3064.92594646061	1164.5
3067.06131300501	1170.40002441406
3069.19607711007	1168.59997558594
3071.33023904715	1164.40002441406
3073.46379908752	1166.5
3075.59675750233	1166.69995117188
3077.7291145626	1166.80004882813
3079.86087053922	1166.80004882813
3081.99202570299	1170.19995117188
3084.12258032456	1170.40002441406
3086.25253467448	1167.5
3088.38188902317	1165.40002441406
3090.51064364093	1164.40002441406
3092.63879879794	1166.59997558594
3094.76635476428	1169.09997558594
3096.89331180986	1170.30004882813
3099.01967020452	1164
3101.14543021796	1171.09997558594
3103.27059211975	1166.30004882813
3105.39515617934	1166.30004882813
3107.51912266608	1169.80004882813
3109.64249184919	1168.69995117188
3111.76526399774	1166.40002441406
3113.88743938072	1166.5
3116.00901826698	1168.09997558594
3118.13000092523	1167.69995117188
3120.2503876241	1170
3122.37017863206	1168.40002441406
3124.48937421748	1168.30004882813
3126.6079746486	1164.40002441406
3128.72598019354	1163.19995117188
3130.84339112029	1165.90002441406
3132.96020769673	1166.30004882813
3135.07643019061	1166.40002441406
3137.19205886957	1168.69995117188
3139.3070940011	1165.90002441406
3141.42153585259	1167.19995117188
3143.5353846913	1165.80004882813
3145.64864078438	1167.19995117188
3147.76130439882	1166.69995117188
3149.87337580154	1167.19995117188
3151.98485525929	1165.5
3154.09574303872	1168.59997558594
3156.20603940634	1163.69995117188
3158.31574462857	1166.69995117188
3160.42485897167	1163.69995117188
3162.53338270181	1167.19995117188
3164.64131608498	1165.19995117188
3166.74865938712	1166.5
3168.85541287398	1169.90002441406
3170.96157681123	1168.19995117188
3173.0671514644	1163.09997558594
3175.17213709889	1165.80004882813
3177.27653397998	1164.30004882813
3179.38034237284	1168.30004882813
3181.48356254248	1164.5
3183.58619475382	1163.09997558594
3185.68823927165	1169
3187.78969636061	1164.5
3189.89056628524	1169.40002441406
3191.99084930995	1165.09997558594
3194.09054569901	1169
3196.18965571659	1164.30004882813
3198.28817962671	1168.69995117188
3200.38611769327	1167.59997558594
3202.48347018006	1168.19995117188
3204.58023735073	1167.5
3206.67641946881	1165.69995117188
3208.77201679769	1165.59997558594
3210.86702960065	1166.19995117188
3212.96145814084	1164
3215.05530268128	1165.90002441406
3217.14856348487	1168.90002441406
3219.24124081437	1170.90002441406
3221.33333493243	1170
3223.42484610157	1172.90002441406
3225.51577458416	1178.19995117188
3227.60612064247	1177.59997558594
3229.69588453864	1183.59997558594
3231.78506653466	1188.30004882813
3233.87366689244	1196
3235.9616858737	1204.80004882813
3238.04912374008	1209.90002441406
3240.13598075307	1213
3242.22225717405	1210.80004882813
3244.30795326425	1210.19995117188
3246.39306928479	1200.90002441406
3248.47760549664	1193.19995117188
3250.56156216068	1185.80004882813
3252.64493953762	1178
3254.72773788807	1174.69995117188
3256.8099574725	1172.5
3258.89159855124	1170.30004882813
3260.97266138451	1167.5
3263.05314623241	1167.09997558594
3265.13305335488	1166.5
3267.21238301175	1166.40002441406
3269.29113546272	1164.5
3271.36931096736	1165.09997558594
3273.4469097851	1161.19995117188
3275.52393217526	1165.5
3277.60037839702	1165.19995117188
3279.67624870941	1164.90002441406
3281.75154337138	1167.09997558594
3283.8262626417	1165
3285.90040677904	1163.69995117188
3287.97397604193	1159.90002441406
3290.04697068876	1164.09997558594
3292.11939097781	1160.40002441406
3294.19123716721	1162.69995117188
3296.26250951497	1163.30004882813
3298.33320827897	1163
3300.40333371696	1165.09997558594
3302.47288608655	1166.90002441406
3304.54186564524	1161.5
3306.61027265036	1162.59997558594
3308.67810735915	1165
3310.74537002869	1166.09997558594
3312.81206091594	1162.30004882813
3314.87818027774	1162.69995117188
3316.94372837077	1165.40002441406
3319.00870545161	1164.30004882813
3321.07311177668	1161.80004882813
3323.13694760229	1165.80004882813
3325.2002131846	1165.09997558594
3327.26290877964	1162.5
3329.32503464334	1160.59997558594
3331.38659103145	1162.19995117188
3333.4475781996	1160.19995117188
3335.50799640332	1163.40002441406
3337.56784589797	1163.30004882813
3339.62712693879	1159.40002441406
3341.68583978089	1163
3343.74398467924	1163
3345.80156188869	1163
3347.85857166394	1162.40002441406
3349.91501425956	1161.69995117188
3351.97088992999	1160.30004882813
3354.02619892956	1164.30004882813
3356.0809415124	1165.69995117188
3358.13511793259	1159.5
3360.18872844401	1163.5
3362.24177330044	1163.90002441406
3364.29425275552	1165.19995117188
3366.34616706274	1164.90002441406
3368.39751647548	1164
3370.44830124696	1162.59997558594
3372.49852163029	1160.5
3374.54817787843	1161
3376.5972702442	1163.19995117188
3378.64579898031	1162.09997558594
3380.69376433931	1162.19995117188
3382.74116657361	1161.5
3384.78800593552	1161.5
3386.83428267718	1160.69995117188
3388.8799970506	1162.09997558594
3390.92514930767	1160.19995117188
3392.96973970014	1162.40002441406
3395.01376847962	1161.59997558594
3397.05723589757	1161.90002441406
3399.10014220533	1163.59997558594
3401.1424876541	1160.5
3403.18427249495	1161.30004882813
3405.22549697881	1165
3407.26616135646	1160.30004882813
3409.30626587856	1162.90002441406
3411.34581079563	1159.69995117188
3413.38479635805	1161.59997558594
3415.42322281605	1162.30004882813
3417.46109041976	1162.90002441406
3419.49839941912	1160.69995117188
3421.53515006399	1159.5
3423.57134260405	1161.09997558594
3425.60697728886	1160.90002441406
3427.64205436783	1160.09997558594
3429.67657409025	1160.80004882813
3431.71053670525	1159.80004882813
3433.74394246185	1160.59997558594
3435.77679160891	1159.90002441406
3437.80908439515	1160.19995117188
3439.84082106917	1161.09997558594
3441.87200187943	1164.09997558594
3443.90262707421	1162.09997558594
3445.93269690172	1161.30004882813
3447.96221160996	1164.30004882813
3449.99117144686	1160.19995117188
3452.01957666015	1160.19995117188
3454.04742749746	1160
3456.07472420626	1161.80004882813
3458.1014670339	1160.40002441406
3460.12765622756	1157.80004882813
3462.15329203432	1161.69995117188
3464.17837470108	1161.30004882813
3466.20290447463	1160.80004882813
3468.22688160161	1162.19995117188
3470.25030632851	1157.69995117188
3472.2731789017	1159.40002441406
3474.29549956739	1160.09997558594
3476.31726857166	1159.69995117188
3478.33848616045	1156.30004882813
3480.35915257955	1160.19995117188
3482.37926807462	1160.59997558594
3484.39883289117	1160.69995117188
3486.41784727458	1162
3488.43631147007	1162.09997558594
3490.45422572275	1159.5
3492.47159027755	1159.19995117188
3494.4884053793	1163.5
3496.50467127263	1159.40002441406
3498.5203882021	1156.19995117188
3500.53555641208	1162.30004882813
3502.5501761468	1161.69995117188
3504.56424765036	1161
3506.57777116674	1163.19995117188
3508.59074693973	1160.40002441406
3510.603175213	1160.80004882813
3512.61505623009	1160.30004882813
3514.62639023438	1162.90002441406
3516.63717746911	1159.09997558594
3518.64741817739	1160.5
3520.65711260216	1160.90002441406
3522.66626098625	1158.19995117188
3524.67486357232	1157.80004882813
3526.6829206029	1160.69995117188
3528.69043232037	1159.30004882813
3530.69739896698	1158
3532.70382078481	1157.5
3534.70969801583	1159.40002441406
3536.71503090183	1160.40002441406
3538.71981968447	1159.09997558594
3540.72406460529	1160.40002441406
3542.72776590566	1159.40002441406
3544.7309238268	1159.19995117188
3546.7335386098	1157.69995117188
3548.7356104956	1157.19995117188
3550.737139725	1156.19995117188
3552.73812653866	1161.80004882813
3554.73857117706	1157
3556.73847388059	1157.59997558594
3558.73783488944	1159.90002441406
3560.7366544437	1154.80004882813
3562.73493278328	1159.09997558594
3564.73267014797	1157.40002441406
3566.7298667774	1158.69995117188
3568.72652291106	1158.09997558594
3570.72263878828	1157
3572.71821464827	1156.90002441406
3574.71325073007	1161.80004882813
3576.70774727257	1158.5
3578.70170451455	1158.90002441406
3580.6951226946	1160.09997558594
3582.68800205121	1157.09997558594
3584.68034282266	1160.5
3586.67214524714	1159.5
3588.66340956266	1158.30004882813
3590.6541360071	1160.19995117188
3592.6443248182	1156.5
3594.63397623352	1158.80004882813
3596.6230904905	1157.59997558594
3598.61166782642	1157.30004882813
3600.59970847842	1159.80004882813
3602.58721268348	1157.5
3604.57418067846	1156.09997558594
3606.56061270003	1160.19995117188
3608.54650898475	1155
3610.53186976901	1157.5
3612.51669528905	1158.40002441406
3614.50098578098	1157.69995117188
3616.48474148074	1155.80004882813
3618.46796262413	1158.80004882813
3620.45064944681	1157.80004882813
3622.43280218428	1156.5
3624.41442107188	1159.30004882813
3626.39550634484	1158.19995117188
3628.37605823819	1159.40002441406
3630.35607698685	1155
3632.33556282556	1153.90002441406
3634.31451598894	1156.30004882813
3636.29293671143	1156.5
3638.27082522735	1158.5
3640.24818177084	1160.09997558594
3642.22500657592	1159.19995117188
3644.20129987644	1156.59997558594
3646.17706190608	1160.80004882813
3648.15229289843	1157.69995117188
3650.12699308687	1156.09997558594
3652.10116270465	1160.69995117188
3654.07480198488	1157.59997558594
3656.04791116049	1157.69995117188
3658.02049046431	1156.40002441406
3659.99254012895	1158.90002441406
3661.96406038692	1156.19995117188
3663.93505147056	1155.90002441406
3665.90551361207	1157.5
3667.87544704349	1156
3669.84485199668	1159.30004882813
3671.81372870341	1157.30004882813
3673.78207739523	1154.30004882813
3675.7498983036	1157.59997558594
3677.71719165977	1158.19995117188
3679.68395769488	1157
3681.65019663991	1157.90002441406
3683.61590872567	1158.09997558594
3685.58109418282	1157.80004882813
3687.54575324187	1157.59997558594
3689.5098861332	1155.09997558594
3691.473493087	1154.30004882813
3693.43657433333	1158.40002441406
3695.39913010208	1158.30004882813
3697.36116062301	1156.90002441406
3699.32266612569	1155.90002441406
3701.28364683959	1157.09997558594
3703.24410299397	1153.69995117188
3705.20403481795	1158.19995117188
3707.16344254053	1154.80004882813
3709.12232639052	1153.59997558594
3711.08068659659	1156.80004882813
3713.03852338724	1156.19995117188
3714.99583699084	1156.19995117188
3716.95262763558	1155.30004882813
3718.90889554951	1155.5
3720.86464096053	1156.30004882813
3722.81986409636	1158.19995117188
3724.7745651846	1155.59997558594
3726.72874445265	1156.09997558594
3728.6824021278	1156
3730.63553843715	1155.59997558594
3732.58815360767	1156.40002441406
3734.54024786615	1154.19995117188
3736.49182143924	1155
3738.44287455343	1157.90002441406
3740.39340743505	1154.69995117188
3742.34342031027	1155.59997558594
3744.29291340513	1157.19995117188
3746.24188694546	1155.90002441406
3748.190341157	1157
3750.13827626527	1153.59997558594
3752.08569249567	1153.69995117188
3754.03259007345	1154.40002441406
3755.97896922367	1155.30004882813
3757.92483017124	1157.69995117188
3759.87017314094	1155.69995117188
3761.81499835737	1153.90002441406
3763.75930604498	1154.19995117188
3765.70309642803	1155.19995117188
3767.64636973068	1156.19995117188
3769.58912617689	1157.5
3771.53136599047	1153.40002441406
3773.47308939509	1155.5
3775.41429661421	1153.80004882813
