-174.488245116115	1148.90002441406
-171.353866679816	1146.40002441406
-168.22051297009	1149.09997558594
-165.088183560586	1148.59997558594
-161.956878025242	1148.09997558594
-158.826595938226	1148.59997558594
-155.697336873968	1149.59997558594
-152.569100407157	1148.59997558594
-149.441886112741	1147
-146.315693565896	1148.40002441406
-143.190522342091	1145.19995117188
-140.066372017002	1147.5
-136.943242166608	1147
-133.82113236709	1147.40002441406
-130.7000421949	1147.59997558594
-127.579971226752	1147.30004882813
-124.46091903959	1149.80004882813
-121.342885210617	1149.40002441406
-118.225869317289	1147
-115.109870937295	1148.40002441406
-111.994889648578	1146.69995117188
-108.880925029339	1148.09997558594
-105.767976658009	1147.5
-102.656044113272	1146.30004882813
-99.5451269740494	1147
-96.4352248195329	1148.69995117188
-93.3263372291173	1149.5
-90.2184637824824	1148.30004882813
-87.1116040595153	1147.40002441406
-84.0057576403752	1146.80004882813
-80.9009241054446	1147.19995117188
-77.7971030353455	1148.5
-74.6942940109553	1149.19995117188
-71.5924966133822	1146.30004882813
-68.4917104239774	1147.59997558594
-65.3919350243307	1146.5
-62.2931699962624	1149.80004882813
-59.1954149218515	1149.09997558594
-56.0986693833866	1146.09997558594
-53.0029329634189	1148.90002441406
-49.908205244721	1147.5
-46.8144858103075	1148.5
-43.7217742434262	1146.90002441406
-40.6300701275667	1148.69995117188
-37.5393730464434	1148.30004882813
-34.4496825840078	1148.30004882813
-31.3609983244403	1146.09997558594
-28.273319852166	1148.90002441406
-25.1866467518426	1148.09997558594
-22.10097860834	1148.5
-19.0163150067886	1148.69995117188
-15.9326555325185	1147.69995117188
-12.8499997711119	1147.69995117188
-9.76834730837485	1149.69995117188
-6.68769773034879	1146.80004882813
-3.60805062329064	1150.59997558594
-0.529405573692618	1152.30004882813
2.54823783170989	1156.80004882813
5.62488000599066	1156.59997558594
8.70052136196052	1151.30004882813
11.7751623122237	1147.5
14.8488032691459	1146.90002441406
17.9214446448865	1150.19995117188
20.9930868513505	1147.30004882813
24.0637303002531	1150
27.1333754030514	1148.5
30.2020225710047	1147.59997558594
33.2696722151428	1148.19995117188
36.3363247462699	1148.80004882813
39.401980574957	1148.19995117188
42.4666401115817	1148.90002441406
45.5303037662728	1148.30004882813
48.5929719489461	1149
51.6546450693084	1148.69995117188
54.7153235368463	1149.09997558594
57.7750077608055	1146.30004882813
60.8336981502356	1147.09997558594
63.891395113966	1147
66.9480990605899	1148.40002441406
70.0038103985047	1148.5
73.0585295358718	1149.80004882813
76.112256880665	1156.09997558594
79.1649928406108	1170
82.21673782324	1212.80004882813
85.2674922358484	1276.69995117188
88.3172564855524	1328
91.3660309792176	1351.19995117188
94.4138161235146	1352.59997558594
97.4606123248875	1343.80004882813
100.506419989605	1352.09997558594
103.551239523679	1354.30004882813
106.595071332926	1339
109.637915822959	1352.69995117188
112.679773399166	1339.5
115.720644466743	1343.30004882813
118.760529430661	1339.30004882813
121.799428695683	1332
124.83734266637	1317.5
127.874271747074	1318.5
130.910216341928	1320.59997558594
133.945176854874	1318.19995117188
136.979153689627	1305.19995117188
140.012147249714	1321.59997558594
143.044157938449	1316.19995117188
146.075186158938	1304.5
149.105232314081	1313.30004882813
152.134296806573	1301.80004882813
155.162380038908	1305.59997558594
158.189482413382	1298.5
161.215604332062	1289.59997558594
164.240746196836	1283.30004882813
167.264908409388	1296.40002441406
170.288091371194	1290.59997558594
173.310295483525	1292.80004882813
176.331521147454	1285.69995117188
179.351768763859	1279.69995117188
182.3710387334	1296.80004882813
185.389331456545	1279.69995117188
188.40664733357	1286.69995117188
191.422986764561	1286.5
194.438350149375	1279.90002441406
197.452737887679	1283.5
200.466150378974	1288.5
203.478588022515	1283.09997558594
206.490051217389	1280.59997558594
209.500540362482	1277.90002441406
212.510055856486	1289.90002441406
215.51859809788	1287.90002441406
218.526167484984	1287.80004882813
221.532764415869	1303.09997558594
224.538389288469	1300.59997558594
227.543042500475	1308
230.546724449419	1316.19995117188
233.549435532609	1310.59997558594
236.551176147184	1322.90002441406
239.551946690085	1323.30004882813
242.551747558066	1311.09997558594
245.55057914767	1317.19995117188
248.548441855258	1319
251.545336077006	1326.30004882813
254.541262208898	1326.59997558594
257.536220646712	1328.90002441406
260.53021178606	1334.69995117188
263.523236022356	1329.80004882813
266.515293750805	1331.90002441406
269.506385366465	1336.09997558594
272.496511264158	1337
275.485671838549	1337.59997558594
278.473867484101	1340.19995117188
281.461098595114	1352.5
284.44736556567	1356.09997558594
287.432668789673	1351.80004882813
290.417008660864	1362.90002441406
293.400385572757	1369.59997558594
296.382799918725	1377.30004882813
299.364252091929	1393
302.344742485338	1412.09997558594
305.324271491768	1416.80004882813
308.302839503825	1389.19995117188
311.280446913945	1380.40002441406
314.257094114377	1361.40002441406
317.23278149719	1351.80004882813
320.207509454258	1346.40002441406
323.181278377283	1343.30004882813
326.154088657796	1329.69995117188
329.125940687134	1327.40002441406
332.096834856454	1316.5
335.066771556737	1322.40002441406
338.035751178774	1324.19995117188
341.003774113189	1313
343.97084075043	1310.19995117188
346.936951480745	1307.80004882813
349.902106694219	1304.09997558594
352.866306780769	1309
355.82955213011	1288.09997558594
358.791843131792	1297.90002441406
361.753180175185	1297.30004882813
364.713563649499	1296.09997558594
367.672993943731	1294.5
370.631471446741	1293.30004882813
373.588996547206	1285.90002441406
376.545569633593	1287
379.501191094236	1281.69995117188
382.45586131727	1277.90002441406
385.409580690674	1278.19995117188
388.362349602236	1272.80004882813
391.314168439577	1273.19995117188
394.265037590153	1281.90002441406
397.214957441235	1270.09997558594
400.16392837993	1272.5
403.111950793165	1276.5
406.059025067691	1271.69995117188
409.005151590118	1270.69995117188
411.950330746855	1270.30004882813
414.894562924143	1266
417.837848508063	1261.69995117188
420.780187884513	1270.59997558594
423.721581439244	1271.40002441406
426.662029557819	1277.5
429.601532625628	1279.19995117188
432.540091027909	1274.59997558594
435.477705149715	1272.59997558594
438.414375375956	1272
441.350102091341	1264.5
444.284885680439	1254.40002441406
447.218726527646	1258.80004882813
450.151625017169	1254.40002441406
453.083581533085	1248.59997558594
456.014596459275	1234
458.94467017946	1231.90002441406
461.87380307723	1230.30004882813
464.801995535963	1233.19995117188
467.72924793888	1239.80004882813
470.655560669072	1249
473.580934109433	1246.30004882813
476.505368642699	1252.09997558594
479.42886465145	1259.80004882813
482.351422518103	1270
485.273042624905	1273.69995117188
488.193725353949	1284.90002441406
491.113471087159	1296.19995117188
494.032280206301	1311.69995117188
496.950153092974	1330.5
499.867090128629	1371.19995117188
502.783091694533	1425.19995117188
505.698158171827	1538.59997558594
508.612289941456	1746.90002441406
511.525487384225	2326.60009765625
514.43775088078	4154.89990234375
517.3490808116	8310.900390625
520.259477557008	10769.599609375
523.168941497168	7741.2998046875
526.077473012083	4459.5
528.98507248161	2829.19995117188
531.891740285434	2113.89990234375
534.797476803086	1763.5
537.702282413949	1589.19995117188
540.606157497241	1493.30004882813
543.509102432012	1406.09997558594
546.411117597179	1373.5
549.312203371496	1339.59997558594
552.212360133551	1313.69995117188
555.111588261787	1292.69995117188
558.009888134493	1281.90002441406
560.907260129786	1270.5
563.803704625648	1264.59997558594
566.699221999907	1257
569.593812630219	1248.19995117188
572.487476894111	1244.59997558594
575.380215168932	1240.80004882813
578.272027831898	1237.80004882813
581.162915260056	1238.40002441406
584.052877830319	1228.5
586.941915919431	1242.09997558594
589.830029903984	1227.69995117188
592.717220160442	1235.80004882813
595.603487065095	1228.69995117188
598.488830994078	1233.90002441406
601.373252323396	1237.59997558594
604.256751428889	1235.59997558594
607.139328686265	1237.30004882813
610.020984471038	1240.40002441406
612.90171915863	1245.80004882813
615.781533124278	1253.30004882813
618.660426743072	1241.90002441406
621.538400389971	1251
624.415454439761	1247.69995117188
627.291589267105	1241.69995117188
630.166805246513	1240.59997558594
633.041102752313	1237
635.914482158742	1230.09997558594
638.786943839845	1242.59997558594
641.658488169547	1235.09997558594
644.529115521603	1233.90002441406
647.398826269641	1234.30004882813
650.267620787151	1234.40002441406
653.135499447438	1238.80004882813
656.002462623708	1236.80004882813
658.868510688984	1237.09997558594
661.733644016172	1232.30004882813
664.59786297802	1240.19995117188
667.461167947139	1239.80004882813
670.32355929598	1237.5
673.185037396862	1239.09997558594
676.045602621965	1237.5
678.905255343306	1233.59997558594
681.763995932795	1228.09997558594
684.621824762164	1230.59997558594
687.47874220302	1221.59997558594
690.334748626818	1228.30004882813
693.189844404876	1220.5
696.044029908375	1211.40002441406
698.897305508341	1214.80004882813
701.749671575677	1209.69995117188
704.601128481138	1208.90002441406
707.451676595324	1215
710.301316288718	1208.30004882813
713.150047931639	1211.09997558594
715.997871894292	1209.30004882813
718.844788546713	1206.90002441406
721.690798258824	1212.19995117188
724.535901400393	1207.5
727.380098341057	1205.5
730.223389450309	1209.80004882813
733.065775097502	1203.80004882813
735.907255651861	1203.80004882813
738.747831482461	1213
741.587502958238	1206.90002441406
744.426270448005	1207.19995117188
747.264134320431	1208.69995117188
750.101094944034	1208.30004882813
752.937152687221	1211.5
755.772307918238	1209.09997558594
758.606561005211	1213.59997558594
761.439912316121	1207.80004882813
764.272362218816	1215
767.103911081018	1210.59997558594
769.934559270291	1213.5
772.764307154079	1214.30004882813
775.593155099695	1209.09997558594
778.42110347431	1218.59997558594
781.248152644956	1208.30004882813
784.074302978539	1214.80004882813
786.899554841832	1216.30004882813
789.723908601474	1224.09997558594
792.547364623949	1222.59997558594
795.369923275648	1226.30004882813
798.191584922798	1218.80004882813
801.012349931499	1220.40002441406
803.832218667714	1227.59997558594
806.651191497303	1227.80004882813
809.469268785944	1226.40002441406
812.286450899232	1238
815.1027382026	1229.80004882813
817.918131061357	1226.5
820.73262984068	1236.19995117188
823.546234905624	1233.30004882813
826.358946621095	1225.40002441406
829.170765351889	1229.30004882813
831.981691462663	1238.69995117188
834.791725317936	1233.59997558594
837.600867282103	1225.90002441406
840.409117719429	1221
843.216476994053	1224.40002441406
846.022945469989	1223.40002441406
848.828523511098	1226.09997558594
851.633211481134	1228.09997558594
854.437009743721	1223.80004882813
857.239918662353	1220
860.041938600383	1221.5
862.843069921057	1225.40002441406
865.643312987472	1222.30004882813
868.442668162604	1227.59997558594
871.241135809316	1231.80004882813
874.038716290324	1231
876.835409968233	1232
879.63121720551	1225.19995117188
882.426138364494	1227.80004882813
885.22017380741	1231.09997558594
888.013323896339	1230.80004882813
890.805588993253	1227.19995117188
893.596969459993	1231.5
896.387465658265	1233.80004882813
899.177077949666	1233
901.965806695649	1231.90002441406
904.75365225756	1228.09997558594
907.540614996601	1237.80004882813
910.326695273873	1236.5
913.111893450328	1236.40002441406
915.896209886813	1237.09997558594
918.679644944044	1240
921.462198982604	1246.69995117188
924.243872362968	1264.09997558594
927.02466544548	1289.30004882813
929.804578590358	1333
932.583612157696	1383.19995117188
935.361766507473	1430.40002441406
938.13904199954	1481.30004882813
940.915438993633	1516.69995117188
943.690957849354	1528.80004882813
946.465598926189	1515.90002441406
949.239362583496	1513.90002441406
952.012249180518	1527.59997558594
954.784259076376	1521.80004882813
957.555392630071	1521.90002441406
960.325650200475	1525.5
963.09503214635	1516.80004882813
965.863538826323	1531
968.631170598912	1541.59997558594
971.397927822515	1547.09997558594
974.163810855393	1549.09997558594
976.928820055712	1544.30004882813
979.692955781498	1543.80004882813
982.456218390671	1510.5
985.218608241021	1501.40002441406
987.980125690221	1465.80004882813
990.740771095826	1412.80004882813
993.500544815275	1373.80004882813
996.259447205875	1331.09997558594
999.017478624842	1316.5
1001.77463942924	1311.90002441406
1004.53092997605	1292.40002441406
1007.28635062209	1279.59997558594
1010.0409017241	1269.80004882813
1012.79458363868	1265.90002441406
1015.54739672233	1257.90002441406
1018.29934133142	1252.5
1021.05041782219	1242.30004882813
1023.8006265508	1233.40002441406
1026.54996787325	1229.5
1029.29844214545	1215.59997558594
1032.0460497232	1218.5
1034.79279096215	1207.30004882813
1037.53866621786	1204.90002441406
1040.28367584578	1200.69995117188
1043.02782020123	1192.40002441406
1045.7710996394	1192
1048.51351451539	1188.09997558594
1051.25506518417	1193
1053.99575200061	1192.59997558594
1056.73557531945	1192.59997558594
1059.4745354953	1192
1062.2126328827	1193.40002441406
1064.94986783605	1188.30004882813
1067.68624070961	1188
1070.42175185757	1195.90002441406
1073.15640163398	1188.90002441406
1075.89019039278	1192.5
1078.6231184878	1186.40002441406
1081.35518627276	1185.59997558594
1084.08639410125	1190.19995117188
1086.81674232676	1193.30004882813
1089.54623130267	1193
1092.27486138224	1188.69995117188
1095.00263291861	1191.90002441406
1097.72954626482	1191.90002441406
1100.45560177378	1189.5
1103.18079979831	1185.69995117188
1105.90514069112	1190.69995117188
1108.62862480477	1188.40002441406
1111.35125249175	1191
1114.07302410441	1191.69995117188
1116.793939995	1193.09997558594
1119.51400051566	1188.69995117188
1122.23320601841	1185.5
1124.95155685517	1184.30004882813
1127.66905337774	1187.69995117188
1130.38569593782	1186.40002441406
1133.10148488697	1191.90002441406
1135.81642057667	1184.30004882813
1138.53050335829	1186.30004882813
1141.24373358306	1187.69995117188
1143.95611160214	1188.19995117188
1146.66763776654	1182.69995117188
1149.37831242718	1182.69995117188
1152.08813593487	1185.90002441406
1154.7971086403	1190.19995117188
1157.50523089408	1187.69995117188
1160.21250304667	1186.59997558594
1162.91892544844	1187.30004882813
1165.62449844965	1185.5
1168.32922240045	1189.30004882813
1171.0330976509	1181.90002441406
1173.73612455091	1186.80004882813
1176.43830345031	1186.09997558594
1179.13963469882	1187.30004882813
1181.84011864604	1185.69995117188
1184.53975564147	1186.69995117188
1187.23854603451	1182.30004882813
1189.93649017442	1184.90002441406
1192.63358841039	1184.90002441406
1195.32984109149	1185.19995117188
1198.02524856667	1185.90002441406
1200.71981118478	1184.09997558594
1203.41352929457	1188.69995117188
1206.10640324467	1187.69995117188
1208.79843338361	1186.5
1211.48962005981	1181.69995117188
1214.17996362159	1187.80004882813
1216.86946441716	1182.59997558594
1219.55812279461	1188.30004882813
1222.24593910194	1190
1224.93291368704	1187.80004882813
1227.61904689769	1186.59997558594
1230.30433908157	1185.90002441406
1232.98879058625	1187
1235.67240175918	1188.90002441406
1238.35517294773	1184.80004882813
1241.03710449915	1189.90002441406
1243.71819676058	1186.40002441406
1246.39845007907	1190.30004882813
1249.07786480155	1181.19995117188
1251.75644127485	1189.80004882813
1254.43417984571	1185
1257.11108086072	1187.40002441406
1259.78714466643	1191.19995117188
1262.46237160921	1187.59997558594
1265.1367620354	1190.40002441406
1267.81031629118	1188.90002441406
1270.48303472266	1189.69995117188
1273.15491767583	1189.90002441406
1275.82596549657	1187.5
1278.49617853067	1186.30004882813
1281.16555712381	1188.30004882813
1283.83410162156	1188.40002441406
1286.50181236939	1188.69995117188
1289.16868971269	1185.30004882813
1291.8347339967	1190.90002441406
1294.49994556659	1188.80004882813
1297.16432476743	1191.80004882813
1299.82787194415	1187.80004882813
1302.49058744163	1189.5
1305.15247160459	1192.09997558594
1307.81352477769	1190.40002441406
1310.47374730548	1188.09997558594
1313.1331395324	1192.59997558594
1315.79170180277	1194.09997558594
1318.44943446083	1192.40002441406
1321.10633785073	1193.30004882813
1323.76241231648	1193.90002441406
1326.41765820202	1193
1329.07207585117	1200.09997558594
1331.72566560766	1203.59997558594
1334.3784278151	1211
1337.03036281703	1212.5
1339.68147095686	1218.40002441406
1342.33175257789	1221
1344.98120802335	1216.19995117188
1347.62983763636	1208.69995117188
1350.27764175994	1211.19995117188
1352.92462073697	1206.09997558594
1355.57077491028	1202.59997558594
1358.21610462259	1201.30004882813
1360.86061021649	1202
1363.50429203449	1195.5
1366.14715041901	1199.40002441406
1368.78918571234	1189.5
1371.4303982567	1196.59997558594
1374.07078839419	1195.59997558594
1376.71035646681	1188.5
1379.34910281647	1193.5
1381.98702778498	1197.09997558594
1384.62413171402	1193.19995117188
1387.26041494523	1195.40002441406
1389.89587782008	1192.59997558594
1392.53052068001	1193.5
1395.16434386629	1189.80004882813
1397.79734772015	1187.30004882813
1400.42953258269	1193.09997558594
1403.0608987949	1194.30004882813
1405.69144669771	1187.30004882813
1408.32117663193	1194.40002441406
1410.95008893825	1190.5
1413.57818395728	1191.09997558594
1416.20546202954	1195.19995117188
1418.83192349543	1189
1421.45756869528	1192.80004882813
1424.08239796929	1189.80004882813
1426.70641165757	1190.69995117188
1429.32961010016	1185.40002441406
1431.95199363695	1189.30004882813
1434.57356260778	1188.80004882813
1437.19431735237	1193.09997558594
1439.81425821033	1195.09997558594
1442.43338552118	1200.59997558594
1445.05169962437	1192.09997558594
1447.66920085921	1196.19995117188
1450.28588956493	1189.09997558594
1452.90176608067	1191.59997558594
1455.51683074547	1190
1458.13108389825	1190.80004882813
1460.74452587786	1189.59997558594
1463.35715702303	1192.19995117188
1465.96897767243	1192.90002441406
1468.57998816457	1189.5
1471.19018883794	1191.30004882813
1473.79958003086	1190.30004882813
1476.4081620816	1186.80004882813
1479.01593532831	1186.40002441406
1481.62290010905	1190.69995117188
1484.22905676179	1185.90002441406
1486.83440562438	1187.30004882813
1489.43894703461	1191.40002441406
1492.04268133016	1189.40002441406
1494.64560884857	1184.19995117188
1497.24772992735	1192.59997558594
1499.84904490388	1192.5
1502.44955411543	1195.09997558594
1505.0492578992	1197
1507.64815659229	1189.30004882813
1510.24625053168	1193.59997558594
1512.84354005429	1192.19995117188
1515.44002549691	1193.19995117188
1518.03570719625	1191.90002441406
1520.63058548894	1193.30004882813
1523.22466071147	1199.90002441406
1525.81793320028	1194.69995117188
1528.41040329169	1202.90002441406
1531.00207132192	1192.80004882813
1533.59293762712	1195.69995117188
1536.18300254332	1199
1538.77226640645	1203.30004882813
1541.36072955237	1203
1543.94839231684	1206.30004882813
1546.53525503548	1213
1549.12131804389	1204.90002441406
1551.70658167752	1210.19995117188
1554.29104627173	1213.09997558594
1556.87471216181	1221.09997558594
1559.45757968292	1222.09997558594
1562.03964917017	1226.90002441406
1564.62092095853	1245.69995117188
1567.2013953829	1260.90002441406
1569.78107277808	1280.80004882813
1572.35995347877	1322.40002441406
1574.93803781959	1358.5
1577.51532613504	1429.40002441406
1580.09181875956	1511.40002441406
1582.66751602746	1622.59997558594
1585.24241827297	1677.30004882813
1587.81652583024	1688.59997558594
1590.3898390333	1606.40002441406
1592.96235821611	1507.90002441406
1595.53408371251	1408.69995117188
1598.10501585628	1343.30004882813
1600.67515498106	1300.90002441406
1603.24450142043	1267.69995117188
1605.81305550788	1250.59997558594
1608.38081757677	1230.09997558594
1610.9477879604	1223
1613.51396699198	1219.59997558594
1616.07935500458	1217.90002441406
1618.64395233122	1210.59997558594
1621.20775930483	1214.09997558594
1623.7707762582	1208.09997558594
1626.33300352408	1204.40002441406
1628.89444143508	1200.19995117188
1631.45509032376	1197.80004882813
1634.01495052255	1196.80004882813
1636.5740223638	1192
1639.13230617978	1193.30004882813
1641.68980230264	1191.90002441406
1644.24651106446	1192.30004882813
1646.80243279721	1195.5
1649.35756783278	1184.69995117188
1651.91191650296	1187.19995117188
1654.46547913944	1188.69995117188
1657.01825607383	1186.80004882813
1659.57024763764	1183.69995117188
1662.12145416229	1184.30004882813
1664.6718759791	1188.69995117188
1667.2215134193	1183.09997558594
1669.77036681404	1179.90002441406
1672.31843649435	1186.30004882813
1674.8657227912	1182
1677.41222603543	1184.59997558594
1679.95794655782	1182.19995117188
1682.50288468904	1180.09997558594
1685.04704075968	1186.19995117188
1687.59041510022	1182.80004882813
1690.13300804106	1180
1692.67481991249	1181.59997558594
1695.21585104474	1181.69995117188
1697.75610176791	1182.5
1700.29557241205	1183.90002441406
1702.83426330707	1181.30004882813
1705.37217478282	1177.80004882813
1707.90930716905	1182.09997558594
1710.44566079541	1176.09997558594
1712.98123599146	1178
1715.51603308669	1183.69995117188
1718.05005241045	1184.09997558594
1720.58329429205	1180.69995117188
1723.11575906067	1176.40002441406
1725.64744704542	1180.59997558594
1728.17835857532	1178.30004882813
1730.70849397927	1182
1733.2378535861	1179.19995117188
1735.76643772453	1179.19995117188
1738.29424672323	1177
1740.82128091074	1180.19995117188
1743.3475406155	1178.5
1745.87302616589	1179.09997558594
1748.39773789019	1178
1750.92167611656	1179.59997558594
1753.44484117311	1173.19995117188
1755.96723338783	1181.30004882813
1758.48885308862	1181.69995117188
1761.00970060331	1178.80004882813
1763.52977625961	1177.19995117188
1766.04908038514	1179.69995117188
1768.56761330746	1180.90002441406
1771.08537535401	1181.40002441406
1773.60236685214	1180.80004882813
1776.11858812912	1179.59997558594
1778.63403951211	1182.09997558594
1781.14872132821	1182.80004882813
1783.6626339044	1176.5
1786.17577756757	1180.09997558594
1788.68815264454	1182.19995117188
1791.199759462	1183.09997558594
1793.7105983466	1177.90002441406
1796.22066962486	1179.19995117188
1798.72997362322	1181.19995117188
1801.23851066803	1180.80004882813
1803.74628108554	1181.90002441406
1806.25328520193	1178.69995117188
1808.75952334326	1176.19995117188
1811.2649958355	1181.80004882813
1813.76970300458	1178.30004882813
1816.27364517628	1177.59997558594
1818.77682267629	1177.90002441406
1821.27923583026	1180.19995117188
1823.78088496369	1176
1826.28177040204	1180.09997558594
1828.78189247064	1177.40002441406
1831.28125149473	1178.5
1833.77984779949	1182.09997558594
1836.27768170998	1178.69995117188
1838.77475355119	1179.90002441406
1841.271063648	1178.5
1843.76661232521	1181.19995117188
1846.26139990751	1182.80004882813
1848.75542671954	1175.40002441406
1851.2486930858	1182
1853.74119933074	1182.09997558594
1856.23294577869	1185.90002441406
1858.72393275391	1181.30004882813
1861.21416058054	1185.59997558594
1863.70362958267	1181.30004882813
1866.19234008426	1178.80004882813
1868.6802924092	1181.40002441406
1871.16748688129	1178.80004882813
1873.65392382424	1184.30004882813
1876.13960356164	1184.80004882813
1878.62452641704	1183
1881.10869271384	1183.19995117188
1883.59210277541	1185.90002441406
1886.07475692498	1181.80004882813
1888.55665548571	1183.90002441406
1891.03779878067	1179.40002441406
1893.51818713284	1174.80004882813
1895.99782086509	1183
1898.47670030024	1179
1900.95482576096	1176.80004882813
1903.43219756989	1179
1905.90881604954	1177.90002441406
1908.38468152235	1181.09997558594
1910.85979431064	1175.80004882813
1913.33415473668	1181
1915.80776312261	1175.80004882813
1918.28061979051	1179.5
1920.75272506234	1176.90002441406
1923.22407926001	1177.69995117188
1925.69468270529	1180.09997558594
1928.16453571989	1180.30004882813
1930.63363862544	1175.59997558594
1933.10199174344	1182.09997558594
1935.56959539533	1180
1938.03644990244	1175.80004882813
1940.50255558603	1177.09997558594
1942.96791276726	1181.90002441406
1945.43252176718	1178.59997558594
1947.8963829068	1177
1950.35949650697	1183
1952.8218628885	1178.5
1955.2834823721	1176.09997558594
1957.74435527836	1184.5
1960.20448192784	1181.19995117188
1962.66386264093	1178.5
1965.12249773799	1181.5
1967.58038753927	1182.59997558594
1970.03753236493	1177.90002441406
1972.49393253504	1180.80004882813
1974.94958836957	1180.40002441406
1977.4045001884	1180.90002441406
1979.85866831133	1177.80004882813
1982.31209305807	1184.30004882813
1984.76477474823	1178.5
1987.21671370133	1183.90002441406
1989.6679102368	1181.40002441406
1992.11836467399	1181.30004882813
1994.56807733213	1181.69995117188
1997.0170485304	1181.90002441406
1999.46527858786	1183.09997558594
2001.91276782348	1183.80004882813
2004.35951655615	1181.90002441406
2006.80552510467	1184.69995117188
2009.25079378774	1177.80004882813
2011.69532292397	1179.80004882813
2014.13911283188	1180.19995117188
2016.58216382991	1178.5
2019.02447623639	1184.19995117188
2021.46605036956	1177.5
2023.90688654761	1174.80004882813
2026.34698508858	1185.5
2028.78634631045	1180.69995117188
2031.22497053111	1178.69995117188
2033.66285806835	1180.19995117188
2036.10000923987	1181.80004882813
2038.53642436328	1182.09997558594
2040.97210375611	1182.40002441406
2043.40704773578	1175.5
2045.84125661964	1181.30004882813
2048.27473072492	1179.59997558594
2050.70747036878	1179.30004882813
2053.13947586829	1178.09997558594
2055.57074754041	1180.59997558594
2058.00128570205	1178.5
2060.43109066998	1180.40002441406
2062.8601627609	1178.30004882813
2065.28850229143	1179.69995117188
2067.71610957807	1180
2070.14298493726	1181.09997558594
2072.56912868532	1179.30004882813
2074.99454113851	1177.09997558594
2077.41922261297	1174.30004882813
2079.84317342476	1172.19995117188
2082.26639388986	1178.5
2084.68888432414	1179.09997558594
2087.1106450434	1178
2089.53167636331	1173.80004882813
2091.95197859949	1175.80004882813
2094.37155206745	1176.19995117188
2096.79039708261	1175.90002441406
2099.20851396029	1179.80004882813
2101.62590301575	1176.09997558594
2104.04256456411	1176.59997558594
2106.45849892045	1180
2108.87370639971	1178.90002441406
2111.28818731677	1180.5
2113.70194198641	1178
2116.11497072333	1180.40002441406
2118.52727384211	1175.19995117188
2120.93885165726	1175.19995117188
2123.34970448321	1178.69995117188
2125.75983263425	1176.30004882813
2128.16923642463	1177.30004882813
2130.57791616848	1181.5
2132.98587217985	1174.90002441406
2135.3931047727	1180.80004882813
2137.79961426089	1174.80004882813
2140.20540095818	1179.59997558594
2142.61046517826	1174.5
2145.01480723472	1181
2147.41842744104	1178.80004882813
2149.82132611063	1174.59997558594
2152.22350355681	1182.40002441406
2154.62496009279	1179.69995117188
2157.0256960317	1177
2159.42571168658	1178
2161.82500737036	1177.90002441406
2164.22358339589	1177.19995117188
2166.62144007595	1179.5
2169.01857772318	1178.09997558594
2171.41499665018	1179.30004882813
2173.81069716942	1177.30004882813
2176.20567959329	1177.40002441406
2178.59994423409	1180
2180.99349140402	1180.40002441406
2183.38632141519	1175.59997558594
2185.77843457964	1177.19995117188
2188.16983120927	1184.19995117188
2190.56051161594	1178.69995117188
2192.95047611139	1180.30004882813
2195.33972500725	1176.40002441406
2197.72825861511	1181.30004882813
2200.11607724641	1182.19995117188
2202.50318121254	1181
2204.88957082477	1179.19995117188
2207.27524639429	1178.5
2209.6602082322	1179.09997558594
2212.0444566495	1173.69995117188
2214.4279919571	1177.90002441406
2216.81081446582	1175.90002441406
2219.19292448638	1181.40002441406
2221.57432232942	1180.69995117188
2223.95500830547	1181.59997558594
2226.33498272498	1182.30004882813
2228.7142458983	1176.69995117188
2231.09279813569	1177.59997558594
2233.47063974732	1177.09997558594
2235.84777104327	1183
2238.2241923335	1179.09997558594
2240.59990392792	1179.59997558594
2242.97490613632	1180.19995117188
2245.34919926839	1181.19995117188
2247.72278363376	1181
2250.09565954192	1176.09997558594
2252.46782730231	1181.59997558594
2254.83928722425	1179.09997558594
2257.21003961698	1175.19995117188
2259.58008478963	1174.90002441406
2261.94942305127	1178.30004882813
2264.31805471084	1176.59997558594
2266.68598007721	1177
2269.05319945914	1179.40002441406
2271.4197131653	1180
2273.78552150427	1178.80004882813
2276.15062478456	1178.19995117188
2278.51502331454	1174.90002441406
2280.87871740252	1174.30004882813
2283.24170735671	1180.19995117188
2285.60399348521	1177.40002441406
2287.96557609605	1177.09997558594
2290.32645549714	1179.30004882813
2292.68663199633	1178.40002441406
2295.04610590133	1182.40002441406
2297.40487751981	1181.59997558594
2299.76294715931	1175.80004882813
2302.12031512727	1182.69995117188
2304.47698173107	1177.80004882813
2306.83294727796	1178.5
2309.18821207512	1174.5
2311.54277642963	1180.5
2313.89664064847	1178.30004882813
2316.24980503852	1179.40002441406
2318.6022699066	1174.80004882813
2320.95403555938	1179.80004882813
2323.30510230349	1177.19995117188
2325.65547044542	1180.69995117188
2328.0051402916	1178.80004882813
2330.35411214835	1179.90002441406
2332.7023863219	1178.90002441406
2335.04996311837	1175.90002441406
2337.39684284382	1180.59997558594
2339.74302580418	1178
2342.08851230529	1182.69995117188
2344.43330265291	1185.69995117188
2346.7773971527	1178.90002441406
2349.12079611023	1181.90002441406
2351.46349983096	1180.09997558594
2353.80550862026	1178.80004882813
2356.14682278342	1174.90002441406
2358.48744262562	1180.69995117188
2360.82736845194	1180.69995117188
2363.16660056738	1182.69995117188
2365.50513927683	1182.40002441406
2367.8429848851	1180
2370.1801376969	1178.19995117188
2372.51659801683	1178.30004882813
2374.85236614941	1182.40002441406
2377.18744239906	1180.30004882813
2379.52182707011	1178.69995117188
2381.85552046679	1179
2384.18852289322	1180.80004882813
2386.52083465345	1180.40002441406
2388.85245605142	1182.19995117188
2391.18338739097	1181.09997558594
2393.51362897585	1181.69995117188
2395.84318110973	1181.40002441406
2398.17204409615	1185
2400.50021823858	1183
2402.82770384038	1179.59997558594
2405.15450120483	1180
2407.48061063509	1181.40002441406
2409.80603243426	1187.59997558594
2412.13076690529	1181.69995117188
2414.4548143511	1184.59997558594
2416.77817507445	1186.5
2419.10084937804	1183.5
2421.42283756447	1181.59997558594
2423.74413993625	1185.80004882813
2426.06475679575	1186
2428.38468844531	1190.5
2430.70393518711	1189.59997558594
2433.02249732329	1189.09997558594
2435.34037515584	1195.30004882813
2437.65756898669	1198.69995117188
2439.97407911767	1199.40002441406
2442.28990585049	1202.5
2444.60504948679	1213.09997558594
2446.91951032808	1208.90002441406
2449.23328867581	1213.69995117188
2451.54638483132	1226.90002441406
2453.85879909585	1224.40002441406
2456.17053177052	1227.80004882813
2458.48158315639	1222.59997558594
2460.79195355441	1219.40002441406
2463.10164326542	1216.59997558594
2465.41065259017	1208.5
2467.71898182932	1208.80004882813
2470.02663128344	1210.40002441406
2472.33360125296	1204.90002441406
2474.63989203825	1204.80004882813
2476.94550393958	1199.09997558594
2479.25043725712	1202.5
2481.55469229093	1200.69995117188
2483.85826934098	1204.69995117188
2486.16116870713	1195.69995117188
2488.46339068916	1192.59997558594
2490.76493558676	1192.90002441406
2493.06580369949	1192.5
2495.36599532684	1192.90002441406
2497.66551076817	1196.40002441406
2499.96435032278	1192.30004882813
2502.26251428984	1192.40002441406
2504.56000296845	1193.5
2506.85681665757	1194.59997558594
2509.15295565612	1190.09997558594
2511.44842026287	1193
2513.74321077651	1190
2516.03732749563	1188
2518.33077071873	1186.30004882813
2520.62354074419	1194.40002441406
2522.91563787031	1190.40002441406
2525.20706239528	1188.59997558594
2527.49781461721	1190
2529.78789483408	1189.69995117188
2532.0773033438	1187
2534.36604044416	1189.30004882813
2536.65410643286	1187.69995117188
2538.9415016075	1189.30004882813
2541.22822626558	1185.5
2543.51428070449	1184.5
2545.79966522154	1187.09997558594
2548.08438011393	1182.5
2550.36842567876	1186.80004882813
2552.65180221302	1186.69995117188
2554.93451001363	1183.59997558594
2557.21654937738	1185.69995117188
2559.49792060096	1185.90002441406
2561.77862398098	1184.80004882813
2564.05865981395	1187.90002441406
2566.33802839626	1187.90002441406
2568.61673002421	1186.40002441406
2570.89476499399	1185.5
2573.17213360172	1181.80004882813
2575.44883614338	1187.59997558594
2577.72487291489	1184.40002441406
2580.00024421203	1193.59997558594
2582.27495033048	1185.40002441406
2584.54899156587	1193.19995117188
2586.82236821368	1190.80004882813
2589.0950805693	1190.19995117188
2591.36712892802	1193.69995117188
2593.63851358505	1194.09997558594
2595.90923483547	1195
2598.17929297426	1197.09997558594
2600.44868829631	1197.5
2602.71742109642	1200.30004882813
2604.98549166927	1192.69995117188
2607.25290030944	1200
2609.51964731142	1201.09997558594
2611.78573296958	1201.80004882813
2614.05115757822	1209.19995117188
2616.31592143149	1207.09997558594
2618.58002482349	1209.09997558594
2620.84346804817	1213.59997558594
2623.10625139942	1222.69995117188
2625.36837517101	1217.19995117188
2627.6298396566	1225.80004882813
2629.89064514976	1227.69995117188
2632.15079194395	1240.59997558594
2634.41028033254	1245.80004882813
2636.66911060878	1258.59997558594
2638.92728306582	1264.19995117188
2641.18479799672	1280
2643.44165569444	1307.19995117188
2645.69785645182	1335.90002441406
2647.95340056162	1360
2650.20828831645	1376.80004882813
2652.46252000888	1428.90002441406
2654.71609593134	1479
2656.96901637616	1546.59997558594
2659.22128163557	1622.40002441406
2661.47289200171	1702.59997558594
2663.72384776659	1769.40002441406
2665.97414922213	1861.19995117188
2668.22379666017	1931.09997558594
2670.4727903724	2013.90002441406
2672.72113065044	2071.80004882813
2674.9688177858	2100.69995117188
2677.21585206988	2096.10009765625
2679.46223379399	2098.10009765625
2681.70796324931	2068.10009765625
2683.95304072694	1989.90002441406
2686.19746651787	1927.90002441406
2688.44124091298	1848.09997558594
2690.68436420305	1785.40002441406
2692.92683667876	1677.69995117188
2695.16865863068	1617.09997558594
2697.40983034928	1557.19995117188
2699.65035212492	1488.90002441406
2701.89022424785	1444.19995117188
2704.12944700824	1409.5
2706.36802069612	1376.5
2708.60594560146	1345.30004882813
2710.84322201407	1316
2713.0798502237	1300.09997558594
2715.31583051998	1281.5
2717.55116319244	1276.80004882813
2719.78584853048	1262.30004882813
2722.01988682344	1253.30004882813
2724.2532783605	1246.69995117188
2726.48602343079	1232.40002441406
2728.71812232329	1230.19995117188
2730.9495753269	1222
2733.1803827304	1220.59997558594
2735.4105448225	1212.80004882813
2737.64006189173	1212.59997558594
2739.86893422659	1212.30004882813
2742.09716211544	1205.80004882813
2744.32474584653	1210.19995117188
2746.55168570802	1200.19995117188
2748.77798198795	1193
2751.00363497426	1196.59997558594
2753.22864495479	1197.59997558594
2755.45301221725	1199.30004882813
2757.67673704928	1190.80004882813
2759.89981973839	1193.90002441406
2762.12226057198	1194.90002441406
2764.34405983734	1188
2766.56521782169	1183.69995117188
2768.7857348121	1186.69995117188
2771.00561109555	1193.90002441406
2773.22484695892	1188.59997558594
2775.44344268897	1187.80004882813
2777.66139857236	1189.90002441406
2779.87871489564	1192.80004882813
2782.09539194526	1184.90002441406
2784.31143000754	1188.30004882813
2786.52682936873	1183.59997558594
2788.74159031494	1181.90002441406
2790.95571313218	1187.5
2793.16919810637	1185.80004882813
2795.38204552329	1182.80004882813
2797.59425566864	1180.69995117188
2799.805828828	1182.69995117188
2802.01676528685	1182.09997558594
2804.22706533056	1181.69995117188
2806.43672924436	1184
2808.64575731343	1183.90002441406
2810.85414982279	1179.09997558594
2813.06190705738	1183.09997558594
2815.26902930203	1178
2817.47551684145	1181.19995117188
2819.68136996024	1182.19995117188
2821.88658894291	1181.19995117188
2824.09117407383	1180.69995117188
2826.29512563729	1178
2828.49844391747	1179
2830.70112919842	1180.19995117188
2832.90318176409	1178.59997558594
2835.10460189833	1182
2837.30538988487	1176.59997558594
2839.50554600732	1176.30004882813
2841.70507054922	1181.69995117188
2843.90396379395	1176.59997558594
2846.10222602482	1180.40002441406
2848.29985752501	1180.30004882813
2850.49685857759	1180.80004882813
2852.69322946553	1178.30004882813
2854.88897047169	1175.5
2857.08408187879	1178.90002441406
2859.27856396949	1178.19995117188
2861.4724170263	1176.40002441406
2863.66564133164	1178.19995117188
2865.85823716781	1177.59997558594
2868.050204817	1178.19995117188
2870.2415445613	1177.09997558594
2872.43225668266	1177.90002441406
2874.62234146295	1179.69995117188
2876.81179918393	1180.30004882813
2879.00063012722	1179.90002441406
2881.18883457435	1174.80004882813
2883.37641280674	1179.30004882813
2885.56336510569	1179.09997558594
2887.7496917524	1177.30004882813
2889.93539302793	1174.5
2892.12046921326	1182.19995117188
2894.30492058926	1178
2896.48874743666	1174.40002441406
2898.67195003609	1176.30004882813
2900.85452866809	1178.90002441406
2903.03648361305	1180.30004882813
2905.21781515128	1175.40002441406
2907.39852356295	1179.69995117188
2909.57860912814	1176.90002441406
2911.75807212682	1184.09997558594
2913.93691283883	1175.59997558594
2916.1151315439	1175.40002441406
2918.29272852166	1179.5
2920.46970405161	1174.69995117188
2922.64605841316	1176.59997558594
2924.82179188558	1181.69995117188
2926.99690474805	1174.59997558594
2929.17139727962	1171.69995117188
2931.34526975924	1177
2933.51852246574	1174
2935.69115567784	1177.5
2937.86316967414	1172.90002441406
2940.03456473313	1172.40002441406
2942.20534113318	1176.80004882813
2944.37549915256	1174.69995117188
2946.54503906942	1175.09997558594
2948.71396116179	1176
2950.8822657076	1174.09997558594
2953.04995298465	1175.69995117188
2955.21702327062	1174.19995117188
2957.38347684312	1176.59997558594
2959.54931397958	1173.40002441406
2961.71453495737	1171.5
2963.87914005372	1173.59997558594
2966.04312954574	1171.30004882813
2968.20650371045	1174.59997558594
2970.36926282472	1175.80004882813
2972.53140716535	1171.69995117188
2974.69293700897	1171.90002441406
2976.85385263216	1172.19995117188
2979.01415431133	1170.40002441406
2981.17384232278	1172.59997558594
2983.33291694274	1171.19995117188
2985.49137844726	1169.69995117188
2987.64922711234	1176.30004882813
2989.8064632138	1173.90002441406
2991.9630870274	1176
2994.11909882875	1170
2996.27449889334	1169.40002441406
2998.42928749659	1174
3000.58346491374	1174.30004882813
3002.73703141997	1172.19995117188
3004.8899872903	1172.19995117188
3007.04233279965	1171.5
3009.19406822284	1171.09997558594
3011.34519383455	1172.19995117188
3013.49570990936	1170.69995117188
3015.64561672172	1170.09997558594
3017.79491454597	1169.5
3019.94360365632	1174.19995117188
3022.09168432689	1172.59997558594
3024.23915683165	1169.19995117188
3026.38602144448	1172.09997558594
3028.53227843913	1170
3030.67792808923	1172.09997558594
3032.82297066831	1172
3034.96740644975	1171.80004882813
3037.11123570684	1169
3039.25445871273	1172.09997558594
3041.39707574049	1174.5
3043.53908706303	1168.5
3045.68049295316	1172.69995117188
3047.82129368358	1169.19995117188
3049.96148952684	1168.19995117188
3052.1010807554	1170.80004882813
3054.24006764161	1169.69995117188
3056.37845045767	1169.5
3058.51622947568	1171.30004882813
3060.65340496763	1171
3062.78997720535	1166.59997558594
3064.92594646061	1169.19995117188
3067.06131300501	1168.59997558594
3069.19607711007	1170.5
3071.33023904715	1169.40002441406
3073.46379908752	1170
3075.59675750233	1172.09997558594
3077.7291145626	1168.09997558594
3079.86087053922	1168.19995117188
3081.99202570299	1169.90002441406
3084.12258032456	1169.5
3086.25253467448	1172.09997558594
3088.38188902317	1176.19995117188
3090.51064364093	1165.09997558594
3092.63879879794	1166.09997558594
3094.76635476428	1167
3096.89331180986	1167.30004882813
3099.01967020452	1171
3101.14543021796	1166.69995117188
3103.27059211975	1169.5
3105.39515617934	1170.09997558594
3107.51912266608	1169
3109.64249184919	1167.19995117188
3111.76526399774	1169.90002441406
3113.88743938072	1170
3116.00901826698	1166.5
3118.13000092523	1167.5
3120.2503876241	1165
3122.37017863206	1170
3124.48937421748	1170.69995117188
3126.6079746486	1168
3128.72598019354	1168.69995117188
3130.84339112029	1168
3132.96020769673	1175.30004882813
3135.07643019061	1168.80004882813
3137.19205886957	1172.59997558594
3139.3070940011	1165.30004882813
3141.42153585259	1168.40002441406
3143.5353846913	1168.30004882813
3145.64864078438	1168
3147.76130439882	1167.59997558594
3149.87337580154	1168.59997558594
3151.98485525929	1170
3154.09574303872	1167.5
3156.20603940634	1168.30004882813
3158.31574462857	1169.5
3160.42485897167	1168.30004882813
3162.53338270181	1169.19995117188
3164.64131608498	1168.69995117188
3166.74865938712	1168.80004882813
3168.85541287398	1164.5
3170.96157681123	1170.59997558594
3173.0671514644	1173.09997558594
3175.17213709889	1170.19995117188
3177.27653397998	1170.80004882813
3179.38034237284	1169.90002441406
3181.48356254248	1168.90002441406
3183.58619475382	1168.59997558594
3185.68823927165	1167.80004882813
3187.78969636061	1168.30004882813
3189.89056628524	1170.80004882813
3191.99084930995	1169.59997558594
3194.09054569901	1174.40002441406
3196.18965571659	1167.69995117188
3198.28817962671	1167.5
3200.38611769327	1170.09997558594
3202.48347018006	1169.69995117188
3204.58023735073	1169.30004882813
3206.67641946881	1165.90002441406
3208.77201679769	1165.59997558594
3210.86702960065	1172.69995117188
3212.96145814084	1166.19995117188
3215.05530268128	1169.5
3217.14856348487	1169.80004882813
3219.24124081437	1168.30004882813
3221.33333493243	1168.80004882813
3223.42484610157	1168
3225.51577458416	1174.30004882813
3227.60612064247	1174.5
3229.69588453864	1175.19995117188
3231.78506653466	1178.80004882813
3233.87366689244	1188.59997558594
3235.9616858737	1191.30004882813
3238.04912374008	1196.30004882813
3240.13598075307	1201.90002441406
3242.22225717405	1203.09997558594
3244.30795326425	1207.69995117188
3246.39306928479	1207.09997558594
3248.47760549664	1200.19995117188
3250.56156216068	1191.80004882813
3252.64493953762	1189.59997558594
3254.72773788807	1188.40002441406
3256.8099574725	1176.90002441406
3258.89159855124	1176.59997558594
3260.97266138451	1174.5
3263.05314623241	1170.40002441406
3265.13305335488	1169.59997558594
3267.21238301175	1168
3269.29113546272	1168.19995117188
3271.36931096736	1166
3273.4469097851	1166.40002441406
3275.52393217526	1164.69995117188
3277.60037839702	1169.30004882813
3279.67624870941	1167
3281.75154337138	1167.69995117188
3283.8262626417	1166
3285.90040677904	1163.90002441406
3287.97397604193	1168.59997558594
3290.04697068876	1167.5
3292.11939097781	1165
3294.19123716721	1168.19995117188
3296.26250951497	1165.59997558594
3298.33320827897	1164.19995117188
3300.40333371696	1165
3302.47288608655	1168.09997558594
3304.54186564524	1164
3306.61027265036	1165.5
3308.67810735915	1169.30004882813
3310.74537002869	1161.40002441406
3312.81206091594	1165.90002441406
3314.87818027774	1164.59997558594
3316.94372837077	1164.80004882813
3319.00870545161	1164.69995117188
3321.07311177668	1161.69995117188
3323.13694760229	1165.09997558594
3325.2002131846	1163.90002441406
3327.26290877964	1167.90002441406
3329.32503464334	1164.40002441406
3331.38659103145	1169.59997558594
3333.4475781996	1166
3335.50799640332	1161.19995117188
3337.56784589797	1164.80004882813
3339.62712693879	1162.90002441406
3341.68583978089	1164.5
3343.74398467924	1161.90002441406
3345.80156188869	1161.5
3347.85857166394	1162.5
3349.91501425956	1161.90002441406
3351.97088992999	1162.09997558594
3354.02619892956	1163.69995117188
3356.0809415124	1165.90002441406
3358.13511793259	1162.09997558594
3360.18872844401	1162.59997558594
3362.24177330044	1163.80004882813
3364.29425275552	1160.90002441406
3366.34616706274	1169.19995117188
3368.39751647548	1162.5
3370.44830124696	1164.80004882813
3372.49852163029	1160.19995117188
3374.54817787843	1163.59997558594
3376.5972702442	1162.30004882813
3378.64579898031	1163.30004882813
3380.69376433931	1162
3382.74116657361	1165.59997558594
3384.78800593552	1164.09997558594
3386.83428267718	1165.09997558594
3388.8799970506	1164.80004882813
3390.92514930767	1160.5
3392.96973970014	1163.69995117188
3395.01376847962	1160.30004882813
3397.05723589757	1166.09997558594
3399.10014220533	1161.69995117188
3401.1424876541	1164.69995117188
3403.18427249495	1164.30004882813
3405.22549697881	1165.69995117188
3407.26616135646	1161.40002441406
3409.30626587856	1164.40002441406
3411.34581079563	1162.80004882813
3413.38479635805	1164
3415.42322281605	1160.80004882813
3417.46109041976	1162.80004882813
3419.49839941912	1162.80004882813
3421.53515006399	1162.90002441406
3423.57134260405	1166.19995117188
3425.60697728886	1162
3427.64205436783	1161.40002441406
3429.67657409025	1159.5
3431.71053670525	1164.69995117188
3433.74394246185	1163.80004882813
3435.77679160891	1162.5
3437.80908439515	1166.59997558594
3439.84082106917	1165
3441.87200187943	1162.69995117188
3443.90262707421	1160.5
3445.93269690172	1161.09997558594
3447.96221160996	1164.40002441406
3449.99117144686	1160.90002441406
3452.01957666015	1162.09997558594
3454.04742749746	1159.19995117188
3456.07472420626	1161.80004882813
3458.1014670339	1159.30004882813
3460.12765622756	1163.19995117188
3462.15329203432	1160.09997558594
3464.17837470108	1161.5
3466.20290447463	1162.30004882813
3468.22688160161	1162.30004882813
3470.25030632851	1162.19995117188
3472.2731789017	1159
3474.29549956739	1161.80004882813
3476.31726857166	1164.5
3478.33848616045	1162.09997558594
3480.35915257955	1162.5
3482.37926807462	1160.90002441406
3484.39883289117	1160.5
3486.41784727458	1161.40002441406
3488.43631147007	1159.90002441406
3490.45422572275	1161.59997558594
3492.47159027755	1163
3494.4884053793	1161.5
3496.50467127263	1159.30004882813
3498.5203882021	1160
3500.53555641208	1161.5
3502.5501761468	1158.40002441406
3504.56424765036	1159.5
3506.57777116674	1164.59997558594
3508.59074693973	1164.40002441406
3510.603175213	1161.5
3512.61505623009	1159.5
3514.62639023438	1161
3516.63717746911	1162.09997558594
3518.64741817739	1161.40002441406
3520.65711260216	1158.90002441406
3522.66626098625	1163.90002441406
3524.67486357232	1160.09997558594
3526.6829206029	1159.30004882813
3528.69043232037	1158.69995117188
3530.69739896698	1161.5
3532.70382078481	1161.69995117188
3534.70969801583	1161.69995117188
3536.71503090183	1157.80004882813
3538.71981968447	1161.5
3540.72406460529	1162.19995117188
3542.72776590566	1162.90002441406
3544.7309238268	1158.19995117188
3546.7335386098	1160.5
3548.7356104956	1156.09997558594
3550.737139725	1161
3552.73812653866	1161
3554.73857117706	1158.5
3556.73847388059	1158.19995117188
3558.73783488944	1159.19995117188
3560.7366544437	1161.40002441406
3562.73493278328	1159.69995117188
3564.73267014797	1161.19995117188
3566.7298667774	1157.40002441406
3568.72652291106	1158.5
3570.72263878828	1161.09997558594
3572.71821464827	1163.59997558594
3574.71325073007	1162.19995117188
3576.70774727257	1160.19995117188
3578.70170451455	1157.40002441406
3580.6951226946	1157.90002441406
3582.68800205121	1158
3584.68034282266	1161.30004882813
3586.67214524714	1159.30004882813
3588.66340956266	1162.59997558594
3590.6541360071	1156.90002441406
3592.6443248182	1159.69995117188
3594.63397623352	1157.80004882813
3596.6230904905	1156.69995117188
3598.61166782642	1159.09997558594
3600.59970847842	1157.59997558594
3602.58721268348	1159.69995117188
3604.57418067846	1157.30004882813
3606.56061270003	1157.40002441406
3608.54650898475	1157.40002441406
3610.53186976901	1158.5
3612.51669528905	1160.59997558594
3614.50098578098	1160.09997558594
3616.48474148074	1159.90002441406
3618.46796262413	1159.80004882813
3620.45064944681	1156.5
3622.43280218428	1156.90002441406
3624.41442107188	1158.40002441406
3626.39550634484	1154.90002441406
3628.37605823819	1158.30004882813
3630.35607698685	1155.59997558594
3632.33556282556	1155.80004882813
3634.31451598894	1157.30004882813
3636.29293671143	1158.5
3638.27082522735	1159.90002441406
3640.24818177084	1156.19995117188
3642.22500657592	1157.40002441406
3644.20129987644	1156.69995117188
3646.17706190608	1157.80004882813
3648.15229289843	1158.5
3650.12699308687	1160.69995117188
3652.10116270465	1154.69995117188
3654.07480198488	1155.90002441406
3656.04791116049	1155.80004882813
3658.02049046431	1158
3659.99254012895	1159.19995117188
3661.96406038692	1156.59997558594
3663.93505147056	1158.09997558594
3665.90551361207	1157.09997558594
3667.87544704349	1154.80004882813
3669.84485199668	1157.69995117188
3671.81372870341	1157.30004882813
3673.78207739523	1153.69995117188
3675.7498983036	1158.5
3677.71719165977	1159
3679.68395769488	1155.80004882813
3681.65019663991	1158.09997558594
3683.61590872567	1157.19995117188
3685.58109418282	1159.30004882813
3687.54575324187	1157.09997558594
3689.5098861332	1158.30004882813
3691.473493087	1156.69995117188
3693.43657433333	1156.09997558594
3695.39913010208	1155.80004882813
3697.36116062301	1156
3699.32266612569	1156.69995117188
3701.28364683959	1157.69995117188
3703.24410299397	1158.69995117188
3705.20403481795	1159.69995117188
3707.16344254053	1159.90002441406
3709.12232639052	1157.19995117188
3711.08068659659	1157
3713.03852338724	1158.30004882813
3714.99583699084	1158.59997558594
3716.95262763558	1156.19995117188
3718.90889554951	1157.80004882813
3720.86464096053	1155.90002441406
3722.81986409636	1154.40002441406
3724.7745651846	1158.30004882813
3726.72874445265	1156
3728.6824021278	1157.90002441406
3730.63553843715	1156.90002441406
3732.58815360767	1153
3734.54024786615	1160.69995117188
3736.49182143924	1158.09997558594
3738.44287455343	1155.90002441406
3740.39340743505	1154.69995117188
3742.34342031027	1157.90002441406
3744.29291340513	1158.09997558594
3746.24188694546	1154.30004882813
3748.190341157	1156.69995117188
3750.13827626527	1156
3752.08569249567	1157
3754.03259007345	1159.30004882813
3755.97896922367	1153.40002441406
3757.92483017124	1158.09997558594
3759.87017314094	1159.59997558594
3761.81499835737	1156.90002441406
3763.75930604498	1157
3765.70309642803	1157.90002441406
3767.64636973068	1154.90002441406
3769.58912617689	1154.5
3771.53136599047	1156
3773.47308939509	1156.09997558594
3775.41429661421	1156
