1001.77463942924	0.12482925626409232
1004.53092997605	0.11906199463513086
1007.28635062209	0.1005463614285242
1010.0409017241	0.09326141887233974
1012.79458363868	0.07967824867920786
1015.54739672233	0.08119592960643086
1018.29934133142	0.0723933061230234
1021.05041782219	0.07034447392402556
1023.8006265508	0.061617808592493266
1026.54996787325	0.05402940395637824
1029.29844214545	0.047579260015680455
1032.0460497232	0.04166026734675751
1034.79279096215	0.03566550178974066
1037.53866621786	0.03331302224703098
1040.28367584578	0.03202303051164464
1043.02782020123	0.02754585324996016
1045.7710996394	0.021247532981122096
1048.51351451539	0.02185454977287388
1051.25506518417	0.0220063734447336
1053.99575200061	0.027014701978185323
1056.73557531945	0.019122742630249077
1059.4745354953	0.016770355719430027
1062.2126328827	0.019653893902023913
1064.94986783605	0.022082238964710548
1067.68624070961	0.01752919618304153
1070.42175185757	0.01752919618304153
1073.15640163398	0.01950216286205483
1075.89019039278	0.017680927223010613
1078.6231184878	0.019274473670218163
1081.35518627276	0.020716289077456627
1084.08639410125	0.019350431822093336
1086.81674232676	0.016997952279383652
1089.54623130267	0.019805717573876037
1092.27486138224	0.017073910431258825
1095.00263291861	0.019046877110264534
1097.72954626482	0.017301506991204862
1100.45560177378	0.017680927223010613
1103.18079979831	0.01722564147122032
1105.90514069112	0.02018513780568179
1108.62862480477	0.016846221239414566
1111.35125249175	0.016087380775803062
1114.07302410441	0.01623911181577215
1116.793939995	0.015252674792207018
1119.51400051566	0.017756792742995155
1122.23320601841	0.015707960543997312
1124.95155685517	0.01555622950403582
1127.66905337774	0.02010927228570484
1130.38569593782	0.015707960543997312
1133.10148488697	0.018060347454816366
1135.81642057667	0.011458472474149502
1138.53050335829	0.016011515255818523
1141.24373358306	0.01760506170302607
1143.95611160214	0.017680927223010613
1146.66763776654	0.013962590424937638
1149.37831242718	0.012900287881395557
1152.08813593487	0.014873254560401266
1154.7971086403	0.015783826063981855
1157.50523089408	0.01881918791842787
1160.21250304667	0.015404405832176104
1162.91892544844	0.016315069967647325
1165.62449844965	0.013886724904953096
1168.32922240045	0.015404405832176104
1171.0330976509	0.01047194281870133
1173.73612455091	0.014038548576812812
1176.43830345031	0.014190279616774305
1179.13963469882	0.012824329729520382
1181.84011864604	0.013279708113201309
1184.53975564147	0.012672598689551298
1187.23854603451	0.014797389040424316
1189.93649017442	0.01623911181577215
1192.63358841039	0.01434201065674339
1195.32984109149	0.010244346258755296
1198.02524856667	0.011913758225939795
1200.71981118478	0.011913758225939795
1203.41352929457	0.015100851120354893
1206.10640324467	0.013431439153162802
1208.79843338361	0.01335557363317826
1211.48962005981	0.01305201892135705
1214.17996362159	0.015404405832176104
1216.86946441716	0.010851363050507082
1219.55812279461	0.014569699848580057
1222.24593910194	0.012976153401372509
1224.93291368704	0.015024985600370352
1227.61904689769	0.013734993864984012
1230.30433908157	0.014190279616774305
1232.98879058625	0.010244346258755296
1235.67240175918	0.012596733169566757
1238.35517294773	0.012141447417784055
1241.03710449915	0.012141447417784055
1243.71819676058	0.018212171126676082
1246.39845007907	0.01236904397773009
1249.07786480155	0.011306648802297377
1251.75644127485	0.0146455653685646
1254.43417984571	0.013886724904953096
1257.11108086072	0.016315069967647325
1259.78714466643	0.014949120080385809
1262.46237160921	0.012748464209535841
1265.1367620354	0.01335557363317826
1267.81031629118	0.013810859384968554
1270.48303472266	0.0146455653685646
1273.15491767583	0.012748464209535841
1275.82596549657	0.009106085563338041
1278.49617853067	0.014038548576812812
1281.16555712381	0.013583170193131886
1283.83410162156	0.015100851120354893
1286.50181236939	0.012748464209535841
1289.16868971269	0.012520867649589807
1291.8347339967	0.011913758225939795
1294.49994556659	0.011382606954172552
1297.16432476743	0.012748464209535841
1299.82787194415	0.01107905224234375
1302.49058744163	0.014266145136758848
1305.15247160459	0.014721430888549141
1307.81352477769	0.014873254560401266
1310.47374730548	0.01305201892135705
1313.1331395324	0.01692208675939911
1315.79170180277	0.012824329729520382
1318.44943446083	0.011154917762328291
1321.10633785073	0.01107905224234375
1323.76241231648	0.009864926026949545
1326.41765820202	0.015100851120354893
1329.07207585117	0.014493834328595516
1331.72566560766	0.01039607729871679
1334.3784278151	0.011913758225939795
1337.03036281703	0.008347245099726537
1339.68147095686	0.013734993864984012
1342.33175257789	0.011989623745924338
1344.98120802335	0.016315069967647325
1347.62983763636	0.012293178457745546
1350.27764175994	0.011610203514118586
1352.92462073697	0.009409547643268618
1355.57077491028	0.0110031867223668
1358.21610462259	0.011230783282312834
1360.86061021649	0.0110031867223668
1363.50429203449	0.011837892705955253
1366.14715041901	0.012444909497714632
1368.78918571234	0.011686069034103129
1371.4303982567	0.010016657066911037
1374.07078839419	0.013203749961326134
1376.71035646681	0.012444909497714632
1379.34910281647	0.01107905224234375
1381.98702778498	0.01236904397773009
1384.62413171402	0.010168388106880121
1387.26041494523	0.011534337994134043
1389.89587782008	0.012520867649589807
1392.53052068001	0.013734993864984012
1395.16434386629	0.012141447417784055
1397.79734772015	0.011534337994134043
1400.42953258269	0.01047194281870133
1403.0608987949	0.011837892705955253
1405.69144669771	0.012596733169566757
1408.32117663193	0.011837892705955253
1410.95008893825	0.0146455653685646
1413.57818395728	0.012520867649589807
1416.20546202954	0.009181951083314991
1418.83192349543	0.010244346258755296
1421.45756869528	0.013203749961326134
1424.08239796929	0.010623766490561048
1426.70641165757	0.011837892705955253
1429.32961010016	0.012824329729520382
1431.95199363695	0.012444909497714632
1434.57356260778	0.0110031867223668
1437.19431735237	0.014190279616774305
1439.81425821033	0.01654266652759336
1442.43338552118	0.016618532047577902
1445.05169962437	0.010927228570491625
1447.66920085921	0.01722564147122032
1450.28588956493	0.011762027185978303
1452.90176608067	0.015859691583966398
1455.51683074547	0.0110031867223668
1458.13108389825	0.011610203514118586
1460.74452587786	0.012596733169566757
1463.35715702303	0.010699632010537998
1465.96897767243	0.008650707179657114
1468.57998816457	0.011382606954172552
1471.19018883794	0.012520867649589807
1473.79958003086	0.011837892705955253
1476.4081620816	0.010623766490561048
1479.01593532831	0.012217312937761005
1481.62290010905	0.01236904397773009
1484.22905676179	0.013734993864984012
1486.83440562438	0.007133026252434107
1489.43894703461	0.010851363050507082
1492.04268133016	0.012748464209535841
1494.64560884857	0.008650707179657114
1497.24772992735	0.011458472474149502
1499.84904490388	0.008954261891478323
1502.44955411543	0.009409547643268618
1505.0492578992	0.010320211778732246
1507.64815659229	0.008878396371493782
1510.24625053168	0.008954261891478323
1512.84354005429	0.00978896787507437
1515.44002549691	0.010775497530522541
1518.03570719625	0.009713102355089827
1520.63058548894	0.010320211778732246
1523.22466071147	0.008119555907882279
1525.81793320028	0.009561371315120743
1528.41040329169	0.010699632010537998
1531.00207132192	0.007664270156091985
1533.59293762712	0.009940791546926495
1536.18300254332	0.00849897613968803
1538.77226640645	0.006981295212465023
1541.36072955237	0.005463614285242016
1543.94839231684	0.00789186671604561
1546.53525503548	0.007512446484239859
1549.12131804389	0.010244346258755296
1551.70658167752	0.009864926026949545
1554.29104627173	0.012141447417784055
1556.87471216181	0.011382606954172552
1559.45757968292	0.00819542142786682
1562.03964917017	0.007664270156091985
1564.62092095853	0.009333682123284075
1567.2013953829	0.00819542142786682
1569.78107277808	0.008954261891478323
1572.35995347877	0.009181951083314991
1574.93803781959	0.011154917762328291
1577.51532613504	0.0110031867223668
1580.09181875956	0.009637236835105286
1582.66751602746	0.008954261891478323
1585.24241827297	0.01107905224234375
1587.81652583024	0.008878396371493782
1590.3898390333	0.009257816603299534
1592.96235821611	0.008119555907882279
1595.53408371251	0.009409547643268618
1598.10501585628	0.007740135676076527
1600.67515498106	0.011610203514118586
1603.24450142043	0.006981295212465023
1605.81305550788	0.009409547643268618
1608.38081757677	0.009637236835105286
1610.9477879604	0.006905429692480481
1613.51396699198	0.009561371315120743
1616.07935500458	0.005767168997063226
1618.64395233122	0.011534337994134043
1621.20775930483	0.009257816603299534
1623.7707762582	0.008423110619703487
1626.33300352408	0.007664270156091985
1628.89444143508	0.009409547643268618
1631.45509032376	0.009637236835105286
1634.01495052255	0.00789186671604561
1636.5740223638	0.008650707179657114
1639.13230617978	0.009030127411462866
1641.68980230264	0.008878396371493782
1644.24651106446	0.009106085563338041
1646.80243279721	0.007057160732449565
1649.35756783278	0.008347245099726537
1651.91191650296	0.009561371315120743
1654.46547913944	0.010320211778732246
1657.01825607383	0.01047194281870133
1659.57024763764	0.009106085563338041
1662.12145416229	0.01039607729871679
1664.6718759791	0.010851363050507082
1667.2215134193	0.008954261891478323
1669.77036681404	0.00849897613968803
1672.31843649435	0.007967824867920786
1674.8657227912	0.010699632010537998
1677.41222603543	0.0067536060206283555
1679.95794655782	0.007588404636115034
1682.50288468904	0.008423110619703487
1685.04704075968	0.007284849924286233
1687.59041510022	0.00819542142786682
1690.13300804106	0.007816001196061068
1692.67481991249	0.005843034517047768
1695.21585104474	0.00872666533153229
1697.75610176791	0.008650707179657114
1700.29557241205	0.009940791546926495
1702.83426330707	0.0064501439406977785
1705.37217478282	0.009940791546926495
1707.90930716905	0.010699632010537998
1710.44566079541	0.009030127411462866
1712.98123599146	0.008119555907882279
1715.51603308669	0.01107905224234375
1718.05005241045	0.0064501439406977785
1720.58329429205	0.007664270156091985
1723.11575906067	0.00622245474885352
1725.64744704542	0.008347245099726537
1728.17835857532	0.009030127411462866
1730.70849397927	0.007664270156091985
1733.2378535861	0.008650707179657114
1735.76643772453	0.008650707179657114
1738.29424672323	0.01039607729871679
1740.82128091074	0.009257816603299534
1743.3475406155	0.007133026252434107
1745.87302616589	0.0064501439406977785
1748.39773789019	0.00819542142786682
1750.92167611656	0.009333682123284075
1753.44484117311	0.008878396371493782
1755.96723338783	0.009409547643268618
1758.48885308862	0.010775497530522541
1761.00970060331	0.009181951083314991
1763.52977625961	0.007512446484239859
1766.04908038514	0.0066777405006438134
1768.56761330746	0.007436580964255317
1771.08537535401	0.008423110619703487
1773.60236685214	0.009713102355089827
1776.11858812912	0.008650707179657114
1778.63403951211	0.008954261891478323
1781.14872132821	0.007816001196061068
1783.6626339044	0.00978896787507437
1786.17577756757	0.007512446484239859
1788.68815264454	0.009561371315120743
1791.199759462	0.008650707179657114
1793.7105983466	0.007967824867920786
1796.22066962486	0.00880253085150924
1798.72997362322	0.006526009460674729
1801.23851066803	0.009409547643268618
1803.74628108554	0.008878396371493782
1806.25328520193	0.009864926026949545
1808.75952334326	0.00819542142786682
1811.2649958355	0.007208984404309282
1813.76970300458	0.008878396371493782
1816.27364517628	0.007740135676076527
1818.77682267629	0.010092522586895579
1821.27923583026	0.007360715444270775
1823.78088496369	0.009713102355089827
1826.28177040204	0.006905429692480481
1828.78189247064	0.009713102355089827
1831.28125149473	0.008347245099726537
1833.77984779949	0.01047194281870133
1836.27768170998	0.009106085563338041
1838.77475355119	0.007360715444270775
1841.271063648	0.010168388106880121
1843.76661232521	0.007967824867920786
1846.26139990751	0.007816001196061068
1848.75542671954	0.00849897613968803
1851.2486930858	0.009333682123284075
1853.74119933074	0.007967824867920786
1856.23294577869	0.00849897613968803
1858.72393275391	0.009333682123284075
1861.21416058054	0.005311883245280524
1863.70362958267	0.007740135676076527
1866.19234008426	0.007208984404309282
1868.6802924092	0.007512446484239859
1871.16748688129	0.005843034517047768
1873.65392382424	0.009713102355089827
1876.13960356164	0.010016657066911037
1878.62452641704	0.009257816603299534
1881.10869271384	0.00880253085150924
1883.59210277541	0.007133026252434107
1886.07475692498	0.007057160732449565
1888.55665548571	0.010623766490561048
1891.03779878067	0.006146589228868978
1893.51818713284	0.007967824867920786
1895.99782086509	0.007360715444270775
1898.47670030024	0.008954261891478323
1900.95482576096	0.00849897613968803
1903.43219756989	0.008347245099726537
1905.90881604954	0.006601874980659271
1908.38468152235	0.009030127411462866
1910.85979431064	0.009333682123284075
1913.33415473668	0.009940791546926495
1915.80776312261	0.006526009460674729
1918.28061979051	0.007588404636115034
1920.75272506234	0.008271286947851363
1923.22407926001	0.007740135676076527
1925.69468270529	0.008878396371493782
1928.16453571989	0.007664270156091985
1930.63363862544	0.007740135676076527
1933.10199174344	0.008043690387897736
1935.56959539533	0.009485505795143793
1938.03644990244	0.010851363050507082
1940.50255558603	0.009257816603299534
1942.96791276726	0.009713102355089827
1945.43252176718	0.008574841659672571
1947.8963829068	0.008954261891478323
1950.35949650697	0.009181951083314991
1952.8218628885	0.004325353589824762
1955.2834823721	0.008878396371493782
1957.74435527836	0.007967824867920786
1960.20448192784	0.011762027185978303
1962.66386264093	0.009257816603299534
1965.12249773799	0.009181951083314991
1967.58038753927	0.007208984404309282
1970.03753236493	0.00849897613968803
1972.49393253504	0.009257816603299534
1974.94958836957	0.009106085563338041
1977.4045001884	0.008119555907882279
1979.85866831133	0.009030127411462866
1982.31209305807	0.00872666533153229
1984.76477474823	0.007740135676076527
1987.21671370133	0.007208984404309282
1989.6679102368	0.008347245099726537
1992.11836467399	0.005387748765257474
1994.56807733213	0.007057160732449565
1997.0170485304	0.007588404636115034
1999.46527858786	0.006146589228868978
2001.91276782348	0.008043690387897736
2004.35951655615	0.008043690387897736
2006.80552510467	0.007816001196061068
2009.25079378774	0.00591890003703231
2011.69532292397	0.008347245099726537
2014.13911283188	0.006981295212465023
2016.58216382991	0.007208984404309282
2019.02447623639	0.005463614285242016
2021.46605036956	0.006981295212465023
2023.90688654761	0.007512446484239859
2026.34698508858	0.0110031867223668
2028.78634631045	0.005615345325211101
2031.22497053111	0.006905429692480481
2033.66285806835	0.0066777405006438134
2036.10000923987	0.010547808338685873
2038.53642436328	0.009561371315120743
2040.97210375611	0.006374185788822604
2043.40704773578	0.007284849924286233
2045.84125661964	0.007057160732449565
2048.27473072492	0.00880253085150924
2050.70747036878	0.007664270156091985
2053.13947586829	0.003718244166182342
2055.57074754041	0.005463614285242016
2058.00128570205	0.007740135676076527
2060.43109066998	0.006374185788822604
2062.8601627609	0.007740135676076527
2065.28850229143	0.009106085563338041
2067.71610957807	0.007284849924286233
2070.14298493726	0.007208984404309282
2072.56912868532	0.006981295212465023
2074.99454113851	0.007208984404309282
2077.41922261297	0.007816001196061068
2079.84317342476	0.005843034517047768
2082.26639388986	0.007284849924286233
2084.68888432414	0.008878396371493782
2087.1106450434	0.00819542142786682
2089.53167636331	0.007588404636115034
2091.95197859949	0.006905429692480481
2094.37155206745	0.006981295212465023
2096.79039708261	0.007360715444270775
2099.20851396029	0.009181951083314991
2101.62590301575	0.009181951083314991
2104.04256456411	0.00819542142786682
2106.45849892045	0.009030127411462866
2108.87370639971	0.006905429692480481
2111.28818731677	0.009030127411462866
2113.70194198641	0.009864926026949545
2116.11497072333	0.011154917762328291
2118.52727384211	0.010168388106880121
2120.93885165726	0.008347245099726537
2123.34970448321	0.007967824867920786
2125.75983263425	0.007664270156091985
2128.16923642463	0.00622245474885352
2130.57791616848	0.008347245099726537
2132.98587217985	0.006146589228868978
2135.3931047727	0.010168388106880121
2137.79961426089	0.007284849924286233
2140.20540095818	0.009485505795143793
2142.61046517826	0.006601874980659271
2145.01480723472	0.008271286947851363
2147.41842744104	0.007436580964255317
2149.82132611063	0.007208984404309282
2152.22350355681	0.007208984404309282
2154.62496009279	0.009257816603299534
2157.0256960317	0.006601874980659271
2159.42571168658	0.005615345325211101
2161.82500737036	0.006905429692480481
2164.22358339589	0.007133026252434107
2166.62144007595	0.009257816603299534
2169.01857772318	0.008347245099726537
2171.41499665018	0.006601874980659271
2173.81069716942	0.00849897613968803
2176.20567959329	0.006298320268838062
2178.59994423409	0.00591890003703231
2180.99349140402	0.00849897613968803
2183.38632141519	0.00682956417250353
2185.77843457964	0.008347245099726537
2188.16983120927	0.007057160732449565
2190.56051161594	0.008423110619703487
2192.95047611139	0.00789186671604561
2195.33972500725	0.011837892705955253
2197.72825861511	0.00819542142786682
2200.11607724641	0.007512446484239859
2202.50318121254	0.006981295212465023
2204.88957082477	0.007360715444270775
2207.27524639429	0.007133026252434107
2209.6602082322	0.008043690387897736
2212.0444566495	0.00682956417250353
2214.4279919571	0.011458472474149502
2216.81081446582	0.00682956417250353
2219.19292448638	0.0064501439406977785
2221.57432232942	0.006146589228868978
2223.95500830547	0.005387748765257474
2226.33498272498	0.007512446484239859
2228.7142458983	0.007967824867920786
2231.09279813569	0.00819542142786682
2233.47063974732	0.009561371315120743
2235.84777104327	0.007740135676076527
2238.2241923335	0.005767168997063226
2240.59990392792	0.007512446484239859
2242.97490613632	0.009713102355089827
2245.34919926839	0.010244346258755296
2247.72278363376	0.007057160732449565
2250.09565954192	0.0064501439406977785
2252.46782730231	0.008347245099726537
2254.83928722425	0.011382606954172552
2257.21003961698	0.009333682123284075
2259.58008478963	0.007664270156091985
2261.94942305127	0.00849897613968803
2264.31805471084	0.009030127411462866
2266.68598007721	0.007208984404309282
2269.05319945914	0.00880253085150924
2271.4197131653	0.009713102355089827
2273.78552150427	0.007967824867920786
2276.15062478456	0.005615345325211101
2278.51502331454	0.005160059573420807
2280.87871740252	0.009106085563338041
2283.24170735671	0.008043690387897736
2285.60399348521	0.010168388106880121
2287.96557609605	0.010623766490561048
2290.32645549714	0.004856504861599597
2292.68663199633	0.006298320268838062
2295.04610590133	0.005008328533451722
2297.40487751981	0.009333682123284075
2299.76294715931	0.005691303477086276
2302.12031512727	0.006601874980659271
2304.47698173107	0.007740135676076527
2306.83294727796	0.00978896787507437
2309.18821207512	0.009030127411462866
2311.54277642963	0.006146589228868978
2313.89664064847	0.0067536060206283555
2316.24980503852	0.00682956417250353
2318.6022699066	0.007664270156091985
2320.95403555938	0.007284849924286233
2323.30510230349	0.010775497530522541
2325.65547044542	0.006146589228868978
2328.0051402916	0.008271286947851363
2330.35411214835	0.00880253085150924
2332.7023863219	0.006146589228868978
2335.04996311837	0.008043690387897736
2337.39684284382	0.007588404636115034
2339.74302580418	0.008650707179657114
2342.08851230529	0.007436580964255317
2344.43330265291	0.009333682123284075
2346.7773971527	0.009940791546926495
2349.12079611023	0.006981295212465023
2351.46349983096	0.008119555907882279
2353.80550862026	0.007512446484239859
2356.14682278342	0.008878396371493782
2358.48744262562	0.008119555907882279
2360.82736845194	0.0066777405006438134
2363.16660056738	0.005539479805226558
2365.50513927683	0.005084194053436264
2367.8429848851	0.007436580964255317
2370.1801376969	0.0066777405006438134
2372.51659801683	0.005843034517047768
2374.85236614941	0.007284849924286233
2377.18744239906	0.007512446484239859
2379.52182707011	0.006298320268838062
2381.85552046679	0.009485505795143793
2384.18852289322	0.008878396371493782
2386.52083465345	0.007664270156091985
2388.85245605142	0.005843034517047768
2391.18338739097	0.008271286947851363
2393.51362897585	0.006601874980659271
2395.84318110973	0.0064501439406977785
2398.17204409615	0.0067536060206283555
2400.50021823858	0.0066777405006438134
2402.82770384038	0.009409547643268618
2405.15450120483	0.0064501439406977785
2407.48061063509	0.00622245474885352
2409.80603243426	0.009257816603299534
2412.13076690529	0.007740135676076527
2414.4548143511	0.009257816603299534
2416.77817507445	0.006070723708892028
2419.10084937804	0.00682956417250353
2421.42283756447	0.005463614285242016
2423.74413993625	0.007057160732449565
2426.06475679575	0.007512446484239859
2428.38468844531	0.007057160732449565
2430.70393518711	0.00789186671604561
2433.02249732329	0.008119555907882279
2435.34037515584	0.010244346258755296
2437.65756898669	0.008650707179657114
2439.97407911767	0.00872666533153229
2442.28990585049	0.010775497530522541
2444.60504948679	0.009333682123284075
2446.91951032808	0.0066777405006438134
2449.23328867581	0.006905429692480481
2451.54638483132	0.007360715444270775
2453.85879909585	0.005767168997063226
2456.17053177052	0.0064501439406977785
2458.48158315639	0.005691303477086276
2460.79195355441	0.007588404636115034
2463.10164326542	0.009106085563338041
2465.41065259017	0.004780639341615055
2467.71898182932	0.0067536060206283555
2470.02663128344	0.007664270156091985
2472.33360125296	0.007436580964255317
2474.63989203825	0.008878396371493782
2476.94550393958	0.0046289083016459705
2479.25043725712	0.007588404636115034
2481.55469229093	0.006601874980659271
2483.85826934098	0.009257816603299534
2486.16116870713	0.005994765557016853
2488.46339068916	0.006298320268838062
2490.76493558676	0.008043690387897736
2493.06580369949	0.009030127411462866
2495.36599532684	0.007208984404309282
2497.66551076817	0.007967824867920786
2499.96435032278	0.00789186671604561
2502.26251428984	0.008271286947851363
2504.56000296845	0.010623766490561048
2506.85681665757	0.008119555907882279
2509.15295565612	0.005767168997063226
2511.44842026287	0.006981295212465023
2513.74321077651	0.008954261891478323
2516.03732749563	0.005463614285242016
2518.33077071873	0.00819542142786682
2520.62354074419	0.007588404636115034
2522.91563787031	0.008271286947851363
2525.20706239528	0.0067536060206283555
2527.49781461721	0.009940791546926495
2529.78789483408	0.007284849924286233
2532.0773033438	0.006601874980659271
2534.36604044416	0.005539479805226558
2536.65410643286	0.009940791546926495
2538.9415016075	0.007360715444270775
2541.22822626558	0.005994765557016853
2543.51428070449	0.006905429692480481
2545.79966522154	0.007967824867920786
2548.08438011393	0.0028835381825862965
2550.36842567876	0.008347245099726537
2552.65180221302	0.00819542142786682
2554.93451001363	0.0067536060206283555
2557.21654937738	0.005311883245280524
2559.49792060096	0.008574841659672571
2561.77862398098	0.006526009460674729
2564.05865981395	0.007664270156091985
2566.33802839626	0.007512446484239859
2568.61673002421	0.005767168997063226
2570.89476499399	0.00789186671604561
2573.17213360172	0.004173622549863269
2575.44883614338	0.007740135676076527
2577.72487291489	0.007816001196061068
2580.00024421203	0.0067536060206283555
2582.27495033048	0.005615345325211101
2584.54899156587	0.006374185788822604
2586.82236821368	0.007816001196061068
2589.0950805693	0.008043690387897736
2591.36712892802	0.009485505795143793
2593.63851358505	0.005387748765257474
2595.90923483547	0.004325353589824762
2598.17929297426	0.004477084629793846
2600.44868829631	0.006070723708892028
2602.71742109642	0.005843034517047768
2604.98549166927	0.008878396371493782
2607.25290030944	0.00622245474885352
2609.51964731142	0.005994765557016853
2611.78573296958	0.007816001196061068
2614.05115757822	0.004780639341615055
2616.31592143149	0.008650707179657114
2618.58002482349	0.009030127411462866
2620.84346804817	0.007057160732449565
2623.10625139942	0.0033388239343765903
2625.36837517101	0.005387748765257474
2627.6298396566	0.004932463013474772
2629.89064514976	0.00872666533153229
2632.15079194395	0.006905429692480481
2634.41028033254	0.007512446484239859
2636.66911060878	0.005160059573420807
2638.92728306582	0.0045530427816690205
2641.18479799672	0.007588404636115034
2643.44165569444	0.006526009460674729
2645.69785645182	0.006298320268838062
2647.95340056162	0.007816001196061068
2650.20828831645	0.006374185788822604
2652.46252000888	0.007740135676076527
2654.71609593134	0.006070723708892028
2656.96901637616	0.008347245099726537
2659.22128163557	0.007967824867920786
2661.47289200171	0.005691303477086276
2663.72384776659	0.007208984404309282
2665.97414922213	0.00622245474885352
2668.22379666017	0.006601874980659271
2670.4727903724	0.006905429692480481
2672.72113065044	0.007436580964255317
2674.9688177858	0.007588404636115034
2677.21585206988	0.007360715444270775
2679.46223379399	0.0067536060206283555
2681.70796324931	0.005235925093405349
2683.95304072694	0.005387748765257474
2686.19746651787	0.006601874980659271
2688.44124091298	0.009257816603299534
2690.68436420305	0.009257816603299534
2692.92683667876	0.00591890003703231
2695.16865863068	0.005767168997063226
2697.40983034928	0.005387748765257474
2699.65035212492	0.0038700678380344674
2701.89022424785	0.008119555907882279
2704.12944700824	0.00819542142786682
2706.36802069612	0.004173622549863269
2708.60594560146	0.004704773821630513
2710.84322201407	0.005008328533451722
2713.0798502237	0.007664270156091985
2715.31583051998	0.006905429692480481
2717.55116319244	0.005767168997063226
2719.78584853048	0.005691303477086276
2722.01988682344	0.0033388239343765903
2724.2532783605	0.0064501439406977785
2726.48602343079	0.005311883245280524
2728.71812232329	0.006070723708892028
2730.9495753269	0.0028076726626017545
2733.1803827304	0.006601874980659271
2735.4105448225	0.004780639341615055
2737.64006189173	0.004780639341615055
2739.86893422659	0.004249488069840219
2742.09716211544	0.0066777405006438134
2744.32474584653	0.0066777405006438134
2746.55168570802	0.00622245474885352
2748.77798198795	0.007057160732449565
2751.00363497426	0.004780639341615055
2753.22864495479	0.004097664397988094
2755.45301221725	0.006298320268838062
2757.67673704928	0.0064501439406977785
2759.89981973839	0.005615345325211101
2762.12226057198	0.007208984404309282
2764.34405983734	0.005387748765257474
2766.56521782169	0.006298320268838062
2768.7857348121	0.005615345325211101
2771.00561109555	0.00819542142786682
2773.22484695892	0.008878396371493782
2775.44344268897	0.0067536060206283555
2777.66139857236	0.0038700678380344674
2779.87871489564	0.004932463013474772
2782.09539194526	0.006146589228868978
2784.31143000754	0.0045530427816690205
2786.52682936873	0.0032629584143920483
2788.74159031494	0.005008328533451722
2790.95571313218	0.006601874980659271
2793.16919810637	0.006905429692480481
2795.38204552329	0.009030127411462866
2797.59425566864	0.007360715444270775
2799.805828828	0.004097664397988094
2802.01676528685	0.0067536060206283555
2804.22706533056	0.007740135676076527
2806.43672924436	0.005160059573420807
2808.64575731343	0.0066777405006438134
2810.85414982279	0.005691303477086276
2813.06190705738	0.004856504861599597
2815.26902930203	0.005463614285242016
2817.47551684145	0.005311883245280524
2819.68136996024	0.004325353589824762
2821.88658894291	0.005387748765257474
2824.09117407383	0.00682956417250353
2826.29512563729	0.005235925093405349
2828.49844391747	0.006070723708892028
2830.70112919842	0.00819542142786682
2832.90318176409	0.005311883245280524
2835.10460189833	0.005084194053436264
2837.30538988487	0.005235925093405349
2839.50554600732	0.007208984404309282
2841.70507054922	0.004856504861599597
2843.90396379395	0.007208984404309282
2846.10222602482	0.004021798878003552
2848.29985752501	0.006146589228868978
2850.49685857759	0.0046289083016459705
2852.69322946553	0.005615345325211101
2854.88897047169	0.006981295212465023
2857.08408187879	0.004856504861599597
2859.27856396949	0.006905429692480481
2861.4724170263	0.005084194053436264
2863.66564133164	0.005615345325211101
2865.85823716781	0.006905429692480481
2868.050204817	0.007967824867920786
2870.2415445613	0.0045530427816690205
2872.43225668266	0.005235925093405349
2874.62234146295	0.007436580964255317
2876.81179918393	0.0032629584143920483
2879.00063012722	0.007967824867920786
2881.18883457435	0.005463614285242016
2883.37641280674	0.007133026252434107
2885.56336510569	0.005843034517047768
2887.7496917524	0.007816001196061068
2889.93539302793	0.006526009460674729
2892.12046921326	0.0064501439406977785
2894.30492058926	0.005539479805226558
2896.48874743666	0.0066777405006438134
2898.67195003609	0.0045530427816690205
2900.85452866809	0.005008328533451722
2903.03648361305	0.007512446484239859
2905.21781515128	0.005767168997063226
2907.39852356295	0.007208984404309282
2909.57860912814	0.008043690387897736
2911.75807212682	0.003111227374422964
2913.93691283883	0.007133026252434107
2916.1151315439	0.005767168997063226
2918.29272852166	0.004173622549863269
2920.46970405161	0.0067536060206283555
2922.64605841316	0.004477084629793846
2924.82179188558	0.006601874980659271
2926.99690474805	0.004932463013474772
2929.17139727962	0.004097664397988094
2931.34526975924	0.006298320268838062
2933.51852246574	0.007208984404309282
2935.69115567784	0.0033388239343765903
2937.86316967414	0.005615345325211101
2940.03456473313	0.007588404636115034
2942.20534113318	0.008574841659672571
2944.37549915256	0.004401219109809304
2946.54503906942	0.0046289083016459705
2948.71396116179	0.005691303477086276
2950.8822657076	0.00591890003703231
2953.04995298465	0.007664270156091985
2955.21702327062	0.005843034517047768
2957.38347684312	0.0064501439406977785
2959.54931397958	0.005843034517047768
2961.71453495737	0.004704773821630513
2963.87914005372	0.004856504861599597
2966.04312954574	0.006526009460674729
2968.20650371045	0.007512446484239859
2970.36926282472	0.008574841659672571
2972.53140716535	0.007208984404309282
2974.69293700897	0.007436580964255317
2976.85385263216	0.006298320268838062
2979.01415431133	0.005160059573420807
2981.17384232278	0.006601874980659271
2983.33291694274	0.0028076726626017545
2985.49137844726	0.006374185788822604
2987.64922711234	0.0023523869108114607
2989.8064632138	0.004097664397988094
2991.9630870274	0.003794202318057517
2994.11909882875	0.004780639341615055
2996.27449889334	0.004173622549863269
2998.42928749659	0.004021798878003552
3000.58346491374	0.005084194053436264
3002.73703141997	0.00819542142786682
3004.8899872903	0.0046289083016459705
3007.04233279965	0.004932463013474772
3009.19406822284	0.005691303477086276
3011.34519383455	0.006298320268838062
3013.49570990936	0.0031870928944075063
3015.64561672172	0.006070723708892028
3017.79491454597	0.005463614285242016
3019.94360365632	0.007512446484239859
3022.09168432689	0.002048832198990251
3024.23915683165	0.004097664397988094
3026.38602144448	0.0045530427816690205
3028.53227843913	0.007436580964255317
3030.67792808923	0.0032629584143920483
3032.82297066831	0.00682956417250353
3034.96740644975	0.005084194053436264
3037.11123570684	0.006146589228868978
3039.25445871273	0.006981295212465023
3041.39707574049	0.004173622549863269
3043.53908706303	0.0064501439406977785
3045.68049295316	0.003794202318057517
3047.82129368358	0.004932463013474772
3049.96148952684	0.003566513126213258
3052.1010807554	0.005691303477086276
3054.24006764161	0.0033388239343765903
3056.37845045767	0.004932463013474772
3058.51622947568	0.0033388239343765903
3060.65340496763	0.004325353589824762
3062.78997720535	0.005008328533451722
3064.92594646061	0.002579983470765087
3067.06131300501	0.006374185788822604
3069.19607711007	0.0045530427816690205
3071.33023904715	0.003111227374422964
3073.46379908752	0.0018971011590287585
3075.59675750233	0.0067536060206283555
3077.7291145626	0.0045530427816690205
3079.86087053922	0.005387748765257474
3081.99202570299	0.0024282524307960027
3084.12258032456	0.004932463013474772
3086.25253467448	0.005463614285242016
3088.38188902317	0.0023523869108114607
3090.51064364093	0.003718244166182342
3092.63879879794	0.003718244166182342
3094.76635476428	0.006146589228868978
3096.89331180986	0.00682956417250353
3099.01967020452	0.0045530427816690205
3101.14543021796	0.005691303477086276
3103.27059211975	0.0032629584143920483
3105.39515617934	0.004856504861599597
3107.51912266608	0.004704773821630513
3109.64249184919	0.0038700678380344674
3111.76526399774	0.0027318071426172125
3113.88743938072	0.005311883245280524
3116.00901826698	0.00394593335801901
3118.13000092523	0.0046289083016459705
3120.2503876241	0.005160059573420807
3122.37017863206	0.0066777405006438134
3124.48937421748	0.004401219109809304
3126.6079746486	0.005539479805226558
3128.72598019354	0.00682956417250353
3130.84339112029	0.0032629584143920483
3132.96020769673	0.004856504861599597
3135.07643019061	0.003718244166182342
3137.19205886957	0.002579983470765087
3139.3070940011	0.00394593335801901
3141.42153585259	0.0045530427816690205
3143.5353846913	0.0032629584143920483
3145.64864078438	0.0016694119671844994
3147.76130439882	0.0025041179507805447
3149.87337580154	0.00591890003703231
3151.98485525929	0.005008328533451722
3154.09574303872	0.0045530427816690205
3156.20603940634	0.005160059573420807
3158.31574462857	0.002048832198990251
3160.42485897167	0.0034906476062287156
3162.53338270181	0.0032629584143920483
3164.64131608498	0.003718244166182342
3166.74865938712	0.0032629584143920483
3168.85541287398	0.004704773821630513
3170.96157681123	0.0045530427816690205
3173.0671514644	0.003566513126213258
3175.17213709889	0.0028076726626017545
3177.27653397998	0.003111227374422964
3179.38034237284	0.005539479805226558
3181.48356254248	0.0028076726626017545
3183.58619475382	0.004021798878003552
3185.68823927165	0.004325353589824762
3187.78969636061	0.006146589228868978
3189.89056628524	0.00394593335801901
3191.99084930995	0.005084194053436264
3194.09054569901	0.004173622549863269
3196.18965571659	0.004021798878003552
3198.28817962671	0.004021798878003552
3200.38611769327	0.0028835381825862965
3202.48347018006	0.0029594037025708385
3204.58023735073	0.0038700678380344674
3206.67641946881	0.004477084629793846
3208.77201679769	0.004477084629793846
3210.86702960065	0.003414782086251765
3212.96145814084	0.005084194053436264
3215.05530268128	0.003566513126213258
3217.14856348487	0.005539479805226558
3219.24124081437	0.00394593335801901
3221.33333493243	0.003566513126213258
3223.42484610157	0.0015935464471999571
3225.51577458416	0.005691303477086276
3227.60612064247	0.001517680927223007
3229.69588453864	0.002579983470765087
3231.78506653466	0.0022765213908345103
3233.87366689244	0.006146589228868978
3235.9616858737	0.0025041179507805447
3238.04912374008	0.00394593335801901
3240.13598075307	0.004780639341615055
3242.22225717405	0.004780639341615055
3244.30795326425	0.0015935464471999571
3246.39306928479	0.002048832198990251
3248.47760549664	0.003035361854446014
3250.56156216068	0.002579983470765087
3252.64493953762	0.0027318071426172125
3254.72773788807	0.003035361854446014
3256.8099574725	0.005387748765257474
3258.89159855124	0.004097664397988094
3260.97266138451	0.0005311512717672442
3263.05314623241	0.003414782086251765
3265.13305335488	0.0032629584143920483
3267.21238301175	0.004249488069840219
3269.29113546272	0.0027318071426172125
3271.36931096736	0.003035361854446014
3273.4469097851	0.002579983470765087
3275.52393217526	0.004704773821630513
3277.60037839702	0.005235925093405349
3279.67624870941	0.004477084629793846
3281.75154337138	0.004249488069840219
3283.8262626417	0.0038700678380344674
3285.90040677904	0.004249488069840219
3287.97397604193	0.0046289083016459705
3290.04697068876	0.003414782086251765
3292.11939097781	0.003718244166182342
3294.19123716721	0.0031870928944075063
3296.26250951497	0.0034906476062287156
3298.33320827897	0.0018211430071535836
3300.40333371696	0.003794202318057517
3302.47288608655	0.004021798878003552
3304.54186564524	0.001972966679005709
3306.61027265036	0.0024282524307960027
3308.67810735915	0.004477084629793846
3310.74537002869	0.0036423786461978
3312.81206091594	0.0033388239343765903
3314.87818027774	0.0021246977189747934
3316.94372837077	0.003794202318057517
3319.00870545161	0.004477084629793846
3321.07311177668	0.004477084629793846
3323.13694760229	0.004021798878003552
3325.2002131846	0.004021798878003552
3327.26290877964	0.005387748765257474
3329.32503464334	0.001972966679005709
3331.38659103145	0.0031870928944075063
3333.4475781996	0.001972966679005709
3335.50799640332	0.005008328533451722
3337.56784589797	0.001517680927223007
3339.62712693879	0.0045530427816690205
3341.68583978089	0.004249488069840219
3343.74398467924	0.004401219109809304
3345.80156188869	0.002048832198990251
3347.85857166394	0.0027318071426172125
3349.91501425956	0.003035361854446014
3351.97088992999	0.0046289083016459705
3354.02619892956	0.004173622549863269
3356.0809415124	0.005008328533451722
3358.13511793259	0.0027318071426172125
3360.18872844401	0.0033388239343765903
3362.24177330044	0.0033388239343765903
3364.29425275552	0.004097664397988094
3366.34616706274	0.005539479805226558
3368.39751647548	0.005615345325211101
3370.44830124696	0.005084194053436264
3372.49852163029	0.0027318071426172125
3374.54817787843	0.003718244166182342
3376.5972702442	0.0024282524307960027
3378.64579898031	0.002579983470765087
3380.69376433931	0.0025041179507805447
3382.74116657361	0.003035361854446014
3384.78800593552	0.005235925093405349
3386.83428267718	0.0007588404636115035
3388.8799970506	0.0018211430071535836
3390.92514930767	0.0017452774871690414
3392.96973970014	0.0034906476062287156
3395.01376847962	0.0034906476062287156
3397.05723589757	0.0015935464471999571
3399.10014220533	0.003566513126213258
3401.1424876541	0.003794202318057517
3403.18427249495	0.0017452774871690414
3405.22549697881	0.0034906476062287156
3407.26616135646	0.0017452774871690414
3409.30626587856	0.003111227374422964
3411.34581079563	0.002048832198990251
3413.38479635805	0.004097664397988094
3415.42322281605	0.0022765213908345103
3417.46109041976	0.0012141262153942056
3419.49839941912	0.0015935464471999571
3421.53515006399	0.0024282524307960027
3423.57134260405	0.0023523869108114607
3425.60697728886	0.0023523869108114607
3427.64205436783	0.005008328533451722
3429.67657409025	0.003414782086251765
3431.71053670525	0.0018971011590287585
3433.74394246185	0.0012899917353787476
3435.77679160891	0.003111227374422964
3437.80908439515	0.0028076726626017545
3439.84082106917	0.0022765213908345103
3441.87200187943	0.0028835381825862965
3443.90262707421	0.003035361854446014
3445.93269690172	0.0012899917353787476
3447.96221160996	0.0027318071426172125
3449.99117144686	0.004097664397988094
3452.01957666015	0.0025041179507805447
3454.04742749746	0.0014417227753478318
3456.07472420626	0.001972966679005709
3458.1014670339	0.0018211430071535836
3460.12765622756	0.0006828823117363285
3462.15329203432	0.0014417227753478318
3464.17837470108	0.0016694119671844994
3466.20290447463	0.004780639341615055
3468.22688160161	0.0
3470.25030632851	0.0017452774871690414
3472.2731789017	0.0011382606954172551
3474.29549956739	0.0027318071426172125
3476.31726857166	0.0031870928944075063
3478.33848616045	0.0031870928944075063
3480.35915257955	0.0014417227753478318
3482.37926807462	0.0022005632389593354
3484.39883289117	0.0028835381825862965
3486.41784727458	0.0009105715035729959
3488.43631147007	0.001972966679005709
3490.45422572275	0.003111227374422964
3492.47159027755	0.0016694119671844994
3494.4884053793	0.0022765213908345103
3496.50467127263	0.00037942023180575173
3498.5203882021	0.003035361854446014
