1001.77463942924	0.07019899049562421
1004.53092997605	0.0687813160169972
1007.28635062209	0.06445242740444303
1010.0409017241	0.06227532860128278
1012.79458363868	0.05984507805584088
1015.54739672233	0.05969319319093626
1018.29934133142	0.058326167602151056
1021.05041782219	0.05614906879899333
1023.8006265508	0.057288251639260705
1026.54996787325	0.05617437779275714
1029.29844214545	0.05050377258518664
1032.0460497232	0.05318717487291017
1034.79279096215	0.049035480119029494
1037.53866621786	0.0490861290088713
1040.28367584578	0.04926332286754479
1043.02782020123	0.04956712349967077
1045.7710996394	0.05017466295929686
1048.51351451539	0.05080754231500095
1051.25506518417	0.049794935345874404
1053.99575200061	0.05240241065229892
1056.73557531945	0.049643050480967246
1059.4745354953	0.04941520773245195
1062.2126328827	0.04847855864693354
1064.94986783605	0.0518201492841275
1067.68624070961	0.050934118186141776
1070.42175185757	0.052959332124394874
1073.15640163398	0.05225052578739176
1075.89019039278	0.055338964682304086
1078.6231184878	0.05285809614933205
1081.35518627276	0.052123949916250946
1084.08639410125	0.05556680743081939
1086.81674232676	0.054933928075115296
1089.54623130267	0.05316186587914383
1092.27486138224	0.05759202136907249
1095.00263291861	0.05247836853590959
1097.72954626482	0.05665537228355661
1100.45560177378	0.05650345651633779
1103.18079979831	0.056630032387478615
1105.90514069112	0.059161549810294985
1108.62862480477	0.05554149843705305
1111.35125249175	0.056351571651430635
1114.07302410441	0.05888308907424701
1116.793939995	0.05521238881116327
1119.51400051566	0.05862993733196537
1122.23320601841	0.06179433411048584
1124.95155685517	0.063338553557942
1127.66905337774	0.06174371612295316
1130.38569593782	0.061971558871470996
1133.10148488697	0.06303478382812769
1135.81642057667	0.06374362106744245
1138.53050335829	0.06290820795698687
1141.24373358306	0.06156649136197054
1143.95611160214	0.06290820795698687
1146.66763776654	0.06445242740444303
1149.37831242718	0.06637637446532164
1152.08813593487	0.06523719162505429
1154.7971086403	0.06293351695075321
1157.50523089408	0.06387019693858327
1160.21250304667	0.0676168241829635
1162.91892544844	0.06670548409121142
1165.62449844965	0.06576883500569555
1168.32922240045	0.06584476198699203
1171.0330976509	0.06546503437356958
1173.73612455091	0.06483215501786549
1176.43830345031	0.0704014933480615
1179.13963469882	0.0708065299552503
1181.84011864604	0.06989518986349823
1184.53975564147	0.06817377655737111
1187.23854603451	0.06913573463665332
1189.93649017442	0.06898384977174617
1192.63358841039	0.07412284250098958
1195.32984109149	0.07326212039676766
1198.02524856667	0.07361653901642631
1200.71981118478	0.07333804737806668
1203.41352929457	0.07348996314528548
1206.10640324467	0.07538860121239777
1208.79843338361	0.0762999413041473
1211.48962005981	0.07657840204019528
1214.17996362159	0.07592021369072485
1216.86946441716	0.07842642211977742
1219.55812279461	0.08113513340126476
1222.24593910194	0.08138828514354639
1224.93291368704	0.08351476595917397
1227.61904689769	0.08202116449925048
1230.30433908157	0.08113513340126476
1232.98879058625	0.07860361597844838
1235.67240175918	0.08083136367145297
1238.35517294773	0.08310972935198771
1241.03710449915	0.08024910230327903
1243.71819676058	0.08280592871986174
1246.39845007907	0.08240089211267294
1249.07786480155	0.08391980256636276
1251.75644127485	0.0853374461426781
1254.43417984571	0.08784365457172814
1257.11108086072	0.08483114265811484
1259.78714466643	0.08898283741199552
1262.46237160921	0.0859703254983822
1265.1367620354	0.08964102576146595
1267.81031629118	0.09110931822762308
1270.48303472266	0.0897929106263731
1273.15491767583	0.09009671125849654
1275.82596549657	0.08761581182321285
1278.49617853067	0.0932357990432532
1281.16555712381	0.09341299290192416
1283.83410162156	0.09536224895656913
1286.50181236939	0.09242569492656395
1289.16868971269	0.09515974610412928
1291.8347339967	0.09923548297440182
1294.49994556659	0.09953925270421614
1297.16432476743	0.09994432021371659
1299.82787194415	0.10348844460565951
1302.49058744163	0.10250114663029676
1305.15247160459	0.10366563846433047
1307.81352477769	0.10591869515109888
1310.47374730548	0.10566554340881723
1313.1331395324	0.10733633872741422
1315.79170180277	0.10791860009558817
1318.44943446083	0.11252594944418778
1321.10633785073	0.11472835724111437
1323.76241231648	0.11847501538780625
1326.41765820202	0.11665233520430465
1329.07207585117	0.12285455289020476
1331.72566560766	0.12804416360697832
1334.3784278151	0.1318667487349667
1337.03036281703	0.13513241239086418
1339.68147095686	0.13763858991760256
1342.33175257789	0.14120805420562346
1344.98120802335	0.14308135237665776
1347.62983763636	0.13743608706516272
1350.27764175994	0.13776516578874337
1352.92462073697	0.13498049662364536
1355.57077491028	0.13341096818242285
1358.21610462259	0.13153763910907693
1360.86061021649	0.12761378710371155
1363.50429203449	0.12075338106834099
1366.14715041901	0.12429750546028391
1368.78918571234	0.11779151804457201
1371.4303982567	0.11536123659681846
1374.07078839419	0.11672826218560113
1376.71035646681	0.1164751104433195
1379.34910281647	0.11290567705761023
1381.98702778498	0.11407016889164394
1384.62413171402	0.11207026394715718
1387.26041494523	0.113614514296925
1389.89587782008	0.11229810669567249
1392.53052068001	0.11323478668350255
1395.16434386629	0.11141207559768675
1397.79734772015	0.11204495495339084
1400.42953258269	0.11432332063392558
1403.0608987949	0.10966532239548163
1405.69144669771	0.11050073550593469
1408.32117663193	0.11604476484236437
1410.95008893825	0.1189053609887614
1413.57818395728	0.11452585438867453
1416.20546202954	0.1170320628177271
1418.83192349543	0.11556377035156742
1421.45756869528	0.11376639916182962
1424.08239796929	0.11556377035156742
1426.70641165757	0.11632322557841233
1429.32961010016	0.11553846135780109
1431.95199363695	0.11455116338244088
1434.57356260778	0.11546250347419294
1437.19431735237	0.11234875558551681
1439.81425821033	0.11685483805674195
1442.43338552118	0.11434862962769192
1445.05169962437	0.11574096421024092
1447.66920085921	0.1108551541255908
1450.28588956493	0.11472835724111437
1452.90176608067	0.10996912302760507
1455.51683074547	0.11447520549883274
1458.13108389825	0.11308287091628373
1460.74452587786	0.11067792936460817
1463.35715702303	0.10920966780076015
1465.96897767243	0.10951343753057446
1468.57998816457	0.11376639916182962
1471.19018883794	0.11227279770190614
1473.79958003086	0.11637384356594502
1476.4081620816	0.11331071366479903
1479.01593532831	0.11617134071350518
1481.62290010905	0.11900662786613588
1484.22905676179	0.11614603171974137
1486.83440562438	0.11943700436940266
1489.43894703461	0.12009519271887056
1492.04268133016	0.11257656743172045
1494.64560884857	0.12295578886526759
1497.24772992735	0.11875347612385423
1499.84904490388	0.12001923483526242
1502.44955411543	0.12067742318473285
1505.0492578992	0.12244948538070431
1507.64815659229	0.12257606125184513
1510.24625053168	0.12204444877351552
1512.84354005429	0.12368993509834615
1515.44002549691	0.12523415454580233
1518.03570719625	0.12943649818952732
1520.63058548894	0.13394258066075246
1523.22466071147	0.13404384753812695
1525.81793320028	0.138043657427103
1528.41040329169	0.14052452596007503
1531.00207132192	0.1435623468674547
1533.59293762712	0.146574858781068
1536.18300254332	0.15044809279890323
1538.77226640645	0.15520732701241
1541.36072955237	0.16287783716446727
1543.94839231684	0.16571312431709795
1546.53525503548	0.1761176547444114
1549.12131804389	0.18497796572426872
1551.70658167752	0.20378715253671803
1554.29104627173	0.2229507270665143
1556.87471216181	0.25211379541643275
1559.45757968292	0.28833983445878486
1562.03964917017	0.33772976409978217
1564.62092095853	0.40139742728361394
1567.2013953829	0.47979850950731334
1569.78107277808	0.5682244254472129
1572.35995347877	0.6481444181246021
1574.93803781959	0.6965976368754577
1577.51532613504	0.6801681135232293
1580.09181875956	0.616323256480724
1582.66751602746	0.5453141927707247
1585.24241827297	0.4553187483896027
1587.81652583024	0.38081617827519315
1590.3898390333	0.3226925135254794
1592.96235821611	0.2855045473061567
1595.53408371251	0.251253104214525
1598.10501585628	0.2256341602565495
1600.67515498106	0.20115436823652716
1603.24450142043	0.1847754628718289
1605.81305550788	0.16849779348219596
1608.38081757677	0.16520682083253468
1610.9477879604	0.1517391605040752
1613.51396699198	0.14606855529650473
1616.07935500458	0.1346007690102229
1618.64395233122	0.12601894966872523
1621.20775930483	0.12039896244868488
1623.7707762582	0.10999443202137141
1626.33300352408	0.10683003524285094
1628.89444143508	0.10065312655071716
1631.45509032376	0.09764061463710386
1634.01495052255	0.09017263823979556
1636.5740223638	0.0861981682468975
1639.13230617978	0.08343880807556583
1641.68980230264	0.08126170927240557
1644.24651106446	0.07913522845677799
1646.80243279721	0.07642651717528813
1649.35756783278	0.07493291571536465
1651.91191650296	0.06926231050779413
1654.46547913944	0.06690801784596292
1657.01825607383	0.06630044748402263
1659.57024763764	0.06569287712208488
1662.12145416229	0.06308540181566036
1664.6718759791	0.06225001960751644
1667.2215134193	0.06455369428181751
1669.77036681404	0.06080703613512563
1672.31843649435	0.06045264841778117
1674.8657227912	0.05895904695785515
1677.41222603543	0.057566712375306146
1679.95794655782	0.05574400128949288
1682.50288468904	0.05642752953503878
1685.04704075968	0.05688318412976025
1687.59041510022	0.05485797019150715
1690.13300804106	0.05574400128949288
1692.67481991249	0.05516177082363059
1695.21585104474	0.05409851496466224
1697.75610176791	0.054883310087585145
1700.29557241205	0.05333905973781733
1702.83426330707	0.053035290008003014
1705.37217478282	0.055136461829866784
1707.90930716905	0.05273152027819123
1710.44566079541	0.052604944407050415
1712.98123599146	0.0504278147015785
1715.51603308669	0.05083288221107895
1718.05005241045	0.049794935345874404
1720.58329429205	0.04961774148720091
1723.11575906067	0.04817478891712176
1725.64744704542	0.047364684800432516
1728.17835857532	0.047364684800432516
1730.70849397927	0.049693699370811584
1733.2378535861	0.049035480119029494
1735.76643772453	0.0468330723221029
1738.29424672323	0.047263417923058035
1740.82128091074	0.046909030205713576
1743.3475406155	0.04741533369027685
1745.87302616589	0.04695964819324372
1748.39773789019	0.04716218194799521
1750.92167611656	0.0486304435118407
1753.44484117311	0.04574450746936821
1755.96723338783	0.04835198277579272
1758.48885308862	0.04688369030963558
1761.00970060331	0.0484026007633254
1763.52977625961	0.0479975641561366
1766.04908038514	0.04797225516237027
1768.56761330746	0.047693794426322295
1771.08537535401	0.04609892608902433
1773.60236685214	0.04544073773955389
1776.11858812912	0.049212704880012115
1778.63403951211	0.04652930259229112
1781.14872132821	0.047921637174840125
1783.6626339044	0.04771910342008863
1786.17577756757	0.046503962696213125
1788.68815264454	0.044959743248756956
1791.199759462	0.04614957497886866
1793.7105983466	0.04465597351894265
1796.22066962486	0.04647865370244678
1798.72997362322	0.0468330723221029
1801.23851066803	0.04774441241385497
1803.74628108554	0.04288391132297118
1806.25328520193	0.043997785169474744
1808.75952334326	0.04483316737761614
1811.2649958355	0.046225501960165144
1813.76970300458	0.04336490581377065
1816.27364517628	0.045314161868413076
1818.77682267629	0.04387120929833393
1821.27923583026	0.04392182728586407
1823.78088496369	0.04366867554358243
1826.28177040204	0.04544073773955389
1828.78189247064	0.041542194727954854
1831.28125149473	0.04111184912699972
1833.77984779949	0.04171941948894001
1836.27768170998	0.04539011975202375
1838.77475355119	0.04478254939008346
1841.271063648	0.044959743248756956
1843.76661232521	0.044757240396319654
1846.26139990751	0.043744633427193105
1848.75542671954	0.043693984537348775
1851.2486930858	0.0427826444455967
1853.74119933074	0.04602299910772784
1856.23294577869	0.04384586940225593
1858.72393275391	0.04311175407148901
1861.21416058054	0.04506101012613144
1863.70362958267	0.04703560607685439
1866.19234008426	0.04830136478826258
1868.6802924092	0.04741533369027685
1871.16748688129	0.04627615085000948
1873.65392382424	0.04645334470868044
1876.13960356164	0.046250810953931486
1878.62452641704	0.046909030205713576
1881.10869271384	0.04485847637138248
1883.59210277541	0.047339375806666174
1886.07475692498	0.0448078583838498
1888.55665548571	0.045668580488069196
1891.03779878067	0.04518758599727226
1893.51818713284	0.04526354388088293
1895.99782086509	0.042985178200348195
1898.47670030024	0.0449850522425233
1900.95482576096	0.044200288021912046
1903.43219756989	0.0407574305073436
1905.90881604954	0.04564327149430539
1908.38468152235	0.042326958948566105
1910.85979431064	0.044200288021912046
1913.33415473668	0.04171941948894001
1915.80776312261	0.0425548016970814
1918.28061979051	0.04245353481970692
1920.75272506234	0.0429598383042702
1923.22407926001	0.04177003747647015
1925.69468270529	0.04432686389305287
1928.16453571989	0.04430155489928653
1930.63363862544	0.04123842499814054
1933.10199174344	0.04209914710236246
1935.56959539533	0.04490912526122428
1938.03644990244	0.04260545058692574
1940.50255558603	0.042732026458066556
1942.96791276726	0.042681377568222226
1945.43252176718	0.04539011975202375
1947.8963829068	0.04227634096103343
1950.35949650697	0.04397244527339675
1952.8218628885	0.043010487194112004
1955.2834823721	0.04237760783840791
1957.74435527836	0.04366867554358243
1960.20448192784	0.04161815261156299
1962.66386264093	0.040630854636202786
1965.12249773799	0.03880817445270118
1967.58038753927	0.039010677305138484
1970.03753236493	0.041314351979439556
1972.49393253504	0.041896613347610974
1974.94958836957	0.042833262433129383
1977.4045001884	0.04204849821251813
1979.85866831133	0.040023284274265034
1982.31209305807	0.04237760783840791
1984.76477474823	0.03933978693102826
1987.21671370133	0.04288391132297118
1989.6679102368	0.043415523801300794
1992.11836467399	0.04422559701567839
1994.56807733213	0.044554706641568166
1997.0170485304	0.0431876810527855
1999.46527858786	0.04220038307742529
2001.91276782348	0.0429598383042702
2004.35951655615	0.04392182728586407
2006.80552510467	0.04220038307742529
2009.25079378774	0.04564327149430539
2011.69532292397	0.04083338839095428
2014.13911283188	0.043238329942629834
2016.58216382991	0.04263075958068954
2019.02447623639	0.044099021144537565
2021.46605036956	0.0425548016970814
2023.90688654761	0.04463066452517884
2026.34698508858	0.04242822582594059
2028.78634631045	0.03898536831137214
2031.22497053111	0.03971951454445072
2033.66285806835	0.042225722973503285
2036.10000923987	0.039871399409357876
2038.53642436328	0.0436433665498161
2040.97210375611	0.03982078142182773
2043.40704773578	0.04042832088145382
2045.84125661964	0.04101058224962524
2048.27473072492	0.04242822582594059
2050.70747036878	0.04111184912699972
2053.13947586829	0.04146626774665837
2055.57074754041	0.04379525141472325
2058.00128570205	0.03777022758749664
2060.43109066998	0.0411624671145324
2062.8601627609	0.038327179961901714
2065.28850229143	0.04017516913917219
2067.71610957807	0.039770132531983395
2070.14298493726	0.04070681251981346
2072.56912868532	0.040554896752594646
2074.99454113851	0.039846090415591534
2077.41922261297	0.0423522988446441
2079.84317342476	0.040529587758828305
2082.26639388986	0.041997880224985455
2084.68888432414	0.03650446887608845
2087.1106450434	0.038074028219620075
2089.53167636331	0.03961824766707624
2091.95197859949	0.04133969187551755
2094.37155206745	0.04037770289392115
2096.79039708261	0.038934750323842
2099.20851396029	0.03812464620715275
2101.62590301575	0.04260545058692574
2104.04256456411	0.03982078142182773
2106.45849892045	0.03971951454445072
2108.87370639971	0.04058023664867264
2111.28818731677	0.039415713912327274
2113.70194198641	0.038732216569090504
2116.11497072333	0.03982078142182773
2118.52727384211	0.03964355666084258
2120.93885165726	0.038074028219620075
2123.34970448321	0.04020050903525019
2125.75983263425	0.03997266628673236
2128.16923642463	0.03837779794943439
2130.57791616848	0.03964355666084258
2132.98587217985	0.040554896752594646
2135.3931047727	0.03716268812787054
2137.79961426089	0.039770132531983395
2140.20540095818	0.03974482353821705
2142.61046517826	0.03885879244023133
2145.01480723472	0.03787149446487111
2147.41842744104	0.03921321105988744
2149.82132611063	0.039061326194982815
2152.22350355681	0.04108654013323591
2154.62496009279	0.03825122207829357
2157.0256960317	0.041137158120766064
2159.42571168658	0.04042832088145382
2161.82500737036	0.0391372531762793
2164.22358339589	0.04270668656198856
2166.62144007595	0.03787149446487111
2169.01857772318	0.037390499974074176
2171.41499665018	0.03625131713380681
2173.81069716942	0.0407574305073436
2176.20567959329	0.03863094969171603
2178.59994423409	0.037795567483574634
2180.99349140402	0.03820060409076089
2183.38632141519	0.03982078142182773
2185.77843457964	0.038934750323842
2188.16983120927	0.03896005931760581
2190.56051161594	0.040605545642436444
2192.95047611139	0.03971951454445072
2195.33972500725	0.041137158120766064
2197.72825861511	0.03933978693102826
2200.11607724641	0.03822591308452723
2202.50318121254	0.03918790206612364
2204.88957082477	0.03842844683927872
2207.27524639429	0.03928913804118646
2209.6602082322	0.03852968281434155
2212.0444566495	0.04037770289392115
2214.4279919571	0.03693484537935271
2216.81081446582	0.04020050903525019
2219.19292448638	0.038327179961901714
2221.57432232942	0.037998070336011935
2223.95500830547	0.03903598629890482
2226.33498272498	0.037896803458637454
2228.7142458983	0.03888410143399766
2231.09279813569	0.03863094969171603
2233.47063974732	0.03878283455662319
2235.84777104327	0.03718799712163434
2238.2241923335	0.037744918593730296
2240.59990392792	0.04035239390015481
2242.97490613632	0.037213306115400684
2245.34919926839	0.03822591308452723
2247.72278363376	0.036529808772166446
2250.09565954192	0.04004859326803137
2252.46782730231	0.03561843777810272
2254.83928722425	0.0375677247350568
2257.21003961698	0.03820060409076089
2259.58008478963	0.039592938673309895
2261.94942305127	0.037998070336011935
2264.31805471084	0.03814995520091909
2266.68598007721	0.038656258685482364
2269.05319945914	0.03852968281434155
2271.4197131653	0.03640323290102562
2273.78552150427	0.03903598629890482
2276.15062478456	0.03794745234847926
2278.51502331454	0.03592223841022616
2280.87871740252	0.03860564069794969
2283.24170735671	0.03528935905452207
2285.60399348521	0.039061326194982815
2287.96557609605	0.03744114886391598
2290.32645549714	0.037643651716355815
2292.68663199633	0.03903598629890482
2295.04610590133	0.03647915988232211
2297.40487751981	0.03845375583304253
2299.76294715931	0.03766899161243381
2302.12031512727	0.03817529509699709
2304.47698173107	0.03574501364924354
2306.83294727796	0.03939040491856094
2309.18821207512	0.037517075845215
2311.54277642963	0.03916256217004564
2313.89664064847	0.039086635188746624
2316.24980503852	0.03784618547110478
2318.6022699066	0.03837779794943439
2320.95403555938	0.039592938673309895
2323.30510230349	0.038504373820575206
2325.65547044542	0.03944105380840527
2328.0051402916	0.03852968281434155
2330.35411214835	0.037972761342245594
2332.7023863219	0.038301870968137905
2335.04996311837	0.03744114886391598
2337.39684284382	0.03903598629890482
2339.74302580418	0.03933978693102826
2342.08851230529	0.03673231162460375
2344.43330265291	0.0395422897834681
2346.7773971527	0.039415713912327274
2349.12079611023	0.04022581802901399
2351.46349983096	0.03617539015250779
2353.80550862026	0.03769430060619762
2356.14682278342	0.03966886565460891
2358.48744262562	0.038757525562856845
2360.82736845194	0.04020050903525019
2363.16660056738	0.036453850888555774
2365.50513927683	0.036631044747229266
2367.8429848851	0.038555022710419544
2370.1801376969	0.03903598629890482
2372.51659801683	0.0393650959247946
2374.85236614941	0.038934750323842
2377.18744239906	0.04118777610829874
2379.52182707011	0.040327084906391
2381.85552046679	0.040073933164109364
2384.18852289322	0.03898536831137214
2386.52083465345	0.038301870968137905
2388.85245605142	0.039871399409357876
2391.18338739097	0.03880817445270118
2393.51362897585	0.040605545642436444
2395.84318110973	0.0407574305073436
2398.17204409615	0.04242822582594059
2400.50021823858	0.0423522988446441
2402.82770384038	0.040124551151639515
2405.15450120483	0.04217507408365895
2407.48061063509	0.04387120929833393
2409.80603243426	0.04354209967244162
2412.13076690529	0.044200288021912046
2414.4548143511	0.043997785169474744
2416.77817507445	0.04473190050024166
2419.10084937804	0.046503962696213125
2421.42283756447	0.046681187457195746
2423.74413993625	0.045896423236587026
2426.06475679575	0.049035480119029494
2428.38468844531	0.05230114377492444
2430.70393518711	0.05475673421644433
2433.02249732329	0.057389487614323526
2435.34037515584	0.057819864117587785
2437.65756898669	0.05918688970637298
2439.97407911767	0.060579224288921985
2442.28990585049	0.05984507805584088
2444.60504948679	0.05895904695785515
2446.91951032808	0.056807257148461236
2449.23328867581	0.06090830301250011
2451.54638483132	0.060528575399077654
2453.85879909585	0.05622499578028982
2456.17053177052	0.05392132110598875
2458.48158315639	0.053389708627659134
2460.79195355441	0.05293402313062853
2463.10164326542	0.05574400128949288
2465.41065259017	0.054579509455459176
2467.71898182932	0.04933928075115293
2470.02663128344	0.048681092401685035
2472.33360125296	0.048453249653167205
2474.63989203825	0.05032657872651568
2476.94550393958	0.048022873149902945
2479.25043725712	0.05052908157895298
2481.55469229093	0.048883595254122336
2483.85826934098	0.04782037029746311
2486.16116870713	0.05156699754184587
2488.46339068916	0.04675711443849476
2490.76493558676	0.04599765921164985
2493.06580369949	0.04559262260446105
2495.36599532684	0.046301459843773284
2497.66551076817	0.04738999379419885
2499.96435032278	0.04655461158605492
2502.26251428984	0.04404840315700489
2504.56000296845	0.0445800156353345
2506.85681665757	0.04417497902814571
2509.15295565612	0.04645334470868044
2511.44842026287	0.04663053856735394
2513.74321077651	0.04280795343936304
2516.03732749563	0.04483316737761614
2518.33077071873	0.04533947086217942
2520.62354074419	0.04571919847560187
2522.91563787031	0.04468128251270898
2525.20706239528	0.04392182728586407
2527.49781461721	0.04723810892929169
2529.78789483408	0.04349148168491147
2532.0773033438	0.04506101012613144
2534.36604044416	0.042757335451830365
2536.65410643286	0.042757335451830365
2538.9415016075	0.04678245433457275
2541.22822626558	0.046225501960165144
2543.51428070449	0.04412436104061556
2545.79966522154	0.04652930259229112
2548.08438011393	0.04440282177666101
2550.36842567876	0.04270668656198856
2552.65180221302	0.04513696800974211
2554.93451001363	0.04612423508279066
2557.21654937738	0.04447874875796003
2559.49792060096	0.04599765921164985
2561.77862398098	0.04652930259229112
2564.05865981395	0.042326958948566105
2566.33802839626	0.044200288021912046
2568.61673002421	0.04817478891712176
2570.89476499399	0.047668485432558486
2573.17213360172	0.046503962696213125
2575.44883614338	0.04794694616860393
2577.72487291489	0.04718749094175902
2580.00024421203	0.04551669562316457
2582.27495033048	0.04652930259229112
2584.54899156587	0.047364684800432516
2586.82236821368	0.05063034845632746
2589.0950805693	0.050908809192375434
2591.36712892802	0.05050377258518664
2593.63851358505	0.05095945808221977
2595.90923483547	0.05374412724731778
2598.17929297426	0.05144042167070505
2600.44868829631	0.0518201492841275
2602.71742109642	0.05402258798336322
2604.98549166927	0.05657941439994594
2607.25290030944	0.058402094583450075
2609.51964731142	0.056376880645196976
2611.78573296958	0.059617235307325586
2614.05115757822	0.06280694107961239
2616.31592143149	0.061363988509530704
2618.58002482349	0.06533845850242877
2620.84346804817	0.06799655179638596
2623.10625139942	0.06989518986349823
2625.36837517101	0.07237608929878193
2627.6298396566	0.07417346048851972
2629.89064514976	0.07437599424327122
2632.15079194395	0.08166674587959437
2634.41028033254	0.08503367641286379
2636.66911060878	0.09364083565043946
2638.92728306582	0.09667865655781911
2641.18479799672	0.1047288634209897
2643.44165569444	0.10839956368407344
2645.69785645182	0.12017111970016958
2647.95340056162	0.13571464285672394
2650.20828831645	0.14462560272642558
2652.46252000888	0.16325756477788972
2654.71609593134	0.1780669417013655
2656.96901637616	0.19325604623826373
2659.22128163557	0.21619158790851825
2661.47289200171	0.24537999615451722
2663.72384776659	0.26874591432803596
2665.97414922213	0.2995544690027876
2668.22379666017	0.3304642596525995
2670.4727903724	0.35805779956129796
2672.72113065044	0.38656271046406016
2674.9688177858	0.40949828303662633
2677.21585206988	0.42458608979383844
2679.46223379399	0.4343830498592116
2681.70796324931	0.44243328762469386
2683.95304072694	0.4422814336620984
2686.19746651787	0.4318009144488651
2688.44124091298	0.41823201814534283
2690.68436420305	0.39699254988513993
2692.92683667876	0.37172799364450637
2695.16865863068	0.33919799476131596
2697.40983034928	0.30836416199511224
2699.65035212492	0.28003644495102353
2701.89022424785	0.2508480367050246
2704.12944700824	0.22781122815739557
2706.36802069612	0.20543263886154867
2708.60594560146	0.18295275178601564
2710.84322201407	0.1703711225555419
2713.0798502237	0.15368841655872018
2715.31583051998	0.1390056155063852
2717.55116319244	0.1264239862759115
2719.78584853048	0.11791809391571284
2722.01988682344	0.10850083056144792
2724.2532783605	0.10034935682090285
2726.48602343079	0.09660269867421097
2728.71812232329	0.08488179154795916
2730.9495753269	0.08073009679407596
2733.1803827304	0.07764162699685451
2735.4105448225	0.07604678956186567
2737.64006189173	0.07336338727414467
2739.86893422659	0.06731305445314918
2742.09716211544	0.062325946588815455
2744.32474584653	0.06364235419006545
2746.55168570802	0.061591831258048534
2748.77798198795	0.058478052467058214
2751.00363497426	0.057136335872041887
2753.22864495479	0.056452838528805116
2755.45301221725	0.052528986523439736
2757.67673704928	0.052047992032642806
2759.89981973839	0.05103538506351626
2762.12226057198	0.053136556885377495
2764.34405983734	0.04789629727876213
2766.56521782169	0.04604830810149165
2768.7857348121	0.04865575250560704
2771.00561109555	0.04822540690465191
2773.22484695892	0.04746595167780699
2775.44344268897	0.04685838131586924
2777.66139857236	0.04402309416323855
2779.87871489564	0.04468128251270898
2782.09539194526	0.0431876810527855
2784.31143000754	0.04290922031673752
2786.52682936873	0.04270668656198856
2788.74159031494	0.04245353481970692
2790.95571313218	0.04042832088145382
2793.16919810637	0.04159284361779919
2795.38204552329	0.04073212151357727
2797.59425566864	0.04017516913917219
2799.805828828	0.04171941948894001
2802.01676528685	0.03822591308452723
2804.22706533056	0.03802337932977827
2806.43672924436	0.03766899161243381
2808.64575731343	0.036884196489510905
2810.85414982279	0.037820876477338436
2813.06190705738	0.037998070336011935
2815.26902930203	0.038074028219620075
2817.47551684145	0.03468178869258431
2819.68136996024	0.03680826950821189
2821.88658894291	0.03792214335471545
2824.09117407383	0.0371120392380262
2826.29512563729	0.03827653107205991
2828.49844391747	0.03521340117091392
2830.70112919842	0.035947547403992496
2832.90318176409	0.0357197046554772
2835.10460189833	0.035086825299773104
2837.30538988487	0.034934940434865946
2839.50554600732	0.03533997704205474
2841.70507054922	0.03579566253908534
2843.90396379395	0.035112134293539446
2846.10222602482	0.03404890933688021
2848.29985752501	0.03465647969881797
2850.49685857759	0.0336944907172241
2852.69322946553	0.0353146680482884
2854.88897047169	0.033314763103801645
2857.08408187879	0.034909631441099605
2859.27856396949	0.031112355306875047
2861.4724170263	0.03316287823889449
2863.66564133164	0.032960344484145525
2865.85823716781	0.031618658791438325
2868.050204817	0.03422610319555371
2870.2415445613	0.033112260251364344
2872.43225668266	0.030504784944937295
2874.62234146295	0.033618563735927615
2876.81179918393	0.03384637558213126
2879.00063012722	0.033365411993645976
2881.18883457435	0.032631265760564875
2883.37641280674	0.033036302367753664
2885.56336510569	0.03131485815931488
2887.7496917524	0.033719799710990435
2889.93539302793	0.033416029981176126
2892.12046921326	0.03177054365634548
2894.30492058926	0.030302251190188336
2896.48874743666	0.03141612503668936
2898.67195003609	0.031036397423266908
2900.85452866809	0.03255530787695673
2903.03648361305	0.031264240171782205
2905.21781515128	0.031517391914063844
2907.39852356295	0.030960470441970422
2909.57860912814	0.03179585265011182
2911.75807212682	0.030707318699688787
2913.93691283883	0.03247938089566025
2916.1151315439	0.031618658791438325
2918.29272852166	0.031112355306875047
2920.46970405161	0.029061832374858144
2922.64605841316	0.03141612503668936
2924.82179188558	0.03232746512844143
2926.99690474805	0.03187181053371996
2929.17139727962	0.031112355306875047
2931.34526975924	0.029365602104669927
2933.51852246574	0.032605956766801066
2935.69115567784	0.03015036632528118
2937.86316967414	0.029644062840717904
2940.03456473313	0.029846596595466863
2942.20534113318	0.03113766430064139
2944.37549915256	0.028580837884058675
2946.54503906942	0.02888460761387299
2948.71396116179	0.02868210476143569
2950.8822657076	0.026049320461242302
2953.04995298465	0.028277037251935238
2955.21702327062	0.027644157896231144
2957.38347684312	0.025922744590101483
2959.54931397958	0.02607462945500864
2961.71453495737	0.027036618436605046
2963.87914005372	0.02789730963851278
2966.04312954574	0.025239216344555587
2968.20650371045	0.02564428385405604
2970.36926282472	0.025492368086837226
2972.53140716535	0.02544175009930455
2974.69293700897	0.027264430282808685
2976.85385263216	0.02544175009930455
2979.01415431133	0.025416441105538208
2981.17384232278	0.024251949271507034
2983.33291694274	0.022555814056832057
2985.49137844726	0.023543112032192268
2987.64922711234	0.023163384418769813
2989.8064632138	0.02331526928367697
2991.9630870274	0.023036808547628993
2994.11909882875	0.021416631216564692
2996.27449889334	0.023593730019724948
2998.42928749659	0.024910137620974934
3000.58346491374	0.024251949271507034
3002.73703141997	0.02275834781158102
3004.8899872903	0.022657080934206538
3007.04233279965	0.022935541670254515
3009.19406822284	0.023011499553862655
3011.34519383455	0.022150777449643264
3013.49570990936	0.0224039291919249
3015.64561672172	0.02164447396507999
3017.79491454597	0.021821667823753485
3019.94360365632	0.02273303881781721
3022.09168432689	0.01949268415568607
3024.23915683165	0.021112861486750376
3026.38602144448	0.020150872505156504
3028.53227843913	0.021264746351657534
3030.67792808923	0.021922934701127966
3032.82297066831	0.020859709744468737
3034.96740644975	0.019872411769108526
3037.11123570684	0.01863196205146668
3039.25445871273	0.021290055345423872
3041.39707574049	0.018353501315418703
3043.53908706303	0.019416726272077932
3045.68049295316	0.018783846916373838
3047.82129368358	0.02053060011857896
3049.96148952684	0.020581249008423296
3052.1010807554	0.02042933324120448
3054.24006764161	0.019442066168155928
3056.37845045767	0.020353406259905463
3058.51622947568	0.01782188883708909
3060.65340496763	0.017315585352525815
3062.78997720535	0.019340799290778914
3064.92594646061	0.017543428101043645
3067.06131300501	0.0165054812358391
3069.19607711007	0.01918891442587429
3071.33023904715	0.019948369652719202
3073.46379908752	0.01729027635876201
3075.59675750233	0.019112956542263616
3077.7291145626	0.017999082695762586
3079.86087053922	0.019315490297015108
3081.99202570299	0.01888511379374832
3084.12258032456	0.017138360591543195
3086.25253467448	0.018404119302951383
3088.38188902317	0.017239627468917676
3090.51064364093	0.017467470217432973
3092.63879879794	0.018328192321652365
3094.76635476428	0.017011784720402375
3096.89331180986	0.017543428101043645
3099.01967020452	0.017239627468917676
3101.14543021796	0.017138360591543195
3103.27059211975	0.01716370048762119
3105.39515617934	0.015973868757509488
3107.51912266608	0.01729027635876201
3109.64249184919	0.016556130125680905
3111.76526399774	0.0165054812358391
3113.88743938072	0.01627766938963546
3116.00901826698	0.016328287377165605
3118.13000092523	0.016708014990588063
3120.2503876241	0.016302978383399266
3122.37017863206	0.015492874266712553
3124.48937421748	0.014328382432678846
3126.6079746486	0.015442256279179875
3128.72598019354	0.016708014990588063
3130.84339112029	0.014708110046101302
3132.96020769673	0.015189104536898238
3135.07643019061	0.01688520884926156
3137.19205886957	0.016302978383399266
3139.3070940011	0.01574602600899419
3141.42153585259	0.015973868757509488
3143.5353846913	0.017138360591543195
3145.64864078438	0.014758758935945637
3147.76130439882	0.014986570782149279
3149.87337580154	0.016125753622416646
3151.98485525929	0.016378905364698285
3154.09574303872	0.01680928186796254
3156.20603940634	0.015087837659523758
3158.31574462857	0.016378905364698285
3160.42485897167	0.014961261788382939
3162.53338270181	0.015594141144087033
3164.64131608498	0.01620171150602479
3166.74865938712	0.015492874266712553
3168.85541287398	0.01437903132252318
3170.96157681123	0.01539163829164973
3173.0671514644	0.01503721967199108
3175.17213709889	0.01539163829164973
3177.27653397998	0.015366298395571734
3179.38034237284	0.013872727837959906
3181.48356254248	0.01404992169663087
3183.58619475382	0.014530916187427806
3185.68823927165	0.012910738856363502
3187.78969636061	0.01407523069039721
3189.89056628524	0.013391733347160439
3191.99084930995	0.01415118857400535
3194.09054569901	0.012733544997692539
3196.18965571659	0.014100539684163547
3198.28817962671	0.014581534174960484
3200.38611769327	0.014454958303819664
3202.48347018006	0.013594236199600273
3204.58023735073	0.012834780972755361
3206.67641946881	0.015087837659523758
3208.77201679769	0.014227115555304367
3210.86702960065	0.01706243361024418
3212.96145814084	0.015416947285413537
3215.05530268128	0.01683459086172888
3217.14856348487	0.017973773701996248
3219.24124081437	0.019593951033060553
3221.33333493243	0.02237862019815856
3223.42484610157	0.023568421025958606
3225.51577458416	0.02220139543717594
3227.60612064247	0.026353090191056618
3229.69588453864	0.023669687903333087
3231.78506653466	0.024732912859992313
3233.87366689244	0.02220139543717594
3235.9616858737	0.021036903603142233
3238.04912374008	0.02042933324120448
3240.13598075307	0.01842945919902938
3242.22225717405	0.01703712461648037
3244.30795326425	0.015594141144087033
3246.39306928479	0.015897941776213006
3248.47760549664	0.01384738794188191
3250.56156216068	0.012404435371800228
3252.64493953762	0.0112905615252992
3254.72773788807	0.011037409783017562
3256.8099574725	0.009315996476890435
3258.89159855124	0.011113367666625702
3260.97266138451	0.009872917948983855
3263.05314623241	0.010607064182062427
3265.13305335488	0.009923535936516532
3267.21238301175	0.007518594384840978
3269.29113546272	0.009113462722138943
3271.36931096736	0.009771651071609374
3273.4469097851	0.0074679763973083
3275.52393217526	0.008759044102482825
3277.60037839702	0.0077970860232006115
3279.67624870941	0.006936363918978687
3281.75154337138	0.009037504838530802
3283.8262626417	0.007771746127122615
3285.90040677904	0.0077970860232006115
3287.97397604193	0.005569338330196021
3290.04697068876	0.007974279881871575
3292.11939097781	0.006657903182933243
3294.19123716721	0.007493285391074639
3296.26250951497	0.008759044102482825
3298.33320827897	0.006961672912745026
3300.40333371696	0.005797181078711319
3302.47288608655	0.006784479054074062
3304.54186564524	0.006657903182933243
3306.61027265036	0.007594552268449119
3308.67810735915	0.006961672912745026
3310.74537002869	0.007771746127122615
3312.81206091594	0.006860406035370546
3314.87818027774	0.006430060434415412
3316.94372837077	0.008075546759246054
3319.00870545161	0.008176813636623067
3321.07311177668	0.007189515661260324
3323.13694760229	0.007771746127122615
3325.2002131846	0.005189610716773565
3327.26290877964	0.005898447956088331
3329.32503464334	0.007392018513700159
3331.38659103145	0.0054933804465878795
3333.4475781996	0.004961767968258266
3335.50799640332	0.0059237569498521376
3337.56784589797	0.006759139157996066
3339.62712693879	0.006531327311792424
3341.68583978089	0.005113652833165424
3343.74398467924	0.005063034845632746
3345.80156188869	0.0057718720849475125
3347.85857166394	0.006733830164229728
3349.91501425956	0.005619956317728698
3351.97088992999	0.005898447956088331
3354.02619892956	0.004607349348602149
3356.0809415124	0.005949065943618477
3358.13511793259	0.0037213182506164186
3360.18872844401	0.004809883103351109
3362.24177330044	0.005164301723007226
3364.29425275552	0.004733925219742968
3366.34616706274	0.005012416858102601
3368.39751647548	0.0037213182506164186
3370.44830124696	0.004075736870272535
3372.49852163029	0.00478457410958477
3374.54817787843	0.0054933804465878795
3376.5972702442	0.004607349348602149
3378.64579898031	0.0043795375023985075
3380.69376433931	0.004708616225976629
3382.74116657361	0.0054933804465878795
3384.78800593552	0.004885840986961782
3386.83428267718	0.004151694753880677
3388.8799970506	0.004531422367303133
3390.92514930767	0.005290877594148044
3392.96973970014	0.0036200822755535957
3395.01376847962	0.004151694753880677
3397.05723589757	0.0034428575145684422
3399.10014220533	0.00448077347746133
3401.1424876541	0.003670700263083741
3403.18427249495	0.004885840986961782
3405.22549697881	0.00448077347746133
3407.26616135646	0.003822585127990898
3409.30626587856	0.0037466581466944144
3411.34581079563	0.0036200822755535957
3413.38479635805	0.003569433385709261
3415.42322281605	0.003493506404412777
3417.46109041976	0.003645391269317402
3419.49839941912	0.0030884388949123254
3421.53515006399	0.0037213182506164186
3423.57134260405	0.0036200822755535957
3425.60697728886	0.0027846691650980104
3427.64205436783	0.0037466581466944144
3429.67657409025	0.0030125119136133085
3431.71053670525	0.0026834022877235304
3433.74394246185	0.0025821354103490505
3435.77679160891	0.0035188153981765835
3437.80908439515	0.002177098803160256
3439.84082106917	0.0035947423794756
3441.87200187943	0.002480899435286228
3443.90262707421	0.0023543235641454094
3445.93269690172	0.0030884388949123254
3447.96221160996	0.002961863023771507
3449.99117144686	0.0033162816434276236
3452.01957666015	0.002151789809393917
3454.04742749746	0.0026580932939571917
3456.07472420626	0.003392239527035765
3458.1014670339	0.0034175485208021036
3460.12765622756	0.0009619889815964042
3462.15329203432	0.002506208429050034
3464.17837470108	0.002126480815627578
3466.20290447463	0.0020505229320194373
3468.22688160161	0.0010885648527372228
3470.25030632851	0.0013670255887826663
3472.2731789017	0.003493506404412777
3474.29549956739	0.0027340511775678653
3476.31726857166	0.0006075703619377544
3478.33848616045	0.0013163766989408641
3480.35915257955	0.002101171821863772
3482.37926807462	0.001113873846501029
3484.39883289117	0.0016707953185969814
3486.41784727458	0.00169610431236332
3488.43631147007	0.0
3490.45422572275	0.0007088372393147668
3492.47159027755	0.00134171659501886
3494.4884053793	0.0011644918340337066
3496.50467127263	0.0014682924661596787
3498.5203882021	0.0018480200795821346
