1001.77463942924	0.12297001787749602
1004.53092997605	0.11703572926843538
1007.28635062209	0.1173541474435519
1010.0409017241	0.1163120355356231
1012.79458363868	0.11558834180281083
1015.54739672233	0.1112751200879288
1018.29934133142	0.10635400270480533
1021.05041782219	0.11162251428164134
1023.8006265508	0.11118829804195397
1026.54996787325	0.10661453951593863
1029.29844214545	0.10319872629903025
1032.0460497232	0.10302501153386887
1034.79279096215	0.1017513388334057
1037.53866621786	0.10010129592062816
1040.28367584578	0.0967433640677001
1043.02782020123	0.10215657905449414
1045.7710996394	0.1007091915888696
1048.51351451539	0.10502241330375163
1051.25506518417	0.1028223914233232
1053.99575200061	0.10589084578312635
1056.73557531945	0.10117238384715588
1059.4745354953	0.10797510493559126
1062.2126328827	0.10496453193976842
1064.94986783605	0.10687507632707194
1067.68624070961	0.11136197747050804
1070.42175185757	0.10681719496309162
1073.15640163398	0.10907509820750036
1075.89019039278	0.11289622231871473
1078.6231184878	0.1152409829457027
1081.35518627276	0.11330146253980315
1084.08639410125	0.1089014187789463
1086.81674232676	0.11535678101027645
1089.54623130267	0.11596467667851498
1092.27486138224	0.11674625177531046
1095.00263291861	0.11599361736050659
1097.72954626482	0.12001736158226371
1100.45560177378	0.1162541541716399
1103.18079979831	0.11926472716746273
1105.90514069112	0.12181210790499639
1108.62862480477	0.12178316722300478
1111.35125249175	0.12192790596956724
1114.07302410441	0.12308581594206687
1116.793939995	0.1260963889378868
1119.51400051566	0.12545951725104937
1122.23320601841	0.12890430648655665
1124.95155685517	0.128209553435736
1127.66905337774	0.1269069047166739
1130.38569593782	0.1332175282014387
1133.10148488697	0.12580691144476192
1135.81642057667	0.13365174444112607
1138.53050335829	0.1290201045511275
1141.24373358306	0.13266751389718048
1143.95611160214	0.13405701999882183
1146.66763776654	0.13411490136280504
1149.37831242718	0.14123604062635692
1152.08813593487	0.13842812307768707
1154.7971086403	0.13819652694854537
1157.50523089408	0.14236500991686496
1160.21250304667	0.14546244029526703
1162.91892544844	0.1430018816037053
1165.62449844965	0.14557820302323057
1168.32922240045	0.1456361197238182
1171.0330976509	0.15035458165979157
1173.73612455091	0.1493414104338544
1176.43830345031	0.14737298468256765
1179.13963469882	0.15023881893182806
1181.84011864604	0.14835721522651613
1184.53975564147	0.1541177890704154
1187.23854603451	0.15747575625995078
1189.93649017442	0.15895208440756406
1192.63358841039	0.16291791192873353
1195.32984109149	0.16216527751392965
1198.02524856667	0.16158632252767985
1200.71981118478	0.16372846304412506
1203.41352929457	0.1691416780309191
1206.10640324467	0.17058906549654365
1208.79843338361	0.16613110503509915
1211.48962005981	0.16775220726588508
1214.17996362159	0.17194963091619628
1216.86946441716	0.17701548704588219
1219.55812279461	0.17692862966330003
1222.24593910194	0.17791286020724562
1224.93291368704	0.17936024767287018
1227.61904689769	0.1847734626596642
1230.30433908157	0.1828339775903691
1232.98879058625	0.18824719257716313
1235.67240175918	0.18781297633747576
1238.35517294773	0.18940510254966275
1241.03710449915	0.18818931121317992
1243.71819676058	0.1918077798772413
1246.39845007907	0.19620782363809813
1249.07786480155	0.1966420398777855
1251.75644127485	0.19698943407150094
1254.43417984571	0.20396583458848747
1257.11108086072	0.2045737302567289
1259.78714466643	0.2085106170959068
1262.46237160921	0.20425531208161238
1265.1367620354	0.2061369157869243
1267.81031629118	0.2088000945890317
1270.48303472266	0.20790272142766536
1273.15491767583	0.22003183545691996
1275.82596549657	0.21545807693090463
1278.49617853067	0.21728179927223332
1281.16555712381	0.21927920104211898
1283.83410162156	0.2201765742034824
1286.50181236939	0.23059776395597917
1289.16868971269	0.23465044885972788
1291.8347339967	0.23647413586445215
1294.49994556659	0.23378201638035317
1297.16432476743	0.24214792299898683
1299.82787194415	0.24449264828936748
1302.49058744163	0.24987695793077724
1305.15247160459	0.24084527427992475
1307.81352477769	0.25702703787632075
1310.47374730548	0.2613402949278101
1313.1331395324	0.26281658773881894
1315.79170180277	0.2732667535099146
1318.44943446083	0.274627283592957
1321.10633785073	0.2779852507824924
1323.76241231648	0.28895641950264006
1326.41765820202	0.2967723118170126
1329.07207585117	0.30429872663826024
1331.72566560766	0.30855403165255463
1334.3784278151	0.3240410775347373
1337.03036281703	0.3281806198210653
1339.68147095686	0.33104641873371543
1342.33175257789	0.3298017220518512
1344.98120802335	0.32763064085341437
1347.62983763636	0.32175423360833694
1350.27764175994	0.3222173551934057
1352.92462073697	0.316948878953177
1355.57077491028	0.311535663966383
1358.21610462259	0.3085251263071704
1360.86061021649	0.2981328419000579
1363.50429203449	0.2903459256042843
1366.14715041901	0.28716167317991026
1368.78918571234	0.28024311869029384
1371.4303982567	0.28748005601841653
1374.07078839419	0.27662465002623243
1376.71035646681	0.27445356882779565
1379.34910281647	0.2702561451774844
1381.98702778498	0.2688087577118599
1384.62413171402	0.2703140972146823
1387.26041494523	0.26458242871616733
1389.89587782008	0.25948759656788245
1392.53052068001	0.2637718776007729
1395.16434386629	0.255782270521239
1397.79734772015	0.25650596425405126
1400.42953258269	0.25749023013460703
1403.0608987949	0.25731651536944566
1405.69144669771	0.25491383804186424
1408.32117663193	0.2561297000515617
1410.95008893825	0.2546823125859372
1413.57818395728	0.25230854060374003
1416.20546202954	0.25167170425350993
1418.83192349543	0.24614272653875235
1421.45756869528	0.2528007088806253
1424.08239796929	0.25335068784827613
1426.70641165757	0.24591113040961066
1429.32961010016	0.248892762723439
1431.95199363695	0.24032420065765522
1434.57356260778	0.24136634790219133
1437.19431735237	0.254566479184759
1439.81425821033	0.2486611665942973
1442.43338552118	0.25065853302757274
1445.05169962437	0.24741639923921552
1447.66920085921	0.24845854648375162
1450.28588956493	0.24130839586499347
1452.90176608067	0.23942679215968157
1455.51683074547	0.2420900416350036
1458.13108389825	0.2484295704651527
1460.74452587786	0.24382690659375308
1463.35715702303	0.2418873508512433
1465.96897767243	0.24402952670429873
1468.57998816457	0.2420610656164047
1471.19018883794	0.24429002817882473
1473.79958003086	0.24339269035406572
1476.4081620816	0.24530319940476192
1479.01593532831	0.24567953428046604
1481.62290010905	0.24724268447405412
1484.22905676179	0.24350845308202923
1486.83440562438	0.2502821981518657
1489.43894703461	0.24246630583749312
1492.04268133016	0.248197974336011
1494.64560884857	0.25474019394992037
1497.24772992735	0.248197974336011
1499.84904490388	0.24799535422546534
1502.44955411543	0.2534664505762397
1505.0492578992	0.2576059928625706
1507.64815659229	0.2508322477927341
1510.24625053168	0.2588217841990505
1512.84354005429	0.2631929226145231
1515.44002549691	0.2683166601081922
1518.03570719625	0.27147200718718195
1520.63058548894	0.26964828484585324
1523.22466071147	0.2775799398881893
1525.81793320028	0.2857142857142857
1528.41040329169	0.28435375563124043
1531.00207132192	0.2930959617889709
1533.59293762712	0.2928353896412274
1536.18300254332	0.2955275444619337
1538.77226640645	0.3097119416250543
1541.36072955237	0.31975679650184397
1543.94839231684	0.33692282597879575
1546.53525503548	0.33674918188684905
1549.12131804389	0.3636705887474656
1551.70658167752	0.37310751261940944
1554.29104627173	0.4014763069456506
1556.87471216181	0.425531914893617
1559.45757968292	0.45387173320125923
1562.03964917017	0.49439858223874655
1564.62092095853	0.5345780724191258
1567.2013953829	0.5808654953005123
1569.78107277808	0.6096974818850398
1572.35995347877	0.6268345353433927
1574.93803781959	0.6432768710875293
1577.51532613504	0.6240555938133218
1580.09181875956	0.5967867574223824
1582.66751602746	0.5709364738249009
1585.24241827297	0.5325227539486524
1587.81652583024	0.49978289188015634
1590.3898390333	0.4709219999502446
1592.96235821611	0.4267766822486959
1595.53408371251	0.40173687909339123
1598.10501585628	0.381878694795736
1600.67515498106	0.36911270907964105
1603.24450142043	0.3527572307180837
1605.81305550788	0.3351280796560631
1608.38081757677	0.31949629502731797
1610.9477879604	0.3092198440213837
1613.51396699198	0.29448546789061225
1616.07935500458	0.2899406147099783
1618.64395233122	0.2703430025600666
1621.20775930483	0.25795335171967576
1623.7707762582	0.24136634790219133
1626.33300352408	0.23534520191055144
1628.89444143508	0.22370818548496454
1631.45509032376	0.21476332388008396
1634.01495052255	0.20396583458848747
1636.5740223638	0.19484729355505284
1639.13230617978	0.18552609707446807
1641.68980230264	0.18352873064119266
1644.24651106446	0.17632073399505863
1646.80243279721	0.16760746851932262
1649.35756783278	0.15976260018635113
1651.91191650296	0.15709942138424374
1654.46547913944	0.1500940801852656
1657.01825607383	0.14288608353913157
1659.57024763764	0.14372557533651759
1662.12145416229	0.13538860939987551
1664.6718759791	0.13495439316018815
1667.2215134193	0.1371833557226082
1669.77036681404	0.1299753944130844
1672.31843649435	0.12343317479917498
1674.8657227912	0.12074105531507599
1677.41222603543	0.11651469098277609
1679.95794655782	0.11535678101027645
1682.50288468904	0.11729626607956868
1685.04704075968	0.11228829131386597
1687.59041510022	0.11249094676101606
1690.13300804106	0.11217252858590245
1692.67481991249	0.1105224856731249
1695.21585104474	0.10658559883394703
1697.75610176791	0.10484873387519757
1700.29557241205	0.10371976458468954
1702.83426330707	0.10487767455718917
1705.37217478282	0.1051960927323057
1707.90930716905	0.0996381389989492
1710.44566079541	0.10461713774605587
1712.98123599146	0.09995655717406571
1715.51603308669	0.09729337837195831
1718.05005241045	0.10183816087937762
1720.58329429205	0.0964538865745752
1723.11575906067	0.09601967033488783
1725.64744704542	0.09321175278622088
1728.17835857532	0.10053551216031553
1730.70849397927	0.09807495346875379
1733.2378535861	0.09280647722852221
1735.76643772453	0.09494861774497033
1738.29424672323	0.08999852434324794
1740.82128091074	0.09257488109938052
1743.3475406155	0.09344331357875525
1745.87302616589	0.09315383608563034
1748.39773789019	0.09280647722852221
1750.92167611656	0.09086695682262266
1753.44484117311	0.09243014235281806
1755.96723338783	0.0940801852655956
1758.48885308862	0.09335649153278333
1761.00970060331	0.08976696355071066
1763.52977625961	0.0872195474765697
1766.04908038514	0.08745114360571139
1768.56761330746	0.08808797995594442
1771.08537535401	0.08623531693262411
1773.60236685214	0.08907221049989
1776.11858812912	0.08994064297926473
1778.63403951211	0.0880011579099725
1781.14872132821	0.08875379232477348
1783.6626339044	0.0856563619463743
1786.17577756757	0.087480084287703
1788.68815264454	0.08658271112633666
1791.199759462	0.084295831863329
1793.7105983466	0.08360107881250832
1796.22066962486	0.08533794377125778
1798.72997362322	0.08218263202887538
1801.23851066803	0.08745114360571139
1803.74628108554	0.084295831863329
1806.25328520193	0.08183527317176725
1808.75952334326	0.08232737077543784
1811.2649958355	0.08206686930091185
1813.76970300458	0.08203789328231292
1816.27364517628	0.08128525886750905
1818.77682267629	0.08229843009344623
1821.27923583026	0.08047474308872485
1823.78088496369	0.08137211625008829
1826.28177040204	0.07708783521719786
1828.78189247064	0.0800694675310262
1831.28125149473	0.08160367704262556
1833.77984779949	0.08241422815801708
1836.27768170998	0.08449845197387465
1838.77475355119	0.08035894502415111
1841.271063648	0.0782457451896975
1843.76661232521	0.0835142567665364
1846.26139990751	0.08336951801997394
1848.75542671954	0.07975104935591258
1851.2486930858	0.07737731271032276
1853.74119933074	0.0784773413188392
1856.23294577869	0.08183527317176725
1858.72393275391	0.08209580998290056
1861.21416058054	0.08128525886750905
1863.70362958267	0.0811694608029382
1866.19234008426	0.08001155083043855
1868.6802924092	0.0798089307198929
1871.16748688129	0.08041682638813431
1873.65392382424	0.08215369134688377
1876.13960356164	0.08250108554059922
1878.62452641704	0.08449845197387465
1881.10869271384	0.08342739938395426
1883.59210277541	0.08111157943895499
1886.07475692498	0.07954839390875959
1888.55665548571	0.08224054872946301
1891.03779878067	0.07946157186278767
1893.51818713284	0.07853522268282241
1895.99782086509	0.07807206576114344
1898.47670030024	0.0782746858716891
1900.95482576096	0.08235634679403676
1903.43219756989	0.08261684826856275
1905.90881604954	0.0782746858716891
1908.38468152235	0.07894049824051816
1910.85979431064	0.08027208764157186
1913.33415473668	0.07734837202833116
1915.80776312261	0.07740625339231437
1918.28061979051	0.07616152137383991
1920.75272506234	0.07894049824051816
1923.22407926001	0.07752205145688522
1925.69468270529	0.0798089307198929
1928.16453571989	0.07714575191778839
1930.63363862544	0.07905629630508901
1933.10199174344	0.07364304598169055
1935.56959539533	0.07905629630508901
1938.03644990244	0.07815892314372558
1940.50255558603	0.07283253020290346
1942.96791276726	0.07676941704208134
1945.43252176718	0.07720363328176871
1947.8963829068	0.07503255208333189
1950.35949650697	0.07422200096794036
1952.8218628885	0.07781152895001013
1955.2834823721	0.07656679693153857
1957.74435527836	0.07639308216637719
1960.20448192784	0.07506149276532349
1962.66386264093	0.07792732701458098
1965.12249773799	0.07497467071935157
1967.58038753927	0.07561150706958171
1970.03753236493	0.07071933036844985
1972.49393253504	0.07977999003790129
1974.94958836957	0.07566938843356491
1977.4045001884	0.07338254450716457
1979.85866831133	0.07607466399126067
1982.31209305807	0.07705889453520626
1984.76477474823	0.07778258826801852
1987.21671370133	0.07572730513415256
1989.6679102368	0.0771746925997771
1992.11836467399	0.07601678262727746
1994.56807733213	0.07676941704208134
1997.0170485304	0.0724272546452077
1999.46527858786	0.07456939516165291
2001.91276782348	0.07645099886696483
2004.35951655615	0.07960631060935013
2006.80552510467	0.07517729082989434
2009.25079378774	0.07456939516165291
2011.69532292397	0.07795626769657259
2014.13911283188	0.07459833584364452
2016.58216382991	0.07598784194528875
2019.02447623639	0.07653782091293965
2021.46605036956	0.07639308216637719
2023.90688654761	0.07503255208333189
2026.34698508858	0.07578518649813576
2028.78634631045	0.08033000434216239
2031.22497053111	0.07317988906001158
2033.66285806835	0.07280358952091474
2036.10000923987	0.07161670352981618
2038.53642436328	0.07080618775102909
2040.97210375611	0.07520623151188595
2043.40704773578	0.07711677589918946
2045.84125661964	0.07315094837801997
2048.27473072492	0.0766536189775105
2050.70747036878	0.07427991766852801
2053.13947586829	0.07387464211083225
2055.57074754041	0.07726151464575191
2058.00128570205	0.07581412718012737
2060.43109066998	0.07173250159438703
2062.8601627609	0.07471413390821537
2065.28850229143	0.07277461350231582
2067.71610957807	0.07317988906001158
2070.14298493726	0.07488781333676943
2072.56912868532	0.06982195720708351
2074.99454113851	0.07283253020290346
2077.41922261297	0.06959036107794181
2079.84317342476	0.07506149276532349
2082.26639388986	0.06999563663563757
2084.68888432414	0.07393252347481546
2087.1106450434	0.07228251589864525
2089.53167636331	0.07471413390821537
2091.95197859949	0.07422200096794036
2094.37155206745	0.07202197908751194
2096.79039708261	0.06938774096739615
2099.20851396029	0.07161670352981618
2101.62590301575	0.07262987475575336
2104.04256456411	0.0734983072351281
2106.45849892045	0.07086406911501231
2108.87370639971	0.07364304598169055
2111.28818731677	0.072195658516066
2113.70194198641	0.07170356091239542
2116.11497072333	0.07289041156688666
2118.52727384211	0.07427991766852801
2120.93885165726	0.07126934467270807
2123.34970448321	0.07425097698653929
2125.75983263425	0.07126934467270807
2128.16923642463	0.07014037538220003
2130.57791616848	0.07277461350231582
2132.98587217985	0.07367202200028948
2135.3931047727	0.07054565093989579
2137.79961426089	0.07225357521665364
2140.20540095818	0.07289041156688666
2142.61046517826	0.06906932279227963
2145.01480723472	0.07708783521719786
2147.41842744104	0.07074827105044146
2149.82132611063	0.07390358279282386
2152.22350355681	0.06886666734512954
2154.62496009279	0.07132722603669127
2157.0256960317	0.07344042587114488
2159.42571168658	0.07291935224887827
2161.82500737036	0.07071933036844985
2164.22358339589	0.07184829965895788
2166.62144007595	0.07329568712458243
2169.01857772318	0.07124040399071646
2171.41499665018	0.06782455543720076
2173.81069716942	0.07260093407376177
2176.20567959329	0.07352728325372702
2178.59994423409	0.07022723276477927
2180.99349140402	0.06996669595364596
2183.38632141519	0.07100880786157476
2185.77843457964	0.07126934467270807
2188.16983120927	0.07291935224887827
2190.56051161594	0.07190618102294109
2192.95047611139	0.07517729082989434
2195.33972500725	0.06930088358481691
2197.72825861511	0.07095092649759155
2200.11607724641	0.07500361140134028
2202.50318121254	0.07291935224887827
2204.88957082477	0.07315094837801997
2207.27524639429	0.07236937328122739
2209.6602082322	0.07066144900446664
2212.0444566495	0.07251411202778985
2214.4279919571	0.07181935897696627
2216.81081446582	0.0684614271240411
2219.19292448638	0.069011406091692
2221.57432232942	0.07141408341927051
2223.95500830547	0.07063250832247793
2226.33498272498	0.07071933036844985
2228.7142458983	0.06875090461716601
2231.09279813569	0.07054565093989579
2233.47063974732	0.07152988148384136
2235.84777104327	0.07037197151134172
2238.2241923335	0.07225357521665364
2240.59990392792	0.06953247971395861
2242.97490613632	0.06880878598114633
2245.34919926839	0.07277461350231582
2247.72278363376	0.07407726222137791
2250.09565954192	0.06993775527165436
2252.46782730231	0.0694745983499783
2254.83928722425	0.07118248729012881
2257.21003961698	0.06987983857106672
2259.58008478963	0.06909826347427124
2261.94942305127	0.06663770478270951
2264.31805471084	0.07129828535469966
2266.68598007721	0.07124040399071646
2269.05319945914	0.07092198581560284
2271.4197131653	0.07042985287532494
2273.78552150427	0.06979301652509191
2276.15062478456	0.06617454786103054
2278.51502331454	0.069011406091692
2280.87871740252	0.06802721088435375
2283.24170735671	0.069503539031967
2285.60399348521	0.06574033162134317
2287.96557609605	0.07205091976950355
2290.32645549714	0.07095092649759155
2292.68663199633	0.0692430022208337
2295.04610590133	0.07236937328122739
2297.40487751981	0.07170356091239542
2299.76294715931	0.06796929418376321
2302.12031512727	0.07028511412876248
2304.47698173107	0.07028511412876248
2306.83294727796	0.07251411202778985
2309.18821207512	0.06805615156634245
2311.54277642963	0.06932985960341584
2313.89664064847	0.06944562233137937
2316.24980503852	0.07210883647009118
2318.6022699066	0.06866404723458387
2320.95403555938	0.06880878598114633
2323.30510230349	0.07280358952091474
2325.65547044542	0.07147196478325372
2328.0051402916	0.07028511412876248
2330.35411214835	0.06617454786103054
2332.7023863219	0.06857718985200463
2335.04996311837	0.07260093407376177
2337.39684284382	0.07129828535469966
2339.74302580418	0.0660876904784513
2342.08851230529	0.0713562020552902
2344.43330265291	0.07092198581560284
2346.7773971527	0.07129828535469966
2349.12079611023	0.07031405481075409
2351.46349983096	0.07066144900446664
2353.80550862026	0.06906932279227963
2356.14682278342	0.07184829965895788
2358.48744262562	0.07092198581560284
2360.82736845194	0.0697640758431032
2363.16660056738	0.07378778472825301
2365.50513927683	0.07471413390821537
2367.8429848851	0.0721667178340744
2370.1801376969	0.07367202200028948
2372.51659801683	0.0684614271240411
2374.85236614941	0.07097986717958316
2377.18744239906	0.07066144900446664
2379.52182707011	0.07234039726262846
2381.85552046679	0.07410623823997683
2384.18852289322	0.07196409772352873
2386.52083465345	0.07280358952091474
2388.85245605142	0.07141408341927051
2391.18338739097	0.07280358952091474
2393.51362897585	0.07361410529969895
2395.84318110973	0.07575624581614417
2398.17204409615	0.06849036780602981
2400.50021823858	0.0734983072351281
2402.82770384038	0.07755099213887683
2405.15450120483	0.07474307459020697
2407.48061063509	0.07671153567810103
2409.80603243426	0.07474307459020697
2412.13076690529	0.07630626012040237
2414.4548143511	0.0798378714018845
2416.77817507445	0.08180633248977566
2419.10084937804	0.0816615937432132
2421.42283756447	0.08218263202887538
2423.74413993625	0.08258790758657114
2426.06475679575	0.08452742799247359
2428.38468844531	0.08542480115383702
2430.70393518711	0.08377475824106238
2433.02249732329	0.08895641243531915
2435.34037515584	0.08687218861946157
2437.65756898669	0.0904037999009437
2439.97407911767	0.0925169997353973
2442.28990585049	0.0909248735232103
2444.60504948679	0.08727746417716023
2446.91951032808	0.0909248735232103
2449.23328867581	0.08901432913590969
2451.54638483132	0.08571427864696193
2453.85879909585	0.08794324120938196
2456.17053177052	0.08400635437020408
2458.48158315639	0.0806194818352873
2460.79195355441	0.08585901739352439
2463.10164326542	0.08284844439770445
2465.41065259017	0.08756694167028514
2467.71898182932	0.0846142500384455
2470.02663128344	0.08342739938395426
2472.33360125296	0.08380373425966131
2474.63989203825	0.08232737077543784
2476.94550393958	0.07995366946645535
2479.25043725712	0.08302212382625851
2481.55469229093	0.07870890211137646
2483.85826934098	0.0806194818352873
2486.16116870713	0.07911417766907222
2488.46339068916	0.084295831863329
2490.76493558676	0.07807206576114344
2493.06580369949	0.08484584616758721
2495.36599532684	0.07801418439716312
2497.66551076817	0.07367202200028948
2499.96435032278	0.07810100644313504
2502.26251428984	0.07650888023094804
2504.56000296845	0.08244316884000868
2506.85681665757	0.08027208764157186
2509.15295565612	0.07656679693153857
2511.44842026287	0.07755099213887683
2513.74321077651	0.07769573088543928
2516.03732749563	0.07760890883946446
2518.33077071873	0.07882470017594731
2520.62354074419	0.07674047636008974
2522.91563787031	0.08209580998290056
2525.20706239528	0.07951945322676798
2527.49781461721	0.08035894502415111
2529.78789483408	0.07815892314372558
2532.0773033438	0.08073524456325083
2534.36604044416	0.0814010569320799
2536.65410643286	0.08394847300622377
2538.9415016075	0.0814299976140715
2541.22822626558	0.08253002622258793
2543.51428070449	0.07899837960450137
2545.79966522154	0.08018526559559994
2548.08438011393	0.08212475066489217
2550.36842567876	0.08360107881250832
2552.65180221302	0.08096684069239253
2554.93451001363	0.07966419197333044
2557.21654937738	0.0819221305543494
2559.49792060096	0.0817194751071964
2561.77862398098	0.08131419954950066
2564.05865981395	0.08177739180778694
2566.33802839626	0.08762482303426546
2568.61673002421	0.07963525129133883
2570.89476499399	0.08313792189082936
2573.17213360172	0.08475898878500795
2575.44883614338	0.08021420627758866
2577.72487291489	0.08360107881250832
2580.00024421203	0.0859458394394992
2582.27495033048	0.0888406143707483
2584.54899156587	0.08131419954950066
2586.82236821368	0.08687218861946157
2589.0950805693	0.09104067158778405
2591.36712892802	0.0875379656516862
2593.63851358505	0.08889853107133594
2595.90923483547	0.09054853864750616
2598.17929297426	0.09280647722852221
2600.44868829631	0.09298015665707628
2602.71742109642	0.09292227529309596
2604.98549166927	0.09743811711852077
2607.25290030944	0.09824863289730786
2609.51964731142	0.0998986758100825
2611.78573296958	0.10374870526668115
2614.05115757822	0.10751191267730496
2616.31592143149	0.10777244948843827
2618.58002482349	0.10745403131332175
2620.84346804817	0.11460411125886524
2623.10625139942	0.1236647709283167
2625.36837517101	0.12418584455058619
2627.6298396566	0.13356488705854683
2629.89064514976	0.13599650506811695
2632.15079194395	0.1405992042761239
2634.41028033254	0.1511072514112028
2636.66911060878	0.1604284125551802
2638.92728306582	0.1681285068049819
2641.18479799672	0.17950498641943263
2643.44165569444	0.17878129268662035
2645.69785645182	0.1955999279698567
2647.95340056162	0.21102909248805907
2650.20828831645	0.2180054930050456
2652.46252000888	0.23297146526496165
2654.71609593134	0.24634534664929802
2656.96901637616	0.25942971520389924
2659.22128163557	0.27873784986068895
2661.47289200171	0.2928353896412274
2663.72384776659	0.2996670867482617
2665.97414922213	0.3120567375886525
2668.22379666017	0.3278042849453611
2670.4727903724	0.337675495730207
2672.72113065044	0.3495150969297293
2674.9688177858	0.349746693058871
2677.21585206988	0.36358373136488636
2679.46223379399	0.3644231878256622
2681.70796324931	0.36144155551183094
2683.95304072694	0.3538283539812187
2686.19746651787	0.34682294210902304
2688.44124091298	0.33842809480840064
2690.68436420305	0.33703865937997396
2692.92683667876	0.32227530723060355
2695.16865863068	0.3076277178091967
2697.40983034928	0.2917933130699088
2699.65035212492	0.27795627476389345
2701.89022424785	0.2609639600521059
2704.12944700824	0.24072944087874368
2706.36802069612	0.2262556015591055
2708.60594560146	0.2159791505531712
2710.84322201407	0.20309740210911276
2713.0798502237	0.19261829565602837
2715.31583051998	0.18190762841040672
2717.55116319244	0.17177591615103488
2719.78584853048	0.1546099220106904
2722.01988682344	0.14737298468256765
2724.2532783605	0.1406570856401071
2726.48602343079	0.1358517663215545
2728.71812232329	0.127109560163824
2730.9495753269	0.12354897286374583
2733.1803827304	0.11833837798749747
2735.4105448225	0.11558834180281083
2737.64006189173	0.1128672463001158
2739.86893422659	0.10655665815195542
2742.09716211544	0.10314080959843971
2744.32474584653	0.09923286344125344
2746.55168570802	0.09816181085133305
2748.77798198795	0.0983354902798871
2751.00363497426	0.09008538172582718
2753.22864495479	0.09133014908090896
2755.45301221725	0.09237226098883486
2757.67673704928	0.08626429295122304
2759.89981973839	0.085887958075516
2762.12226057198	0.08603269682207845
2764.34405983734	0.08348528074793747
2766.56521782169	0.08198001191832971
2768.7857348121	0.08041682638813431
2771.00561109555	0.08319580325481256
2773.22484695892	0.08087998330981329
2775.44344268897	0.08290632576168766
2777.66139857236	0.07755099213887683
2779.87871489564	0.08024314695958026
2782.09539194526	0.08169053442520481
2784.31143000754	0.07662467829551889
2786.52682936873	0.07650888023094804
2788.74159031494	0.07662467829551889
2790.95571313218	0.07497467071935157
2793.16919810637	0.0739904401754031
2795.38204552329	0.07210883647009118
2797.59425566864	0.07320882974200318
2799.805828828	0.07604572330926906
2802.01676528685	0.07199303840552033
2804.22706533056	0.07231145658063685
2806.43672924436	0.07381676074685194
2808.64575731343	0.07265885077435229
2810.85414982279	0.07170356091239542
2813.06190705738	0.0729772689494659
2815.26902930203	0.07118248729012881
2817.47551684145	0.07054565093989579
2819.68136996024	0.06906932279227963
2821.88658894291	0.07207989578810248
2824.09117407383	0.07063250832247793
2826.29512563729	0.07019829208279056
2828.49844391747	0.06692718227583441
2830.70112919842	0.06643508467216674
2832.90318176409	0.06825877167688811
2835.10460189833	0.0708351284330207
2837.30538988487	0.06579821298532638
2839.50554600732	0.06736139851552178
2841.70507054922	0.06851930848802142
2843.90396379395	0.06605874979645969
2846.10222602482	0.0684614271240411
2848.29985752501	0.06935880028540455
2850.49685857759	0.0665798234187292
2852.69322946553	0.06695612295782602
2854.88897047169	0.06382978723404255
2857.08408187879	0.06461136233083514
2859.27856396949	0.07066144900446664
2861.4724170263	0.06909826347427124
2863.66564133164	0.06362713178688957
2865.85823716781	0.061890266828140104
2868.050204817	0.06750613726208424
2870.2415445613	0.06495872118794327
2872.43225668266	0.06597189241388045
2874.62234146295	0.06545085412821826
2876.81179918393	0.06151396728904328
2879.00063012722	0.06348239304032711
2881.18883457435	0.06614560717904183
2883.37641280674	0.06278763998950644
2885.56336510569	0.06822983099489652
2887.7496917524	0.06197712421071935
2889.93539302793	0.06536399674563902
2892.12046921326	0.06591401104989723
2894.30492058926	0.0644955642662643
2896.48874743666	0.06443768290228108
2898.67195003609	0.06617454786103054
2900.85452866809	0.06232448306782747
2903.03648361305	0.059921841076856275
2905.21781515128	0.063974525980605
2907.39852356295	0.06458242164884354
2909.57860912814	0.06200606489271095
2911.75807212682	0.06264290124294399
2913.93691283883	0.06524819868106817
2916.1151315439	0.061542907971031985
2918.29272852166	0.0634245116763439
2920.46970405161	0.059256028708024315
2922.64605841316	0.060356057316543636
2924.82179188558	0.05809811873552468
2926.99690474805	0.06076129753763208
2929.17139727962	0.06125343047790708
2931.34526975924	0.057316543638732086
2933.51852246574	0.058271798164078736
2935.69115567784	0.0602691999339615
2937.86316967414	0.05940076745458677
2940.03456473313	0.06050079606310609
2942.20534113318	0.05667967195189173
2944.37549915256	0.054277029960920535
2946.54503906942	0.05746128238529454
2948.71396116179	0.05592703753708786
2950.8822657076	0.05364015827408018
2953.04995298465	0.05474018688259661
2955.21702327062	0.05462438881802576
2957.38347684312	0.05465332950001737
2959.54931397958	0.054682270182008975
2961.71453495737	0.05349541952751773
2963.87914005372	0.05592703753708786
2966.04312954574	0.05268490374873354
2968.20650371045	0.04950065132435953
2970.36926282472	0.05187435263333912
2972.53140716535	0.05291646454126791
2974.69293700897	0.05007960631060935
2976.85385263216	0.052655927730134604
2979.01415431133	0.04964539007092199
2981.17384232278	0.048140085904706906
2983.33291694274	0.04909537576666088
2985.49137844726	0.04924011451322333
2987.64922711234	0.05190329331533073
2989.8064632138	0.047271653425332176
2991.9630870274	0.04591112334228687
2994.11909882875	0.047792727047598786
2996.27449889334	0.04735851080791142
2998.42928749659	0.04802428784013606
3000.58346491374	0.04374004214385005
3002.73703141997	0.04486901143436098
3004.8899872903	0.04845850407982342
3007.04233279965	0.04391372157240411
3009.19406822284	0.04756113091845708
3011.34519383455	0.04622954151740338
3013.49570990936	0.04721377206134896
3015.64561672172	0.04394266225439571
3017.79491454597	0.04408740100095817
3019.94360365632	0.04437687849408308
3022.09168432689	0.042929491028458534
3024.23915683165	0.04264001353533362
3026.38602144448	0.04200317718510059
3028.53227843913	0.042176856613654654
3030.67792808923	0.04041105097291359
3032.82297066831	0.04350844601470835
3034.96740644975	0.04252421547076277
3037.11123570684	0.04200317718510059
3039.25445871273	0.03983209598666377
3041.39707574049	0.040208395525763496
3043.53908706303	0.03965841655811261
3045.68049295316	0.04101894664115501
3047.82129368358	0.040324193590334345
3049.96148952684	0.03612676994002316
3052.1010807554	0.03713994116596034
3054.24006764161	0.04145316288084238
3056.37845045767	0.04000577541521783
3058.51622947568	0.03864524533217542
3060.65340496763	0.038239969774476766
3062.78997720535	0.03974523860408453
3064.92594646061	0.03928208168240556
3067.06131300501	0.03873206737814734
3069.19607711007	0.035403076207210886
3071.33023904715	0.03838470852103922
3073.46379908752	0.036503104815727314
3075.59675750233	0.03925314100041395
3077.7291145626	0.03592414982947749
3079.86087053922	0.036532045497718914
3081.99202570299	0.03722679854853959
3084.12258032456	0.038587328631584886
3086.25253467448	0.03745835934107686
3088.38188902317	0.03644518811513967
3090.51064364093	0.03381094999502388
3092.63879879794	0.03766101478822695
3094.76635476428	0.03557675563576494
3096.89331180986	0.03268198070451585
3099.01967020452	0.03383989067701549
3101.14543021796	0.033897807377603124
3103.27059211975	0.03360832988447822
3105.39515617934	0.03395568874158634
3107.51912266608	0.03317411364479085
3109.64249184919	0.034216225552719644
3111.76526399774	0.03615571062201477
3113.88743938072	0.03355041318389058
3116.00901826698	0.03268198070451585
3118.13000092523	0.03117671187490809
3120.2503876241	0.03175566686115791
3122.37017863206	0.03268198070451585
3124.48937421748	0.031610928114595455
3126.6079746486	0.03473729917498915
3128.72598019354	0.0327977787690867
3130.84339112029	0.034997800649515125
3132.96020769673	0.029642467026704297
3135.07643019061	0.031089854492328848
3137.19205886957	0.0332899117093646
3139.3070940011	0.03132145062147054
3141.42153585259	0.03178460754314952
3143.5353846913	0.03030827939553336
3145.64864078438	0.0285424737547923
3147.76130439882	0.031842524243740046
3149.87337580154	0.02981618179186568
3151.98485525929	0.030916175063774785
3154.09574303872	0.0283108776256506
3156.20603940634	0.0301345999669793
3158.31574462857	0.029584585662721086
3160.42485897167	0.030337220077524967
3162.53338270181	0.028252996261667388
3164.64131608498	0.027471385828267476
3166.74865938712	0.028484557054204662
3168.85541287398	0.027529302528855115
3170.96157681123	0.02984512247385439
3173.0671514644	0.028166138879088146
3175.17213709889	0.02715296765315096
3177.27653397998	0.029989861220416848
3179.38034237284	0.02585031893408887
3181.48356254248	0.02793457808655377
3183.58619475382	0.028484557054204662
3185.68823927165	0.028629295800767115
3187.78969636061	0.028339818307642206
3189.89056628524	0.027268765717721813
3191.99084930995	0.027789839339991317
3194.09054569901	0.028484557054204662
3196.18965571659	0.02888983261190042
3198.28817962671	0.030568816206666665
3200.38611769327	0.027210884353741496
3202.48347018006	0.029410906234167027
3204.58023735073	0.024142394657331017
3206.67641946881	0.030076683266391662
3208.77201679769	0.02906351204045448
3210.86702960065	0.030424077460104212
3212.96145814084	0.029237226805615864
3215.05530268128	0.02906351204045448
3217.14856348487	0.02967144304530323
3219.24124081437	0.03386886669561442
3221.33333493243	0.03152407073201621
3223.42484610157	0.030742495635220725
3225.51577458416	0.03097409176436532
3227.60612064247	0.030829353017802867
3229.69588453864	0.030945115745766392
3231.78506653466	0.029989861220416848
3233.87366689244	0.02993194451982921
3235.9616858737	0.030105659284990594
3238.04912374008	0.028166138879088146
3240.13598075307	0.025908235634679404
3242.22225717405	0.027239825035730206
3244.30795326425	0.02393977454678535
3246.39306928479	0.022752923892294108
3248.47760549664	0.02556084144096396
3250.56156216068	0.020002887707607466
3252.64493953762	0.022839745938268926
3254.72773788807	0.02147921585522362
3256.8099574725	0.02043710394729483
3258.89159855124	0.019250253292806486
3260.97266138451	0.018700238988545375
3263.05314623241	0.017368649587494574
3265.13305335488	0.018873918417099435
3267.21238301175	0.018092343320306847
3269.29113546272	0.020089709753582284
3271.36931096736	0.0179765452557331
3273.4469097851	0.01586334542127949
3275.52393217526	0.015950202803858733
3277.60037839702	0.014821233513350702
3279.67624870941	0.016731777900654218
3281.75154337138	0.01832390411284122
3283.8262626417	0.014676494766788246
3285.90040677904	0.013489644112297004
3287.97397604193	0.014705435448779853
3290.04697068876	0.015139651688467216
3292.11939097781	0.01548704588218266
3294.19123716721	0.016760718582645825
3296.26250951497	0.01548704588218266
3298.33320827897	0.016818635283233463
3300.40333371696	0.014300159891084093
3302.47288608655	0.014184397163120567
3304.54186564524	0.015255449753038065
3306.61027265036	0.014242278527100883
3308.67810735915	0.014300159891084093
3310.74537002869	0.014358076591671732
3312.81206091594	0.014531756020225791
3314.87818027774	0.014444898637646548
3316.94372837077	0.013489644112297004
3319.00870545161	0.013547525476280214
3321.07311177668	0.013692264222842669
3323.13694760229	0.012244876757218122
3325.2002131846	0.014502815338234186
3327.26290877964	0.013894919669995658
3329.32503464334	0.012563294932334636
3331.38659103145	0.012621211632922274
3333.4475781996	0.012910689126047184
3335.50799640332	0.011260646213272543
3337.56784589797	0.01357646615827182
3339.62712693879	0.01276595037948473
3341.68583978089	0.00961063863710233
3343.74398467924	0.011434360978433927
3345.80156188869	0.011173824167297727
3347.85857166394	0.011550123706397453
3349.91501425956	0.011579099724996381
3351.97088992999	0.011608040406985091
3354.02619892956	0.00914748171542336
3356.0809415124	0.00995799749421045
3358.13511793259	0.011347503595851786
3360.18872844401	0.011521183024405848
3362.24177330044	0.009523781254523085
3364.29425275552	0.010392213733897815
3366.34616706274	0.010131712259371834
3368.39751647548	0.0087422061577276
3370.44830124696	0.009639579319093936
3372.49852163029	0.009842234766246924
3374.54817787843	0.009755377383664785
3376.5972702442	0.009929056812218845
3378.64579898031	0.010652750545031118
3380.69376433931	0.008568526729173541
3382.74116657361	0.008713265475735995
3384.78800593552	0.00940801852655956
3386.83428267718	0.009263279779997104
3388.8799970506	0.007526414821247648
3390.92514930767	0.00827904923604863
3392.96973970014	0.00891588558628166
3395.01376847962	0.009552757273122015
3397.05723589757	0.005934288609060646
3399.10014220533	0.008365871282023448
3401.1424876541	0.008684324793747287
3403.18427249495	0.00891588558628166
3405.22549697881	0.007902714360344478
3407.26616135646	0.0056158350973368075
3409.30626587856	0.008163251171477781
3411.34581079563	0.008481669346594297
3413.38479635805	0.00885800422229845
3415.42322281605	0.009176422397414966
3417.46109041976	0.007526414821247648
3419.49839941912	0.006773745069836445
3421.53515006399	0.006513243595310464
3423.57134260405	0.005586894415345201
3425.60697728886	0.008307989918040238
3427.64205436783	0.00628164746616587
3429.67657409025	0.007815892314372557
3431.71053670525	0.006426386212728325
3433.74394246185	0.005094796811674626
3435.77679160891	0.006860602452415689
3437.80908439515	0.007265878010111448
3439.84082106917	0.004718461935970473
3441.87200187943	0.005702692479916051
3443.90262707421	0.005413214986791141
3445.93269690172	0.0048632006825329276
3447.96221160996	0.005500072369373281
3449.99117144686	0.0058184905444869
3452.01957666015	0.003676350028041684
3454.04742749746	0.004313186378274714
3456.07472420626	0.002431582672962802
3458.1014670339	0.005384274304799536
3460.12765622756	0.0066579823418729195
3462.15329203432	0.004023708885149805
3464.17837470108	0.00358949264546244
3466.20290447463	0.0034737299174989146
3468.22688160161	0.0027500361846866405
3470.25030632851	0.004139506949720654
3472.2731789017	0.0037921480926125335
3474.29549956739	0.0030684543598002594
3476.31726857166	0.0039079461571862786
3478.33848616045	0.003184252424374005
3480.35915257955	0.002460558691561731
3482.37926807462	0.004602663871399623
3484.39883289117	0.002836858230658561
3486.41784727458	0.0021710811984368217
3488.43631147007	0.0019105443873006214
3490.45422572275	0.003763207410623824
3492.47159027755	0.0033289911709364598
3494.4884053793	0.0015921262121870025
3496.50467127263	0.0017078889401505282
3498.5203882021	0.0
