1001.77463942924	0.01840837208045675
1004.53092997605	0.0
1007.28635062209	0.02214549767516955
1010.0409017241	0.027543455341688578
1012.79458363868	0.017301207017743948
1015.54739672233	0.03058837045847751
1018.29934133142	0.02588245431444983
1021.05041782219	0.021730205179501732
1023.8006265508	0.021314912683833915
1026.54996787325	0.028650620404415225
1029.29844214545	0.029481036440318343
1032.0460497232	0.03197245350346021
1034.79279096215	0.0377857036656609
1037.53866621786	0.03972328476427682
1040.28367584578	0.039446535737453284
1043.02782020123	0.04013840830449827
1045.7710996394	0.040553700800179934
1048.51351451539	0.031280411980968856
1051.25506518417	0.035294286602505186
1053.99575200061	0.04138411683608305
1056.73557531945	0.05176490862888581
1059.4745354953	0.035294286602505186
1062.2126328827	0.04096899329584775
1064.94986783605	0.049827158574823525
1067.68624070961	0.042906743349910036
1070.42175185757	0.03986165927768858
1073.15640163398	0.045951658466698964
1075.89019039278	0.0430451178633218
1078.6231184878	0.04332203584557785
1081.35518627276	0.04609003298011073
1084.08639410125	0.03695511867431142
1086.81674232676	0.04262982536765398
1089.54623130267	0.04096899329584775
1092.27486138224	0.03446370161115571
1095.00263291861	0.04885819907006228
1097.72954626482	0.044706118890574395
1100.45560177378	0.04096899329584775
1103.18079979831	0.04387553389921107
1105.90514069112	0.05176490862889966
1108.62862480477	0.04096899329584775
1111.35125249175	0.04899674253892041
1114.07302410441	0.03861611970156402
1116.793939995	0.037923909223612454
1119.51400051566	0.05024245107049134
1122.23320601841	0.04262999432310035
1124.95155685517	0.03598632812499654
1127.66905337774	0.036678369647501735
1130.38569593782	0.040415326286768166
1133.10148488697	0.04013840830449827
1135.81642057667	0.044429200908304496
1138.53050335829	0.040415326286768166
1141.24373358306	0.044429200908304496
1143.95611160214	0.040692244269038065
1146.66763776654	0.03307961856617301
1149.37831242718	0.04124574232267128
1152.08813593487	0.035294286602505186
1154.7971086403	0.04705899248485813
1157.50523089408	0.0416610348183391
1160.21250304667	0.03986165927767474
1162.91892544844	0.039446535737453284
1165.62449844965	0.034048578070934254
1168.32922240045	0.04885819907007613
1171.0330976509	0.041799578287197235
1173.73612455091	0.0416610348183391
1176.43830345031	0.036401620620664356
1179.13963469882	0.051072867106394464
1181.84011864604	0.04567490943988928
1184.53975564147	0.044706118890574395
1187.23854603451	0.040553869755612454
1189.93649017442	0.04525961694420762
1192.63358841039	0.04885819907006228
1195.32984109149	0.04484432444852595
1198.02524856667	0.039031243241771624
1200.71981118478	0.039446535737453284
1203.41352929457	0.04927349156574395
1206.10640324467	0.04678224345804845
1208.79843338361	0.03529411764705882
1211.48962005981	0.04622840749350865
1214.17996362159	0.05093449259299654
1216.86946441716	0.04650532547577855
1219.55812279461	0.053841033196359855
1222.24593910194	0.055086572772498274
1224.93291368704	0.04013857725994464
1227.61904689769	0.038062452692470584
1230.30433908157	0.04788940852076125
1232.98879058625	0.05204165765570934
1235.67240175918	0.03792407817905882
1238.35517294773	0.04387553389922492
1241.03710449915	0.05190311418685121
1243.71819676058	0.0391697867106436
1246.39845007907	0.04373715938581315
1249.07786480155	0.05038082558391696
1251.75644127485	0.047197366998269895
1254.43417984571	0.04664369998919031
1257.11108086072	0.05121107266435986
1259.78714466643	0.0416610348183391
1262.46237160921	0.051072698150948094
1265.1367620354	0.04747411602509343
1267.81031629118	0.04802795198961938
1270.48303472266	0.05342574070069204
1273.15491767583	0.045536534926463666
1275.82596549657	0.04484449340398616
1278.49617853067	0.05148799064662976
1281.16555712381	0.045951658466698964
1283.83410162156	0.04110736780924567
1286.50181236939	0.04941203503460208
1289.16868971269	0.04747411602509343
1291.8347339967	0.04802795198961938
1294.49994556659	0.05356411521410381
1297.16432476743	0.04415245188148097
1299.82787194415	0.04899674253892041
1302.49058744163	0.05273369917820069
1305.15247160459	0.051072698150948094
1307.81352477769	0.049965533088235294
1310.47374730548	0.04775103400734948
1313.1331395324	0.04650532547577855
1315.79170180277	0.05647065581746712
1318.44943446083	0.04484449340398616
1321.10633785073	0.04609003298011073
1323.76241231648	0.05051920009732872
1326.41765820202	0.05314882271843599
1329.07207585117	0.057577989835640137
1331.72566560766	0.05564023978157786
1334.3784278151	0.056609199286325254
1337.03036281703	0.061453489943764705
1339.68147095686	0.058823529411764705
1342.33175257789	0.05923882190744637
1344.98120802335	0.056332281304069205
1347.62983763636	0.06408311256488582
1350.27764175994	0.06103819744809689
1352.92462073697	0.06076144842127335
1355.57077491028	0.051072698150948094
1358.21610462259	0.044567575421716264
1360.86061021649	0.058823529411764705
1363.50429203449	0.05328719723183391
1366.14715041901	0.05882369836722492
1368.78918571234	0.05148799064662976
1371.4303982567	0.05287207369161246
1374.07078839419	0.05190328314229758
1376.71035646681	0.05937719642085813
1379.34910281647	0.05301061716045674
1381.98702778498	0.052595324664802774
1384.62413171402	0.053564284169550176
1387.26041494523	0.060346155925605535
1389.89587782008	0.0440140773680692
1392.53052068001	0.04982698961937716
1395.16434386629	0.051211241619806225
1397.79734772015	0.05356411521410381
1400.42953258269	0.05785473886244982
1403.0608987949	0.05688594831314879
1405.69144669771	0.05688594831314879
1408.32117663193	0.049550409547999996
1410.95008893825	0.05051920009731488
1413.57818395728	0.04747411602509343
1416.20546202954	0.060346155925605535
1418.83192349543	0.048581450043252594
1421.45756869528	0.04968878406142561
1424.08239796929	0.04885836802552249
1426.70641165757	0.043460410359003464
1429.32961010016	0.05148799064661591
1431.95199363695	0.05287207369161246
1434.57356260778	0.0481663265030173
1437.19431735237	0.04885836802550864
1439.81425821033	0.05993103238537024
1442.43338552118	0.05148799064661591
1445.05169962437	0.049965533088235294
1447.66920085921	0.05328719723183391
1450.28588956493	0.048443075529840826
1452.90176608067	0.05813165684471972
1455.51683074547	0.04775086505190312
1458.13108389825	0.05134961613321799
1460.74452587786	0.04332203584557785
1463.35715702303	0.05550186526816609
1465.96897767243	0.06671290414143945
1468.57998816457	0.05162653411548789
1471.19018883794	0.055086741727930794
1473.79958003086	0.05688594831314879
1476.4081620816	0.05162636516004152
1479.01593532831	0.04318349237671972
1481.62290010905	0.0416610348183391
1484.22905676179	0.05218003216912111
1486.83440562438	0.04816632650303114
1489.43894703461	0.046920617971446366
1492.04268133016	0.055225116241342555
1494.64560884857	0.049965533088235294
1497.24772992735	0.055225116241356405
1499.84904490388	0.05813165684473357
1502.44955411543	0.05079594912413841
1505.0492578992	0.058962072880622836
1507.64815659229	0.053979407709785474
1510.24625053168	0.05619390679065744
1512.84354005429	0.05480982374567474
1515.44002549691	0.049688784061411764
1518.03570719625	0.057577989835640137
1520.63058548894	0.05979248891651211
1523.22466071147	0.0669898221236955
1525.81793320028	0.05079594912413841
1528.41040329169	0.06076144842127335
1531.00207132192	0.06380636353806228
1533.59293762712	0.06214536251082353
1536.18300254332	0.0683739051686782
1538.77226640645	0.05134961613321799
1541.36072955237	0.06560573907872665
1543.94839231684	0.06505190311418685
1546.53525503548	0.07045002973615225
1549.12131804389	0.07031148626730796
1551.70658167752	0.08456760921280276
1554.29104627173	0.07723190149220761
1556.87471216181	0.08567494323096193
1559.45757968292	0.09951577368078893
1562.03964917017	0.1087890625
1564.62092095853	0.1248443920307128
1567.2013953829	0.14837397275086506
1569.78107277808	0.18878896112674048
1572.35995347877	0.2315571610077924
1574.93803781959	0.3114188540765536
1577.51532613504	0.4124569163603045
1580.09181875956	0.5443600981293149
1582.66751602746	0.6343253270977578
1585.24241827297	0.618269997567045
1587.81652583024	0.5039447718425606
1590.3898390333	0.4020762935229204
1592.96235821611	0.29702435661764703
1595.53408371251	0.2124567474048443
1598.10501585628	0.16692055038927336
1600.67515498106	0.13757805741781315
1603.24450142043	0.11529418522923184
1605.81305550788	0.09480985753676124
1608.38081757677	0.09647068960855362
1610.9477879604	0.0809690270869481
1613.51396699198	0.084429234699391
1616.07935500458	0.06546719560986851
1618.64395233122	0.0752943203935917
1621.20775930483	0.06934269571799308
1623.7707762582	0.07349494485294118
1626.33300352408	0.07141882028546713
1628.89444143508	0.06408311256488582
1631.45509032376	0.053979407709771624
1634.01495052255	0.06256082396193771
1636.5740223638	0.057716364349038055
1639.13230617978	0.05190328314229758
1641.68980230264	0.0628375729887474
1644.24651106446	0.05107286710640831
1646.80243279721	0.05065757461072665
1649.35756783278	0.056470824772927336
1651.91191650296	0.05134961613321799
1654.46547913944	0.05785490781789619
1657.01825607383	0.04830470101644291
1659.57024763764	0.05134961613321799
1662.12145416229	0.05564040873702422
1664.6718759791	0.04000020274653287
1667.2215134193	0.04262999432310035
1669.77036681404	0.04152266030494118
1672.31843649435	0.04899657358347405
1674.8657227912	0.04761249053850519
1677.41222603543	0.048443075529840826
1679.95794655782	0.05134961613321799
1682.50288468904	0.048443075529854676
1685.04704075968	0.04179940933173702
1687.59041510022	0.05190311418685121
1690.13300804106	0.05342574070069204
1692.67481991249	0.04761265949393771
1695.21585104474	0.042076327314020764
1697.75610176791	0.05051920009732872
1700.29557241205	0.0391697867106436
1702.83426330707	0.04733574151168166
1705.37217478282	0.042076327314020764
1707.90930716905	0.04387553389922492
1710.44566079541	0.04609003298011073
1712.98123599146	0.04249145085424222
1715.51603308669	0.048304701016429065
1718.05005241045	0.05065757461072665
1720.58329429205	0.04705899248485813
1723.11575906067	0.044290826394892735
1725.64744704542	0.04110753676470588
1728.17835857532	0.04387553389922492
1730.70849397927	0.046920617971446366
1733.2378535861	0.04470594993512803
1735.76643772453	0.04221470182743253
1738.29424672323	0.038062452692470584
1740.82128091074	0.03584795361158477
1743.3475406155	0.03432532709775779
1745.87302616589	0.04802778303417301
1748.39773789019	0.041522660304927336
1750.92167611656	0.04470594993512803
1753.44484117311	0.04124574232267128
1755.96723338783	0.04636678200692042
1758.48885308862	0.03986165927768858
1761.00970060331	0.04470594993511418
1763.52977625961	0.04083044982698962
1766.04908038514	0.04000003379110035
1768.56761330746	0.04290674334992388
1771.08537535401	0.04470611889056055
1773.60236685214	0.04359878487240138
1776.11858812912	0.045813283953287195
1778.63403951211	0.0398618282331211
1781.14872132821	0.042906574394463666
1783.6626339044	0.038892868728373706
1786.17577756757	0.04276819988106575
1788.68815264454	0.0430451178633218
1791.199759462	0.04968878406142561
1793.7105983466	0.04470594993511418
1796.22066962486	0.03972328476427682
1798.72997362322	0.04733574151166781
1801.23851066803	0.03584778465615225
1803.74628108554	0.049827158574823525
1806.25328520193	0.04664369998919031
1808.75952334326	0.043183492376733565
1811.2649958355	0.04871982455666436
1813.76970300458	0.04359878487240138
1816.27364517628	0.04498269896193772
1818.77682267629	0.04955024059256748
1821.27923583026	0.04609020193554325
1823.78088496369	0.04664369998917647
1826.28177040204	0.04802778303417301
1828.78189247064	0.04013857725994464
1831.28125149473	0.04470594993511418
1833.77984779949	0.041522660304927336
1836.27768170998	0.04138428579152942
1838.77475355119	0.04747411602509343
1841.271063648	0.04899674253892041
1843.76661232521	0.048304701016429065
1846.26139990751	0.0416610348183391
1848.75542671954	0.05024245107050519
1851.2486930858	0.04747411602509343
1853.74119933074	0.05204165765570934
1856.23294577869	0.05439470020545329
1858.72393275391	0.05854678038495502
1861.21416058054	0.052456950151391006
1863.70362958267	0.04470611889056055
1866.19234008426	0.05231857563797924
1868.6802924092	0.052318406682519025
1871.16748688129	0.05674757379975087
1873.65392382424	0.04816615754758478
1876.13960356164	0.05134961613321799
1878.62452641704	0.040692244269024215
1881.10869271384	0.04705899248487198
1883.59210277541	0.0430451178633218
1886.07475692498	0.05356411521410381
1888.55665548571	0.03847757623270589
1891.03779878067	0.04415228292604845
1893.51818713284	0.04775086505190312
1895.99782086509	0.03626307715182007
1898.47670030024	0.040000033791086506
1900.95482576096	0.05245695015137716
1903.43219756989	0.04498286791738408
1905.90881604954	0.04000003379110035
1908.38468152235	0.045536534926463666
1910.85979431064	0.04193795280059515
1913.33415473668	0.044429200908304496
1915.80776312261	0.045674909439875434
1918.28061979051	0.0391697867106436
1920.75272506234	0.04498269896193772
1923.22407926001	0.0416610348183391
1925.69468270529	0.03667820069204152
1928.16453571989	0.04775103400734948
1930.63363862544	0.03847757623270589
1933.10199174344	0.04387553389922492
1935.56959539533	0.045813283953287195
1938.03644990244	0.05245678119593079
1940.50255558603	0.03764716019680277
1942.96791276726	0.044567575421716264
1945.43252176718	0.04262999432310035
1947.8963829068	0.04498286791738408
1950.35949650697	0.04332203584557785
1952.8218628885	0.045951827422145326
1955.2834823721	0.047197366998269895
1957.74435527836	0.04913511705234602
1960.20448192784	0.04761249053849135
1962.66386264093	0.044567575421716264
1965.12249773799	0.040553700800166084
1967.58038753927	0.04373715938581315
1970.03753236493	0.04761265949395156
1972.49393253504	0.05190311418685121
1974.94958836957	0.04871982455666436
1977.4045001884	0.038892868728373706
1979.85866831133	0.048581450043252594
1982.31209305807	0.044290826394892735
1984.76477474823	0.04761265949393771
1987.21671370133	0.05245695015137716
1989.6679102368	0.04899657358348789
1992.11836467399	0.048581450043252594
1994.56807733213	0.03833920171929412
1997.0170485304	0.04387553389922492
1999.46527858786	0.04235307634083045
2001.91276782348	0.04373715938581315
2004.35951655615	0.04387570285467128
2006.80552510467	0.04664369998919031
2009.25079378774	0.04415245188149481
2011.69532292397	0.05176473967343945
2014.13911283188	0.040553869755612454
2016.58216382991	0.04692061797146021
2019.02447623639	0.044567575421716264
2021.46605036956	0.05287207369161246
2023.90688654761	0.03958491025086505
2026.34698508858	0.045674740484429065
2028.78634631045	0.03681674416089965
2031.22497053111	0.056055363321799306
2033.66285806835	0.04844290657439446
2036.10000923987	0.04276819988106575
2038.53642436328	0.04387553389922492
2040.97210375611	0.053148822718422147
2043.40704773578	0.03612470263840831
2045.84125661964	0.04871982455665051
2048.27473072492	0.049688784061411764
2050.70747036878	0.04567490943988928
2053.13947586829	0.04512124243079585
2055.57074754041	0.04525961694420762
2058.00128570205	0.03612470263840831
2060.43109066998	0.04553653492647751
2062.8601627609	0.04705899248485813
2065.28850229143	0.04622840749352249
2067.71610957807	0.04387553389922492
2070.14298493726	0.04359878487241523
2072.56912868532	0.04650532547577855
2074.99454113851	0.037508785683391006
2077.41922261297	0.04705899248485813
2079.84317342476	0.03861611970155017
2082.26639388986	0.045951658466685114
2084.68888432414	0.04096899329584775
2087.1106450434	0.04927349156574395
2089.53167636331	0.04470594993512803
2091.95197859949	0.04373715938581315
2094.37155206745	0.04927349156574395
2096.79039708261	0.04775103400734948
2099.20851396029	0.04013857725994464
2101.62590301575	0.044567575421716264
2104.04256456411	0.04401390841263668
2106.45849892045	0.0391697867106436
2108.87370639971	0.041799409331750866
2111.28818731677	0.04096899329584775
2113.70194198641	0.04318349237671972
2116.11497072333	0.04013857725994464
2118.52727384211	0.04747411602509343
2120.93885165726	0.05453307471885121
2123.34970448321	0.04885819907007613
2125.75983263425	0.041522660304927336
2128.16923642463	0.04359861591695502
2130.57791616848	0.04110753676470588
2132.98587217985	0.04622857644895501
2135.3931047727	0.041937783845162634
2137.79961426089	0.04636695096236678
2140.20540095818	0.04525978589965398
2142.61046517826	0.03737024221453287
2145.01480723472	0.045536534926463666
2147.41842744104	0.04249145085422837
2149.82132611063	0.04083061878243598
2152.22350355681	0.0430451178633218
2154.62496009279	0.040692244269038065
2157.0256960317	0.041937783845148784
2159.42571168658	0.04775103400734948
2161.82500737036	0.04249145085422837
2164.22358339589	0.04650532547577855
2166.62144007595	0.04110736780925952
2169.01857772318	0.03764716019680277
2171.41499665018	0.042906743349910036
2173.81069716942	0.04221453287197232
2176.20567959329	0.047474284980525944
2178.59994423409	0.04276819988106575
2180.99349140402	0.041384116836069205
2183.38632141519	0.044290826394892735
2185.77843457964	0.04747411602507958
2188.16983120927	0.04498286791738408
2190.56051161594	0.045813283953287195
2192.95047611139	0.04609003298011073
2195.33972500725	0.041937783845162634
2197.72825861511	0.04705899248485813
2200.11607724641	0.045951658466698964
2202.50318121254	0.0448443244485398
2204.88957082477	0.03557103562932872
2207.27524639429	0.0430451178633218
2209.6602082322	0.04484449340398616
2212.0444566495	0.04650532547577855
2214.4279919571	0.049827158574837375
2216.81081446582	0.035432661115916954
2219.19292448638	0.047474284980539794
2221.57432232942	0.0430451178633218
2223.95500830547	0.04553636597103115
2226.33498272498	0.042906574394463666
2228.7142458983	0.036678369647487885
2231.09279813569	0.04525961694420762
2233.47063974732	0.042906574394463666
2235.84777104327	0.043183492376733565
2238.2241923335	0.04498286791739793
2240.59990392792	0.03847757623270589
2242.97490613632	0.05010390760163321
2245.34919926839	0.036401451665231836
2247.72278363376	0.04913494809688582
2250.09565954192	0.04138428579151557
2252.46782730231	0.04525961694420762
2254.83928722425	0.04221470182743253
2257.21003961698	0.04622840749352249
2259.58008478963	0.04124574232267128
2261.94942305127	0.039446535737467134
2264.31805471084	0.03820082720588235
2266.68598007721	0.04124574232265744
2269.05319945914	0.04332186689014533
2271.4197131653	0.05411778222318339
2273.78552150427	0.03930799226859515
2276.15062478456	0.0441522829260346
2278.51502331454	0.04622840749352249
2280.87871740252	0.033910203557522486
2283.24170735671	0.04249161980968858
2285.60399348521	0.04788940852076125
2287.96557609605	0.03972328476427682
2290.32645549714	0.04539799145761938
2292.68663199633	0.043460410358989614
2295.04610590133	0.04498286791738408
2297.40487751981	0.04512124243079585
2299.76294715931	0.04262982536765398
2302.12031512727	0.0416610348183391
2304.47698173107	0.04512124243079585
2306.83294727796	0.043183492376733565
2309.18821207512	0.041799578287197235
2311.54277642963	0.04761265949395156
2313.89664064847	0.048443075529840826
2316.24980503852	0.05134961613321799
2318.6022699066	0.04636695096236678
2320.95403555938	0.04470594993512803
2323.30510230349	0.0430451178633218
2325.65547044542	0.053979407709785474
2328.0051402916	0.04179940933173702
2330.35411214835	0.05550186526816609
2332.7023863219	0.04415245188149481
2335.04996311837	0.04927349156574395
2337.39684284382	0.045674740484429065
2339.74302580418	0.048581450043252594
2342.08851230529	0.045674740484429065
2344.43330265291	0.045813283953287195
2346.7773971527	0.045536534926463666
2349.12079611023	0.04705899248485813
2351.46349983096	0.04927349156574395
2353.80550862026	0.045813283953287195
2356.14682278342	0.04096899329584775
2358.48744262562	0.05051920009731488
2360.82736845194	0.046920617971446366
2363.16660056738	0.046920617971446366
2365.50513927683	0.05010390760163321
2367.8429848851	0.04955040954801384
2370.1801376969	0.05425615673659516
2372.51659801683	0.04415245188149481
2374.85236614941	0.04913494809688582
2377.18744239906	0.044429200908304496
2379.52182707011	0.05024228211505883
2381.85552046679	0.045951658466698964
2384.18852289322	0.04775103400734948
2386.52083465345	0.045951658466698964
2388.85245605142	0.04152266030494118
2391.18338739097	0.05079594912413841
2393.51362897585	0.04096899329584775
2395.84318110973	0.04359878487240138
2398.17204409615	0.04636678200692042
2400.50021823858	0.04193795280059515
2402.82770384038	0.04650532547577855
2405.15450120483	0.05204165765570934
2407.48061063509	0.04429082639490658
2409.80603243426	0.0416610348183391
2412.13076690529	0.04221470182743253
2414.4548143511	0.049688615105979245
2416.77817507445	0.04415245188148097
2419.10084937804	0.04650532547577855
2421.42283756447	0.045951658466698964
2423.74413993625	0.045536534926463666
2426.06475679575	0.05619390679065744
2428.38468844531	0.05480982374567474
2430.70393518711	0.061453320988332186
2433.02249732329	0.05923882190744637
2435.34037515584	0.058962072880622836
2437.65756898669	0.06906594669116954
2439.97407911767	0.06408328152031834
2442.28990585049	0.07806248648355708
2444.60504948679	0.07584781844723876
2446.91951032808	0.07972331855536333
2449.23328867581	0.09605556606833218
2451.54638483132	0.09328723102292041
2453.85879909585	0.09190314797793772
2456.17053177052	0.09785477265355018
2458.48158315639	0.09107273194204844
2460.79195355441	0.08692065176254671
2463.10164326542	0.08055373459126644
2465.41065259017	0.08027681660899653
2467.71898182932	0.07737027600563322
2470.02663128344	0.06588248810553633
2472.33360125296	0.07169556931229067
2474.63989203825	0.07446373540224221
2476.94550393958	0.06754332017734256
2479.25043725712	0.06975781925821453
2481.55469229093	0.06643615511462976
2483.85826934098	0.07072677876297578
2486.16116870713	0.0632526965289827
2488.46339068916	0.06117657196150865
2490.76493558676	0.0715571947988789
2493.06580369949	0.05702432282656056
2495.36599532684	0.05951573988970242
2497.66551076817	0.05301044820502422
2499.96435032278	0.05979248891651211
2502.26251428984	0.05467128027681661
2504.56000296845	0.06103819744809689
2506.85681665757	0.05051920009731488
2509.15295565612	0.06117657196150865
2511.44842026287	0.05162636516002768
2513.74321077651	0.05647065581746712
2516.03732749563	0.05536349075475432
2518.33077071873	0.05038082558391696
2520.62354074419	0.060346155925605535
2522.91563787031	0.057439615322228375
2525.20706239528	0.05716269733997232
2527.49781461721	0.056609199286339104
2529.78789483408	0.05356411521410381
2532.0773033438	0.05301044820501038
2534.36604044416	0.05536349075475432
2536.65410643286	0.048719993512110725
2538.9415016075	0.05245678119593079
2541.22822626558	0.055086741727930794
2543.51428070449	0.056609199286339104
2545.79966522154	0.056055363321799306
2548.08438011393	0.04899657358348789
2550.36842567876	0.05287207369161246
2552.65180221302	0.0416610348183391
2554.93451001363	0.05467144923226298
2557.21654937738	0.05162636516002768
2559.49792060096	0.055225116241356405
2561.77862398098	0.06449840506055363
2564.05865981395	0.055086741727930794
2566.33802839626	0.052318406682532875
2568.61673002421	0.05176490862889966
2570.89476499399	0.05771653330449827
2573.17213360172	0.05051920009731488
2575.44883614338	0.05536349075475432
2577.72487291489	0.05702449178200692
2580.00024421203	0.06020778141219377
2582.27495033048	0.060207612456747404
2584.54899156587	0.056332281304069205
2586.82236821368	0.05384086424091349
2589.0950805693	0.059100447394034604
2591.36712892802	0.05273369917820069
2593.63851358505	0.061730238970588235
2595.90923483547	0.06103819744809689
2598.17929297426	0.05480982374567474
2600.44868829631	0.060069237943349486
2602.71742109642	0.06920432120458131
2604.98549166927	0.06643615511461591
2607.25290030944	0.06532882109645675
2609.51964731142	0.07266452881703805
2611.78573296958	0.07321819582611765
2614.05115757822	0.06823553065526643
2616.31592143149	0.07487902789792387
2618.58002482349	0.07155736375432525
2620.84346804817	0.08124594506920416
2623.10625139942	0.0892735253568443
2625.36837517101	0.1022837708153218
2627.6298396566	0.10103806228373702
2629.89064514976	0.1057439784277647
2632.15079194395	0.10920418604022145
2634.41028033254	0.1332872648140069
2636.66911060878	0.13065747323746713
2638.92728306582	0.15501746999350866
2641.18479799672	0.1727336315960277
2643.44165569444	0.1930795847750865
2645.69785645182	0.2125952908737024
2647.95340056162	0.24719736699826989
2650.20828831645	0.2887198583477509
2652.46252000888	0.3561246350562353
2654.71609593134	0.4188236645761246
2656.96901637616	0.4788929025194602
2659.22128163557	0.5742560891544083
2661.47289200171	0.6675433201773425
2663.72384776659	0.7433911386245675
2665.97414922213	0.8315573299632387
2668.22379666017	0.9110035615808858
2670.4727903724	0.9864360875324291
2672.72113065044	1.0170242890354741
2674.9688177858	1.0319724535034602
2677.21585206988	1.0080277492430865
2679.46223379399	0.9583393030925537
2681.70796324931	0.9074049794550173
2683.95304072694	0.8049828341262976
2686.19746651787	0.7446368471561523
2688.44124091298	0.6316957044766367
2690.68436420305	0.5519725548767197
2692.92683667876	0.49162639895112803
2695.16865863068	0.4121799983780346
2697.40983034928	0.35377176146193773
2699.65035212492	0.29508660656358476
2701.89022424785	0.2626990295199031
2704.12944700824	0.2200693731076955
2706.36802069612	0.20401387462155018
2708.60594560146	0.1550174699935225
2710.84322201407	0.15792401059688582
2713.0798502237	0.14173030655276125
2715.31583051998	0.1267821420847751
2717.55116319244	0.11792397680579932
2719.78584853048	0.11335660413061592
2722.01988682344	0.10173010380622838
2724.2532783605	0.0963323150951557
2726.48602343079	0.0820761921496609
2728.71812232329	0.08636681579800692
2730.9495753269	0.08055373459126644
2733.1803827304	0.08055373459126644
2735.4105448225	0.08567494323096193
2737.64006189173	0.07875452800606228
2739.86893422659	0.07169556931227682
2742.09716211544	0.06186861348398615
2744.32474584653	0.06685144761029758
2746.55168570802	0.06989636272707267
2748.77798198795	0.06297594750215917
2751.00363497426	0.06366798902465051
2753.22864495479	0.0674049456639308
2755.45301221725	0.06339107104239447
2757.67673704928	0.05868515489836679
2759.89981973839	0.056055532277245676
2762.12226057198	0.06436003054715571
2764.34405983734	0.06131494647492042
2766.56521782169	0.05591715776383391
2768.7857348121	0.05162653411548789
2771.00561109555	0.05688594831314879
2773.22484695892	0.05550186526816609
2775.44344268897	0.04885836802550864
2777.66139857236	0.050934492592982696
2779.87871489564	0.05397923875432526
2782.09539194526	0.05785473886246367
2784.31143000754	0.04705899248485813
2786.52682936873	0.05190328314229758
2788.74159031494	0.05494836721453287
2790.95571313218	0.05577861429498962
2793.16919810637	0.04871982455666436
2795.38204552329	0.04678224345804845
2797.59425566864	0.05854694934038754
2799.805828828	0.05231857563797924
2802.01676528685	0.048027783034159166
2804.22706533056	0.04927349156574395
2806.43672924436	0.057854907817910035
2808.64575731343	0.042076327314020764
2810.85414982279	0.04733574151166781
2813.06190705738	0.0481663265030173
2815.26902930203	0.05356411521410381
2817.47551684145	0.044706118890574395
2819.68136996024	0.04525961694420762
2821.88658894291	0.049827158574837375
2824.09117407383	0.049965533088235294
2826.29512563729	0.04083061878243598
2828.49844391747	0.04193795280059515
2830.70112919842	0.04927349156574395
2832.90318176409	0.04318366133217993
2835.10460189833	0.048304701016429065
2837.30538988487	0.045951658466685114
2839.50554600732	0.05480982374567474
2841.70507054922	0.04705899248485813
2843.90396379395	0.05190328314229758
2846.10222602482	0.041937783845148784
2848.29985752501	0.05148799064662976
2850.49685857759	0.04512124243079585
2852.69322946553	0.04387553389922492
2854.88897047169	0.04899674253893426
2857.08408187879	0.04802795198961938
2859.27856396949	0.045951827422145326
2861.4724170263	0.03737041116997924
2863.66564133164	0.0412459112781038
2865.85823716781	0.04885819907007613
2868.050204817	0.04415228292604845
2870.2415445613	0.0434602414035571
2872.43225668266	0.05273369917820069
2874.62234146295	0.04262982536765398
2876.81179918393	0.04276836883651211
2879.00063012722	0.04885819907007613
2881.18883457435	0.0402769517733564
2883.37641280674	0.0453981604130519
2885.56336510569	0.05176473967343945
2887.7496917524	0.03737024221453287
2889.93539302793	0.04110753676470588
2892.12046921326	0.038892868728373706
2894.30492058926	0.05356411521410381
2896.48874743666	0.047058823529411764
2898.67195003609	0.04401390841263668
2900.85452866809	0.040415326286768166
2903.03648361305	0.045674909439875434
2905.21781515128	0.04788940852076125
2907.39852356295	0.04000003379110035
2909.57860912814	0.05065757461072665
2911.75807212682	0.044429200908304496
2913.93691283883	0.04415245188149481
2916.1151315439	0.0430451178633218
2918.29272852166	0.043460410358989614
2920.46970405161	0.042076327314006914
2922.64605841316	0.04235307634083045
2924.82179188558	0.044567575421716264
2926.99690474805	0.04138411683608305
2929.17139727962	0.04290674334992388
2931.34526975924	0.04290674334992388
2933.51852246574	0.04539799145761938
2935.69115567784	0.04899657358347405
2937.86316967414	0.042906743349910036
2940.03456473313	0.04512124243079585
2942.20534113318	0.04152249134948097
2944.37549915256	0.04401407736808305
2946.54503906942	0.04138428579151557
2948.71396116179	0.04913511705234602
2950.8822657076	0.04802778303417301
2953.04995298465	0.03584795361159862
2955.21702327062	0.041799409331750866
2957.38347684312	0.039446535737467134
2959.54931397958	0.05411778222318339
2961.71453495737	0.0430451178633218
2963.87914005372	0.04249145085424222
2966.04312954574	0.0420761583585744
2968.20650371045	0.04138428579151557
2970.36926282472	0.034048578070934254
2972.53140716535	0.046782074502588235
2974.69293700897	0.04124574232267128
2976.85385263216	0.04124574232267128
2979.01415431133	0.04539799145761938
2981.17384232278	0.03986165927768858
2983.33291694274	0.048443075529840826
2985.49137844726	0.040553700800179934
2987.64922711234	0.03598632812499654
2989.8064632138	0.04276836883649827
2991.9630870274	0.03986165927768858
2994.11909882875	0.04262982536764014
2996.27449889334	0.044290657439446365
2998.42928749659	0.03986165927768858
3000.58346491374	0.046090201935557094
3002.73703141997	0.042076327314006914
3004.8899872903	0.044429200908304496
3007.04233279965	0.03833937067474048
3009.19406822284	0.03598632812499654
3011.34519383455	0.03557103562932872
3013.49570990936	0.03612470263840831
3015.64561672172	0.035432661115916954
3017.79491454597	0.03861611970156402
3019.94360365632	0.038892868728373706
3022.09168432689	0.03875432525951557
3024.23915683165	0.038062452692470584
3026.38602144448	0.04110736780925952
3028.53227843913	0.04096899329584775
3030.67792808923	0.04013857725994464
3032.82297066831	0.03847757623270589
3034.96740644975	0.041937783845148784
3037.11123570684	0.035432661115916954
3039.25445871273	0.032664495025951555
3041.39707574049	0.04788940852076125
3043.53908706303	0.03737041116997924
3045.68049295316	0.045951658466698964
3047.82129368358	0.035155743133647055
3049.96148952684	0.040553700800166084
3052.1010807554	0.03653999513408997
3054.24006764161	0.03833920171929412
3056.37845045767	0.03474061959342561
3058.51622947568	0.03903124324178547
3060.65340496763	0.0434602414035571
3062.78997720535	0.03584795361159862
3064.92594646061	0.04498269896193772
3067.06131300501	0.04138428579151557
3069.19607711007	0.042076327314006914
3071.33023904715	0.04262982536765398
3073.46379908752	0.04262982536764014
3075.59675750233	0.03820082720588235
3077.7291145626	0.03224937148573011
3079.86087053922	0.041799578287197235
3081.99202570299	0.04096899329584775
3084.12258032456	0.04110736780924567
3086.25253467448	0.036678369647487885
3088.38188902317	0.03820082720588235
3090.51064364093	0.03570941014274049
3092.63879879794	0.045536534926463666
3094.76635476428	0.035017368620235294
3096.89331180986	0.04013840830449827
3099.01967020452	0.04013857725995848
3101.14543021796	0.033910203557522486
3103.27059211975	0.041799409331750866
3105.39515617934	0.037923909223612454
3107.51912266608	0.037508785683391006
3109.64249184919	0.04083061878243598
3111.76526399774	0.03972328476427682
3113.88743938072	0.04013857725995848
3116.00901826698	0.04083044982698962
3118.13000092523	0.042076327314020764
3120.2503876241	0.03930799226859515
3122.37017863206	0.0402769517733564
3124.48937421748	0.0430451178633218
3126.6079746486	0.03169570447665052
3128.72598019354	0.04332186689014533
3130.84339112029	0.03515591208910727
3132.96020769673	0.03681674416089965
3135.07643019061	0.03474061959342561
3137.19205886957	0.03972345371972318
3139.3070940011	0.039031412197231836
3141.42153585259	0.03792407817905882
3143.5353846913	0.04249145085424222
3145.64864078438	0.03474061959342561
3147.76130439882	0.03737041116997924
3149.87337580154	0.04110736780925952
3151.98485525929	0.039169617755197235
3154.09574303872	0.04525961694420762
3156.20603940634	0.040553869755612454
3158.31574462857	0.033910203557522486
3160.42485897167	0.03958491025086505
3162.53338270181	0.040553869755612454
3164.64131608498	0.039031412197231836
3166.74865938712	0.03667820069204152
3168.85541287398	0.042768199881051905
3170.96157681123	0.03737024221453287
3173.0671514644	0.03875449421496194
3175.17213709889	0.037924078179072666
3177.27653397998	0.03820082720588235
3179.38034237284	0.03875449421496194
3181.48356254248	0.03709349318770934
3183.58619475382	0.04249145085422837
3185.68823927165	0.03474061959342561
3187.78969636061	0.03294124405276124
3189.89056628524	0.04650532547577855
3191.99084930995	0.040415326286768166
3194.09054569901	0.0405538697556263
3196.18965571659	0.03432532709774394
3198.28817962671	0.04276836883651211
3200.38611769327	0.03335653654844291
3202.48347018006	0.04096899329584775
3204.58023735073	0.03764716019680277
3206.67641946881	0.04138411683608305
3208.77201679769	0.03349491106185467
3210.86702960065	0.036678369647487885
3212.96145814084	0.04013857725994464
3215.05530268128	0.03695511867431142
3217.14856348487	0.040415326286768166
3219.24124081437	0.0416610348183391
3221.33333493243	0.040692244269024215
3223.42484610157	0.043460410358989614
3225.51577458416	0.04609020193554325
3227.60612064247	0.048304701016429065
3229.69588453864	0.048443075529840826
3231.78506653466	0.051211241619806225
3233.87366689244	0.05951557093425606
3235.9616858737	0.06076144842127335
3238.04912374008	0.07404861186202076
3240.13598075307	0.07944656952853979
3242.22225717405	0.08152269409602768
3244.30795326425	0.07598619296063668
3246.39306928479	0.07003473724048442
3248.47760549664	0.07017311175389619
3250.56156216068	0.06615940608779239
3252.64493953762	0.048581450043252594
3254.72773788807	0.05162653411548789
3256.8099574725	0.04235307634083045
3258.89159855124	0.04885819907006228
3260.97266138451	0.042906743349910036
3263.05314623241	0.03833937067474048
3265.13305335488	0.03930816122404152
3267.21238301175	0.03958491025086505
3269.29113546272	0.038892868728373706
3271.36931096736	0.035432661115916954
3273.4469097851	0.03681674416089965
3275.52393217526	0.035571204584775085
3277.60037839702	0.040000033791086506
3279.67624870941	0.037508785683391006
3281.75154337138	0.03737041116997924
3283.8262626417	0.03903124324178547
3285.90040677904	0.03557103562932872
3287.97397604193	0.03570941014274049
3290.04697068876	0.03875449421497578
3292.11939097781	0.036401620620664356
3294.19123716721	0.030449995945079588
3296.26250951497	0.03294124405276124
3298.33320827897	0.03280286953936332
3300.40333371696	0.03723203665656747
3302.47288608655	0.04083044982698962
3304.54186564524	0.03972345371972318
3306.61027265036	0.039169617755183385
3308.67810735915	0.035432661115916954
3310.74537002869	0.03764732915224914
3312.81206091594	0.03584795361158477
3314.87818027774	0.03460224508002769
3316.94372837077	0.03764716019680277
3319.00870545161	0.03681674416089965
3321.07311177668	0.03847757623269204
3323.13694760229	0.039308161224055366
3325.2002131846	0.03100349399869896
3327.26290877964	0.034187121539792385
3329.32503464334	0.036539826178629754
3331.38659103145	0.03875449421496194
3333.4475781996	0.03861611970156402
3335.50799640332	0.03294124405277509
3337.56784589797	0.035294286602505186
3339.62712693879	0.03820082720588235
3341.68583978089	0.039446535737467134
3343.74398467924	0.02989632893598616
3345.80156188869	0.03349491106185467
3347.85857166394	0.03307978752161937
3349.91501425956	0.04484449340398616
3351.97088992999	0.03169553552120416
3354.02619892956	0.0364016206206782
3356.0809415124	0.035155743133647055
3358.13511793259	0.031280411980968856
3360.18872844401	0.035294286602505186
3362.24177330044	0.037647160196788924
3364.29425275552	0.028927538386671277
3366.34616706274	0.03861611970156402
3368.39751647548	0.03667820069204152
3370.44830124696	0.03709366214316955
3372.49852163029	0.034048578070934254
3374.54817787843	0.03363328557526644
3376.5972702442	0.03820082720588235
3378.64579898031	0.03598632812501038
3380.69376433931	0.032664495025951555
3382.74116657361	0.036955287629757784
3384.78800593552	0.038892868728373706
3386.83428267718	0.036955287629757784
3388.8799970506	0.036539826178643604
3390.92514930767	0.03557103562931487
3392.96973970014	0.03418695258433217
3395.01376847962	0.03820082720588235
3397.05723589757	0.032249202530269895
3399.10014220533	0.035294286602505186
3401.1424876541	0.03972328476426297
3403.18427249495	0.03792407817905882
3405.22549697881	0.037508785683391006
3407.26616135646	0.02989632893598616
3409.30626587856	0.03930816122404152
3411.34581079563	0.035432661115916954
3413.38479635805	0.039446535737453284
3415.42322281605	0.028373871377591692
3417.46109041976	0.03335653654844291
3419.49839941912	0.03294124405277509
3421.53515006399	0.031280411980968856
3423.57134260405	0.033771660088678206
3425.60697728886	0.03474061959342561
3427.64205436783	0.03626307715182007
3429.67657409025	0.03764716019680277
3431.71053670525	0.03612470263840831
3433.74394246185	0.036678369647487885
3435.77679160891	0.03487899410683737
3437.80908439515	0.03820082720588235
3439.84082106917	0.038062452692470584
3441.87200187943	0.034048578070934254
3443.90262707421	0.03363345453069896
3445.93269690172	0.044290826394892735
3447.96221160996	0.027266706314878892
3449.99117144686	0.03044999594506574
3452.01957666015	0.03487899410683737
3454.04742749746	0.03709366214316955
3456.07472420626	0.03446387056660207
3458.1014670339	0.03723186770112111
3460.12765622756	0.0405538697556263
3462.15329203432	0.034048578070934254
3464.17837470108	0.03709349318772319
3466.20290447463	0.036539995134076124
3468.22688160161	0.03764716019680277
3470.25030632851	0.03695511867429757
3472.2731789017	0.03903124324178547
3474.29549956739	0.031280411980968856
3476.31726857166	0.03681674416089965
3478.33848616045	0.0430451178633218
3480.35915257955	0.037923909223612454
3482.37926807462	0.035432661115916954
3484.39883289117	0.032526120512539794
3486.41784727458	0.02851224589100346
3488.43631147007	0.03986165927767474
3490.45422572275	0.03446387056660207
3492.47159027755	0.037647160196788924
3494.4884053793	0.038062452692470584
3496.50467127263	0.03307978752161937
3498.5203882021	0.03197245350346021
