1001.77463942924	0.07278527536917606
1004.53092997605	0.063502655074392
1007.28635062209	0.05740942466279539
1010.0409017241	0.052744347790516184
1012.79458363868	0.05088781210968544
1015.54739672233	0.04707955762977402
1018.29934133142	0.044508974233964646
1021.05041782219	0.0396534730158207
1023.8006265508	0.03541677828504532
1026.54996787325	0.03356024260421933
1029.29844214545	0.026943388823504083
1032.0460497232	0.02832389269434114
1034.79279096215	0.022992359666208263
1037.53866621786	0.021849871700360908
1040.28367584578	0.019850503232799903
1043.02782020123	0.015899474075499322
1045.7710996394	0.01570904972963458
1048.51351451539	0.013852514048808598
1051.25506518417	0.01618508153962351
1053.99575200061	0.01599465719375877
1056.73557531945	0.01599465719375877
1059.4745354953	0.01570904972963458
1062.2126328827	0.01637550588548825
1064.94986783605	0.013947755276418656
1067.68624070961	0.013804922489678875
1070.42175185757	0.017565585410460566
1073.15640163398	0.01423336274053808
1075.89019039278	0.015947065634629044
1078.6231184878	0.013043283215565762
1081.35518627276	0.01266243452383628
1084.08639410125	0.014852169227916172
1086.81674232676	0.01632791432636329
1089.54623130267	0.01618508153962351
1092.27486138224	0.014138121512932783
1095.00263291861	0.01566145817050486
1097.72954626482	0.01566145817050486
1100.45560177378	0.014518970204662265
1103.18079979831	0.012710026082966003
1105.90514069112	0.015090185132910636
1108.62862480477	0.013995346835543616
1111.35125249175	0.015233017919645655
1114.07302410441	0.015566216942899563
1116.793939995	0.01623267309875323
1119.51400051566	0.014138121512932783
1122.23320601841	0.012614842964706557
1124.95155685517	0.01204362803646295
1127.66905337774	0.013662089702943856
1130.38569593782	0.013043283215565762
1133.10148488697	0.01566145817050486
1135.81642057667	0.01204362803646295
1138.53050335829	0.012995691656440803
1141.24373358306	0.013662089702943856
1143.95611160214	0.013900105607938319
1146.66763776654	0.011281930652999221
1149.37831242718	0.011281930652999221
1152.08813593487	0.012805267310571298
1154.7971086403	0.014852169227916172
1157.50523089408	0.013662089702943856
1160.21250304667	0.013138466333825207
1162.91892544844	0.01347172346642973
1165.62449844965	0.012614842964706557
1168.32922240045	0.014423787086407583
1171.0330976509	0.010901140070615592
1173.73612455091	0.013233707561435265
1176.43830345031	0.012900450428830743
1179.13963469882	0.01347172346642973
1181.84011864604	0.012710026082966003
1184.53975564147	0.01318605789295493
1187.23854603451	0.011091564416485096
1189.93649017442	0.012329235500582372
1192.63358841039	0.012329235500582372
1195.32984109149	0.012472010177971539
1198.02524856667	0.012805267310571298
1200.71981118478	0.01194838680885289
1203.41352929457	0.014138121512932783
1206.10640324467	0.013662089702943856
1208.79843338361	0.013090874774695484
1211.48962005981	0.010805898843010295
1214.17996362159	0.013709739371424192
1216.86946441716	0.0112343390938695
1219.55812279461	0.013947755276418656
1222.24593910194	0.014756986109656728
1224.93291368704	0.013709739371424192
1227.61904689769	0.013138466333825207
1230.30433908157	0.012805267310571298
1232.98879058625	0.013328890679689948
1235.67240175918	0.01423336274053808
1238.35517294773	0.012281643941457412
1241.03710449915	0.014709394550527007
1243.71819676058	0.013043283215565762
1246.39845007907	0.01489981889639651
1249.07786480155	0.010567882938015832
1251.75644127485	0.014661802991402045
1254.43417984571	0.012376827059712095
1257.11108086072	0.013519315025554689
1259.78714466643	0.015328201037905099
1262.46237160921	0.013614498143814133
1265.1367620354	0.014947410455521469
1267.81031629118	0.01423336274053808
1270.48303472266	0.01461415332292171
1273.15491767583	0.014709394550527007
1275.82596549657	0.013566906584684412
1278.49617853067	0.012995691656440803
1281.16555712381	0.013947755276418656
1283.83410162156	0.013995346835543616
1286.50181236939	0.014138121512932783
1289.16868971269	0.012519659846451876
1291.8347339967	0.015185426360515933
1294.49994556659	0.014185771181413119
1297.16432476743	0.015613866611379899
1299.82787194415	0.013709739371424192
1302.49058744163	0.014518970204662265
1305.15247160459	0.015756641288764302
1307.81352477769	0.014947410455521469
1310.47374730548	0.013852514048808598
1313.1331395324	0.01599465719375877
1315.79170180277	0.016708704908742156
1318.44943446083	0.015899474075499322
1321.10633785073	0.01632791432636329
1323.76241231648	0.016613521790482713
1326.41765820202	0.01618508153962351
1329.07207585117	0.019564895768675716
1331.72566560766	0.02123100710363696
1334.3784278151	0.02475365411942419
1337.03036281703	0.02546770183440758
1339.68147095686	0.02827630113521142
1342.33175257789	0.029513972219313456
1344.98120802335	0.027228996287628267
1347.62983763636	0.023658757712711316
1350.27764175994	0.024848837237683632
1352.92462073697	0.02242108662860928
1355.57077491028	0.020754975293648035
1358.21610462259	0.020136168806274703
1360.86061021649	0.020469367829523848
1363.50429203449	0.017375161064595825
1366.14715041901	0.01923169674542181
1368.78918571234	0.014518970204662265
1371.4303982567	0.017898784433714475
1374.07078839419	0.017422752623725547
1376.71035646681	0.014042938394673339
1379.34910281647	0.016423097444617972
1381.98702778498	0.018136800338708937
1384.62413171402	0.016280264657882952
1387.26041494523	0.017327569505466104
1389.89587782008	0.01599465719375877
1392.53052068001	0.016423097444617972
1395.16434386629	0.014661802991402045
1397.79734772015	0.01347172346642973
1400.42953258269	0.01623267309875323
1403.0608987949	0.016803946136352218
1405.69144669771	0.01347172346642973
1408.32117663193	0.016851537695477176
1410.95008893825	0.014995002014651192
1413.57818395728	0.015280609478775378
1416.20546202954	0.017232328277860805
1418.83192349543	0.014280954299667801
1421.45756869528	0.016089898421368827
1424.08239796929	0.014661802991402045
1426.70641165757	0.015090185132910636
1429.32961010016	0.012567251405576836
1431.95199363695	0.014423787086407583
1434.57356260778	0.014185771181413119
1437.19431735237	0.01623267309875323
1439.81425821033	0.017184736718731084
1442.43338552118	0.01980291167367018
1445.05169962437	0.015756641288764302
1447.66920085921	0.017708360087849734
1450.28588956493	0.014328545858797524
1452.90176608067	0.01551862538376984
1455.51683074547	0.014756986109656728
1458.13108389825	0.015137834801390972
1460.74452587786	0.014566561763791987
1463.35715702303	0.015804232847894027
1465.96897767243	0.016137489980493785
1468.57998816457	0.014518970204662265
1471.19018883794	0.015375850706385436
1473.79958003086	0.01489981889639651
1476.4081620816	0.013233707561435265
1479.01593532831	0.013043283215565762
1481.62290010905	0.015090185132910636
1484.22905676179	0.012805267310571298
1486.83440562438	0.01347172346642973
1489.43894703461	0.015423442265510396
1492.04268133016	0.014471378645532542
1494.64560884857	0.011995978367982612
1497.24772992735	0.01599465719375877
1499.84904490388	0.015947065634629044
1502.44955411543	0.017184736718731084
1505.0492578992	0.018089208779579216
1507.64815659229	0.014423787086407583
1510.24625053168	0.016470689003747693
1512.84354005429	0.015804232847894027
1515.44002549691	0.016280264657882952
1518.03570719625	0.01566145817050486
1520.63058548894	0.01632791432636329
1523.22466071147	0.019469712650416273
1525.81793320028	0.016994312372866343
1528.41040329169	0.020897808080383055
1531.00207132192	0.016089898421368827
1533.59293762712	0.017470344182855268
1536.18300254332	0.01904127239955707
1538.77226640645	0.021088232426252556
1541.36072955237	0.020945399639512776
1543.94839231684	0.022516327856219338
1546.53525503548	0.025705717739402043
1549.12131804389	0.021849871700360908
1551.70658167752	0.024372805427694707
1554.29104627173	0.025753309298531764
1556.87471216181	0.029561563778443177
1559.45757968292	0.030037595588432105
1562.03964917017	0.03232257152011729
1564.62092095853	0.04127193468230161
1567.2013953829	0.0485076530597408
1569.78107277808	0.05798069770039438
1572.35995347877	0.0777836093740598
1574.93803781959	0.09496834609279088
1577.51532613504	0.12871901304287495
1580.09181875956	0.16775362146196696
1582.66751602746	0.22068833548899724
1585.24241827297	0.24672731036100382
1587.81652583024	0.2521064349482664
1590.3898390333	0.212976643410915
1592.96235821611	0.1660875101270057
1595.53408371251	0.11886511971049665
1598.10501585628	0.0877326858247023
1600.67515498106	0.06754892545929787
1603.24450142043	0.05174463450205799
1605.81305550788	0.04360450217311652
1608.38081757677	0.03384585006834352
1610.9477879604	0.03046603583929131
1613.51396699198	0.02884751606345979
1616.07935500458	0.028038285230216953
1618.64395233122	0.024563229773559448
1621.20775930483	0.026229341108520692
1623.7707762582	0.023373150248587132
1626.33300352408	0.021611855795366442
1628.89444143508	0.01961248732780544
1631.45509032376	0.01847005747131346
1634.01495052255	0.017994025661324534
1636.5740223638	0.01570904972963458
1639.13230617978	0.01632791432636329
1641.68980230264	0.01566145817050486
1644.24651106446	0.01585188251637436
1646.80243279721	0.017375161064595825
1649.35756783278	0.012233994272977075
1651.91191650296	0.013424073797949392
1654.46547913944	0.014138121512932783
1657.01825607383	0.013233707561435265
1659.57024763764	0.011757962462988148
1662.12145416229	0.01204362803646295
1664.6718759791	0.014138121512932783
1667.2215134193	0.011472354998863963
1669.77036681404	0.009949076450637738
1672.31843649435	0.012995691656440803
1674.8657227912	0.010948731629745315
1677.41222603543	0.012186402713847353
1679.95794655782	0.011043914748004759
1682.50288468904	0.010044259568897183
1685.04704075968	0.012948041987960466
1687.59041510022	0.011329580321479559
1690.13300804106	0.009996668009767461
1692.67481991249	0.010758307283880574
1695.21585104474	0.010805898843010295
1697.75610176791	0.011186747534739777
1700.29557241205	0.011853203690593445
1702.83426330707	0.01061553260649617
1705.37217478282	0.008949421271534926
1707.90930716905	0.010996323188875036
1710.44566079541	0.008140132328941476
1712.98123599146	0.009044604389789608
1715.51603308669	0.011757962462988148
1718.05005241045	0.01194838680885289
1720.58329429205	0.010329867033021368
1723.11575906067	0.008282965115676496
1725.64744704542	0.010282275473891647
1728.17835857532	0.009187437176529388
1730.70849397927	0.010948731629745315
1733.2378535861	0.009615819318037979
1735.76643772453	0.009615819318037979
1738.29424672323	0.008568572579800681
1740.82128091074	0.010091851128026906
1743.3475406155	0.00928262029478407
1745.87302616589	0.009568227758908256
1748.39773789019	0.009044604389789608
1750.92167611656	0.00980624366390272
1753.44484117311	0.006759628458104418
1755.96723338783	0.01061553260649617
1758.48885308862	0.010805898843010295
1761.00970060331	0.009425453081523852
1763.52977625961	0.008663755698060126
1766.04908038514	0.009853835223032441
1768.56761330746	0.010425108260626665
1771.08537535401	0.01066312416562113
1773.60236685214	0.010377516701501706
1776.11858812912	0.00980624366390272
1778.63403951211	0.010996323188875036
1781.14872132821	0.011329580321479559
1783.6626339044	0.008330556674806217
1786.17577756757	0.010044259568897183
1788.68815264454	0.011043914748004759
1791.199759462	0.011472354998863963
1793.7105983466	0.008997012830659885
1796.22066962486	0.009615819318037979
1798.72997362322	0.010567882938015832
1801.23851066803	0.010377516701501706
1803.74628108554	0.010901140070615592
1806.25328520193	0.009377803413043515
1808.75952334326	0.008187723888071199
1811.2649958355	0.010853548511490632
1813.76970300458	0.009187437176529388
1816.27364517628	0.008854180043924867
1818.77682267629	0.008997012830659885
1821.27923583026	0.010091851128026906
1823.78088496369	0.008092540769811755
1826.28177040204	0.010044259568897183
1828.78189247064	0.008758996925665423
1831.28125149473	0.00928262029478407
1833.77984779949	0.010996323188875036
1836.27768170998	0.009377803413043515
1838.77475355119	0.009949076450637738
1841.271063648	0.00928262029478407
1843.76661232521	0.010567882938015832
1846.26139990751	0.011329580321479559
1848.75542671954	0.007806933305687568
1851.2486930858	0.010948731629745315
1853.74119933074	0.010996323188875036
1856.23294577869	0.012805267310571298
1858.72393275391	0.01061553260649617
1861.21416058054	0.01266243452383628
1863.70362958267	0.01061553260649617
1866.19234008426	0.009425453081523852
1868.6802924092	0.01066312416562113
1871.16748688129	0.009425453081523852
1873.65392382424	0.01204362803646295
1876.13960356164	0.012281643941457412
1878.62452641704	0.011424763439734241
1881.10869271384	0.011519946557993686
1883.59210277541	0.012805267310571298
1886.07475692498	0.010853548511490632
1888.55665548571	0.011853203690593445
1891.03779878067	0.009711060545643276
1893.51818713284	0.007521325841568146
1895.99782086509	0.011424763439734241
1898.47670030024	0.009520636199778535
1900.95482576096	0.008473389461545999
1903.43219756989	0.009520636199778535
1905.90881604954	0.008997012830659885
1908.38468152235	0.01052029137888611
1910.85979431064	0.007997357651557072
1913.33415473668	0.010472699819756388
1915.80776312261	0.007997357651557072
1918.28061979051	0.009758652104772997
1920.75272506234	0.008520981020670958
1923.22407926001	0.008901771603054588
1925.69468270529	0.010044259568897183
1928.16453571989	0.010139500796507243
1930.63363862544	0.007902116423947014
1933.10199174344	0.010996323188875036
1935.56959539533	0.009996668009767461
1938.03644990244	0.007997357651557072
1940.50255558603	0.008616164138930403
1942.96791276726	0.010901140070615592
1945.43252176718	0.009330211853913794
1947.8963829068	0.008568572579800681
1950.35949650697	0.011424763439734241
1952.8218628885	0.00928262029478407
1955.2834823721	0.008140132328941476
1957.74435527836	0.01213881115471763
1960.20448192784	0.010567882938015832
1962.66386264093	0.00928262029478407
1965.12249773799	0.01071071572475085
1967.58038753927	0.0112343390938695
1970.03753236493	0.008997012830659885
1972.49393253504	0.010377516701501706
1974.94958836957	0.010187092355632203
1977.4045001884	0.010425108260626665
1979.85866831133	0.008949421271534926
1982.31209305807	0.01204362803646295
1984.76477474823	0.00928262029478407
1987.21671370133	0.011853203690593445
1989.6679102368	0.01066312416562113
1992.11836467399	0.01061553260649617
1994.56807733213	0.010805898843010295
1997.0170485304	0.010901140070615592
1999.46527858786	0.011472354998863963
2001.91276782348	0.011805612131468485
2004.35951655615	0.010901140070615592
2006.80552510467	0.012233994272977075
2009.25079378774	0.008949421271534926
2011.69532292397	0.009901484891512779
2014.13911283188	0.010091851128026906
2016.58216382991	0.00928262029478407
2019.02447623639	0.011995978367982612
2021.46605036956	0.008806588484795144
2023.90688654761	0.007521325841568146
2026.34698508858	0.012614842964706557
2028.78634631045	0.010329867033021368
2031.22497053111	0.009377803413043515
2033.66285806835	0.010091851128026906
2036.10000923987	0.010853548511490632
2038.53642436328	0.010996323188875036
2040.97210375611	0.011139155975610056
2043.40704773578	0.00785452486481729
2045.84125661964	0.01061553260649617
2048.27473072492	0.00980624366390272
2050.70747036878	0.009663468986518316
2053.13947586829	0.00909219594891933
2055.57074754041	0.010282275473891647
2058.00128570205	0.00928262029478407
2060.43109066998	0.010187092355632203
2062.8601627609	0.009187437176529388
2065.28850229143	0.009853835223032441
2067.71610957807	0.009996668009767461
2070.14298493726	0.01052029137888611
2072.56912868532	0.009663468986518316
2074.99454113851	0.008616164138930403
2077.41922261297	0.007283309936573682
2079.84317342476	0.006283596648115492
2082.26639388986	0.00928262029478407
2084.68888432414	0.009568227758908256
2087.1106450434	0.009044604389789608
2089.53167636331	0.007045294031579219
2091.95197859949	0.007997357651557072
2094.37155206745	0.008187723888071199
2096.79039708261	0.008044949210682032
2099.20851396029	0.009901484891512779
2101.62590301575	0.008140132328941476
2104.04256456411	0.00837814823393594
2106.45849892045	0.009996668009767461
2108.87370639971	0.009473044640648812
2111.28818731677	0.010234683914761924
2113.70194198641	0.009044604389789608
2116.11497072333	0.010187092355632203
2118.52727384211	0.007711692078082272
2120.93885165726	0.007711692078082272
2123.34970448321	0.009377803413043515
2125.75983263425	0.008235373556551535
2128.16923642463	0.008711405366540461
2130.57791616848	0.01071071572475085
2132.98587217985	0.007568917400693105
2135.3931047727	0.010377516701501706
2137.79961426089	0.007521325841568146
2140.20540095818	0.00980624366390272
2142.61046517826	0.007378493054828364
2145.01480723472	0.010472699819756388
2147.41842744104	0.009425453081523852
2149.82132611063	0.007426084613958086
2152.22350355681	0.011139155975610056
2154.62496009279	0.009853835223032441
2157.0256960317	0.008568572579800681
2159.42571168658	0.009044604389789608
2161.82500737036	0.008997012830659885
2164.22358339589	0.008663755698060126
2166.62144007595	0.009758652104772997
2169.01857772318	0.00909219594891933
2171.41499665018	0.009663468986518316
2173.81069716942	0.008711405366540461
2176.20567959329	0.008758996925665423
2178.59994423409	0.009996668009767461
2180.99349140402	0.010187092355632203
2183.38632141519	0.007902116423947014
2185.77843457964	0.008663755698060126
2188.16983120927	0.011995978367982612
2190.56051161594	0.009377803413043515
2192.95047611139	0.010139500796507243
2195.33972500725	0.008282965115676496
2197.72825861511	0.01061553260649617
2200.11607724641	0.011043914748004759
2202.50318121254	0.010472699819756388
2204.88957082477	0.009615819318037979
2207.27524639429	0.00928262029478407
2209.6602082322	0.009568227758908256
2212.0444566495	0.006997644363098882
2214.4279919571	0.008997012830659885
2216.81081446582	0.008044949210682032
2219.19292448638	0.01066312416562113
2221.57432232942	0.010329867033021368
2223.95500830547	0.010758307283880574
2226.33498272498	0.011091564416485096
2228.7142458983	0.008425739793065662
2231.09279813569	0.008854180043924867
2233.47063974732	0.008616164138930403
2235.84777104327	0.011424763439734241
2238.2241923335	0.009568227758908256
2240.59990392792	0.00980624366390272
2242.97490613632	0.010091851128026906
2245.34919926839	0.010567882938015832
2247.72278363376	0.010472699819756388
2250.09565954192	0.008140132328941476
2252.46782730231	0.010758307283880574
2254.83928722425	0.009568227758908256
2257.21003961698	0.007711692078082272
2259.58008478963	0.007568917400693105
2261.94942305127	0.009187437176529388
2264.31805471084	0.00837814823393594
2266.68598007721	0.008568572579800681
2269.05319945914	0.009711060545643276
2271.4197131653	0.009996668009767461
2273.78552150427	0.009425453081523852
2276.15062478456	0.009139787508049052
2278.51502331454	0.007568917400693105
2280.87871740252	0.007283309936573682
2283.24170735671	0.010091851128026906
2285.60399348521	0.008758996925665423
2287.96557609605	0.008616164138930403
2290.32645549714	0.009663468986518316
2292.68663199633	0.00923502873565435
2295.04610590133	0.011139155975610056
2297.40487751981	0.010758307283880574
2299.76294715931	0.007997357651557072
2302.12031512727	0.011281930652999221
2304.47698173107	0.008949421271534926
2306.83294727796	0.00928262029478407
2309.18821207512	0.007378493054828364
2311.54277642963	0.010234683914761924
2313.89664064847	0.009187437176529388
2316.24980503852	0.009711060545643276
2318.6022699066	0.007521325841568146
2320.95403555938	0.009901484891512779
2323.30510230349	0.008663755698060126
2325.65547044542	0.010329867033021368
2328.0051402916	0.009425453081523852
2330.35411214835	0.009949076450637738
2332.7023863219	0.009473044640648812
2335.04996311837	0.008044949210682032
2337.39684284382	0.010282275473891647
2339.74302580418	0.009044604389789608
2342.08851230529	0.011281930652999221
2344.43330265291	0.012710026082966003
2346.7773971527	0.009473044640648812
2349.12079611023	0.010901140070615592
2351.46349983096	0.010044259568897183
2353.80550862026	0.009425453081523852
2356.14682278342	0.007568917400693105
2358.48744262562	0.010329867033021368
2360.82736845194	0.010329867033021368
2363.16660056738	0.011281930652999221
2365.50513927683	0.011139155975610056
2367.8429848851	0.009996668009767461
2370.1801376969	0.009139787508049052
2372.51659801683	0.009187437176529388
2374.85236614941	0.011139155975610056
2377.18744239906	0.010139500796507243
2379.52182707011	0.009377803413043515
2381.85552046679	0.009520636199778535
2384.18852289322	0.010377516701501706
2386.52083465345	0.010187092355632203
2388.85245605142	0.011043914748004759
2391.18338739097	0.01052029137888611
2393.51362897585	0.010805898843010295
2395.84318110973	0.01066312416562113
2398.17204409615	0.012376827059712095
2400.50021823858	0.011424763439734241
2402.82770384038	0.00980624366390272
2405.15450120483	0.009996668009767461
2407.48061063509	0.01066312416562113
2409.80603243426	0.013614498143814133
2412.13076690529	0.010805898843010295
2414.4548143511	0.012186402713847353
2416.77817507445	0.013090874774695484
2419.10084937804	0.011662779344728704
2421.42283756447	0.010758307283880574
2423.74413993625	0.012757675751446339
2426.06475679575	0.012852858869701021
2428.38468844531	0.014995002014651192
2430.70393518711	0.014566561763791987
2433.02249732329	0.014328545858797524
2435.34037515584	0.017279977946341143
2437.65756898669	0.01889843961282205
2439.97407911767	0.01923169674542181
2442.28990585049	0.020707383734518314
2444.60504948679	0.025753309298531764
2446.91951032808	0.023753998940316615
2449.23328867581	0.02603891676265595
2451.54638483132	0.03232257152011729
2453.85879909585	0.03113249199514498
2456.17053177052	0.03275101177098126
2458.48158315639	0.030275611493426568
2460.79195355441	0.028752332945200344
2463.10164326542	0.027419420633493008
2465.41065259017	0.023563574594451873
2467.71898182932	0.023706407381191653
2470.02663128344	0.024468046655300002
2472.33360125296	0.021849871700360908
2474.63989203825	0.021802280141235947
2476.94550393958	0.01908886395868679
2479.25043725712	0.020707383734518314
2481.55469229093	0.019850503232799903
2483.85826934098	0.02175463047275561
2486.16116870713	0.017470344182855268
2488.46339068916	0.01599465719375877
2490.76493558676	0.016137489980493785
2493.06580369949	0.015947065634629044
2495.36599532684	0.016137489980493785
2497.66551076817	0.01780360131545503
2499.96435032278	0.01585188251637436
2502.26251428984	0.015899474075499322
2504.56000296845	0.016423097444617972
2506.85681665757	0.01694672081373662
2509.15295565612	0.014804577668786451
2511.44842026287	0.01618508153962351
2513.74321077651	0.014756986109656728
2516.03732749563	0.013804922489678875
2518.33077071873	0.012995691656440803
2520.62354074419	0.016851537695477176
2522.91563787031	0.014947410455521469
2525.20706239528	0.01409052995380306
2527.49781461721	0.014756986109656728
2529.78789483408	0.01461415332292171
2532.0773033438	0.013328890679689948
2534.36604044416	0.014423787086407583
2536.65410643286	0.013662089702943856
2538.9415016075	0.014423787086407583
2541.22822626558	0.012614842964706557
2543.51428070449	0.01213881115471763
2545.79966522154	0.013376482238819671
2548.08438011393	0.011186747534739777
2550.36842567876	0.013233707561435265
2552.65180221302	0.01318605789295493
2554.93451001363	0.011710370903858427
2557.21654937738	0.012710026082966003
2559.49792060096	0.012805267310571298
2561.77862398098	0.012281643941457412
2564.05865981395	0.013757330930549152
2566.33802839626	0.013757330930549152
2568.61673002421	0.013043283215565762
2570.89476499399	0.012614842964706557
2573.17213360172	0.010853548511490632
2575.44883614338	0.013614498143814133
2577.72487291489	0.012091219595587909
2580.00024421203	0.016470689003747693
2582.27495033048	0.012567251405576836
2584.54899156587	0.016280264657882952
2586.82236821368	0.015137834801390972
2589.0950805693	0.014852169227916172
2591.36712892802	0.016518280562877415
2593.63851358505	0.016708704908742156
2595.90923483547	0.017137145159601363
2598.17929297426	0.018136800338708937
2600.44868829631	0.01832722468457368
2602.71742109642	0.019660136996285778
2604.98549166927	0.01604224875288849
2607.25290030944	0.019517304209545994
2609.51964731142	0.020040927578664644
2611.78573296958	0.020374184711269165
2614.05115757822	0.02389677361770578
2616.31592143149	0.022897118438598204
2618.58002482349	0.023849182058576057
2620.84346804817	0.025991325203526226
2623.10625139942	0.03032320305255629
2625.36837517101	0.027705028097617195
2627.6298396566	0.031798948151003405
2629.89064514976	0.032703362102500924
2632.15079194395	0.03884418407322725
2634.41028033254	0.041319584350781945
2636.66911060878	0.04741275665302793
2638.92728306582	0.050078523167096746
2641.18479799672	0.05759984900866013
2643.44165569444	0.0705478909966206
2645.69785645182	0.0842100388089103
2647.95340056162	0.09568239380777427
2650.20828831645	0.10367975145933134
2652.46252000888	0.1284809971378805
2654.71609593134	0.15233017919645656
2656.96901637616	0.1845099179298388
2659.22128163557	0.22059315237073782
2661.47289200171	0.2587708802881114
2663.72384776659	0.29056982843911006
2665.97414922213	0.33426951373048597
2668.22379666017	0.3675441488705811
2670.4727903724	0.40695960598140263
2672.72113065044	0.4345218594016354
2674.9688177858	0.44827913222283394
2677.21585206988	0.44608945562810465
2679.46223379399	0.4470415192480825
2681.70796324931	0.4327605649484147
2683.95304072694	0.3955348425416684
2686.19746651787	0.3660208703223549
2688.44124091298	0.3280335086415002
2690.68436420305	0.29818633739893285
2692.92683667876	0.24691767659751795
2695.16865863068	0.21807016053405814
2697.40983034928	0.18955584349385227
2699.65035212492	0.1570429057372161
2701.89022424785	0.13576424896510356
2704.12944700824	0.11924596840222614
2706.36802069612	0.10353691867259156
2708.60594560146	0.08868474944468015
2710.84322201407	0.07473699416826149
2713.0798502237	0.06716807676756839
2715.31583051998	0.058313896723643524
2717.55116319244	0.05607657046043867
2719.78584853048	0.049174109215599233
2722.01988682344	0.044889822925698895
2724.2532783605	0.04174796649229053
2726.48602343079	0.03494074647505639
2728.71812232329	0.03389344162747324
2730.9495753269	0.029990004029302384
2733.1803827304	0.029323547873448715
2735.4105448225	0.02561053462114736
2737.64006189173	0.0255152933935373
2739.86893422659	0.025372518716152898
2742.09716211544	0.02227831195122487
2744.32474584653	0.024372805427694707
2746.55168570802	0.01961248732780544
2748.77798198795	0.01618508153962351
2751.00363497426	0.017898784433714475
2753.22864495479	0.0183748162437034
2755.45301221725	0.01918410518629685
2757.67673704928	0.015137834801390972
2759.89981973839	0.016613521790482713
2762.12226057198	0.017089553600471638
2764.34405983734	0.013804922489678875
2766.56521782169	0.011757962462988148
2768.7857348121	0.01318605789295493
2771.00561109555	0.016613521790482713
2773.22484695892	0.01409052995380306
2775.44344268897	0.013709739371424192
2777.66139857236	0.014709394550527007
2779.87871489564	0.016089898421368827
2782.09539194526	0.012329235500582372
2784.31143000754	0.013947755276418656
2786.52682936873	0.011710370903858427
2788.74159031494	0.010901140070615592
2790.95571313218	0.013566906584684412
2793.16919810637	0.012757675751446339
2795.38204552329	0.011329580321479559
2797.59425566864	0.010329867033021368
2799.805828828	0.011281930652999221
2802.01676528685	0.010996323188875036
2804.22706533056	0.010805898843010295
2806.43672924436	0.011900795249723168
2808.64575731343	0.011853203690593445
2810.85414982279	0.009568227758908256
2813.06190705738	0.011472354998863963
2815.26902930203	0.009044604389789608
2817.47551684145	0.010567882938015832
2819.68136996024	0.011043914748004759
2821.88658894291	0.010567882938015832
2824.09117407383	0.010329867033021368
2826.29512563729	0.009044604389789608
2828.49844391747	0.009520636199778535
2830.70112919842	0.010091851128026906
2832.90318176409	0.009330211853913794
2835.10460189833	0.010948731629745315
2837.30538988487	0.00837814823393594
2839.50554600732	0.008235373556551535
2841.70507054922	0.010805898843010295
2843.90396379395	0.00837814823393594
2846.10222602482	0.010187092355632203
2848.29985752501	0.010139500796507243
2850.49685857759	0.010377516701501706
2852.69322946553	0.009187437176529388
2854.88897047169	0.00785452486481729
2857.08408187879	0.009473044640648812
2859.27856396949	0.009139787508049052
2861.4724170263	0.008282965115676496
2863.66564133164	0.009139787508049052
2865.85823716781	0.008854180043924867
2868.050204817	0.009139787508049052
2870.2415445613	0.008616164138930403
2872.43225668266	0.008997012830659885
2874.62234146295	0.009853835223032441
2876.81179918393	0.010139500796507243
2879.00063012722	0.009949076450637738
2881.18883457435	0.007521325841568146
2883.37641280674	0.009663468986518316
2885.56336510569	0.009568227758908256
2887.7496917524	0.008711405366540461
2889.93539302793	0.007378493054828364
2892.12046921326	0.011043914748004759
2894.30492058926	0.009044604389789608
2896.48874743666	0.007330901495698642
2898.67195003609	0.008235373556551535
2900.85452866809	0.009473044640648812
2903.03648361305	0.010139500796507243
2905.21781515128	0.007806933305687568
2907.39852356295	0.009853835223032441
2909.57860912814	0.008520981020670958
2911.75807212682	0.01194838680885289
2913.93691283883	0.007902116423947014
2916.1151315439	0.007806933305687568
2918.29272852166	0.009758652104772997
2920.46970405161	0.007473676173087808
2922.64605841316	0.00837814823393594
2924.82179188558	0.010805898843010295
2926.99690474805	0.007426084613958086
2929.17139727962	0.006045580743121028
2931.34526975924	0.008568572579800681
2933.51852246574	0.007140477149833901
2935.69115567784	0.008806588484795144
2937.86316967414	0.006616853780715252
2940.03456473313	0.0063788378757207885
2942.20534113318	0.008473389461545999
2944.37549915256	0.007473676173087808
2946.54503906942	0.007664100518952549
2948.71396116179	0.008092540769811755
2950.8822657076	0.007188068708963623
2953.04995298465	0.007949707983076735
2955.21702327062	0.007235660268093345
2957.38347684312	0.00837814823393594
2959.54931397958	0.006854869685709715
2961.71453495737	0.005950397624861584
2963.87914005372	0.0069500528039691594
2966.04312954574	0.0058552145066069015
2968.20650371045	0.007426084613958086
2970.36926282472	0.007997357651557072
2972.53140716535	0.006045580743121028
2974.69293700897	0.006140821970726325
2976.85385263216	0.006283596648115492
2979.01415431133	0.005426774255742935
2981.17384232278	0.006474020993980233
2983.33291694274	0.005807564838126565
2985.49137844726	0.005093517123143175
2987.64922711234	0.008235373556551535
2989.8064632138	0.0070928855907041784
2991.9630870274	0.008092540769811755
2994.11909882875	0.005236349909878194
2996.27449889334	0.0049507424457540085
2998.42928749659	0.007140477149833901
3000.58346491374	0.007283309936573682
3002.73703141997	0.006283596648115492
3004.8899872903	0.006283596648115492
3007.04233279965	0.005950397624861584
3009.19406822284	0.005759973278996843
3011.34519383455	0.006283596648115492
3013.49570990936	0.005569548933132102
3015.64561672172	0.005283941469007916
3017.79491454597	0.004998334004883731
3019.94360365632	0.007235660268093345
3022.09168432689	0.006474020993980233
3024.23915683165	0.004855501218148712
3026.38602144448	0.0062360050889857695
3028.53227843913	0.005236349909878194
3030.67792808923	0.0062360050889857695
3032.82297066831	0.006188413529856047
3034.96740644975	0.006093230411601365
3037.11123570684	0.004760318099889267
3039.25445871273	0.0062360050889857695
3041.39707574049	0.007378493054828364
3043.53908706303	0.004522302194894804
3045.68049295316	0.006521612553109955
3047.82129368358	0.004855501218148712
3049.96148952684	0.004379469408159785
3052.1010807554	0.005617198601612438
3054.24006764161	0.005093517123143175
3056.37845045767	0.004998334004883731
3058.51622947568	0.0058552145066069015
3060.65340496763	0.005712381719867121
3062.78997720535	0.0036178301340466725
3064.92594646061	0.004855501218148712
3067.06131300501	0.004569893754024526
3069.19607711007	0.005474365814872657
3071.33023904715	0.0049507424457540085
3073.46379908752	0.005236349909878194
3075.59675750233	0.0062360050889857695
3077.7291145626	0.004331877849030063
3079.86087053922	0.004379469408159785
3081.99202570299	0.005188758350748472
3084.12258032456	0.004998334004883731
3086.25253467448	0.0062360050889857695
3088.38188902317	0.008187723888071199
3090.51064364093	0.0029037824190632825
3092.63879879794	0.003379814229052209
3094.76635476428	0.0038082544799114136
3096.89331180986	0.003951087266651195
3099.01967020452	0.005712381719867121
3101.14543021796	0.0036654216931763946
3103.27059211975	0.004998334004883731
3105.39515617934	0.005283941469007916
3107.51912266608	0.004760318099889267
3109.64249184919	0.003903437598170858
3111.76526399774	0.005188758350748472
3113.88743938072	0.005236349909878194
3116.00901826698	0.0035702385749169503
3118.13000092523	0.004046270384905877
3120.2503876241	0.0028561908599335603
3122.37017863206	0.005236349909878194
3124.48937421748	0.005569548933132102
3126.6079746486	0.004284286289900341
3128.72598019354	0.004617485313154248
3130.84339112029	0.004284286289900341
3132.96020769673	0.007759341746562609
3135.07643019061	0.004665134981634585
3137.19205886957	0.006474020993980233
3139.3070940011	0.0029990236466733416
3141.42153585259	0.004474710635765082
3143.5353846913	0.0044271190766401215
3145.64864078438	0.004284286289900341
3147.76130439882	0.0040938619440355995
3149.87337580154	0.004569893754024526
3151.98485525929	0.005236349909878194
3154.09574303872	0.004046270384905877
3156.20603940634	0.0044271190766401215
3158.31574462857	0.004998334004883731
3160.42485897167	0.0044271190766401215
3162.53338270181	0.004855501218148712
3164.64131608498	0.004617485313154248
3166.74865938712	0.004665134981634585
3168.85541287398	0.002618174954939097
3170.96157681123	0.0055219573740023795
3173.0671514644	0.006712036898974696
3175.17213709889	0.005331533028137638
3177.27653397998	0.005617198601612438
3179.38034237284	0.005188758350748472
3181.48356254248	0.004712726540759545
3183.58619475382	0.004569893754024526
3185.68823927165	0.004189103171645658
3187.78969636061	0.0044271190766401215
3189.89056628524	0.005617198601612438
3191.99084930995	0.005045925564013453
3194.09054569901	0.007330901495698642
3196.18965571659	0.004141453503165322
3198.28817962671	0.004046270384905877
3200.38611769327	0.005283941469007916
3202.48347018006	0.005093517123143175
3204.58023735073	0.004903150886629048
3206.67641946881	0.003284631110792765
3208.77201679769	0.003141798324057746
3210.86702960065	0.006521612553109955
3212.96145814084	0.0034274057881819313
3215.05530268128	0.004998334004883731
3217.14856348487	0.0051411667916235115
3219.24124081437	0.0044271190766401215
3221.33333493243	0.004665134981634585
3223.42484610157	0.004284286289900341
3225.51577458416	0.007283309936573682
3227.60612064247	0.007378493054828364
3229.69588453864	0.007711692078082272
3231.78506653466	0.009425453081523852
3233.87366689244	0.01409052995380306
3235.9616858737	0.015375850706385436
3238.04912374008	0.01775600975633007
3240.13598075307	0.020421776270394126
3242.22225717405	0.020992991198642497
3244.30795326425	0.02318272590272239
3246.39306928479	0.022897118438598204
3248.47760549664	0.01961248732780544
3250.56156216068	0.015613866611379899
3252.64493953762	0.014566561763791987
3254.72773788807	0.013995346835543616
3256.8099574725	0.008520981020670958
3258.89159855124	0.00837814823393594
3260.97266138451	0.007378493054828364
3263.05314623241	0.005426774255742935
3265.13305335488	0.005045925564013453
3267.21238301175	0.004284286289900341
3269.29113546272	0.004379469408159785
3271.36931096736	0.003332222669922487
3273.4469097851	0.003522647015787228
3275.52393217526	0.0027133580731985413
3277.60037839702	0.004903150886629048
3279.67624870941	0.0038082544799114136
3281.75154337138	0.004141453503165322
3283.8262626417	0.003332222669922487
3285.90040677904	0.0023325674908149115
3287.97397604193	0.004569893754024526
3290.04697068876	0.004046270384905877
3292.11939097781	0.0028561908599335603
3294.19123716721	0.004379469408159785
3296.26250951497	0.003141798324057746
3298.33320827897	0.002475342168204078
3300.40333371696	0.0028561908599335603
3302.47288608655	0.004331877849030063
3304.54186564524	0.0023801590499446337
3306.61027265036	0.0030942067649280237
3308.67810735915	0.004903150886629048
3310.74537002869	0.0011424879658425945
3312.81206091594	0.003284631110792765
3314.87818027774	0.002665766514068819
3316.94372837077	0.0027610077416788783
3319.00870545161	0.0027133580731985413
3321.07311177668	0.0012852626432317612
3323.13694760229	0.0029037824190632825
3325.2002131846	0.0023325674908149115
3327.26290877964	0.0042366947307706185
3329.32503464334	0.002570583395809375
3331.38659103145	0.005045925564013453
3333.4475781996	0.003332222669922487
3335.50799640332	0.0010472467382372978
3337.56784589797	0.0027610077416788783
3339.62712693879	0.0018565356808259847
3341.68583978089	0.002618174954939097
3343.74398467924	0.001380503870837058
3345.80156188869	0.0011900795249723168
3347.85857166394	0.0016661113349612435
3349.91501425956	0.001380503870837058
3351.97088992999	0.0014756869890965023
3354.02619892956	0.0022373262632096147
3356.0809415124	0.003284631110792765
3358.13511793259	0.0014756869890965023
3360.18872844401	0.0017137028940909657
3362.24177330044	0.0022849759316899516
3364.29425275552	0.0009044720608481312
3366.34616706274	0.004855501218148712
3368.39751647548	0.0016661113349612435
3370.44830124696	0.0027610077416788783
3372.49852163029	0.0005712149282483712
3374.54817787843	0.0021897347040798925
3376.5972702442	0.0015709282167065614
3378.64579898031	0.0020469600266954883
3380.69376433931	0.0014280954299667802
3382.74116657361	0.003141798324057746
3384.78800593552	0.002427750609074356
3386.83428267718	0.0029037824190632825
3388.8799970506	0.0027610077416788783
3390.92514930767	0.0007140477149833901
3392.96973970014	0.0022373262632096147
3395.01376847962	0.000618864596728708
3397.05723589757	0.003379814229052209
3399.10014220533	0.0012852626432317612
3401.1424876541	0.0027133580731985413
3403.18427249495	0.002522991836684415
3405.22549697881	0.003189389883187468
3407.26616135646	0.0011424879658425945
3409.30626587856	0.002570583395809375
3411.34581079563	0.0018089441217010247
3413.38479635805	0.0023801590499446337
3415.42322281605	0.0008568805017231714
3417.46109041976	0.0018089441217010247
3419.49839941912	0.0018089441217010247
3421.53515006399	0.0018565356808259847
3423.57134260405	0.0034274057881819313
3425.60697728886	0.0014280954299667802
3427.64205436783	0.0011424879658425945
3429.67657409025	0.00023801590499446335
3431.71053670525	0.0027133580731985413
3433.74394246185	0.0022849759316899516
3435.77679160891	0.0016661113349612435
3437.80908439515	0.0036178301340466725
3439.84082106917	0.0028561908599335603
3441.87200187943	0.001761294453220688
3443.90262707421	0.0007140477149833901
3445.93269690172	0.0009996551791075757
3447.96221160996	0.002570583395809375
3449.99117144686	0.0009044720608481312
3452.01957666015	0.0014756869890965023
3454.04742749746	9.518311825944445e-05
3456.07472420626	0.001332912311712098
3458.1014670339	0.00014283278673978136
3460.12765622756	0.0019993103582151514
3462.15329203432	0.0005236233691186489
3464.17837470108	0.0011900795249723168
3466.20290447463	0.0015709282167065614
3468.22688160161	0.0015709282167065614
3470.25030632851	0.0015232785482262245
3472.2731789017	0.0
3474.29549956739	0.001332912311712098
3476.31726857166	0.002618174954939097
3478.33848616045	0.0014756869890965023
3480.35915257955	0.0016661113349612435
3482.37926807462	0.0009044720608481312
3484.39883289117	0.0007140477149833901
3486.41784727458	0.0011424879658425945
3488.43631147007	0.0004284402508592045
3490.45422572275	0.001237671084102039
3492.47159027755	0.0019041272399557068
3494.4884053793	0.0011900795249723168
3496.50467127263	0.00014283278673978136
3498.5203882021	0.0004760318099889267
