1001.77463942924	0.012731798506699211
1004.53092997605	0.014868002809607131
1007.28635062209	0.014098948399192271
1010.0409017241	0.01204817140703266
1012.79458363868	0.010851980442884806
1015.54739672233	0.010766448825287907
1018.29934133142	0.014526189259773855
1021.05041782219	0.01341542560637431
1023.8006265508	0.01281722581744752
1026.54996787325	0.008715776139976887
1029.29844214545	0.009826539793376431
1032.0460497232	0.009143017000558471
1034.79279096215	0.009399298932794847
1037.53866621786	0.008715776139976887
1040.28367584578	0.010510166893042983
1043.02782020123	0.011877316785536043
1045.7710996394	0.010082926032461399
1048.51351451539	0.009741112482628123
1051.25506518417	0.007519480868971895
1053.99575200061	0.010510166893042983
1056.73557531945	0.009313871622046539
1059.4745354953	0.006921281080053652
1062.2126328827	0.010424739582303224
1064.94986783605	0.007092240008390311
1067.68624070961	0.007946721729553479
1070.42175185757	0.010424739582303224
1073.15640163398	0.009655685171879815
1075.89019039278	0.006750426458557035
1078.6231184878	0.009143017000558471
1081.35518627276	0.007348521940635236
1084.08639410125	0.010681021514539599
1086.81674232676	0.010681021514539599
1089.54623130267	0.009484726243543155
1092.27486138224	0.007006812697650551
1095.00263291861	0.011620930546451075
1097.72954626482	0.009484726243543155
1100.45560177378	0.012560943885211142
1103.18079979831	0.010595594203791291
1105.90514069112	0.012389984956865935
1108.62862480477	0.008544817211631679
1111.35125249175	0.007690335490468512
1114.07302410441	0.00777576280121682
1116.793939995	0.011706462164047974
1119.51400051566	0.00922844431129823
1122.23320601841	0.009826539793376431
1124.95155685517	0.010339207964706323
1127.66905337774	0.011022835064372875
1130.38569593782	0.007263094629886928
1133.10148488697	0.008715776139976887
1135.81642057667	0.012902653128195827
1138.53050335829	0.005981372048142176
1141.24373358306	0.008373962590135063
1143.95611160214	0.010082926032461399
1146.66763776654	0.008715776139976887
1149.37831242718	0.008288535279395303
1152.08813593487	0.010082926032461399
1154.7971086403	0.0063231855979754515
1157.50523089408	0.009741112482628123
1160.21250304667	0.007604908179720203
1162.91892544844	0.009484726243543155
1165.62449844965	0.011620930546451075
1168.32922240045	0.010851980442884806
1171.0330976509	0.011450075924954459
1173.73612455091	0.01204817140703266
1176.43830345031	0.008288535279395303
1179.13963469882	0.010424739582303224
1181.84011864604	0.011706462164047974
1184.53975564147	0.009484726243543155
1187.23854603451	0.011620930546451075
1189.93649017442	0.011620930546451075
1192.63358841039	0.008630244522379987
1195.32984109149	0.01127922130346639
1198.02524856667	0.012133703024629558
1200.71981118478	0.008373962590135063
1203.41352929457	0.008972058072213263
1206.10640324467	0.00922844431129823
1208.79843338361	0.009911967104124739
1211.48962005981	0.010339207964706323
1214.17996362159	0.014440761949025547
1216.86946441716	0.007946721729553479
1219.55812279461	0.011791889474787735
1222.24593910194	0.010937407753624567
1224.93291368704	0.011193689685869491
1227.61904689769	0.010339207964706323
1230.30433908157	0.010253780653958015
1232.98879058625	0.011022835064372875
1235.67240175918	0.010253780653958015
1238.35517294773	0.008801203450716647
1241.03710449915	0.00845938990088337
1243.71819676058	0.009741112482628123
1246.39845007907	0.012219130335369319
1249.07786480155	0.007690335490468512
1251.75644127485	0.010766448825287907
1254.43417984571	0.009143017000558471
1257.11108086072	0.011535503235702767
1259.78714466643	0.009399298932794847
1262.46237160921	0.010510166893042983
1265.1367620354	0.012304557646117627
1267.81031629118	0.009399298932794847
1270.48303472266	0.009570257861140056
1273.15491767583	0.011450075924954459
1275.82596549657	0.010168353343209707
1278.49617853067	0.009143017000558471
1281.16555712381	0.01127922130346639
1283.83410162156	0.008972058072213263
1286.50181236939	0.011791889474787735
1289.16868971269	0.006237758287227143
1291.8347339967	0.01127922130346639
1294.49994556659	0.012646371195950903
1297.16432476743	0.008544817211631679
1299.82787194415	0.011450075924954459
1302.49058744163	0.007263094629886928
1305.15247160459	0.00999749872172164
1307.81352477769	0.011022835064372875
1310.47374730548	0.011364648614206151
1313.1331395324	0.011022835064372875
1315.79170180277	0.010595594203791291
1318.44943446083	0.012475412267614243
1321.10633785073	0.011193689685869491
1323.76241231648	0.011108262375121183
1326.41765820202	0.012133703024629558
1329.07207585117	0.009399298932794847
1331.72566560766	0.011791889474787735
1334.3784278151	0.011450075924954459
1337.03036281703	0.00922844431129823
1339.68147095686	0.011364648614206151
1342.33175257789	0.010510166893042983
1344.98120802335	0.010082926032461399
1347.62983763636	0.011620930546451075
1350.27764175994	0.010339207964706323
1352.92462073697	0.010851980442884806
1355.57077491028	0.010253780653958015
1358.21610462259	0.009313871622046539
1360.86061021649	0.011620930546451075
1363.50429203449	0.008886630761464955
1366.14715041901	0.010168353343209707
1368.78918571234	0.014868002809607131
1371.4303982567	0.009313871622046539
1374.07078839419	0.009741112482628123
1376.71035646681	0.011364648614206151
1379.34910281647	0.011193689685869491
1381.98702778498	0.009313871622046539
1384.62413171402	0.010510166893042983
1387.26041494523	0.009826539793376431
1389.89587782008	0.008715776139976887
1392.53052068001	0.010253780653958015
1395.16434386629	0.014355334638277237
1397.79734772015	0.008972058072213263
1400.42953258269	0.012646371195950903
1403.0608987949	0.008544817211631679
1405.69144669771	0.01623515270210019
1408.32117663193	0.011193689685869491
1410.95008893825	0.01341542560637431
1413.57818395728	0.009655685171879815
1416.20546202954	0.009057485382961571
1418.83192349543	0.00999749872172164
1421.45756869528	0.010851980442884806
1424.08239796929	0.011108262375121183
1426.70641165757	0.011193689685869491
1429.32961010016	0.007946721729553479
1431.95199363695	0.011108262375121183
1434.57356260778	0.009399298932794847
1437.19431735237	0.010510166893042983
1439.81425821033	0.008288535279395303
1442.43338552118	0.010168353343209707
1445.05169962437	0.011620930546451075
1447.66920085921	0.011108262375121183
1450.28588956493	0.010510166893042983
1452.90176608067	0.009570257861140056
1455.51683074547	0.011193689685869491
1458.13108389825	0.006494040219472068
1460.74452587786	0.010937407753624567
1463.35715702303	0.011108262375121183
1465.96897767243	0.009826539793376431
1468.57998816457	0.012560943885211142
1471.19018883794	0.010253780653958015
1473.79958003086	0.012133703024629558
1476.4081620816	0.009484726243543155
1479.01593532831	0.01204817140703266
1481.62290010905	0.01204817140703266
1484.22905676179	0.011706462164047974
1486.83440562438	0.011022835064372875
1489.43894703461	0.010766448825287907
1492.04268133016	0.00999749872172164
1494.64560884857	0.010510166893042983
1497.24772992735	0.011450075924954459
1499.84904490388	0.00999749872172164
1502.44955411543	0.012646371195950903
1505.0492578992	0.008886630761464955
1507.64815659229	0.012560943885211142
1510.24625053168	0.012304557646117627
1512.84354005429	0.009484726243543155
1515.44002549691	0.010766448825287907
1518.03570719625	0.010595594203791291
1520.63058548894	0.014098948399192271
1523.22466071147	0.014526189259773855
1525.81793320028	0.010424739582303224
1528.41040329169	0.010681021514539599
1531.00207132192	0.01350085291711407
1533.59293762712	0.009570257861140056
1536.18300254332	0.011193689685869491
1538.77226640645	0.012133703024629558
1541.36072955237	0.014611616570522163
1543.94839231684	0.01204817140703266
1546.53525503548	0.01358628022786238
1549.12131804389	0.013244466678029103
1551.70658167752	0.011706462164047974
1554.29104627173	0.009741112482628123
1556.87471216181	0.011535503235702767
1559.45757968292	0.008972058072213263
1562.03964917017	0.010681021514539599
1564.62092095853	0.011450075924954459
1567.2013953829	0.012389984956865935
1569.78107277808	0.012389984956865935
1572.35995347877	0.012389984956865935
1574.93803781959	0.01204817140703266
1577.51532613504	0.011193689685869491
1580.09181875956	0.010681021514539599
1582.66751602746	0.012646371195950903
1585.24241827297	0.012902653128195827
1587.81652583024	0.013757134849358995
1590.3898390333	0.011791889474787735
1592.96235821611	0.011620930546451075
1595.53408371251	0.010595594203791291
1598.10501585628	0.014355334638277237
1600.67515498106	0.01358628022786238
1603.24450142043	0.012219130335369319
1605.81305550788	0.010766448825287907
1608.38081757677	0.014697148188119062
1610.9477879604	0.010424739582303224
1613.51396699198	0.011450075924954459
1616.07935500458	0.012475412267614243
1618.64395233122	0.009484726243543155
1621.20775930483	0.011962744096284351
1623.7707762582	0.011791889474787735
1626.33300352408	0.010851980442884806
1628.89444143508	0.010851980442884806
1631.45509032376	0.008972058072213263
1634.01495052255	0.0164061116304454
1636.5740223638	0.012988184745792726
1639.13230617978	0.013329893988777411
1641.68980230264	0.013073612056532487
1644.24651106446	0.012902653128195827
1646.80243279721	0.01418437570994058
1649.35756783278	0.012560943885211142
1651.91191650296	0.012646371195950903
1654.46547913944	0.013329893988777411
1657.01825607383	0.014098948399192271
1659.57024763764	0.014013521088443963
1662.12145416229	0.01281722581744752
1664.6718759791	0.010510166893042983
1667.2215134193	0.013244466678029103
1669.77036681404	0.01418437570994058
1672.31843649435	0.012731798506699211
1674.8657227912	0.011962744096284351
1677.41222603543	0.01341542560637431
1679.95794655782	0.011791889474787735
1682.50288468904	0.012304557646117627
1685.04704075968	0.009399298932794847
1687.59041510022	0.013757134849358995
1690.13300804106	0.013671707538610687
1692.67481991249	0.01127922130346639
1695.21585104474	0.015038857431103747
1697.75610176791	0.013329893988777411
1700.29557241205	0.012988184745792726
1702.83426330707	0.015466098291685331
1705.37217478282	0.011620930546451075
1707.90930716905	0.014782575498858821
1710.44566079541	0.016320580012848498
1712.98123599146	0.012219130335369319
1715.51603308669	0.012389984956865935
1718.05005241045	0.012902653128195827
1720.58329429205	0.012475412267614243
1723.11575906067	0.012133703024629558
1725.64744704542	0.01204817140703266
1728.17835857532	0.011620930546451075
1730.70849397927	0.014269907327537478
1733.2378535861	0.013244466678029103
1735.76643772453	0.01358628022786238
1738.29424672323	0.01418437570994058
1740.82128091074	0.012731798506699211
1743.3475406155	0.01127922130346639
1745.87302616589	0.011791889474787735
1748.39773789019	0.012219130335369319
1750.92167611656	0.01614972539135188
1753.44484117311	0.010766448825287907
1755.96723338783	0.012304557646117627
1758.48885308862	0.01204817140703266
1761.00970060331	0.012988184745792726
1763.52977625961	0.012475412267614243
1766.04908038514	0.013159039367280795
1768.56761330746	0.011962744096284351
1771.08537535401	0.012988184745792726
1773.60236685214	0.012219130335369319
1776.11858812912	0.014269907327537478
1778.63403951211	0.009057485382961571
1781.14872132821	0.012988184745792726
1783.6626339044	0.012902653128195827
1786.17577756757	0.012646371195950903
1788.68815264454	0.010595594203791291
1791.199759462	0.010339207964706323
1793.7105983466	0.011791889474787735
1796.22066962486	0.01350085291711407
1798.72997362322	0.011193689685869491
1801.23851066803	0.00922844431129823
1803.74628108554	0.010766448825287907
1806.25328520193	0.00999749872172164
1808.75952334326	0.013757134849358995
1811.2649958355	0.011450075924954459
1813.76970300458	0.011962744096284351
1816.27364517628	0.012389984956865935
1818.77682267629	0.011962744096284351
1821.27923583026	0.009143017000558471
1823.78088496369	0.008117576351050095
1826.28177040204	0.011535503235702767
1828.78189247064	0.011108262375121183
1831.28125149473	0.008203003661798403
1833.77984779949	0.01495343012035544
1836.27768170998	0.008801203450716647
1838.77475355119	0.010082926032461399
1841.271063648	0.013159039367280795
1843.76661232521	0.009484726243543155
1846.26139990751	0.011364648614206151
1848.75542671954	0.008032149040301787
1851.2486930858	0.012646371195950903
1853.74119933074	0.012646371195950903
1856.23294577869	0.013842666466955894
1858.72393275391	0.012389984956865935
1861.21416058054	0.01204817140703266
1863.70362958267	0.011620930546451075
1866.19234008426	0.012560943885211142
1868.6802924092	0.011108262375121183
1871.16748688129	0.012731798506699211
1873.65392382424	0.008972058072213263
1876.13960356164	0.012133703024629558
1878.62452641704	0.01418437570994058
1881.10869271384	0.012219130335369319
1883.59210277541	0.011022835064372875
1886.07475692498	0.012389984956865935
1888.55665548571	0.013073612056532487
1891.03779878067	0.013159039367280795
1893.51818713284	0.011877316785536043
1895.99782086509	0.008972058072213263
1898.47670030024	0.014782575498858821
1900.95482576096	0.011450075924954459
1903.43219756989	0.013329893988777411
1905.90881604954	0.015807911841518606
1908.38468152235	0.012304557646117627
1910.85979431064	0.011962744096284351
1913.33415473668	0.013329893988777411
1915.80776312261	0.012219130335369319
1918.28061979051	0.00922844431129823
1920.75272506234	0.009570257861140056
1923.22407926001	0.012988184745792726
1925.69468270529	0.011022835064372875
1928.16453571989	0.010937407753624567
1930.63363862544	0.011450075924954459
1933.10199174344	0.013842666466955894
1935.56959539533	0.009399298932794847
1938.03644990244	0.011364648614206151
1940.50255558603	0.008972058072213263
1942.96791276726	0.013928093777695653
1945.43252176718	0.011108262375121183
1947.8963829068	0.009143017000558471
1950.35949650697	0.008203003661798403
1952.8218628885	0.011193689685869491
1955.2834823721	0.012475412267614243
1957.74435527836	0.00999749872172164
1960.20448192784	0.008203003661798403
1962.66386264093	0.009057485382961571
1965.12249773799	0.011791889474787735
1967.58038753927	0.011706462164047974
1970.03753236493	0.013159039367280795
1972.49393253504	0.012133703024629558
1974.94958836957	0.00786129441881372
1977.4045001884	0.010681021514539599
1979.85866831133	0.012646371195950903
1982.31209305807	0.012219130335369319
1984.76477474823	0.009741112482628123
1987.21671370133	0.008715776139976887
1989.6679102368	0.011706462164047974
1992.11836467399	0.010339207964706323
1994.56807733213	0.011706462164047974
1997.0170485304	0.010595594203791291
1999.46527858786	0.010253780653958015
2001.91276782348	0.011535503235702767
2004.35951655615	0.009655685171879815
2006.80552510467	0.012133703024629558
2009.25079378774	0.009484726243543155
2011.69532292397	0.012646371195950903
2014.13911283188	0.00999749872172164
2016.58216382991	0.00999749872172164
2019.02447623639	0.013159039367280795
2021.46605036956	0.009143017000558471
2023.90688654761	0.009143017000558471
2026.34698508858	0.011962744096284351
2028.78634631045	0.01127922130346639
2031.22497053111	0.010681021514539599
2033.66285806835	0.01281722581744752
2036.10000923987	0.010339207964706323
2038.53642436328	0.013757134849358995
2040.97210375611	0.012389984956865935
2043.40704773578	0.006066799358890484
2045.84125661964	0.011193689685869491
2048.27473072492	0.009313871622046539
2050.70747036878	0.011791889474787735
2053.13947586829	0.009741112482628123
2055.57074754041	0.011108262375121183
2058.00128570205	0.012389984956865935
2060.43109066998	0.010595594203791291
2062.8601627609	0.012988184745792726
2065.28850229143	0.010937407753624567
2067.71610957807	0.012304557646117627
2070.14298493726	0.009143017000558471
2072.56912868532	0.008630244522379987
2074.99454113851	0.012475412267614243
2077.41922261297	0.007348521940635236
2079.84317342476	0.013159039367280795
2082.26639388986	0.011022835064372875
2084.68888432414	0.007519480868971895
2087.1106450434	0.009484726243543155
2089.53167636331	0.010766448825287907
2091.95197859949	0.007348521940635236
2094.37155206745	0.010510166893042983
2096.79039708261	0.009399298932794847
2099.20851396029	0.00777576280121682
2101.62590301575	0.011364648614206151
2104.04256456411	0.010082926032461399
2106.45849892045	0.010082926032461399
2108.87370639971	0.006494040219472068
2111.28818731677	0.00999749872172164
2113.70194198641	0.010851980442884806
2116.11497072333	0.011706462164047974
2118.52727384211	0.011706462164047974
2120.93885165726	0.010510166893042983
2123.34970448321	0.009143017000558471
2125.75983263425	0.011108262375121183
2128.16923642463	0.010253780653958015
2130.57791616848	0.008801203450716647
2132.98587217985	0.011535503235702767
2135.3931047727	0.006921281080053652
2137.79961426089	0.009911967104124739
2140.20540095818	0.009655685171879815
2142.61046517826	0.010595594203791291
2145.01480723472	0.010766448825287907
2147.41842744104	0.009741112482628123
2149.82132611063	0.011364648614206151
2152.22350355681	0.01127922130346639
2154.62496009279	0.011108262375121183
2157.0256960317	0.010510166893042983
2159.42571168658	0.010937407753624567
2161.82500737036	0.011535503235702767
2164.22358339589	0.009826539793376431
2166.62144007595	0.013073612056532487
2169.01857772318	0.010082926032461399
2171.41499665018	0.008972058072213263
2173.81069716942	0.010595594203791291
2176.20567959329	0.008972058072213263
2178.59994423409	0.010766448825287907
2180.99349140402	0.009741112482628123
2183.38632141519	0.010937407753624567
2185.77843457964	0.008801203450716647
2188.16983120927	0.011706462164047974
2190.56051161594	0.011450075924954459
2192.95047611139	0.009826539793376431
2195.33972500725	0.008288535279395303
2197.72825861511	0.008801203450716647
2200.11607724641	0.007690335490468512
2202.50318121254	0.00999749872172164
2204.88957082477	0.010168353343209707
2207.27524639429	0.007604908179720203
2209.6602082322	0.011364648614206151
2212.0444566495	0.006750426458557035
2214.4279919571	0.014098948399192271
2216.81081446582	0.008630244522379987
2219.19292448638	0.008288535279395303
2221.57432232942	0.00999749872172164
2223.95500830547	0.009143017000558471
2226.33498272498	0.010851980442884806
2228.7142458983	0.011791889474787735
2231.09279813569	0.009570257861140056
2233.47063974732	0.010339207964706323
2235.84777104327	0.008886630761464955
2238.2241923335	0.010253780653958015
2240.59990392792	0.010253780653958015
2242.97490613632	0.01341542560637431
2245.34919926839	0.011450075924954459
2247.72278363376	0.008972058072213263
2250.09565954192	0.010424739582303224
2252.46782730231	0.00922844431129823
2254.83928722425	0.011620930546451075
2257.21003961698	0.013928093777695653
2259.58008478963	0.01127922130346639
2261.94942305127	0.009313871622046539
2264.31805471084	0.007006812697650551
2266.68598007721	0.011193689685869491
2269.05319945914	0.00845938990088337
2271.4197131653	0.010681021514539599
2273.78552150427	0.007519480868971895
2276.15062478456	0.010253780653958015
2278.51502331454	0.011108262375121183
2280.87871740252	0.010766448825287907
2283.24170735671	0.010510166893042983
2285.60399348521	0.009399298932794847
2287.96557609605	0.010424739582303224
2290.32645549714	0.010339207964706323
2292.68663199633	0.010339207964706323
2295.04610590133	0.011193689685869491
2297.40487751981	0.009826539793376431
2299.76294715931	0.009484726243543155
2302.12031512727	0.011535503235702767
2304.47698173107	0.01127922130346639
2306.83294727796	0.009143017000558471
2309.18821207512	0.010851980442884806
2311.54277642963	0.01204817140703266
2313.89664064847	0.009741112482628123
2316.24980503852	0.011108262375121183
2318.6022699066	0.01127922130346639
2320.95403555938	0.012133703024629558
2323.30510230349	0.009143017000558471
2325.65547044542	0.010424739582303224
2328.0051402916	0.011364648614206151
2330.35411214835	0.009911967104124739
2332.7023863219	0.011450075924954459
2335.04996311837	0.011791889474787735
2337.39684284382	0.011022835064372875
2339.74302580418	0.009826539793376431
2342.08851230529	0.011706462164047974
2344.43330265291	0.008203003661798403
2346.7773971527	0.010339207964706323
2349.12079611023	0.010168353343209707
2351.46349983096	0.012133703024629558
2353.80550862026	0.008630244522379987
2356.14682278342	0.009911967104124739
2358.48744262562	0.00999749872172164
2360.82736845194	0.009741112482628123
2363.16660056738	0.00786129441881372
2365.50513927683	0.008203003661798403
2367.8429848851	0.008544817211631679
2370.1801376969	0.01281722581744752
2372.51659801683	0.008801203450716647
2374.85236614941	0.009057485382961571
2377.18744239906	0.011364648614206151
2379.52182707011	0.01127922130346639
2381.85552046679	0.008886630761464955
2384.18852289322	0.006066799358890484
2386.52083465345	0.009313871622046539
2388.85245605142	0.012560943885211142
2391.18338739097	0.008373962590135063
2393.51362897585	0.009741112482628123
2395.84318110973	0.009484726243543155
2398.17204409615	0.0063231855979754515
2400.50021823858	0.011108262375121183
2402.82770384038	0.011962744096284351
2405.15450120483	0.009911967104124739
2407.48061063509	0.008203003661798403
2409.80603243426	0.011535503235702767
2412.13076690529	0.008630244522379987
2414.4548143511	0.009143017000558471
2416.77817507445	0.011193689685869491
2419.10084937804	0.009313871622046539
2421.42283756447	0.011022835064372875
2423.74413993625	0.010168353343209707
2426.06475679575	0.009741112482628123
2428.38468844531	0.011877316785536043
2430.70393518711	0.009143017000558471
2433.02249732329	0.010937407753624567
2435.34037515584	0.010937407753624567
2437.65756898669	0.010766448825287907
2439.97407911767	0.009826539793376431
2442.28990585049	0.00999749872172164
2444.60504948679	0.008801203450716647
2446.91951032808	0.00999749872172164
2449.23328867581	0.010937407753624567
2451.54638483132	0.008886630761464955
2453.85879909585	0.010851980442884806
2456.17053177052	0.00777576280121682
2458.48158315639	0.009911967104124739
2460.79195355441	0.007604908179720203
2463.10164326542	0.011791889474787735
2465.41065259017	0.009057485382961571
2467.71898182932	0.010424739582303224
2470.02663128344	0.00786129441881372
2472.33360125296	0.006494040219472068
2474.63989203825	0.006921281080053652
2476.94550393958	0.008972058072213263
2479.25043725712	0.012219130335369319
2481.55469229093	0.008288535279395303
2483.85826934098	0.011791889474787735
2486.16116870713	0.009655685171879815
2488.46339068916	0.01127922130346639
2490.76493558676	0.012389984956865935
2493.06580369949	0.01281722581744752
2495.36599532684	0.007092240008390311
2497.66551076817	0.008544817211631679
2499.96435032278	0.011108262375121183
2502.26251428984	0.011193689685869491
2504.56000296845	0.008630244522379987
2506.85681665757	0.00845938990088337
2509.15295565612	0.009399298932794847
2511.44842026287	0.010595594203791291
2513.74321077651	0.009484726243543155
2516.03732749563	0.010424739582303224
2518.33077071873	0.011193689685869491
2520.62354074419	0.00845938990088337
2522.91563787031	0.008203003661798403
2525.20706239528	0.009826539793376431
2527.49781461721	0.010851980442884806
2529.78789483408	0.012219130335369319
2532.0773033438	0.007519480868971895
2534.36604044416	0.01127922130346639
2536.65410643286	0.009313871622046539
2538.9415016075	0.010168353343209707
2541.22822626558	0.010510166893042983
2543.51428070449	0.008630244522379987
2545.79966522154	0.008544817211631679
2548.08438011393	0.009313871622046539
2550.36842567876	0.00922844431129823
2552.65180221302	0.010424739582303224
2554.93451001363	0.007519480868971895
2557.21654937738	0.009399298932794847
2559.49792060096	0.011450075924954459
2561.77862398098	0.010253780653958015
2564.05865981395	0.010339207964706323
2566.33802839626	0.010595594203791291
2568.61673002421	0.007092240008390311
2570.89476499399	0.007263094629886928
2573.17213360172	0.008715776139976887
2575.44883614338	0.011706462164047974
2577.72487291489	0.008373962590135063
2580.00024421203	0.009911967104124739
2582.27495033048	0.011877316785536043
2584.54899156587	0.010424739582303224
2586.82236821368	0.011364648614206151
2589.0950805693	0.009399298932794847
2591.36712892802	0.009826539793376431
2593.63851358505	0.00786129441881372
2595.90923483547	0.007946721729553479
2598.17929297426	0.008373962590135063
2600.44868829631	0.012304557646117627
2602.71742109642	0.009484726243543155
2604.98549166927	0.010766448825287907
2607.25290030944	0.006750426458557035
2609.51964731142	0.008801203450716647
2611.78573296958	0.0058959447373938675
2614.05115757822	0.010595594203791291
2616.31592143149	0.008715776139976887
2618.58002482349	0.011450075924954459
2620.84346804817	0.009143017000558471
2623.10625139942	0.008544817211631679
2625.36837517101	0.011022835064372875
2627.6298396566	0.010851980442884806
2629.89064514976	0.008544817211631679
2632.15079194395	0.009570257861140056
2634.41028033254	0.011535503235702767
2636.66911060878	0.011193689685869491
2638.92728306582	0.008630244522379987
2641.18479799672	0.008630244522379987
2643.44165569444	0.008715776139976887
2645.69785645182	0.00999749872172164
2647.95340056162	0.006921281080053652
2650.20828831645	0.009313871622046539
2652.46252000888	0.008886630761464955
2654.71609593134	0.007604908179720203
2656.96901637616	0.007519480868971895
2659.22128163557	0.00922844431129823
2661.47289200171	0.007946721729553479
2663.72384776659	0.008801203450716647
2665.97414922213	0.009143017000558471
2668.22379666017	0.008630244522379987
2670.4727903724	0.008117576351050095
2672.72113065044	0.008288535279395303
2674.9688177858	0.00640861290872376
2677.21585206988	0.008373962590135063
2679.46223379399	0.00999749872172164
2681.70796324931	0.006921281080053652
2683.95304072694	0.007604908179720203
2686.19746651787	0.00999749872172164
2688.44124091298	0.00777576280121682
2690.68436420305	0.007946721729553479
2692.92683667876	0.007690335490468512
2695.16865863068	0.006750426458557035
2697.40983034928	0.01204817140703266
2699.65035212492	0.008544817211631679
2701.89022424785	0.008972058072213263
2704.12944700824	0.010339207964706323
2706.36802069612	0.009741112482628123
2708.60594560146	0.010253780653958015
2710.84322201407	0.010681021514539599
2713.0798502237	0.006835853769305344
2715.31583051998	0.011535503235702767
2717.55116319244	0.009484726243543155
2719.78584853048	0.009399298932794847
2722.01988682344	0.009399298932794847
2724.2532783605	0.007092240008390311
2726.48602343079	0.008373962590135063
2728.71812232329	0.005725090115905799
2730.9495753269	0.007348521940635236
2733.1803827304	0.009143017000558471
2735.4105448225	0.010766448825287907
2737.64006189173	0.005981372048142176
2739.86893422659	0.008544817211631679
2742.09716211544	0.008972058072213263
2744.32474584653	0.009143017000558471
2746.55168570802	0.0058959447373938675
2748.77798198795	0.008801203450716647
2751.00363497426	0.00845938990088337
2753.22864495479	0.00845938990088337
2755.45301221725	0.008032149040301787
2757.67673704928	0.008117576351050095
2759.89981973839	0.009057485382961571
2762.12226057198	0.008373962590135063
2764.34405983734	0.009484726243543155
2766.56521782169	0.00777576280121682
2768.7857348121	0.006152330976487383
2771.00561109555	0.007946721729553479
2773.22484695892	0.008544817211631679
2775.44344268897	0.00777576280121682
2777.66139857236	0.009570257861140056
2779.87871489564	0.007177667319138619
2782.09539194526	0.008886630761464955
2784.31143000754	0.007263094629886928
2786.52682936873	0.008801203450716647
2788.74159031494	0.005981372048142176
2790.95571313218	0.006494040219472068
2793.16919810637	0.0055541311875605915
2795.38204552329	0.008373962590135063
2797.59425566864	0.010082926032461399
2799.805828828	0.007946721729553479
2802.01676528685	0.008801203450716647
2804.22706533056	0.008630244522379987
2806.43672924436	0.008373962590135063
2808.64575731343	0.006750426458557035
2810.85414982279	0.008801203450716647
2813.06190705738	0.008715776139976887
2815.26902930203	0.006237758287227143
2817.47551684145	0.00845938990088337
2819.68136996024	0.008117576351050095
2821.88658894291	0.008801203450716647
2824.09117407383	0.008801203450716647
2826.29512563729	0.006664999147808727
2828.49844391747	0.011022835064372875
2830.70112919842	0.008373962590135063
2832.90318176409	0.006494040219472068
2835.10460189833	0.009570257861140056
2837.30538988487	0.007263094629886928
2839.50554600732	0.00786129441881372
2841.70507054922	0.009313871622046539
2843.90396379395	0.008117576351050095
2846.10222602482	0.008886630761464955
2848.29985752501	0.007690335490468512
2850.49685857759	0.00777576280121682
2852.69322946553	0.007519480868971895
2854.88897047169	0.007946721729553479
2857.08408187879	0.007946721729553479
2859.27856396949	0.008886630761464955
2861.4724170263	0.007177667319138619
2863.66564133164	0.009399298932794847
2865.85823716781	0.008715776139976887
2868.050204817	0.006921281080053652
2870.2415445613	0.007006812697650551
2872.43225668266	0.0055541311875605915
2874.62234146295	0.007946721729553479
2876.81179918393	0.0063231855979754515
2879.00063012722	0.009484726243543155
2881.18883457435	0.006494040219472068
2883.37641280674	0.009143017000558471
2885.56336510569	0.006579571837068967
2887.7496917524	0.007092240008390311
2889.93539302793	0.009484726243543155
2892.12046921326	0.012389984956865935
2894.30492058926	0.006152330976487383
2896.48874743666	0.009741112482628123
2898.67195003609	0.008373962590135063
2900.85452866809	0.011450075924954459
2903.03648361305	0.006750426458557035
2905.21781515128	0.00999749872172164
2907.39852356295	0.006921281080053652
2909.57860912814	0.006066799358890484
2911.75807212682	0.011450075924954459
2913.93691283883	0.006579571837068967
2916.1151315439	0.010510166893042983
2918.29272852166	0.008288535279395303
2920.46970405161	0.006835853769305344
2922.64605841316	0.008544817211631679
2924.82179188558	0.008544817211631679
2926.99690474805	0.00845938990088337
2929.17139727962	0.009143017000558471
2931.34526975924	0.008715776139976887
2933.51852246574	0.004357835916564148
2935.69115567784	0.009313871622046539
2937.86316967414	0.006664999147808727
2940.03456473313	0.007348521940635236
2942.20534113318	0.006494040219472068
2944.37549915256	0.004785076777145732
2946.54503906942	0.008630244522379987
2948.71396116179	0.009313871622046539
2950.8822657076	0.008886630761464955
2953.04995298465	0.007177667319138619
2955.21702327062	0.007434053558232135
2957.38347684312	0.004528794844900807
2959.54931397958	0.00640861290872376
2961.71453495737	0.007690335490468512
2963.87914005372	0.009655685171879815
2966.04312954574	0.0063231855979754515
2968.20650371045	0.006066799358890484
2970.36926282472	0.002990686024071088
2972.53140716535	0.00640861290872376
2974.69293700897	0.006835853769305344
2976.85385263216	0.007348521940635236
2979.01415431133	0.005810517426645559
2981.17384232278	0.007946721729553479
2983.33291694274	0.008203003661798403
2985.49137844726	0.008801203450716647
2987.64922711234	0.0046996494663974235
2989.8064632138	0.0055541311875605915
2991.9630870274	0.008715776139976887
2994.11909882875	0.006237758287227143
2996.27449889334	0.0051268903269790075
2998.42928749659	0.008117576351050095
3000.58346491374	0.007348521940635236
3002.73703141997	0.0050414630162306994
3004.8899872903	0.008630244522379987
3007.04233279965	0.005981372048142176
3009.19406822284	0.006152330976487383
3011.34519383455	0.0056395584983089
3013.49570990936	0.008117576351050095
3015.64561672172	0.0049560357054823905
3017.79491454597	0.007006812697650551
3019.94360365632	0.00777576280121682
3022.09168432689	0.0049560357054823905
3024.23915683165	0.0053832765660639745
3026.38602144448	0.0054687038768122835
3028.53227843913	0.006579571837068967
3030.67792808923	0.006066799358890484
3032.82297066831	0.007946721729553479
3034.96740644975	0.007519480868971895
3037.11123570684	0.007519480868971895
3039.25445871273	0.005297849255324215
3041.39707574049	0.0056395584983089
3043.53908706303	0.0053832765660639745
3045.68049295316	0.00786129441881372
3047.82129368358	0.006750426458557035
3049.96148952684	0.0037597404344859474
3052.1010807554	0.0052123176377273156
3054.24006764161	0.004528794844900807
3056.37845045767	0.003247072263156055
3058.51622947568	0.0056395584983089
3060.65340496763	0.00845938990088337
3062.78997720535	0.008117576351050095
3064.92594646061	0.0037597404344859474
3067.06131300501	0.004528794844900807
3069.19607711007	0.00640861290872376
3071.33023904715	0.004101553984319223
3073.46379908752	0.004785076777145732
3075.59675750233	0.008117576351050095
3077.7291145626	0.009143017000558471
3079.86087053922	0.0049560357054823905
3081.99202570299	0.006066799358890484
3084.12258032456	0.00777576280121682
3086.25253467448	0.004870608394742631
3088.38188902317	0.007434053558232135
3090.51064364093	0.0050414630162306994
3092.63879879794	0.0046996494663974235
3094.76635476428	0.0056395584983089
3096.89331180986	0.004870608394742631
3099.01967020452	0.0053832765660639745
3101.14543021796	0.004186981295067531
3103.27059211975	0.007604908179720203
3105.39515617934	0.006664999147808727
3107.51912266608	0.00777576280121682
3109.64249184919	0.007006812697650551
3111.76526399774	0.0046996494663974235
3113.88743938072	0.004101553984319223
3116.00901826698	0.006237758287227143
3118.13000092523	0.0033324995739043633
3120.2503876241	0.0054687038768122835
3122.37017863206	0.004528794844900807
3124.48937421748	0.006579571837068967
3126.6079746486	0.003588885812997879
3128.72598019354	0.0046996494663974235
3130.84339112029	0.005810517426645559
3132.96020769673	0.005297849255324215
3135.07643019061	0.005981372048142176
3137.19205886957	0.006066799358890484
3139.3070940011	0.0054687038768122835
3141.42153585259	0.007263094629886928
3143.5353846913	0.00640861290872376
3145.64864078438	0.0035033541954009803
3147.76130439882	0.003674313123737639
3149.87337580154	0.003417926884652672
3151.98485525929	0.0046996494663974235
3154.09574303872	0.0052123176377273156
3156.20603940634	0.0028198314025744712
3158.31574462857	0.0055541311875605915
3160.42485897167	0.0037597404344859474
3162.53338270181	0.0056395584983089
3164.64131608498	0.002392590541992887
3166.74865938712	0.004528794844900807
3168.85541287398	0.003845167745234256
3170.96157681123	0.006066799358890484
3173.0671514644	0.007177667319138619
3175.17213709889	0.0027344040918347115
3177.27653397998	0.006494040219472068
3179.38034237284	0.006921281080053652
3181.48356254248	0.006494040219472068
3183.58619475382	0.005810517426645559
3185.68823927165	0.0050414630162306994
3187.78969636061	0.006664999147808727
3189.89056628524	0.004016126673579463
3191.99084930995	0.0063231855979754515
3194.09054569901	0.0054687038768122835
3196.18965571659	0.0063231855979754515
3198.28817962671	0.0050414630162306994
3200.38611769327	0.009741112482628123
3202.48347018006	0.0056395584983089
3204.58023735073	0.0046996494663974235
3206.67641946881	0.004528794844900807
3208.77201679769	0.003247072263156055
3210.86702960065	0.0028198314025744712
3212.96145814084	0.009057485382961571
3215.05530268128	0.005725090115905799
3217.14856348487	0.004443367534161047
3219.24124081437	0.0052123176377273156
3221.33333493243	0.004614222155649115
3223.42484610157	0.004016126673579463
3225.51577458416	0.004614222155649115
3227.60612064247	0.0029052587133227793
3229.69588453864	0.005725090115905799
3231.78506653466	0.005297849255324215
3233.87366689244	0.006835853769305344
3235.9616858737	0.005297849255324215
3238.04912374008	0.005810517426645559
3240.13598075307	0.0031616449524162955
3242.22225717405	0.006750426458557035
3244.30795326425	0.00640861290872376
3246.39306928479	0.0051268903269790075
3248.47760549664	0.0050414630162306994
3250.56156216068	0.0049560357054823905
3252.64493953762	0.005297849255324215
3254.72773788807	0.004016126673579463
3256.8099574725	0.007092240008390311
3258.89159855124	0.003845167745234256
3260.97266138451	0.0046996494663974235
3263.05314623241	0.004614222155649115
3265.13305335488	0.0052123176377273156
3267.21238301175	0.0054687038768122835
3269.29113546272	0.006579571837068967
3271.36931096736	0.0035033541954009803
3273.4469097851	0.001110867960248135
3275.52393217526	0.004016126673579463
3277.60037839702	0.0054687038768122835
3279.67624870941	0.004357835916564148
3281.75154337138	0.002990686024071088
3283.8262626417	0.0056395584983089
3285.90040677904	0.004357835916564148
3287.97397604193	0.003417926884652672
3290.04697068876	0.002221631613656228
3292.11939097781	0.00845938990088337
3294.19123716721	0.0035033541954009803
3296.26250951497	0.003417926884652672
3298.33320827897	0.0051268903269790075
3300.40333371696	0.006152330976487383
3302.47288608655	0.0025634451634895038
3304.54186564524	0.0028198314025744712
3306.61027265036	0.0046996494663974235
3308.67810735915	0.0049560357054823905
3310.74537002869	0.0018799223706715434
3312.81206091594	0.006237758287227143
3314.87818027774	0.001708963442326336
3316.94372837077	0.0046996494663974235
3319.00870545161	0.0055541311875605915
3321.07311177668	0.00640861290872376
3323.13694760229	0.0033324995739043633
3325.2002131846	0.0055541311875605915
3327.26290877964	0.0056395584983089
3329.32503464334	0.004101553984319223
3331.38659103145	0.004870608394742631
3333.4475781996	0.0042724086058158394
3335.50799640332	0.006152330976487383
3337.56784589797	0.004614222155649115
3339.62712693879	0.0021362043029079197
3341.68583978089	0.0030761133348193963
3343.74398467924	0.004357835916564148
3345.80156188869	0.0035033541954009803
3347.85857166394	0.006152330976487383
3349.91501425956	0.0049560357054823905
3351.97088992999	0.0030761133348193963
3354.02619892956	0.004528794844900807
3356.0809415124	0.0027344040918347115
3358.13511793259	0.0030761133348193963
3360.18872844401	0.003417926884652672
3362.24177330044	0.002392590541992887
3364.29425275552	0.0055541311875605915
3366.34616706274	0.0024780178527411953
3368.39751647548	0.002990686024071088
3370.44830124696	0.002221631613656228
3372.49852163029	0.0051268903269790075
3374.54817787843	0.0018799223706715434
3376.5972702442	0.004528794844900807
3378.64579898031	0.003588885812997879
3380.69376433931	0.0050414630162306994
3382.74116657361	0.003417926884652672
3384.78800593552	0.006494040219472068
3386.83428267718	0.006237758287227143
3388.8799970506	0.003417926884652672
3390.92514930767	0.0028198314025744712
3392.96973970014	0.0029052587133227793
3395.01376847962	0.001708963442326336
3397.05723589757	0.003674313123737639
3399.10014220533	0.0029052587133227793
3401.1424876541	0.004443367534161047
3403.18427249495	0.004443367534161047
3405.22549697881	0.003930595055982564
3407.26616135646	0.003845167745234256
3409.30626587856	0.002392590541992887
3411.34581079563	0.0029052587133227793
3413.38479635805	0.004101553984319223
3415.42322281605	0.0031616449524162955
3417.46109041976	0.0056395584983089
3419.49839941912	0.0054687038768122835
3421.53515006399	0.0010254406495083753
3423.57134260405	0.002392590541992887
3425.60697728886	0.0015381088208297191
3427.64205436783	0.0031616449524162955
3429.67657409025	0.003247072263156055
3431.71053670525	0.0023071632312531274
3433.74394246185	0.006237758287227143
3435.77679160891	0.0031616449524162955
3437.80908439515	0.0049560357054823905
3439.84082106917	0.004614222155649115
3441.87200187943	0.0015381088208297191
3443.90262707421	0.003247072263156055
3445.93269690172	0.0049560357054823905
3447.96221160996	0.003845167745234256
3449.99117144686	0.001965349681411303
3452.01957666015	0.000427240860581584
3454.04742749746	0.0031616449524162955
3456.07472420626	0.004016126673579463
3458.1014670339	0.002221631613656228
3460.12765622756	0.003247072263156055
3462.15329203432	0.0021362043029079197
3464.17837470108	0.0050414630162306994
3466.20290447463	0.0046996494663974235
3468.22688160161	0.0024780178527411953
3470.25030632851	0.0016235361315780274
3472.2731789017	0.0028198314025744712
3474.29549956739	0.004785076777145732
3476.31726857166	0.0026488724742378122
3478.33848616045	0.003588885812997879
3480.35915257955	0.0014526815100899594
3482.37926807462	0.000854481721163168
3484.39883289117	0.002990686024071088
3486.41784727458	0.0025634451634895038
3488.43631147007	0.003247072263156055
3490.45422572275	0.002392590541992887
3492.47159027755	0.0023071632312531274
3494.4884053793	0.0018799223706715434
3496.50467127263	0.0033324995739043633
3498.5203882021	0.0
