1001.77463942924	0.052841385538282916
1004.53092997605	0.05149722011925253
1007.28635062209	0.04672293195091606
1010.0409017241	0.04570320854707238
1012.79458363868	0.040650819139698965
1015.54739672233	0.04027997976622406
1018.29934133142	0.03374434602923254
1021.05041782219	0.03272462262538886
1023.8006265508	0.02781125554646469
1026.54996787325	0.027440472755128238
1029.29844214545	0.024288507827006856
1032.0460497232	0.02299068318412622
1034.79279096215	0.02030223918177461
1037.53866621786	0.01594513116306745
1040.28367584578	0.016037869297510048
1043.02782020123	0.013998365907670306
1045.7710996394	0.013998365907670306
1048.51351451539	0.012329701891314755
1051.25506518417	0.0120515440701347
1053.99575200061	0.01260780313034707
1056.73557531945	0.012793222817089165
1059.4745354953	0.01311766483227123
1062.2126328827	0.010568299740511967
1064.94986783605	0.01214428220457266
1067.68624070961	0.01103182066628638
1070.42175185757	0.01093913911399152
1073.15640163398	0.010800060203399173
1075.89019039278	0.014091047459969802
1078.6231184878	0.012236963756872157
1081.35518627276	0.011170899576878725
1084.08639410125	0.013859286997082597
1086.81674232676	0.011773442831097745
1089.54623130267	0.012422383443609615
1092.27486138224	0.013859286997082597
1095.00263291861	0.01478632884863142
1097.72954626482	0.013349425295158437
1100.45560177378	0.012468724219759362
1103.18079979831	0.012932245145533774
1105.90514069112	0.01093913911399152
1108.62862480477	0.012515064995909111
1111.35125249175	0.01149534159206079
1114.07302410441	0.015249849774405832
1116.793939995	0.012746825458796317
1119.51400051566	0.01311766483227123
1122.23320601841	0.012515064995909111
1124.95155685517	0.01149534159206079
1127.66905337774	0.012236963756872157
1130.38569593782	0.011912521741685453
1133.10148488697	0.014137388236119552
1135.81642057667	0.011958862517835202
1138.53050335829	0.011217240353023836
1141.24373358306	0.011078161442436127
1143.95611160214	0.012700484682646567
1146.66763776654	0.01311766483227123
1149.37831242718	0.01140266003976593
1152.08813593487	0.010197460367037054
1154.7971086403	0.011958862517835202
1157.50523089408	0.011912521741685453
1160.21250304667	0.00931681587378108
1162.91892544844	0.010290198501475013
1165.62449844965	0.01260780313034707
1168.32922240045	0.01149534159206079
1171.0330976509	0.0099193591280001
1173.73612455091	0.011773442831097745
1176.43830345031	0.01149534159206079
1179.13963469882	0.011124502218585876
1181.84011864604	0.011170899576878725
1184.53975564147	0.013071324056121483
1187.23854603451	0.011124502218585876
1189.93649017442	0.011217240353023836
1192.63358841039	0.009548576336668285
1195.32984109149	0.012329701891314755
1198.02524856667	0.012376042667459865
1200.71981118478	0.010660981292811464
1203.41352929457	0.010753719427249425
1206.10640324467	0.010568299740511967
1208.79843338361	0.013071324056121483
1211.48962005981	0.012422383443609615
1214.17996362159	0.010800060203399173
1216.86946441716	0.01103182066628638
1219.55812279461	0.01260780313034707
1222.24593910194	0.013303084519008688
1224.93291368704	0.011773442831097745
1227.61904689769	0.011356262681473082
1230.30433908157	0.010243857725329902
1232.98879058625	0.012422383443609615
1235.67240175918	0.014415546057299606
1238.35517294773	0.012746825458796317
1241.03710449915	0.013488504205750783
1243.71819676058	0.012746825458796317
1246.39845007907	0.011819783607247494
1249.07786480155	0.010429220829924259
1251.75644127485	0.014508227609594465
1254.43417984571	0.012236963756872157
1257.11108086072	0.01265414390649682
1259.78714466643	0.011078161442436127
1262.46237160921	0.010846400979548922
1265.1367620354	0.012236963756872157
1267.81031629118	0.00978033679955549
1270.48303472266	0.012793222817089165
1273.15491767583	0.011078161442436127
1275.82596549657	0.012005203293984952
1278.49617853067	0.013303084519008688
1281.16555712381	0.012932245145533774
1283.83410162156	0.013534844981895893
1286.50181236939	0.010846400979548922
1289.16868971269	0.010753719427249425
1291.8347339967	0.0137666054447831
1294.49994556659	0.011588023144360289
1297.16432476743	0.012932245145533774
1299.82787194415	0.012005203293984952
1302.49058744163	0.01265414390649682
1305.15247160459	0.014091047459969802
1307.81352477769	0.01302498327997637
1310.47374730548	0.011356262681473082
1313.1331395324	0.01464730652018681
1315.79170180277	0.0120515440701347
1318.44943446083	0.01464730652018681
1321.10633785073	0.015667029924030493
1323.76241231648	0.014369148699006757
1326.41765820202	0.015991471939217197
1329.07207585117	0.019375197330225788
1331.72566560766	0.019560617016963242
1334.3784278151	0.021692801959097844
1337.03036281703	0.02572541138047984
1339.68147095686	0.027440472755128238
1342.33175257789	0.028089413367644745
1344.98120802335	0.026003569201659894
1347.62983763636	0.026652453232028663
1350.27764175994	0.02521554967855568
1352.92462073697	0.023871327677382193
1355.57077491028	0.021136599481028574
1358.21610462259	0.01849449625482671
1360.86061021649	0.02136835994391578
1363.50429203449	0.01580610883462284
1366.14715041901	0.015667029924030493
1368.78918571234	0.01367386731034514
1371.4303982567	0.015991471939217197
1374.07078839419	0.014230126370557511
1376.71035646681	0.01580610883462284
1379.34910281647	0.017103933477503476
1381.98702778498	0.01585244961076795
1384.62413171402	0.015249849774405832
1387.26041494523	0.01478632884863142
1389.89587782008	0.01585244961076795
1392.53052068001	0.014322807922857008
1395.16434386629	0.014369148699006757
1397.79734772015	0.014508227609594465
1400.42953258269	0.013395766071308185
1403.0608987949	0.0137666054447831
1405.69144669771	0.013442106847457934
1408.32117663193	0.012793222817089165
1410.95008893825	0.014322807922857008
1413.57818395728	0.015249849774405832
1416.20546202954	0.013256743742863578
1418.83192349543	0.01214428220457266
1421.45756869528	0.013210346384570729
1424.08239796929	0.013210346384570729
1426.70641165757	0.011773442831097745
1429.32961010016	0.014693647296331923
1431.95199363695	0.013812946220932848
1434.57356260778	0.013627526534195392
1437.19431735237	0.01260780313034707
1439.81425821033	0.0137666054447831
1442.43338552118	0.01367386731034514
1445.05169962437	0.012700484682646567
1447.66920085921	0.015713370700180244
1450.28588956493	0.01265414390649682
1452.90176608067	0.011866180965540343
1455.51683074547	0.01256146235420196
1458.13108389825	0.0120515440701347
1460.74452587786	0.014230126370557511
1463.35715702303	0.01154168236821054
1465.96897767243	0.014925407759219128
1468.57998816457	0.01256146235420196
1471.19018883794	0.012005203293984952
1473.79958003086	0.013581185758045643
1476.4081620816	0.013581185758045643
1479.01593532831	0.014415546057299606
1481.62290010905	0.014137388236119552
1484.22905676179	0.01473998807248167
1486.83440562438	0.013442106847457934
1489.43894703461	0.012700484682646567
1492.04268133016	0.014091047459969802
1494.64560884857	0.012839563593234278
1497.24772992735	0.014044706683820055
1499.84904490388	0.014600909161893962
1502.44955411543	0.01302498327997637
1505.0492578992	0.01427646714670726
1507.64815659229	0.011912521741685453
1510.24625053168	0.015342587908848428
1512.84354005429	0.013303084519008688
1515.44002549691	0.01464730652018681
1518.03570719625	0.016130550849804907
1520.63058548894	0.01640865208884186
1523.22466071147	0.016130550849804907
1525.81793320028	0.015481610237293037
1528.41040329169	0.01752111362712814
1531.00207132192	0.015342587908848428
1533.59293762712	0.01756745440327789
1536.18300254332	0.019977797166592544
1538.77226640645	0.018772597493863667
1541.36072955237	0.019328856554076037
1543.94839231684	0.019282515777930928
1546.53525503548	0.02243442412390921
1549.12131804389	0.02299068318412622
1551.70658167752	0.022109982108722507
1554.29104627173	0.024798369528931018
1556.87471216181	0.028367514606677063
1559.45757968292	0.03379068680538229
1562.03964917017	0.03587653097136714
1564.62092095853	0.04537870994974258
1567.2013953829	0.06072124127644791
1569.78107277808	0.07703721181299027
1572.35995347877	0.10211368258095824
1574.93803781959	0.1404468405096467
1577.51532613504	0.18837491555114852
1580.09181875956	0.2310188407223944
1582.66751602746	0.2546584079368894
1585.24241827297	0.22976735685565886
1587.81652583024	0.18221012118763658
1590.3898390333	0.13752669262655098
1592.96235821611	0.09840551517476295
1595.53408371251	0.07522946888604237
1598.10501585628	0.05492722970426776
1600.67515498106	0.042041381917022204
1603.24450142043	0.03731343452484013
1605.81305550788	0.03216836356517185
1608.38081757677	0.026467090127434305
1610.9477879604	0.028645615845714015
1613.51396699198	0.022202663661022005
1616.07935500458	0.025493650917592633
1618.64395233122	0.022249004437171753
1621.20775930483	0.023964065811820152
1623.7707762582	0.01974603670370534
1626.33300352408	0.017613795179427637
1628.89444143508	0.018726256717713916
1631.45509032376	0.015527951013442785
1634.01495052255	0.015064430087668374
1636.5740223638	0.013812946220932848
1639.13230617978	0.014600909161893962
1641.68980230264	0.015435269461143288
1644.24651106446	0.010800060203399173
1646.80243279721	0.013581185758045643
1649.35756783278	0.01316400560842098
1651.91191650296	0.012885904369384025
1654.46547913944	0.011217240353023836
1657.01825607383	0.010151119590887304
1659.57024763764	0.011958862517835202
1662.12145416229	0.01149534159206079
1664.6718759791	0.011449000815911043
1667.2215134193	0.010429220829924259
1669.77036681404	0.01093913911399152
1672.31843649435	0.01103182066628638
1674.8657227912	0.01256146235420196
1677.41222603543	0.009131396187038985
1679.95794655782	0.008297035887789659
1682.50288468904	0.010707378651104313
1685.04704075968	0.010568299740511967
1687.59041510022	0.00940949742607594
1690.13300804106	0.008667875261264573
1692.67481991249	0.011263581129173585
1695.21585104474	0.010568299740511967
1697.75610176791	0.008714216037414322
1700.29557241205	0.009826677575700602
1702.83426330707	0.009641257888963145
1705.37217478282	0.009502178978375436
1707.90930716905	0.007509072946828545
1710.44566079541	0.008806897589713819
1712.98123599146	0.00876055681356407
1715.51603308669	0.009038658052601024
1718.05005241045	0.010336539277624762
1720.58329429205	0.00815801355934505
1723.11575906067	0.008297035887789659
1725.64744704542	0.012515064995909111
1728.17835857532	0.007091892797203882
1730.70849397927	0.009502178978375436
1733.2378535861	0.007926253096457845
1735.76643772453	0.009641257888963145
1738.29424672323	0.00978033679955549
1740.82128091074	0.009085055410893873
1743.3475406155	0.009733939441262641
1745.87302616589	0.008482455574527117
1748.39773789019	0.00940949742607594
1750.92167611656	0.008065275424902454
1753.44484117311	0.008528796350676864
1755.96723338783	0.010429220829924259
1758.48885308862	0.008945976500301527
1761.00970060331	0.006906473110466424
1763.52977625961	0.007926253096457845
1766.04908038514	0.006303929856247404
1768.56761330746	0.009548576336668285
1771.08537535401	0.009177736963188732
1773.60236685214	0.007277312483941339
1776.11858812912	0.007833514962015247
1778.63403951211	0.008714216037414322
1781.14872132821	0.009085055410893873
1783.6626339044	0.009594917112813395
1786.17577756757	0.007509072946828545
1788.68815264454	0.00876055681356407
1791.199759462	0.009224077739338482
1793.7105983466	0.008992317276451276
1796.22066962486	0.00764809527527779
1798.72997362322	0.006767450782021816
1801.23851066803	0.008992317276451276
1803.74628108554	0.009131396187038985
1806.25328520193	0.008806897589713819
1808.75952334326	0.008204354335490162
1811.2649958355	0.006396611408542264
1813.76970300458	0.007277312483941339
1816.27364517628	0.008065275424902454
1818.77682267629	0.00764809527527779
1821.27923583026	0.008528796350676864
1823.78088496369	0.0071845743495033785
1826.28177040204	0.010058438038587808
1828.78189247064	0.008853294948006667
1831.28125149473	0.007926253096457845
1833.77984779949	0.0076944926335706385
1836.27768170998	0.010012097262442697
1838.77475355119	0.008806897589713819
1841.271063648	0.008853294948006667
1843.76661232521	0.007972593872602955
1846.26139990751	0.011449000815911043
1848.75542671954	0.01316400560842098
1851.2486930858	0.010197460367037054
1853.74119933074	0.010568299740511967
1856.23294577869	0.01093913911399152
1858.72393275391	0.011680761278798248
1861.21416058054	0.01214428220457266
1863.70362958267	0.008204354335490162
1866.19234008426	0.011819783607247494
1868.6802924092	0.010058438038587808
1871.16748688129	0.011124502218585876
1873.65392382424	0.008621534485119462
1876.13960356164	0.011819783607247494
1878.62452641704	0.010243857725329902
1881.10869271384	0.009687598665112894
1883.59210277541	0.009038658052601024
1886.07475692498	0.010429220829924259
1888.55665548571	0.006999211244909022
1891.03779878067	0.010243857725329902
1893.51818713284	0.00978033679955549
1895.99782086509	0.008343376663939406
1898.47670030024	0.008482455574527117
1900.95482576096	0.008945976500301527
1903.43219756989	0.009038658052601024
1905.90881604954	0.007833514962015247
1908.38468152235	0.009455838202225687
1910.85979431064	0.00815801355934505
1913.33415473668	0.008853294948006667
1915.80776312261	0.00815801355934505
1918.28061979051	0.006906473110466424
1920.75272506234	0.008992317276451276
1923.22407926001	0.008343376663939406
1925.69468270529	0.00602577203506735
1928.16453571989	0.008436114798377367
1930.63363862544	0.008806897589713819
1933.10199174344	0.009594917112813395
1935.56959539533	0.010429220829924259
1938.03644990244	0.007091892797203882
1940.50255558603	0.008482455574527117
1942.96791276726	0.009502178978375436
1945.43252176718	0.007091892797203882
1947.8963829068	0.010104778814737557
1950.35949650697	0.00931681587378108
1952.8218628885	0.010475618188217108
1955.2834823721	0.010800060203399173
1957.74435527836	0.009455838202225687
1960.20448192784	0.0071845743495033785
1962.66386264093	0.008621534485119462
1965.12249773799	0.007509072946828545
1967.58038753927	0.01052195896436222
1970.03753236493	0.007230971707796227
1972.49393253504	0.010660981292811464
1974.94958836957	0.008992317276451276
1977.4045001884	0.00978033679955549
1979.85866831133	0.00931681587378108
1982.31209305807	0.008436114798377367
1984.76477474823	0.00987301835185035
1987.21671370133	0.01052195896436222
1989.6679102368	0.010197460367037054
1992.11836467399	0.010614640516661717
1994.56807733213	0.0071845743495033785
1997.0170485304	0.007926253096457845
1999.46527858786	0.009965699904149848
2001.91276782348	0.01093913911399152
2004.35951655615	0.01038288005377451
2006.80552510467	0.007879855738164996
2009.25079378774	0.00889963572415178
2011.69532292397	0.008621534485119462
2014.13911283188	0.0099193591280001
2016.58216382991	0.00978033679955549
2019.02447623639	0.009085055410893873
2021.46605036956	0.009965699904149848
2023.90688654761	0.010892741755698671
2026.34698508858	0.009548576336668285
2028.78634631045	0.010197460367037054
2031.22497053111	0.009131396187038985
2033.66285806835	0.00987301835185035
2036.10000923987	0.007462732170683433
2038.53642436328	0.009687598665112894
2040.97210375611	0.009641257888963145
2043.40704773578	0.00774083340971575
2045.84125661964	0.00825069511163991
2048.27473072492	0.009224077739338482
2050.70747036878	0.007833514962015247
2053.13947586829	0.00889963572415178
2055.57074754041	0.007416334812390585
2058.00128570205	0.00764809527527779
2060.43109066998	0.008436114798377367
2062.8601627609	0.007416334812390585
2065.28850229143	0.009224077739338482
2067.71610957807	0.007926253096457845
2070.14298493726	0.005654989243730898
2072.56912868532	0.006952813886616172
2074.99454113851	0.007369994036240835
2077.41922261297	0.00876055681356407
2079.84317342476	0.007787174185865498
2082.26639388986	0.00774083340971575
2084.68888432414	0.008621534485119462
2087.1106450434	0.01038288005377451
2089.53167636331	0.006582031095279721
2091.95197859949	0.008389774022232257
2094.37155206745	0.00815801355934505
2096.79039708261	0.007879855738164996
2099.20851396029	0.007926253096457845
2101.62590301575	0.007416334812390585
2104.04256456411	0.008667875261264573
2106.45849892045	0.006442952184692013
2108.87370639971	0.0076017544991280415
2111.28818731677	0.005979431258917601
2113.70194198641	0.007369994036240835
2116.11497072333	0.00987301835185035
2118.52727384211	0.008667875261264573
2120.93885165726	0.006906473110466424
2123.34970448321	0.009687598665112894
2125.75983263425	0.009131396187038985
2128.16923642463	0.008482455574527117
2130.57791616848	0.007972593872602955
2132.98587217985	0.005654989243730898
2135.3931047727	0.0076017544991280415
2137.79961426089	0.00940949742607594
2140.20540095818	0.007787174185865498
2142.61046517826	0.008111616201052201
2145.01480723472	0.006072169393360198
2147.41842744104	0.008389774022232257
2149.82132611063	0.006072169393360198
2152.22350355681	0.008714216037414322
2154.62496009279	0.009270418515488231
2157.0256960317	0.009270418515488231
2159.42571168658	0.008714216037414322
2161.82500737036	0.007230971707796227
2164.22358339589	0.007509072946828545
2166.62144007595	0.008621534485119462
2169.01857772318	0.007277312483941339
2171.41499665018	0.010568299740511967
2173.81069716942	0.00936315664992619
2176.20567959329	0.008806897589713819
2178.59994423409	0.007555413722978293
2180.99349140402	0.008621534485119462
2183.38632141519	0.006442952184692013
2185.77843457964	0.010151119590887304
2188.16983120927	0.008436114798377367
2190.56051161594	0.007323653260091087
2192.95047611139	0.005237809094106235
2195.33972500725	0.008389774022232257
2197.72825861511	0.00774083340971575
2200.11607724641	0.008806897589713819
2202.50318121254	0.009965699904149848
2204.88957082477	0.00815801355934505
2207.27524639429	0.010707378651104313
2209.6602082322	0.00936315664992619
2212.0444566495	0.008575137126826613
2214.4279919571	0.008111616201052201
2216.81081446582	0.009455838202225687
2219.19292448638	0.008436114798377367
2221.57432232942	0.008065275424902454
2223.95500830547	0.010707378651104313
2226.33498272498	0.00940949742607594
2228.7142458983	0.00825069511163991
2231.09279813569	0.008018934648752704
2233.47063974732	0.009965699904149848
2235.84777104327	0.008065275424902454
2238.2241923335	0.008528796350676864
2240.59990392792	0.0076944926335706385
2242.97490613632	0.0071845743495033785
2245.34919926839	0.0099193591280001
2247.72278363376	0.007230971707796227
2250.09565954192	0.007509072946828545
2252.46782730231	0.006860132334316676
2254.83928722425	0.00815801355934505
2257.21003961698	0.010012097262442697
2259.58008478963	0.008482455574527117
2261.94942305127	0.006999211244909022
2264.31805471084	0.005840408930472993
2266.68598007721	0.008945976500301527
2269.05319945914	0.007230971707796227
2271.4197131653	0.008111616201052201
2273.78552150427	0.008992317276451276
2276.15062478456	0.008343376663939406
2278.51502331454	0.008621534485119462
2280.87871740252	0.010012097262442697
2283.24170735671	0.007416334812390585
2285.60399348521	0.0071845743495033785
2287.96557609605	0.008528796350676864
2290.32645549714	0.00764809527527779
2292.68663199633	0.009224077739338482
2295.04610590133	0.007462732170683433
2297.40487751981	0.007230971707796227
2299.76294715931	0.008065275424902454
2302.12031512727	0.00931681587378108
2304.47698173107	0.008945976500301527
2306.83294727796	0.007091892797203882
2309.18821207512	0.008111616201052201
2311.54277642963	0.010243857725329902
2313.89664064847	0.009177736963188732
2316.24980503852	0.008667875261264573
2318.6022699066	0.007833514962015247
2320.95403555938	0.0076944926335706385
2323.30510230349	0.00764809527527779
2325.65547044542	0.006164850945655058
2328.0051402916	0.008528796350676864
2330.35411214835	0.009687598665112894
2332.7023863219	0.01093913911399152
2335.04996311837	0.009455838202225687
2337.39684284382	0.00940949742607594
2339.74302580418	0.006860132334316676
2342.08851230529	0.009038658052601024
2344.43330265291	0.007879855738164996
2346.7773971527	0.008806897589713819
2349.12079611023	0.00889963572415178
2351.46349983096	0.011078161442436127
2353.80550862026	0.008667875261264573
2356.14682278342	0.008621534485119462
2358.48744262562	0.009177736963188732
2360.82736845194	0.008853294948006667
2363.16660056738	0.008343376663939406
2365.50513927683	0.009548576336668285
2367.8429848851	0.009965699904149848
2370.1801376969	0.00940949742607594
2372.51659801683	0.00825069511163991
2374.85236614941	0.010243857725329902
2377.18744239906	0.012097941428427548
2379.52182707011	0.009548576336668285
2381.85552046679	0.010568299740511967
2384.18852289322	0.009038658052601024
2386.52083465345	0.008945976500301527
2388.85245605142	0.009224077739338482
2391.18338739097	0.010660981292811464
2393.51362897585	0.010058438038587808
2395.84318110973	0.009085055410893873
2398.17204409615	0.011309921905323334
2400.50021823858	0.010012097262442697
2402.82770384038	0.009224077739338482
2405.15450120483	0.009177736963188732
2407.48061063509	0.009826677575700602
2409.80603243426	0.008343376663939406
2412.13076690529	0.010753719427249425
2414.4548143511	0.012097941428427548
2416.77817507445	0.011866180965540343
2419.10084937804	0.012376042667459865
2421.42283756447	0.010753719427249425
2423.74413993625	0.013256743742863578
2426.06475679575	0.010753719427249425
2428.38468844531	0.012839563593234278
2430.70393518711	0.01580610883462284
2433.02249732329	0.01483266962478117
2435.34037515584	0.015527951013442785
2437.65756898669	0.020394920734074107
2439.97407911767	0.020070478718887404
2442.28990585049	0.023871327677382193
2444.60504948679	0.02572541138047984
2446.91951032808	0.03063877845940401
2449.23328867581	0.028135754143789857
2451.54638483132	0.03207568201287236
2453.85879909585	0.03226110169961445
2456.17053177052	0.03012886017533675
2458.48158315639	0.030360620638223954
2460.79195355441	0.02832117383053195
2463.10164326542	0.02577180873877269
2465.41065259017	0.02586449029106755
2467.71898182932	0.024844766887223865
2470.02663128344	0.02173914273524759
2472.33360125296	0.021785483511397342
2474.63989203825	0.022017243974284548
2476.94550393958	0.022388083347759463
2479.25043725712	0.02034857995792436
2481.55469229093	0.019606957793112993
2483.85826934098	0.017289353164240934
2486.16116870713	0.01696491114905887
2488.46339068916	0.019004357956750872
2490.76493558676	0.01538892868499354
2493.06580369949	0.016037869297510048
2495.36599532684	0.015064430087668374
2497.66551076817	0.01427646714670726
2499.96435032278	0.015481610237293037
2502.26251428984	0.015157168222106334
2504.56000296845	0.01529619055055558
2506.85681665757	0.011773442831097745
2509.15295565612	0.015157168222106334
2511.44842026287	0.014461886833444718
2513.74321077651	0.012700484682646567
2516.03732749563	0.01367386731034514
2518.33077071873	0.01529619055055558
2520.62354074419	0.01265414390649682
2522.91563787031	0.014461886833444718
2525.20706239528	0.011356262681473082
2527.49781461721	0.014369148699006757
2529.78789483408	0.013442106847457934
2532.0773033438	0.013256743742863578
2534.36604044416	0.013303084519008688
2536.65410643286	0.012885904369384025
2538.9415016075	0.01154168236821054
2541.22822626558	0.012329701891314755
2543.51428070449	0.01154168236821054
2545.79966522154	0.012932245145533774
2548.08438011393	0.01478632884863142
2550.36842567876	0.01140266003976593
2552.65180221302	0.013534844981895893
2554.93451001363	0.011958862517835202
2557.21654937738	0.01311766483227123
2559.49792060096	0.012515064995909111
2561.77862398098	0.015157168222106334
2564.05865981395	0.014693647296331923
2566.33802839626	0.012793222817089165
2568.61673002421	0.011866180965540343
2570.89476499399	0.01265414390649682
2573.17213360172	0.013256743742863578
2575.44883614338	0.013256743742863578
2577.72487291489	0.014693647296331923
2580.00024421203	0.014322807922857008
2582.27495033048	0.016825832238466523
2584.54899156587	0.014091047459969802
2586.82236821368	0.015481610237293037
2589.0950805693	0.011819783607247494
2591.36712892802	0.015713370700180244
2593.63851358505	0.017799214866165095
2595.90923483547	0.01687217301461627
2598.17929297426	0.01705759270135373
2600.44868829631	0.018772597493863667
2602.71742109642	0.017335693940390685
2604.98549166927	0.0198387182560002
2607.25290030944	0.02067307855525416
2609.51964731142	0.0180309753290523
2611.78573296958	0.02076576010754902
2614.05115757822	0.0241030881402694
2616.31592143149	0.025030129991818223
2618.58002482349	0.024752028752781267
2620.84346804817	0.02850653693512631
2623.10625139942	0.027764914770314942
2625.36837517101	0.030082519399187
2627.6298396566	0.03592287174751689
2629.89064514976	0.04014095743777944
2632.15079194395	0.044034487948569095
2634.41028033254	0.05511264939100522
2636.66911060878	0.05511264939100522
2638.92728306582	0.06549552944477974
2641.18479799672	0.07810327599298834
2643.44165569444	0.0882080548077259
2645.69785645182	0.10888107678083696
2647.95340056162	0.12904423705202386
2650.20828831645	0.15147866117593306
2652.46252000888	0.1783165340946992
2654.71609593134	0.20858441659848517
2656.96901637616	0.24710305079605419
2659.22128163557	0.2884027539661219
2661.47289200171	0.3347548465435631
2663.72384776659	0.3681746939754705
2665.97414922213	0.3957541890590479
2668.22379666017	0.42402896553128705
2670.4727903724	0.4430333234880379
2672.72113065044	0.46407712825248076
2674.9688177858	0.456429032977203
2677.21585206988	0.43779551439393166
2679.46223379399	0.426902772638233
2681.70796324931	0.40488552866394845
2683.95304072694	0.35959955684864386
2686.19746651787	0.3352647082454872
2688.44124091298	0.2909057782817361
2690.68436420305	0.25512192886266377
2692.92683667876	0.22828405594389767
2695.16865863068	0.1992676573068472
2697.40983034928	0.1724297843880811
2699.65035212492	0.14396964481124763
2701.89022424785	0.12621677072122764
2704.12944700824	0.1105034000210474
2706.36802069612	0.09205530112451353
2708.60594560146	0.07944749799416183
2710.84322201407	0.06971355855289918
2713.0798502237	0.05956243896201188
2715.31583051998	0.056086032018703796
2717.55116319244	0.04927229704267533
2719.78584853048	0.044034487948569095
2722.01988682344	0.041114340065473376
2724.2532783605	0.038055113271794595
2726.48602343079	0.03272462262538886
2728.71812232329	0.030777800787848617
2730.9495753269	0.02781125554646469
2733.1803827304	0.025308287812998275
2735.4105448225	0.024195826274707358
2737.64006189173	0.024381245961449454
2739.86893422659	0.023129705512570826
2742.09716211544	0.0198387182560002
2744.32474584653	0.018726256717713916
2746.55168570802	0.01905075531504372
2748.77798198795	0.018772597493863667
2751.00363497426	0.018540837030976462
2753.22864495479	0.01585244961076795
2755.45301221725	0.017150274253653227
2757.67673704928	0.01705759270135373
2759.89981973839	0.017660192537720488
2762.12226057198	0.015759711476329992
2764.34405983734	0.01538892868499354
2766.56521782169	0.014554568385744215
2768.7857348121	0.016733150686171663
2771.00561109555	0.013395766071308185
2773.22484695892	0.010568299740511967
2775.44344268897	0.01478632884863142
2777.66139857236	0.011124502218585876
2779.87871489564	0.012885904369384025
2782.09539194526	0.011634420502653137
2784.31143000754	0.012978585921683522
2786.52682936873	0.011958862517835202
2788.74159031494	0.011819783607247494
2790.95571313218	0.01052195896436222
2793.16919810637	0.01038288005377451
2795.38204552329	0.012329701891314755
2797.59425566864	0.013627526534195392
2799.805828828	0.009594917112813395
2802.01676528685	0.010568299740511967
2804.22706533056	0.008575137126826613
2806.43672924436	0.010336539277624762
2808.64575731343	0.008528796350676864
2810.85414982279	0.008806897589713819
2813.06190705738	0.00978033679955549
2815.26902930203	0.00978033679955549
2817.47551684145	0.009733939441262641
2819.68136996024	0.01154168236821054
2821.88658894291	0.01149534159206079
2824.09117407383	0.0099193591280001
2826.29512563729	0.010707378651104313
2828.49844391747	0.008714216037414322
2830.70112919842	0.00936315664992619
2832.90318176409	0.009224077739338482
2835.10460189833	0.011170899576878725
2837.30538988487	0.009270418515488231
2839.50554600732	0.00931681587378108
2841.70507054922	0.007926253096457845
2843.90396379395	0.010568299740511967
2846.10222602482	0.0076944926335706385
2848.29985752501	0.009641257888963145
2850.49685857759	0.009270418515488231
2852.69322946553	0.010614640516661717
2854.88897047169	0.010197460367037054
2857.08408187879	0.00876055681356407
2859.27856396949	0.01093913911399152
2861.4724170263	0.009177736963188732
2863.66564133164	0.009548576336668285
2865.85823716781	0.009548576336668285
2868.050204817	0.00876055681356407
2870.2415445613	0.00825069511163991
2872.43225668266	0.010058438038587808
2874.62234146295	0.008621534485119462
2876.81179918393	0.00987301835185035
2879.00063012722	0.00940949742607594
2881.18883457435	0.008204354335490162
2883.37641280674	0.010614640516661717
2885.56336510569	0.009270418515488231
2887.7496917524	0.007879855738164996
2889.93539302793	0.00931681587378108
2892.12046921326	0.011078161442436127
2894.30492058926	0.009085055410893873
2896.48874743666	0.008343376663939406
2898.67195003609	0.008018934648752704
2900.85452866809	0.007230971707796227
2903.03648361305	0.008575137126826613
2905.21781515128	0.01098547989013663
2907.39852356295	0.008945976500301527
2909.57860912814	0.009224077739338482
2911.75807212682	0.009177736963188732
2913.93691283883	0.009594917112813395
2916.1151315439	0.008945976500301527
2918.29272852166	0.007230971707796227
2920.46970405161	0.00764809527527779
2922.64605841316	0.0076944926335706385
2924.82179188558	0.006813791558166927
2926.99690474805	0.008621534485119462
2929.17139727962	0.0070455520210541325
2931.34526975924	0.00940949742607594
2933.51852246574	0.008343376663939406
2935.69115567784	0.0071845743495033785
2937.86316967414	0.008065275424902454
2940.03456473313	0.00825069511163991
2942.20534113318	0.006860132334316676
2944.37549915256	0.008621534485119462
2946.54503906942	0.0076017544991280415
2948.71396116179	0.008018934648752704
2950.8822657076	0.007277312483941339
2953.04995298465	0.008806897589713819
2955.21702327062	0.007416334812390585
2957.38347684312	0.007230971707796227
2959.54931397958	0.006813791558166927
2961.71453495737	0.007555413722978293
2963.87914005372	0.007509072946828545
2966.04312954574	0.007230971707796227
2968.20650371045	0.005979431258917601
2970.36926282472	0.006860132334316676
2972.53140716535	0.006396611408542264
2974.69293700897	0.00764809527527779
2976.85385263216	0.007369994036240835
2979.01415431133	0.007555413722978293
2981.17384232278	0.00764809527527779
2983.33291694274	0.006442952184692013
2985.49137844726	0.006999211244909022
2987.64922711234	0.00602577203506735
2989.8064632138	0.00611851016950531
2991.9630870274	0.004820628944481572
2994.11909882875	0.008018934648752704
2996.27449889334	0.006952813886616172
2998.42928749659	0.006257532497954556
3000.58346491374	0.0076944926335706385
3002.73703141997	0.0058867497066181045
3004.8899872903	0.005979431258917601
3007.04233279965	0.004449846153149758
3009.19406822284	0.005191468317956487
3011.34519383455	0.005284149870255984
3013.49570990936	0.006860132334316676
3015.64561672172	0.0051451275418113755
3017.79491454597	0.005979431258917601
3019.94360365632	0.0046352092577441155
3022.09168432689	0.005237809094106235
3024.23915683165	0.005840408930472993
3026.38602144448	0.006721053423728967
3028.53227843913	0.005562251109292938
3030.67792808923	0.006674712647579219
3032.82297066831	0.007323653260091087
3034.96740644975	0.004542527705444618
3037.11123570684	0.005654989243730898
3039.25445871273	0.005423228780843692
3041.39707574049	0.004588868481594366
3043.53908706303	0.004357108018707161
3045.68049295316	0.005608648467585787
3047.82129368358	0.0051451275418113755
3049.96148952684	0.006350270632392516
3052.1010807554	0.006164850945655058
3054.24006764161	0.005562251109292938
3056.37845045767	0.005562251109292938
3058.51622947568	0.004820628944481572
3060.65340496763	0.005794011572180144
3062.78997720535	0.004449846153149758
3064.92594646061	0.003847246316783001
3067.06131300501	0.006582031095279721
3069.19607711007	0.005747670796030395
3071.33023904715	0.0038009055406332524
3073.46379908752	0.004774288168331824
3075.59675750233	0.004866969720631321
3077.7291145626	0.004913367078924169
3079.86087053922	0.004913367078924169
3081.99202570299	0.006489292960841761
3084.12258032456	0.006582031095279721
3086.25253467448	0.005237809094106235
3088.38188902317	0.004264426466407663
3090.51064364093	0.0038009055406332524
3092.63879879794	0.004820628944481572
3094.76635476428	0.005979431258917601
3096.89331180986	0.0065356903191346105
3099.01967020452	0.003615485853895795
3101.14543021796	0.006906473110466424
3103.27059211975	0.004681606616036964
3105.39515617934	0.004681606616036964
3107.51912266608	0.006303929856247404
3109.64249184919	0.005794011572180144
3111.76526399774	0.004727947392182076
3113.88743938072	0.004774288168331824
3116.00901826698	0.00551591033314319
3118.13000092523	0.005330490646405732
3120.2503876241	0.006396611408542264
3122.37017863206	0.005654989243730898
3124.48937421748	0.005608648467585787
3126.6079746486	0.0038009055406332524
3128.72598019354	0.0032446464804208805
3130.84339112029	0.0044961869292948695
3132.96020769673	0.004681606616036964
3135.07643019061	0.004727947392182076
3137.19205886957	0.005794011572180144
3139.3070940011	0.0044961869292948695
3141.42153585259	0.005098730183518527
3143.5353846913	0.004449846153149758
3145.64864078438	0.005098730183518527
3147.76130439882	0.004866969720631321
3149.87337580154	0.005098730183518527
3151.98485525929	0.004310767242557413
3154.09574303872	0.005747670796030395
3156.20603940634	0.003476406943308086
3158.31574462857	0.004866969720631321
3160.42485897167	0.003476406943308086
3162.53338270181	0.005098730183518527
3164.64131608498	0.004171688331969703
3166.74865938712	0.004774288168331824
3168.85541287398	0.006350270632392516
3170.96157681123	0.005562251109292938
3173.0671514644	0.003198305704271132
3175.17213709889	0.004449846153149758
3177.27653397998	0.003754564764488141
3179.38034237284	0.005608648467585787
3181.48356254248	0.003847246316783001
3183.58619475382	0.003198305704271132
3185.68823927165	0.005933090482767853
3187.78969636061	0.003847246316783001
3189.89056628524	0.00611851016950531
3191.99084930995	0.004125347555819955
3194.09054569901	0.005933090482767853
3196.18965571659	0.003754564764488141
3198.28817962671	0.005794011572180144
3200.38611769327	0.005284149870255984
3202.48347018006	0.005562251109292938
3204.58023735073	0.005237809094106235
3206.67641946881	0.004403448794856909
3208.77201679769	0.004357108018707161
3210.86702960065	0.0046352092577441155
3212.96145814084	0.003615485853895795
3215.05530268128	0.0044961869292948695
3217.14856348487	0.0058867497066181045
3219.24124081437	0.006813791558166927
3221.33333493243	0.006396611408542264
3223.42484610157	0.00774083340971575
3225.51577458416	0.010197460367037054
3227.60612064247	0.0099193591280001
3229.69588453864	0.012700484682646567
3231.78506653466	0.014879066983074018
3233.87366689244	0.018448155478676963
3235.9616858737	0.02252716225835181
3238.04912374008	0.024891107663368977
3240.13598075307	0.02632801121684196
3242.22225717405	0.025308287812998275
3244.30795326425	0.025030129991818223
3246.39306928479	0.020719419331399272
3248.47760549664	0.017150274253653227
3250.56156216068	0.013720264668637988
3252.64493953762	0.010104778814737557
3254.72773788807	0.008575137126826613
3256.8099574725	0.007555413722978293
3258.89159855124	0.0065356903191346105
3260.97266138451	0.005237809094106235
3263.05314623241	0.0050523894073687785
3265.13305335488	0.004774288168331824
3267.21238301175	0.004727947392182076
3269.29113546272	0.003847246316783001
3271.36931096736	0.004125347555819955
3273.4469097851	0.0023176046288720577
3275.52393217526	0.004310767242557413
3277.60037839702	0.004171688331969703
3279.67624870941	0.004032666003520458
3281.75154337138	0.0050523894073687785
3283.8262626417	0.0040790067796702065
3285.90040677904	0.003476406943308086
3287.97397604193	0.0017150613746484003
3290.04697068876	0.0036618266300455435
3292.11939097781	0.0019468218375356062
3294.19123716721	0.003012886017533675
3296.26250951497	0.0032910438387137296
3298.33320827897	0.0031519649281213837
3300.40333371696	0.004125347555819955
3302.47288608655	0.004959707855069281
3304.54186564524	0.0024566835394597662
3306.61027265036	0.0029665452413839264
3308.67810735915	0.0040790067796702065
3310.74537002869	0.004588868481594366
3312.81206091594	0.0028275229129393177
3314.87818027774	0.003012886017533675
3316.94372837077	0.004264426466407663
3319.00870545161	0.003754564764488141
3321.07311177668	0.002595762450052112
3323.13694760229	0.004449846153149758
3325.2002131846	0.004125347555819955
3327.26290877964	0.0029202044652341776
3329.32503464334	0.0020395033898351032
3331.38659103145	0.002781125554646469
3333.4475781996	0.0018540837030976462
3335.50799640332	0.0033373846148588406
3337.56784589797	0.0032910438387137296
3339.62712693879	0.0014833009117611947
3341.68583978089	0.0031519649281213837
3343.74398467924	0.0031519649281213837
3345.80156188869	0.0031519649281213837
3347.85857166394	0.002873863689084429
3349.91501425956	0.0025493650917592634
3351.97088992999	0.0019004810613904948
3354.02619892956	0.003754564764488141
3356.0809415124	0.004403448794856909
3358.13511793259	0.0015296416879109433
3360.18872844401	0.0033837253910085894
3362.24177330044	0.0035691450777460463
3364.29425275552	0.004171688331969703
3366.34616706274	0.004032666003520458
3368.39751647548	0.003615485853895795
3370.44830124696	0.0029665452413839264
3372.49852163029	0.001993162613685355
3374.54817787843	0.0022249230765725605
3376.5972702442	0.0032446464804208805
3378.64579898031	0.0027347847784967207
3380.69376433931	0.002781125554646469
3382.74116657361	0.0024566835394597662
3384.78800593552	0.0024566835394597662
3386.83428267718	0.0020858441659848516
3388.8799970506	0.0027347847784967207
3390.92514930767	0.0018540837030976462
3392.96973970014	0.002873863689084429
3395.01376847962	0.0025030243156095146
3397.05723589757	0.0026421032261972235
3399.10014220533	0.003430066167158338
3401.1424876541	0.001993162613685355
3403.18427249495	0.0023640019871649064
3405.22549697881	0.0040790067796702065
3407.26616135646	0.0019004810613904948
3409.30626587856	0.003105624151971635
3411.34581079563	0.0016223232402104402
3413.38479635805	0.0025030243156095146
3415.42322281605	0.0028275229129393177
3417.46109041976	0.003105624151971635
3419.49839941912	0.0020858441659848516
3421.53515006399	0.0015296416879109433
3423.57134260405	0.002271263852722309
3425.60697728886	0.0021785823004228117
3427.64205436783	0.0018077429269478975
3429.67657409025	0.0021322415242777007
3431.71053670525	0.001668720598503289
3433.74394246185	0.0020395033898351032
3435.77679160891	0.0017150613746484003
3437.80908439515	0.0018540837030976462
3439.84082106917	0.002271263852722309
3441.87200187943	0.0036618266300455435
3443.90262707421	0.0027347847784967207
3445.93269690172	0.0023640019871649064
3447.96221160996	0.003754564764488141
3449.99117144686	0.0018540837030976462
3452.01957666015	0.0018540837030976462
3454.04742749746	0.001761402150798149
3456.07472420626	0.002595762450052112
3458.1014670339	0.0019468218375356062
3460.12765622756	0.0007416787469544661
3462.15329203432	0.0025493650917592634
3464.17837470108	0.0023640019871649064
3466.20290447463	0.0021322415242777007
3468.22688160161	0.002781125554646469
3470.25030632851	0.0006952813886616173
3472.2731789017	0.0014833009117611947
3474.29549956739	0.0018077429269478975
3476.31726857166	0.0016223232402104402
3478.33848616045	4.639735829284881e-05
3480.35915257955	0.0018540837030976462
3482.37926807462	0.0020395033898351032
3484.39883289117	0.0020858441659848516
3486.41784727458	0.002688444002346972
3488.43631147007	0.0027347847784967207
3490.45422572275	0.0015296416879109433
3492.47159027755	0.0013905627773232346
3494.4884053793	0.0033837253910085894
3496.50467127263	0.0014833009117611947
3498.5203882021	0.0
