1001.77463942924	0.10703891616708185
1004.53092997605	0.10603678035895013
1007.28635062209	0.09444047931952279
1010.0409017241	0.0891911354875018
1012.79458363868	0.08785497382784538
1015.54739672233	0.08561203742021474
1018.29934133142	0.08260562999582438
1021.05041782219	0.0762109631315581
1023.8006265508	0.07210694233178239
1026.54996787325	0.07172514856984967
1029.29844214545	0.07072301276171797
1032.0460497232	0.06332621008932474
1034.79279096215	0.06442376521116679
1037.53866621786	0.06332621008932474
1040.28367584578	0.061417357786771654
1043.02782020123	0.056979252881918394
1045.7710996394	0.056979252881918394
1048.51351451539	0.054450058533166305
1051.25506518417	0.055738510535967546
1053.99575200061	0.054450058533166305
1056.73557531945	0.05612030429790026
1059.4745354953	0.05745646595755667
1062.2126328827	0.05683612391135767
1064.94986783605	0.05845860176568838
1067.68624070961	0.06060606060606061
1070.42175185757	0.06537819136244333
1073.15640163398	0.06194228051926509
1075.89019039278	0.06194228051926509
1078.6231184878	0.05631114292531615
1081.35518627276	0.06475784931623955
1084.08639410125	0.06561679790026247
1086.81674232676	0.060224325097675974
1089.54623130267	0.05884039552761632
1092.27486138224	0.06547366892969697
1095.00263291861	0.06208546774337867
1097.72954626482	0.06628490785686471
1100.45560177378	0.06447153312157003
1103.18079979831	0.06671441127564781
1105.90514069112	0.06528277204873299
1108.62862480477	0.06533048170558817
1111.35125249175	0.06704843712717728
1114.07302410441	0.06638038542412313
1116.793939995	0.06528277204873299
1119.51400051566	0.06814605050256263
1122.23320601841	0.06146506744362682
1124.95155685517	0.06599859166219041
1127.66905337774	0.06914818631069435
1130.38569593782	0.06843236669723693
1133.10148488697	0.0684800763540921
1135.81642057667	0.07129564515106657
1138.53050335829	0.07640186001252684
1141.24373358306	0.07105703861324743
1143.95611160214	0.07072301276171797
1146.66763776654	0.07487474321835362
1149.37831242718	0.07668817620719637
1152.08813593487	0.079551454661026
1154.7971086403	0.0709139096426867
1157.50523089408	0.07229778095919828
1160.21250304667	0.07764260235847292
1162.91892544844	0.07726080859654498
1165.62449844965	0.07640186001252684
1168.32922240045	0.08074448735012169
1171.0330976509	0.07826294440467668
1173.73612455091	0.08384637234177046
1176.43830345031	0.08093538423109044
1179.13963469882	0.08279646862324028
1181.84011864604	0.0814125973067287
1184.53975564147	0.08580293430117872
1187.23854603451	0.08518253400143164
1189.93649017442	0.08871392241186352
1192.63358841039	0.08360776580395132
1195.32984109149	0.0891911354875018
1198.02524856667	0.08957292924942972
1200.71981118478	0.09062277471441661
1203.41352929457	0.09076596193852542
1206.10640324467	0.08995466475781437
1208.79843338361	0.09105227813319972
1211.48962005981	0.09467908585734192
1214.17996362159	0.10069195895967549
1216.86946441716	0.09778097084899069
1219.55812279461	0.09658793815989501
1222.24593910194	0.10073972687007875
1224.93291368704	0.10155096579724171
1227.61904689769	0.09988072003250775
1230.30433908157	0.10484374766985445
1232.98879058625	0.10422334737010737
1235.67240175918	0.11329039580723455
1238.35517294773	0.1040324504891434
1241.03710449915	0.1116201500425006
1243.71819676058	0.11066572389122405
1246.39845007907	0.11591506772324504
1249.07786480155	0.11863521720651396
1251.75644127485	0.12154620531719398
1254.43417984571	0.11935103681997136
1257.11108086072	0.1178716296826533
1259.78714466643	0.12717728465759962
1262.46237160921	0.13185399610027201
1265.1367620354	0.13185399610027201
1267.81031629118	0.13385826771653545
1270.48303472266	0.13328563532718682
1273.15491767583	0.14082562522369363
1275.82596549657	0.14416611675316154
1278.49617853067	0.14006203769983297
1281.16555712381	0.1468862079828776
1283.83410162156	0.14793605344786448
1286.50181236939	0.15189694527707945
1289.16868971269	0.156621366376607
1291.8347339967	0.1615843940139585
1294.49994556659	0.1617275229845192
1297.16432476743	0.16893342877594847
1299.82787194415	0.1675495574594369
1302.49058744163	0.1666905506218659
1305.15247160459	0.17508948910239083
1307.81352477769	0.18568365433369124
1310.47374730548	0.18525415091490335
1313.1331395324	0.1862085770661799
1315.79170180277	0.19580054823580054
1318.44943446083	0.2001908852302553
1321.10633785073	0.20510620321074682
1323.76241231648	0.20152710514345978
1326.41765820202	0.21212121212121213
1329.07207585117	0.21894538240425673
1331.72566560766	0.22400382935531377
1334.3784278151	0.23364356843533762
1337.03036281703	0.23221192920842282
1339.68147095686	0.24056315803209258
1342.33175257789	0.24662374079127655
1344.98120802335	0.24146981627296588
1347.62983763636	0.233691278092188
1350.27764175994	0.2379384861160821
1352.92462073697	0.22677168849543308
1355.57077491028	0.22734432088478168
1358.21610462259	0.22023383440706276
1360.86061021649	0.21737055595323312
1363.50429203449	0.2032927702219041
1366.14715041901	0.20372227364068718
1368.78918571234	0.20334053813230732
1371.4303982567	0.1974230843436793
1374.07078839419	0.1958482578926557
1376.71035646681	0.19222145016851347
1379.34910281647	0.18721071287431162
1381.98702778498	0.18234316280422333
1384.62413171402	0.17380103709958483
1387.26041494523	0.16855169326756383
1389.89587782008	0.16630875685993796
1392.53052068001	0.17389645641329515
1395.16434386629	0.16778816399725602
1397.79734772015	0.16110718093832022
1400.42953258269	0.16430448524367455
1403.0608987949	0.16182300055177762
1405.69144669771	0.15371037826592698
1408.32117663193	0.15604867573371511
1410.95008893825	0.1518015259633739
1413.57818395728	0.147602027596335
1416.20546202954	0.14507277499403484
1418.83192349543	0.14989267366082082
1421.45756869528	0.14679078866917203
1424.08239796929	0.14631357559353375
1426.70641165757	0.143211690601885
1429.32961010016	0.13581488792949176
1431.95199363695	0.138582688816063
1434.57356260778	0.14082562522369363
1437.19431735237	0.14101646385110952
1439.81425821033	0.13848726950235266
1442.43338552118	0.1390121922348461
1445.05169962437	0.14039612180490574
1447.66920085921	0.13137678302463374
1450.28588956493	0.13662612685665473
1452.90176608067	0.13643522997569077
1455.51683074547	0.12946793072208065
1458.13108389825	0.13567170070537818
1460.74452587786	0.14154144483715103
1463.35715702303	0.13123359580052493
1465.96897767243	0.1319971833243856
1468.57998816457	0.13619662343787162
1471.19018883794	0.13032693755965163
1473.79958003086	0.1311381764868146
1476.4081620816	0.13567170070537818
1479.01593532831	0.1346695648972465
1481.62290010905	0.12607972953575758
1484.22905676179	0.13371513874596994
1486.83440562438	0.1367693140807683
1489.43894703461	0.13505130040563113
1492.04268133016	0.13175857678656644
1494.64560884857	0.13905990189170125
1497.24772992735	0.13548080382441421
1499.84904490388	0.1341923518216082
1502.44955411543	0.13462185524039608
1505.0492578992	0.14402292952904797
1507.64815659229	0.142352683764314
1510.24625053168	0.14230497410745885
1512.84354005429	0.1376759723216416
1515.44002549691	0.1347649842109568
1518.03570719625	0.1422094965402052
1520.63058548894	0.1420663675696397
1523.22466071147	0.14855645374761156
1525.81793320028	0.14550227841281793
1528.41040329169	0.1506562029311286
1531.00207132192	0.15036988673645907
1533.59293762712	0.15084709981209735
1536.18300254332	0.1640658787058554
1538.77226640645	0.16883800946223812
1541.36072955237	0.170078751808189
1543.94839231684	0.17599620559681223
1546.53525503548	0.17771416101840135
1549.12131804389	0.18492006680983059
1551.70658167752	0.19160104986876642
1554.29104627173	0.20047725967847768
1556.87471216181	0.2152230971128609
1559.45757968292	0.22801243084138392
1562.03964917017	0.24180390037803864
1564.62092095853	0.266857586849048
1567.2013953829	0.28900028520937726
1569.78107277808	0.3250298724200668
1572.35995347877	0.3492245520535051
1574.93803781959	0.38429971311291816
1577.51532613504	0.4133620010699976
1580.09181875956	0.4186113449020186
1582.66751602746	0.44180388872733
1585.24241827297	0.41865905455887376
1587.81652583024	0.4052016691272966
1590.3898390333	0.3766643039027058
1592.96235821611	0.3500357909806729
1595.53408371251	0.32779767330663806
1598.10501585628	0.2940587321604295
1600.67515498106	0.2693867811978048
1603.24450142043	0.2665712706543784
1605.81305550788	0.24810308967504652
1608.38081757677	0.23851111850542592
1610.9477879604	0.22285850632307325
1613.51396699198	0.22257219012839896
1616.07935500458	0.20753997824579337
1618.64395233122	0.20157481480031497
1621.20775930483	0.19150563055505607
1623.7707762582	0.18191365938543547
1626.33300352408	0.1716058686023622
1628.89444143508	0.16196612952233835
1631.45509032376	0.1478883437910093
1634.01495052255	0.1424958709884276
1636.5740223638	0.133333344984042
1639.13230617978	0.12116441155526604
1641.68980230264	0.12130759877937485
1644.24651106446	0.10603678035895013
1646.80243279721	0.10069195895967549
1649.35756783278	0.09596759611369601
1651.91191650296	0.09238849804640897
1654.46547913944	0.092817943211644
1657.01825607383	0.09095685881949415
1659.57024763764	0.0821761265770365
1662.12145416229	0.07811981543411119
1664.6718759791	0.07425440117215462
1667.2215134193	0.06876645080231449
1669.77036681404	0.07573375005591983
1672.31843649435	0.0655690882434073
1674.8657227912	0.06571227546751611
1677.41222603543	0.06480555897309473
1679.95794655782	0.06122646090580768
1682.50288468904	0.06389884247867335
1685.04704075968	0.05802915660045335
1687.59041510022	0.05812457591415891
1690.13300804106	0.058792685870761155
1692.67481991249	0.057647362838520635
1695.21585104474	0.05607253638749702
1697.75610176791	0.054545477846871866
1700.29557241205	0.052207122125535674
1702.83426330707	0.05091867012272966
1705.37217478282	0.04853260474453829
1707.90930716905	0.05320925793366738
1710.44566079541	0.050870960465879266
1712.98123599146	0.05382965823341446
1715.51603308669	0.049582450209525175
1718.05005241045	0.052779812768432355
1720.58329429205	0.050345979479837745
1723.11575906067	0.05235030934964448
1725.64744704542	0.05068006358491052
1728.17835857532	0.04829399820671916
1730.70849397927	0.050584586017656884
1733.2378535861	0.048866630596067766
1735.76643772453	0.045907932828527794
1738.29424672323	0.047244094488188976
1740.82128091074	0.044714900139432114
1743.3475406155	0.04667146209884037
1745.87302616589	0.04562161663385827
1748.39773789019	0.045907932828527794
1750.92167611656	0.04638514590416607
1753.44484117311	0.04337868022622763
1755.96723338783	0.04729186239859222
1758.48885308862	0.04504892599096159
1761.00970060331	0.04700548795036984
1763.52977625961	0.045335242185635886
1766.04908038514	0.04390360295872107
1768.56761330746	0.04466719048258172
1771.08537535401	0.04376047398815557
1773.60236685214	0.04376047398815557
1776.11858812912	0.04271057026962539
1778.63403951211	0.04404679018282987
1781.14872132821	0.04285375749373419
1783.6626339044	0.04142211826681937
1786.17577756757	0.04371276433130518
1788.68815264454	0.04242425407495109
1791.199759462	0.03836794293202577
1793.7105983466	0.04032450489143403
1796.22066962486	0.04170843446149368
1798.72997362322	0.04314007368840849
1801.23851066803	0.04333097056937246
1803.74628108554	0.04013366626401813
1806.25328520193	0.04185162168560248
1808.75952334326	0.039226949769591984
1811.2649958355	0.04061087933965641
1813.76970300458	0.04347415779348604
1816.27364517628	0.03812933639420663
1818.77682267629	0.04213793788027678
1821.27923583026	0.04008589835361489
1823.78088496369	0.038797446350808874
1826.28177040204	0.03941784665056072
1828.78189247064	0.040658588996506796
1831.28125149473	0.04056311142925316
1833.77984779949	0.0425197316422095
1836.27768170998	0.04304465437469816
1838.77475355119	0.03870202703710331
1841.271063648	0.04314007368840849
1843.76661232521	0.04099261484803627
1846.26139990751	0.041374408609964206
1848.75542671954	0.0372703878101885
1851.2486930858	0.03903605288862801
1853.74119933074	0.03593416789697924
1856.23294577869	0.03984729181579575
1858.72393275391	0.040897195534325935
1861.21416058054	0.04108809241529468
1863.70362958267	0.04108809241529468
1866.19234008426	0.03731809746703889
1868.6802924092	0.04104032450489144
1871.16748688129	0.04046769211554283
1873.65392382424	0.04037227280183727
1876.13960356164	0.03846342049928418
1878.62452641704	0.04037227280183727
1881.10869271384	0.04223335719398712
1883.59210277541	0.0380339170804963
1886.07475692498	0.04013366626401813
1888.55665548571	0.038320233275170604
1891.03779878067	0.0386065494698449
1893.51818713284	0.041613015147783344
1895.99782086509	0.03741351678074922
1898.47670030024	0.036411380972617514
1900.95482576096	0.04151753758052971
1903.43219756989	0.03908376254548318
1905.90881604954	0.037079490929219756
1908.38468152235	0.03836794293202577
1910.85979431064	0.03612506477794321
1913.33415473668	0.03731809746703889
1915.80776312261	0.037508994348007633
1918.28061979051	0.03636367131576235
1920.75272506234	0.03870202703710331
1923.22407926001	0.03903605288862801
1925.69468270529	0.0355523741350513
1928.16453571989	0.03979958215894059
1930.63363862544	0.03574327101601527
1933.10199174344	0.039274659426447145
1935.56959539533	0.03894063357492245
1938.03644990244	0.03956097562112145
1940.50255558603	0.03793843951324266
1942.96791276726	0.034502528670064425
1945.43252176718	0.03674540682414698
1947.8963829068	0.03822481396146504
1950.35949650697	0.04013366626401813
1952.8218628885	0.037508994348007633
1955.2834823721	0.0380339170804963
1957.74435527836	0.037079490929219756
1960.20448192784	0.03717491024293009
1962.66386264093	0.038988343231772846
1965.12249773799	0.0354092451644858
1967.58038753927	0.039465556307411116
1970.03753236493	0.03889286566451921
1972.49393253504	0.0381770460510618
1974.94958836957	0.036888594048255785
1977.4045001884	0.03579098067287044
1979.85866831133	0.040658588996506796
1982.31209305807	0.04013366626401813
1984.76477474823	0.03746122643760439
1987.21671370133	0.03917924011274159
1989.6679102368	0.03903605288862801
1992.11836467399	0.03402531559442615
1994.56807733213	0.040658588996506796
1997.0170485304	0.04027679523457886
1999.46527858786	0.03622048409165354
2001.91276782348	0.03932236908330231
2004.35951655615	0.039465556307411116
2006.80552510467	0.03784302019953233
2009.25079378774	0.037890729856387494
2011.69532292397	0.03746122643760439
2014.13911283188	0.037604413661713194
2016.58216382991	0.03874973669395371
2019.02447623639	0.034550238326919586
2021.46605036956	0.04175614411834884
2023.90688654761	0.03722261989978525
2026.34698508858	0.03684088439140062
2028.78634631045	0.03655456819673109
2031.22497053111	0.03421621247539012
2033.66285806835	0.0381770460510618
2036.10000923987	0.03502745140255786
2038.53642436328	0.03531376759723216
2040.97210375611	0.03583874858327368
2043.40704773578	0.03435934144595562
2045.84125661964	0.035981877553834404
2048.27473072492	0.0381770460510618
2050.70747036878	0.035218348283521834
2053.13947586829	0.033786709056607016
2055.57074754041	0.035886458240124076
2058.00128570205	0.03746122643760439
2060.43109066998	0.038558839812989736
2062.8601627609	0.03531376759723216
2065.28850229143	0.036077355121092815
2067.71610957807	0.038797446350808874
2070.14298493726	0.033929896280720594
2072.56912868532	0.03474113520788356
2074.99454113851	0.035981877553834404
2077.41922261297	0.03703178127236936
2079.84317342476	0.0380339170804963
2082.26639388986	0.035600142045454544
2084.68888432414	0.03593416789697924
2087.1106450434	0.034979741745702696
2089.53167636331	0.03493203208884753
2091.95197859949	0.035218348283521834
2094.37155206745	0.03684088439140062
2096.79039708261	0.03846342049928418
2099.20851396029	0.038320233275170604
2101.62590301575	0.03412073490813648
2104.04256456411	0.035218348283521834
2106.45849892045	0.03622048409165354
2108.87370639971	0.034073025251281315
2111.28818731677	0.03645909062947268
2113.70194198641	0.034788844864738724
2116.11497072333	0.03350039286193271
2118.52727384211	0.034979741745702696
2120.93885165726	0.036697697167291814
2123.34970448321	0.036649987510436646
2125.75983263425	0.03445481901320926
2128.16923642463	0.03493203208884753
2130.57791616848	0.03564785170230494
2132.98587217985	0.03769983297542353
2135.3931047727	0.035981877553834404
2137.79961426089	0.03383441871346218
2140.20540095818	0.03698401336196612
2142.61046517826	0.033118599100004774
2145.01480723472	0.035695561359160105
2147.41842744104	0.03612506477794321
2149.82132611063	0.038272523618315436
2152.22350355681	0.033452683205082316
2154.62496009279	0.0355523741350513
2157.0256960317	0.032689095681221664
2159.42571168658	0.033214076667263184
2161.82500737036	0.033595812175643044
2164.22358339589	0.035456954821340966
2166.62144007595	0.03531376759723216
2169.01857772318	0.034263922132245286
2171.41499665018	0.03469342555102839
2173.81069716942	0.03975187250208542
2176.20567959329	0.03483655452159389
2178.59994423409	0.03698401336196612
2180.99349140402	0.03192556641090909
2183.38632141519	0.033595812175643044
2185.77843457964	0.03483655452159389
2188.16983120927	0.034168502818539725
2190.56051161594	0.03655456819673109
2192.95047611139	0.03602958721068957
2195.33972500725	0.03445481901320926
2197.72825861511	0.03507516105941303
2200.11607724641	0.03502745140255786
2202.50318121254	0.036793174734550224
2204.88957082477	0.032879992562185635
2207.27524639429	0.033595812175643044
2209.6602082322	0.033070889443149606
2212.0444566495	0.036793174734550224
2214.4279919571	0.03412073490813648
2216.81081446582	0.036411380972617514
2219.19292448638	0.033357205637823906
2221.57432232942	0.032975470129444046
2223.95500830547	0.03502745140255786
2226.33498272498	0.035886458240124076
2228.7142458983	0.033452683205082316
2231.09279813569	0.0327845732484753
2233.47063974732	0.03722261989978525
2235.84777104327	0.03579098067287044
2238.2241923335	0.032259650515986636
2240.59990392792	0.03507516105941303
2242.97490613632	0.03574327101601527
2245.34919926839	0.032402779486547365
2247.72278363376	0.029873585137795276
2250.09565954192	0.032402779486547365
2252.46782730231	0.033214076667263184
2254.83928722425	0.03574327101601527
2257.21003961698	0.03602958721068957
2259.58008478963	0.03283228290533047
2261.94942305127	0.034073025251281315
2264.31805471084	0.03373899939975185
2266.68598007721	0.034263922132245286
2269.05319945914	0.035504664478196134
2271.4197131653	0.031686959873089955
2273.78552150427	0.03622048409165354
2276.15062478456	0.03159154055937962
2278.51502331454	0.03602958721068957
2280.87871740252	0.033452683205082316
2283.24170735671	0.03283228290533047
2285.60399348521	0.03435934144595562
2287.96557609605	0.03674540682414698
2290.32645549714	0.03412073490813648
2292.68663199633	0.03574327101601527
2295.04610590133	0.03245048914340253
2297.40487751981	0.034550238326919586
2299.76294715931	0.032164172948728226
2302.12031512727	0.03698401336196612
2304.47698173107	0.03340491529467907
2306.83294727796	0.032164172948728226
2309.18821207512	0.033691289742901455
2311.54277642963	0.032593676367511336
2313.89664064847	0.035122928969816274
2316.24980503852	0.032259650515986636
2318.6022699066	0.030589404751252686
2320.95403555938	0.033118599100004774
2323.30510230349	0.034263922132245286
2325.65547044542	0.03373899939975185
2328.0051402916	0.032402779486547365
2330.35411214835	0.033118599100004774
2332.7023863219	0.03507516105941303
2335.04996311837	0.0327845732484753
2337.39684284382	0.034979741745702696
2339.74302580418	0.03230736017283703
2342.08851230529	0.035886458240124076
2344.43330265291	0.033691289742901455
2346.7773971527	0.03373899939975185
2349.12079611023	0.032498257053805775
2351.46349983096	0.03507516105941303
2353.80550862026	0.03564785170230494
2356.14682278342	0.033214076667263184
2358.48744262562	0.032259650515986636
2360.82736845194	0.03326178632411358
2363.16660056738	0.03192556641090909
2365.50513927683	0.03340491529467907
2367.8429848851	0.03583874858327368
2370.1801376969	0.036602277853581486
2372.51659801683	0.034788844864738724
2374.85236614941	0.033595812175643044
2377.18744239906	0.034645715894178
2379.52182707011	0.03383441871346218
2381.85552046679	0.03330949598096874
2384.18852289322	0.03364352183249821
2386.52083465345	0.034645715894178
2388.85245605142	0.03302317978629444
2391.18338739097	0.033595812175643044
2393.51362897585	0.035218348283521834
2395.84318110973	0.03593416789697924
2398.17204409615	0.03583874858327368
2400.50021823858	0.034884322431997135
2402.82770384038	0.034884322431997135
2405.15450120483	0.032975470129444046
2407.48061063509	0.033882128370317344
2409.80603243426	0.034884322431997135
2412.13076690529	0.03221188260558339
2414.4548143511	0.035218348283521834
2416.77817507445	0.037127200586074924
2419.10084937804	0.036172774434798376
2421.42283756447	0.036077355121092815
2423.74413993625	0.03531376759723216
2426.06475679575	0.03746122643760439
2428.38468844531	0.03793843951324266
2430.70393518711	0.038988343231772846
2433.02249732329	0.03645909062947268
2435.34037515584	0.037508994348007633
2437.65756898669	0.036649987510436646
2439.97407911767	0.03865425912670007
2442.28990585049	0.038320233275170604
2444.60504948679	0.04213793788027678
2446.91951032808	0.038797446350808874
2449.23328867581	0.04318778334526366
2451.54638483132	0.04142211826681937
2453.85879909585	0.04108809241529468
2456.17053177052	0.0412312213858554
2458.48158315639	0.0380339170804963
2460.79195355441	0.0408017179670723
2463.10164326542	0.04084948587747554
2465.41065259017	0.04395137086912431
2467.71898182932	0.03784302019953233
2470.02663128344	0.03469342555102839
2472.33360125296	0.039990479039904554
2474.63989203825	0.039226949769591984
2476.94550393958	0.03884515600766404
2479.25043725712	0.04132669895311381
2481.55469229093	0.04180391202875209
2483.85826934098	0.042090228223421615
2486.16116870713	0.035600142045454544
2488.46339068916	0.03722261989978525
2490.76493558676	0.04056311142925316
2493.06580369949	0.038558839812989736
2495.36599532684	0.0386065494698449
2497.66551076817	0.038558839812989736
2499.96435032278	0.036888594048255785
2502.26251428984	0.036888594048255785
2504.56000296845	0.038081626737351465
2506.85681665757	0.03941784665056072
2509.15295565612	0.03784302019953233
2511.44842026287	0.03798620742364591
2513.74321077651	0.037127200586074924
2516.03732749563	0.038988343231772846
2518.33077071873	0.03917924011274159
2520.62354074419	0.038797446350808874
2522.91563787031	0.039226949769591984
2525.20706239528	0.03841565258888094
2527.49781461721	0.03822481396146504
2529.78789483408	0.03903605288862801
2532.0773033438	0.03913147220233834
2534.36604044416	0.038797446350808874
2536.65410643286	0.03703178127236936
2538.9415016075	0.03364352183249821
2541.22822626558	0.03684088439140062
2543.51428070449	0.04151753758052971
2545.79966522154	0.03812933639420663
2548.08438011393	0.0372703878101885
2550.36842567876	0.03698401336196612
2552.65180221302	0.03937007874015748
2554.93451001363	0.03812933639420663
2557.21654937738	0.04022908557772369
2559.49792060096	0.041183511729000234
2561.77862398098	0.0386065494698449
2564.05865981395	0.03602958721068957
2566.33802839626	0.04213793788027678
2568.61673002421	0.04046769211554283
2570.89476499399	0.04461942257217848
2573.17213360172	0.03975187250208542
2575.44883614338	0.035886458240124076
2577.72487291489	0.036697697167291814
2580.00024421203	0.03698401336196612
2582.27495033048	0.03650680028632784
2584.54899156587	0.04061087933965641
2586.82236821368	0.040897195534325935
2589.0950805693	0.04185162168560248
2591.36712892802	0.041183511729000234
2593.63851358505	0.04199475065616798
2595.90923483547	0.038511130156134575
2598.17929297426	0.04061087933965641
2600.44868829631	0.04166072480463851
2602.71742109642	0.036697697167291814
2604.98549166927	0.04347415779348604
2607.25290030944	0.04142211826681937
2609.51964731142	0.03908376254548318
2611.78573296958	0.043521867450336434
2614.05115757822	0.04447629360161298
2616.31592143149	0.04285375749373419
2618.58002482349	0.04204251856657122
2620.84346804817	0.04461942257217848
2623.10625139942	0.04838941752042949
2625.36837517101	0.047769075474230496
2627.6298396566	0.046289668336912435
2629.89064514976	0.04609882970949654
2632.15079194395	0.050584586017656884
2634.41028033254	0.05530900711718444
2636.66911060878	0.051682199393042236
2638.92728306582	0.052875232082137916
2641.18479799672	0.054068264771233596
2643.44165569444	0.0572655690765927
2645.69785645182	0.06270580978957767
2647.95340056162	0.06074924783016941
2650.20828831645	0.06638038542412313
2652.46252000888	0.06900505734013362
2654.71609593134	0.07797662821000238
2656.96901637616	0.07893105436127892
2659.22128163557	0.07740399582065378
2661.47289200171	0.08637556669052732
2663.72384776659	0.09644480918933429
2665.97414922213	0.09520400858983537
2668.22379666017	0.10408021839954665
2670.4727903724	0.11209736311813887
2672.72113065044	0.1092817943211644
2674.9688177858	0.112335969655958
2677.21585206988	0.11601054529050346
2679.46223379399	0.11629686148517299
2681.70796324931	0.12040088228495346
2683.95304072694	0.12698644603018372
2686.19746651787	0.12712957500074445
2688.44124091298	0.11830113310143642
2690.68436420305	0.1177285007120878
2692.92683667876	0.11682178421766642
2695.16865863068	0.1091386653505989
2697.40983034928	0.10331663087568599
2699.65035212492	0.10436653459421617
2701.89022424785	0.09639704127893105
2704.12944700824	0.09315202731671678
2706.36802069612	0.08470532092579337
2708.60594560146	0.08661417322834646
2710.84322201407	0.08031498393133858
2713.0798502237	0.07277499403483656
2715.31583051998	0.06661899196194225
2717.55116319244	0.06408973935963731
2719.78584853048	0.058792685870761155
2722.01988682344	0.05674064634409926
2724.2532783605	0.05841089210883321
2726.48602343079	0.05654974946313529
2728.71812232329	0.05368647100930565
2730.9495753269	0.054784084384691005
2733.1803827304	0.05182538661715581
2735.4105448225	0.047721307563827246
2737.64006189173	0.04671917175569554
2739.86893422659	0.045335242185635886
2742.09716211544	0.04247196373180625
2744.32474584653	0.04237654441809592
2746.55168570802	0.043521867450336434
2748.77798198795	0.04199475065616798
2751.00363497426	0.041135802072145074
2753.22864495479	0.04027679523457886
2755.45301221725	0.0412312213858554
2757.67673704928	0.04285375749373419
2759.89981973839	0.039274659426447145
2762.12226057198	0.04266286061277022
2764.34405983734	0.03717491024293009
2766.56521782169	0.037079490929219756
2768.7857348121	0.03975187250208542
2771.00561109555	0.038797446350808874
2773.22484695892	0.03889286566451921
2775.44344268897	0.04151753758052971
2777.66139857236	0.035266057940376995
2779.87871489564	0.03870202703710331
2782.09539194526	0.033452683205082316
2784.31143000754	0.036649987510436646
2786.52682936873	0.037795310542677166
2788.74159031494	0.032402779486547365
2790.95571313218	0.03402531559442615
2793.16919810637	0.03674540682414698
2795.38204552329	0.03579098067287044
2797.59425566864	0.03636367131576235
2799.805828828	0.03693630370511095
2802.01676528685	0.03602958721068957
2804.22706533056	0.035504664478196134
2806.43672924436	0.03397760593757099
2808.64575731343	0.03159154055937962
2810.85414982279	0.03192556641090909
2813.06190705738	0.032402779486547365
2815.26902930203	0.039274659426447145
2817.47551684145	0.034407109356358864
2819.68136996024	0.03493203208884753
2821.88658894291	0.032402779486547365
2824.09117407383	0.031448353335270816
2826.29512563729	0.036077355121092815
2828.49844391747	0.03445481901320926
2830.70112919842	0.03283228290533047
2832.90318176409	0.03221188260558339
2835.10460189833	0.034502528670064425
2837.30538988487	0.03211646329187306
2839.50554600732	0.03493203208884753
2841.70507054922	0.031018849916487713
2843.90396379395	0.034884322431997135
2846.10222602482	0.03020761098931997
2848.29985752501	0.030493927183994272
2850.49685857759	0.03340491529467907
2852.69322946553	0.034788844864738724
2854.88897047169	0.032641386024366496
2857.08408187879	0.03206875363501789
2859.27856396949	0.03564785170230494
2861.4724170263	0.035695561359160105
2863.66564133164	0.03316630875685994
2865.85823716781	0.034979741745702696
2868.050204817	0.032736863591624914
2870.2415445613	0.031877856754053926
2872.43225668266	0.03054163684084944
2874.62234146295	0.03192556641090909
2876.81179918393	0.034168502818539725
2879.00063012722	0.034311631789100454
2881.18883457435	0.032736863591624914
2883.37641280674	0.0327845732484753
2885.56336510569	0.0355523741350513
2887.7496917524	0.031973276067764254
2889.93539302793	0.033118599100004774
2892.12046921326	0.0327845732484753
2894.30492058926	0.03445481901320926
2896.48874743666	0.033452683205082316
2898.67195003609	0.03082801128907182
2900.85452866809	0.034550238326919586
2903.03648361305	0.034168502818539725
2905.21781515128	0.03397760593757099
2907.39852356295	0.034979741745702696
2909.57860912814	0.03140064367841565
2911.75807212682	0.031066617826890956
2913.93691283883	0.03087572094592221
2916.1151315439	0.030016714108356
2918.29272852166	0.035600142045454544
2920.46970405161	0.031305224364710095
2922.64605841316	0.034788844864738724
2924.82179188558	0.03039850787028394
2926.99690474805	0.031496062992125984
2929.17139727962	0.032164172948728226
2931.34526975924	0.031162037140596514
2933.51852246574	0.02920547518118826
2935.69115567784	0.031305224364710095
2937.86316967414	0.03159154055937962
2940.03456473313	0.031782437440348366
2942.20534113318	0.031448353335270816
2944.37549915256	0.03135293402156049
2946.54503906942	0.02891915898651873
2948.71396116179	0.031877856754053926
2950.8822657076	0.03221188260558339
2953.04995298465	0.031782437440348366
2955.21702327062	0.03082801128907182
2957.38347684312	0.03330949598096874
2959.54931397958	0.02720114531138153
2961.71453495737	0.028537365224586015
2963.87914005372	0.029778107570536866
2966.04312954574	0.028680552448699593
2968.20650371045	0.027153435654526367
2970.36926282472	0.026151299846394655
2972.53140716535	0.02519687369511811
2974.69293700897	0.02672393223574326
2976.85385263216	0.02720114531138153
2979.01415431133	0.027392042192345502
2981.17384232278	0.023860653781913623
2983.33291694274	0.028203339373061322
2985.49137844726	0.029253184838043424
2987.64922711234	0.023383440706275353
2989.8064632138	0.02347891827352899
2991.9630870274	0.02495826715729897
2994.11909882875	0.025769506084466716
2996.27449889334	0.02534006091923169
2998.42928749659	0.024910557500443808
3000.58346491374	0.023144834168456217
3002.73703141997	0.023001705197890715
3004.8899872903	0.022858517973781915
3007.04233279965	0.024003841006022427
3009.19406822284	0.022429014554998808
3011.34519383455	0.021140562552192793
3013.49570990936	0.022619911435962776
3015.64561672172	0.023956131349167263
3017.79491454597	0.02199956938976378
3019.94360365632	0.023001705197890715
3022.09168432689	0.02052016225244572
3024.23915683165	0.021092852895337626
3026.38602144448	0.02271538900322119
3028.53227843913	0.021951801479360534
3030.67792808923	0.02247678246540205
3032.82297066831	0.019040813368675732
3034.96740644975	0.023144834168456217
3037.11123570684	0.019947529863097113
3039.25445871273	0.022810808316926747
3041.39707574049	0.019995239519952277
3043.53908706303	0.020758768790264854
3045.68049295316	0.022619911435962776
3047.82129368358	0.01942260713060367
3049.96148952684	0.018849916487711765
3052.1010807554	0.019136290935934143
3054.24006764161	0.020042949176807445
3056.37845045767	0.019756632982133142
3058.51622947568	0.02128374977630637
3060.65340496763	0.01947031678745884
3062.78997720535	0.02238130489814364
3064.92594646061	0.019327129563350035
3067.06131300501	0.01942260713060367
3069.19607711007	0.019708923325277974
3071.33023904715	0.019184000592784536
3073.46379908752	0.018897684398115008
3075.59675750233	0.019708923325277974
3077.7291145626	0.017084251409267476
3079.86087053922	0.019899820206241946
3081.99202570299	0.0161775349148461
3084.12258032456	0.018706787517146266
3086.25253467448	0.01717967072297781
3088.38188902317	0.014698186031076114
3090.51064364093	0.01827728409836316
3092.63879879794	0.014077785731329038
3094.76635476428	0.0189453940549654
3096.89331180986	0.01942260713060367
3099.01967020452	0.018611309949892626
3101.14543021796	0.015175399106714386
3103.27059211975	0.015318586330827964
3105.39515617934	0.015557192868647101
3107.51912266608	0.016750225557742783
3109.64249184919	0.0164638511095204
3111.76526399774	0.016320722138954902
3113.88743938072	0.014984502225750417
3116.00901826698	0.017847780679580053
3118.13000092523	0.01803867756054402
3120.2503876241	0.016082115601135767
3122.37017863206	0.016750225557742783
3124.48937421748	0.017322857947086615
3126.6079746486	0.016082115601135767
3128.72598019354	0.014220972955437842
3130.84339112029	0.017513754828050582
3132.96020769673	0.011739488263540921
3135.07643019061	0.015938928377026963
3137.19205886957	0.016034405944285374
3139.3070940011	0.016225244571701266
3141.42153585259	0.016225244571701266
3143.5353846913	0.013791469536654735
3145.64864078438	0.01717967072297781
3147.76130439882	0.012359830309739918
3149.87337580154	0.01584350906331663
3151.98485525929	0.014650476374220948
3154.09574303872	0.013696050222944404
3156.20603940634	0.013886947103913147
3158.31574462857	0.012741624071667857
3160.42485897167	0.011930326890956812
3162.53338270181	0.015079979793008829
3164.64131608498	0.014936792568895251
3166.74865938712	0.015700321839207824
3168.85541287398	0.015079979793008829
3170.96157681123	0.014936792568895251
3173.0671514644	0.0135528629988356
3175.17213709889	0.01374375987979957
3177.27653397998	0.016225244571701266
3179.38034237284	0.0161775349148461
3181.48356254248	0.014507289150112145
3183.58619475382	0.01579579940646624
3185.68823927165	0.012407539966595084
3187.78969636061	0.012693914414817466
3189.89056628524	0.011930326890956812
3191.99084930995	0.012789333728523025
3194.09054569901	0.014984502225750417
3196.18965571659	0.014650476374220948
3198.28817962671	0.015223108763569554
3200.38611769327	0.011787197920391313
3202.48347018006	0.015223108763569554
3204.58023735073	0.014125553641732283
3206.67641946881	0.012168933428775949
3208.77201679769	0.011978094801360058
3210.86702960065	0.012503017533848722
3212.96145814084	0.01130998484475304
3215.05530268128	0.012550727190703888
3217.14856348487	0.012741624071667857
3219.24124081437	0.012121223771920783
3221.33333493243	0.013409734028274875
3223.42484610157	0.012550727190703888
3225.51577458416	0.012932520952636603
3227.60612064247	0.015223108763569554
3229.69588453864	0.013600572655690766
3231.78506653466	0.012264410996029585
3233.87366689244	0.013600572655690766
3235.9616858737	0.011691720353137676
3238.04912374008	0.013982366417618707
3240.13598075307	0.01283704338537819
3242.22225717405	0.01584350906331663
3244.30795326425	0.014220972955437842
3246.39306928479	0.011500881725721784
3248.47760549664	0.013839179193509903
3250.56156216068	0.012503017533848722
3252.64493953762	0.01364834056609401
3254.72773788807	0.01026008112622286
3256.8099574725	0.009973764931548557
3258.89159855124	0.011023668650083512
3260.97266138451	0.010450978007186829
3263.05314623241	0.008971629123416845
3265.13305335488	0.009687448736874254
3267.21238301175	0.00782630609117633
3269.29113546272	0.007492280239646861
3271.36931096736	0.009257945318091147
3273.4469097851	0.007874015748031496
3275.52393217526	0.008685312928742542
3277.60037839702	0.007969493315285132
3279.67624870941	0.007969493315285132
3281.75154337138	0.010021474588403722
3283.8262626417	0.006060641012732043
3285.90040677904	0.007874015748031496
3287.97397604193	0.010212371469367692
3290.04697068876	0.007062776820863754
3292.11939097781	0.007349093015538057
3294.19123716721	0.006251537893700788
3296.26250951497	0.00792178365843474
3298.33320827897	0.006490144431519924
3300.40333371696	0.007110486477718921
3302.47288608655	0.0058697441317680735
3304.54186564524	0.007587699553357193
3306.61027265036	0.0071581961345740875
3308.67810735915	0.00973515839372942
3310.74537002869	0.006203769983297542
3312.81206091594	0.006776460626189452
3314.87818027774	0.00672875096933906
3316.94372837077	0.007110486477718921
3319.00870545161	0.005153924518310665
3321.07311177668	0.005583427937093771
3323.13694760229	0.006251537893700788
3325.2002131846	0.0041994983670341195
3327.26290877964	0.00481989866678597
3329.32503464334	0.006394666864261512
3331.38659103145	0.0076831771206156045
3333.4475781996	0.005774324818062515
3335.50799640332	0.006346957207406346
3337.56784589797	0.00591745378862324
3339.62712693879	0.004438104904853256
3341.68583978089	0.007396802672393224
3343.74398467924	0.005583427937093771
3345.80156188869	0.008112622285850633
3347.85857166394	0.004533524218563589
3349.91501425956	0.004629001785817226
3351.97088992999	0.0054879503698401335
3354.02619892956	0.005153924518310665
3356.0809415124	0.005678847250804104
3358.13511793259	0.004390395247998089
3360.18872844401	0.006060641012732043
3362.24177330044	0.006585563745225482
3364.29425275552	0.004629001785817226
3366.34616706274	0.007396802672393224
3368.39751647548	0.004104079053328561
3370.44830124696	0.00572655690765927
3372.49852163029	0.004485814561708422
3374.54817787843	0.003292781872612741
3376.5972702442	0.006251537893700788
3378.64579898031	0.003292781872612741
3380.69376433931	0.003913182172359817
3382.74116657361	0.005822034474912907
3384.78800593552	0.005678847250804104
3386.83428267718	0.0012408005994989262
3388.8799970506	0.0036745756345406807
3390.92514930767	0.004963027637346695
3392.96973970014	0.004247208023889286
3395.01376847962	0.002672439826413744
3397.05723589757	0.0034359690967215445
3399.10014220533	0.004867608323636362
3401.1424876541	0.003483678753576711
3403.18427249495	0.005344821399274635
3405.22549697881	0.004676711442672392
3407.26616135646	0.0033882594398711523
3409.30626587856	0.003626865977690289
3411.34581079563	0.003531388410431877
3413.38479635805	0.003149652902052016
3415.42322281605	0.006156060326442376
3417.46109041976	0.003245072215757575
3419.49839941912	0.00291104636423288
3421.53515006399	0.0033404915294679076
3423.57134260405	0.005440240712984967
3425.60697728886	0.0033882594398711523
3427.64205436783	0.003960891829214983
3429.67657409025	0.0041994983670341195
3431.71053670525	0.00381770460510618
3433.74394246185	0.0034359690967215445
3435.77679160891	0.004915317980491528
3437.80908439515	0.0024815429454449994
3439.84082106917	0.0036745756345406807
3441.87200187943	0.004151788710178953
3443.90262707421	0.003149652902052016
3445.93269690172	0.0028155687969744687
3447.96221160996	0.003483678753576711
3449.99117144686	0.002338355721336196
3452.01957666015	0.004867608323636362
3454.04742749746	0.003054175334793605
3456.07472420626	0.004151788710178953
3458.1014670339	0.004151788710178953
3460.12765622756	0.002958756021083272
3462.15329203432	0.0024338332885946077
3464.17837470108	0.003626865977690289
3466.20290447463	0.002529252602300166
3468.22688160161	0.0
3470.25030632851	0.002529252602300166
3472.2731789017	0.0018134329888427573
3474.29549956739	0.00291104636423288
3476.31726857166	0.00019089688096396987
3478.33848616045	0.0007635875238606538
3480.35915257955	0.0015748264510236209
3482.37926807462	0.0020997491835170598
3484.39883289117	0.002195226750775471
3486.41784727458	0.003865472515509425
3488.43631147007	0.0016225361078787874
3490.45422572275	0.0024815429454449994
3492.47159027755	0.002338355721336196
3494.4884053793	0.002672439826413744
3496.50467127263	0.002338355721336196
3498.5203882021	0.001383929570059651
