1001.77463942924	0.01836984562733364
1004.53092997605	0.0
1007.28635062209	0.014968022363015115
1010.0409017241	0.03429047816712506
1012.79458363868	0.01809776620804198
1015.54739672233	0.04163828353433181
1018.29934133142	0.027622871348133845
1021.05041782219	0.026262142042406438
1023.8006265508	0.022043914415591993
1026.54996787325	0.032929748861397656
1029.29844214545	0.04286297313042701
1032.0460497232	0.03456255758640311
1034.79279096215	0.04476802737937229
1037.53866621786	0.04490406708901812
1040.28367584578	0.038780951317892956
1043.02782020123	0.04898625500618673
1045.7710996394	0.04748948599082711
1048.51351451539	0.0474894859908135
1051.25506518417	0.04476802737937229
1053.99575200061	0.048441930062982475
1056.73557531945	0.05728683665484519
1059.4745354953	0.04517631261294434
1062.2126328827	0.050210944602281926
1064.94986783605	0.056198186768409444
1067.68624070961	0.055926107349117786
1070.42175185757	0.04748948599082711
1073.15640163398	0.05483745746268203
1075.89019039278	0.05048319012622176
1078.6231184878	0.0493945402397724
1081.35518627276	0.060824699628823156
1084.08639410125	0.042726933420781175
1086.81674232676	0.05061922983585398
1089.54623130267	0.0591917247991423
1092.27486138224	0.0435433377832771
1095.00263291861	0.050346984311914145
1097.72954626482	0.05960001003272797
1100.45560177378	0.044359908250448415
1103.18079979831	0.05415709280981833
1105.90514069112	0.05796720130772251
1108.62862480477	0.04735344628118128
1111.35125249175	0.055926107349117786
1114.07302410441	0.048986255006200345
1116.793939995	0.060552454104869716
1119.51400051566	0.057422876364491025
1122.23320601841	0.050891309255145636
1124.95155685517	0.043543503887938886
1127.66905337774	0.049666619659064055
1130.38569593782	0.04504027290329851
1133.10148488697	0.051163388674423674
1135.81642057667	0.05755891607413685
1138.53050335829	0.056062147058777226
1141.24373358306	0.05701459113091897
1143.95611160214	0.049666619659064055
1146.66763776654	0.044087662726494975
1149.37831242718	0.05279636350409092
1152.08813593487	0.051979959141581385
1154.7971086403	0.055926107349117786
1157.50523089408	0.053068442923368965
1160.21250304667	0.04735344628118128
1162.91892544844	0.050483190126208145
1165.62449844965	0.046945161047609235
1168.32922240045	0.06517896696528343
1171.0330976509	0.05497366327697604
1173.73612455091	0.05225203856087304
1176.43830345031	0.0476256918051075
1179.13963469882	0.05442933833375816
1181.84011864604	0.05157167390800934
1184.53975564147	0.04898642111084852
1187.23854603451	0.056742511711627315
1189.93649017442	0.04830605645798482
1192.63358841039	0.05674234560697914
1195.32984109149	0.051843753327287384
1198.02524856667	0.05565386182517795
1200.71981118478	0.05429329862411233
1203.41352929457	0.05429329862411233
1206.10640324467	0.05497349717232786
1208.79843338361	0.05252411798015109
1211.48962005981	0.053612767866586836
1214.17996362159	0.06272975387775483
1216.86946441716	0.05578990153482378
1219.55812279461	0.05960001003272797
1222.24593910194	0.05388484728589211
1224.93291368704	0.04490423319365268
1227.61904689769	0.04748948599082711
1230.30433908157	0.05456537804339037
1232.98879058625	0.05606214705876361
1235.67240175918	0.05361276786660045
1238.35517294773	0.054701417753036205
1241.03710449915	0.055517822115545734
1243.71819676058	0.05579006763948557
1246.39845007907	0.05538178240591352
1249.07786480155	0.05633422647805527
1251.75644127485	0.05456521193875581
1254.43417984571	0.05891964537986426
1257.11108086072	0.05864739985592443
1259.78714466643	0.05497349717232786
1262.46237160921	0.05864739985592443
1265.1367620354	0.05538178240591352
1267.81031629118	0.05579006763947195
1270.48303472266	0.06028037468559167
1273.15491767583	0.05960001003272797
1275.82596549657	0.05633422647805527
1278.49617853067	0.06327407882098632
1281.16555712381	0.05755891607413685
1283.83410162156	0.05266015768979691
1286.50181236939	0.058239280727000554
1289.16868971269	0.06381823765955602
1291.8347339967	0.057422876364491025
1294.49994556659	0.05919189090380409
1297.16432476743	0.04735344628118128
1299.82787194415	0.060688659919163716
1302.49058744163	0.06327391271633814
1305.15247160459	0.059055685089496476
1307.81352477769	0.06368219794991019
1310.47374730548	0.056742511711627315
1313.1331395324	0.05361276786660045
1315.79170180277	0.07225469291319853
1318.44943446083	0.056198186768409444
1321.10633785073	0.0657232919085013
1323.76241231648	0.06545104638457509
1326.41765820202	0.08395709782618911
1329.07207585117	0.09389032209519124
1331.72566560766	0.10409579188816043
1334.3784278151	0.10967491492535045
1337.03036281703	0.12464293728835195
1339.68147095686	0.13430391603344147
1342.33175257789	0.12695611066623472
1344.98120802335	0.13158262352663483
1347.62983763636	0.10423199770245442
1350.27764175994	0.10654517108032359
1352.92462073697	0.09225751337018578
1355.57077491028	0.07579255588716287
1358.21610462259	0.07728949100718428
1360.86061021649	0.0785140144986177
1363.50429203449	0.07007755924496158
1366.14715041901	0.07116620913141095
1368.78918571234	0.06926115488246566
1371.4303982567	0.07103016942176511
1374.07078839419	0.06286579358740066
1376.71035646681	0.06790042557673825
1379.34910281647	0.06463480812670011
1381.98702778498	0.06422652289314168
1384.62413171402	0.0651791330699316
1387.26041494523	0.05891964537986426
1389.89587782008	0.06395444347383641
1392.53052068001	0.056606305897333314
1395.16434386629	0.05851136014629221
1397.79734772015	0.06014433497595945
1400.42953258269	0.059055685089496476
1403.0608987949	0.07728949100718428
1405.69144669771	0.0610967790481012
1408.32117663193	0.060960739338455375
1410.95008893825	0.05374880757624628
1413.57818395728	0.05783099549342851
1416.20546202954	0.05837532043664639
1418.83192349543	0.06272975387776844
1421.45756869528	0.062185428934536956
1424.08239796929	0.06232146864418278
1426.70641165757	0.05606214705876361
1429.32961010016	0.055109536881960075
1431.95199363695	0.06558725219885547
1434.57356260778	0.057422876364491025
1437.19431735237	0.05266032379444509
1439.81425821033	0.06055262020951789
1442.43338552118	0.05674234560697914
1445.05169962437	0.05578990153483739
1447.66920085921	0.05374880757623267
1450.28588956493	0.05388501339052667
1452.90176608067	0.06599537132779297
1455.51683074547	0.05960001003272797
1458.13108389825	0.05932776450880175
1460.74452587786	0.05810324101735473
1463.35715702303	0.0632740788209727
1465.96897767243	0.0683087108103103
1468.57998816457	0.05633422647805527
1471.19018883794	0.06313803911134049
1473.79958003086	0.0655870860942073
1476.4081620816	0.0540210531001725
1479.01593532831	0.05960001003272797
1481.62290010905	0.05456537804339037
1484.22905676179	0.06191334951525891
1486.83440562438	0.05891964537986426
1489.43894703461	0.05456537804339037
1492.04268133016	0.068989075463174
1494.64560884857	0.06028037468559167
1497.24772992735	0.06585933161814714
1499.84904490388	0.0681725049960299
1502.44955411543	0.06028037468559167
1505.0492578992	0.07184657378427464
1507.64815659229	0.05960001003272797
1510.24625053168	0.06626745074707101
1512.84354005429	0.050891309255145636
1515.44002549691	0.054701417753036205
1518.03570719625	0.06531517277956382
1520.63058548894	0.0655870860942073
1523.22466071147	0.06790042557673825
1525.81793320028	0.06694798150459651
1528.41040329169	0.07034980476890142
1531.00207132192	0.06449860231241973
1533.59293762712	0.07184657378427464
1536.18300254332	0.06722022702852272
1538.77226640645	0.06313787300669231
1541.36072955237	0.0702137650592692
1543.94839231684	0.0734793825092801
1546.53525503548	0.07660912635432059
1549.12131804389	0.08599819178476661
1551.70658167752	0.08422917724546716
1554.29104627173	0.08463729637439103
1556.87471216181	0.09321012354698932
1559.45757968292	0.09089678406445838
1562.03964917017	0.10559256090353367
1564.62092095853	0.1202885038472435
1567.2013953829	0.1294054898583979
1569.78107277808	0.16791402954770282
1572.35995347877	0.19159075268828665
1574.93803781959	0.2559533152910469
1577.51532613504	0.32099607644203637
1580.09181875956	0.4422371904660562
1582.66751602746	0.542522873856326
1585.24241827297	0.6545109621595456
1587.81652583024	0.6388624090390322
1590.3898390333	0.5267384471308014
1592.96235821611	0.41325358981220855
1595.53408371251	0.29745539301108476
1598.10501585628	0.2250648264929022
1600.67515498106	0.1753980407292036
1603.24450142043	0.13702537464489628
1605.81305550788	0.1164785614539875
1608.38081757677	0.1084500592246207
1610.9477879604	0.09797251001238708
1613.51396699198	0.09565933663450431
1616.07935500458	0.09320995744234115
1618.64395233122	0.09252975889411201
1621.20775930483	0.08599819178478023
1623.7707762582	0.08422917724546716
1626.33300352408	0.07878626002255752
1628.89444143508	0.07769777624076994
1631.45509032376	0.06422652289312807
1634.01495052255	0.07524839704859317
1636.5740223638	0.0655870860942073
1639.13230617978	0.06041658049988567
1641.68980230264	0.07062188418819307
1644.24651106446	0.057422876364491025
1646.80243279721	0.06354615824026437
1649.35756783278	0.06014433497594584
1651.91191650296	0.0674921403431662
1654.46547913944	0.06028037468559167
1657.01825607383	0.058239280727000554
1659.57024763764	0.06164110399131908
1662.12145416229	0.056742511711627315
1664.6718759791	0.058239280727000554
1667.2215134193	0.054701417753036205
1669.77036681404	0.059191724799155916
1672.31843649435	0.060144168871297664
1674.8657227912	0.05946397032309575
1677.41222603543	0.05769495578378268
1679.95794655782	0.06028037468559167
1682.50288468904	0.06272958777312027
1685.04704075968	0.06191318341059712
1687.59041510022	0.05470125164838803
1690.13300804106	0.06218542893455057
1692.67481991249	0.05891964537986426
1695.21585104474	0.05429313251946415
1697.75610176791	0.05987208945201962
1700.29557241205	0.049258500530126564
1702.83426330707	0.05510953688197369
1705.37217478282	0.056742511711627315
1707.90930716905	0.04789777122439916
1710.44566079541	0.059736049742373794
1712.98123599146	0.0525241179801647
1715.51603308669	0.059872255556667794
1718.05005241045	0.05851136014629221
1720.58329429205	0.05252428408479926
1723.11575906067	0.05266032379444509
1725.64744704542	0.046128922789747874
1728.17835857532	0.05987208945201962
1730.70849397927	0.05606214705876361
1733.2378535861	0.05116338867443729
1735.76643772453	0.06232146864418278
1738.29424672323	0.05102751506942602
1740.82128091074	0.05184391943193556
1743.3475406155	0.05415709280981833
1745.87302616589	0.05279636350409092
1748.39773789019	0.056742511711627315
1750.92167611656	0.048169850643690816
1753.44484117311	0.05306844292338258
1755.96723338783	0.06028037468559167
1758.48885308862	0.05266032379444509
1761.00970060331	0.06191318341059712
1763.52977625961	0.056334226478041656
1766.04908038514	0.055517822115545734
1768.56761330746	0.05116338867443729
1771.08537535401	0.053612933971248625
1773.60236685214	0.05129959448871768
1776.11858812912	0.06164110399131908
1778.63403951211	0.06000829526630001
1781.14872132821	0.055517822115545734
1783.6626339044	0.05129959448871768
1786.17577756757	0.05415709280981833
1788.68815264454	0.05538178240589991
1791.199759462	0.05429313251946415
1793.7105983466	0.05578990153482378
1796.22066962486	0.053476728156954624
1798.72997362322	0.060824533524161374
1801.23851066803	0.051299594488731295
1803.74628108554	0.06204938922489112
1806.25328520193	0.06014433497594584
1808.75952334326	0.05878360567021843
1811.2649958355	0.055245576591619515
1813.76970300458	0.05565402792983974
1816.27364517628	0.05252411798015109
1818.77682267629	0.06150506428167325
1821.27923583026	0.05497366327697604
1823.78088496369	0.05864739985592443
1826.28177040204	0.062457508353828614
1828.78189247064	0.053476728156954624
1831.28125149473	0.05578990153482378
1833.77984779949	0.056742511711627315
1836.27768170998	0.05796720130772251
1838.77475355119	0.05742287636450463
1841.271063648	0.06313787300669231
1843.76661232521	0.06722006092387454
1846.26139990751	0.05211599885122721
1848.75542671954	0.060552620209531505
1851.2486930858	0.057150630840564806
1853.74119933074	0.056198186768409444
1856.23294577869	0.05701459113091897
1858.72393275391	0.05960001003272797
1861.21416058054	0.062457508353828614
1863.70362958267	0.059055851194158265
1866.19234008426	0.05919189090380409
1868.6802924092	0.06898890935852582
1871.16748688129	0.0643625626027739
1873.65392382424	0.05864756596058621
1876.13960356164	0.0604164143952375
1878.62452641704	0.060688659919163716
1881.10869271384	0.061505064281686866
1883.59210277541	0.05606214705876361
1886.07475692498	0.05810324101736834
1888.55665548571	0.050755269545499804
1891.03779878067	0.05837532043664639
1893.51818713284	0.05578990153482378
1895.99782086509	0.05143563419836351
1898.47670030024	0.05089130925513202
1900.95482576096	0.06055262020951789
1903.43219756989	0.059055851194158265
1905.90881604954	0.0468091213379634
1908.38468152235	0.055109702986621864
1910.85979431064	0.053476728156954624
1913.33415473668	0.059463970323082135
1915.80776312261	0.05606214705876361
1918.28061979051	0.0500749048926361
1920.75272506234	0.059872089452006005
1923.22407926001	0.05306860902801714
1925.69468270529	0.05374880757623267
1928.16453571989	0.06055262020951789
1930.63363862544	0.05129959448871768
1933.10199174344	0.04340729807364488
1935.56959539533	0.05987208945201962
1938.03644990244	0.05742271025984285
1940.50255558603	0.04762569180512111
1942.96791276726	0.05647043229234927
1945.43252176718	0.05810324101735473
1947.8963829068	0.050891309255145636
1950.35949650697	0.05878360567021843
1952.8218628885	0.048714175586908694
1955.2834823721	0.05755891607413685
1957.74435527836	0.06599537132779297
1960.20448192784	0.061096779048087586
1962.66386264093	0.05470141775304982
1965.12249773799	0.053612767866586836
1967.58038753927	0.053340688447322405
1970.03753236493	0.05783099549342851
1972.49393253504	0.05769495578376907
1974.94958836957	0.06341011853063215
1977.4045001884	0.050755269545499804
1979.85866831133	0.06014433497594584
1982.31209305807	0.059463970323082135
1984.76477474823	0.0644987684170679
1987.21671370133	0.06150506428167325
1989.6679102368	0.05851136014629221
1992.11836467399	0.057830995493414895
1994.56807733213	0.05633422647805527
1997.0170485304	0.058239280727000554
1999.46527858786	0.05170787972230334
2001.91276782348	0.05687855142127315
2004.35951655615	0.05279636350409092
2006.80552510467	0.05878360567021843
2009.25079378774	0.05783099549342851
2011.69532292397	0.05606198095411544
2014.13911283188	0.053204648737662966
2016.58216382991	0.062457508353828614
2019.02447623639	0.052932403213736746
2021.46605036956	0.06150506428167325
2023.90688654761	0.056198186768409444
2026.34698508858	0.061096779048087586
2028.78634631045	0.05374897368089446
2031.22497053111	0.055109536881960075
2033.66285806835	0.06000812916165184
2036.10000923987	0.05456521193875581
2038.53642436328	0.06177714370096491
2040.97210375611	0.056198186768409444
2043.40704773578	0.054429172229109986
2045.84125661964	0.05538161630125173
2048.27473072492	0.0651791330699316
2050.70747036878	0.05578990153483739
2053.13947586829	0.05633422647805527
2055.57074754041	0.05483745746268203
2058.00128570205	0.056198186768409444
2060.43109066998	0.0559261073491314
2062.8601627609	0.05334068844730879
2065.28850229143	0.0610967790481012
2067.71610957807	0.05837532043664639
2070.14298493726	0.0525241179801647
2072.56912868532	0.05470141775304982
2074.99454113851	0.05048302402155997
2077.41922261297	0.0604164143952375
2079.84317342476	0.045448392032235996
2082.26639388986	0.05143563419836351
2084.68888432414	0.05184391943194917
2087.1106450434	0.06000829526631363
2089.53167636331	0.05783099549342851
2091.95197859949	0.05306844292338258
2094.37155206745	0.06259354806347445
2096.79039708261	0.05905568508951009
2099.20851396029	0.04599271697545387
2101.62590301575	0.05538178240591352
2104.04256456411	0.06028037468559167
2106.45849892045	0.050891309255145636
2108.87370639971	0.05361276786660045
2111.28818731677	0.060552620209531505
2113.70194198641	0.05578990153482378
2116.11497072333	0.05579006763948557
2118.52727384211	0.04912229471584618
2120.93885165726	0.06286579358740066
2123.34970448321	0.05891964537986426
2125.75983263425	0.053204648737662966
2128.16923642463	0.053612767866586836
2130.57791616848	0.05293256931838492
2132.98587217985	0.054701417753036205
2135.3931047727	0.056198186768409444
2137.79961426089	0.05266032379444509
2140.20540095818	0.05837548654129456
2142.61046517826	0.04776156541010516
2145.01480723472	0.05579006763948557
2147.41842744104	0.05374880757623267
2149.82132611063	0.05442933833375816
2152.22350355681	0.05225220466552122
2154.62496009279	0.05361276786660045
2157.0256960317	0.05293240321372313
2159.42571168658	0.05565402792983974
2161.82500737036	0.05211599885122721
2164.22358339589	0.06177714370096491
2166.62144007595	0.05361276786660045
2169.01857772318	0.05470141775304982
2171.41499665018	0.056742511711627315
2173.81069716942	0.051571673907995726
2176.20567959329	0.06014433497594584
2178.59994423409	0.05483745746268203
2180.99349140402	0.05796703520306072
2183.38632141519	0.0540210531001725
2185.77843457964	0.05878343956557026
2188.16983120927	0.0559261073491314
2190.56051161594	0.05374880757624628
2192.95047611139	0.05483745746268203
2195.33972500725	0.05891964537986426
2197.72825861511	0.05388501339052667
2200.11607724641	0.05837532043664639
2202.50318121254	0.05497349717232786
2204.88957082477	0.05483745746268203
2207.27524639429	0.04993886518300388
2209.6602082322	0.0540210531001725
2212.0444566495	0.06191334951525891
2214.4279919571	0.05510953688197369
2216.81081446582	0.050891309255145636
2219.19292448638	0.05524574269625408
2221.57432232942	0.058647565960572606
2223.95500830547	0.05891964537986426
2226.33498272498	0.05769495578376907
2228.7142458983	0.05061922983585398
2231.09279813569	0.057150630840564806
2233.47063974732	0.057830995493414895
2235.84777104327	0.055109702986621864
2238.2241923335	0.052932403213736746
2240.59990392792	0.05211599885122721
2242.97490613632	0.05755891607413685
2245.34919926839	0.052524284084812876
2247.72278363376	0.055109536881960075
2250.09565954192	0.05252428408479926
2252.46782730231	0.05524574269625408
2254.83928722425	0.050891309255145636
2257.21003961698	0.0610967790481012
2259.58008478963	0.05728683665485881
2261.94942305127	0.0526603237944587
2264.31805471084	0.05456537804339037
2266.68598007721	0.05524557659160591
2269.05319945914	0.05061922983586759
2271.4197131653	0.060144168871297664
2273.78552150427	0.05402088699552433
2276.15062478456	0.05524557659160591
2278.51502331454	0.058239280727000554
2280.87871740252	0.052524284084812876
2283.24170735671	0.05415709280981833
2285.60399348521	0.058783605670232046
2287.96557609605	0.053476728156954624
2290.32645549714	0.05660630589734693
2292.68663199633	0.05429329862411233
2295.04610590133	0.055926107349117786
2297.40487751981	0.056606305897333314
2299.76294715931	0.05510953688197369
2302.12031512727	0.058239280727000554
2304.47698173107	0.0500749048926361
2306.83294727796	0.055517822115545734
2309.18821207512	0.04735344628118128
2311.54277642963	0.054565378043403986
2313.89664064847	0.06477084783634594
2316.24980503852	0.058647565960572606
2318.6022699066	0.0604164143952375
2320.95403555938	0.05783099549342851
2323.30510230349	0.05687855142127315
2325.65547044542	0.060824699628823156
2328.0051402916	0.05524557659160591
2330.35411214835	0.06354615824026437
2332.7023863219	0.05905568508951009
2335.04996311837	0.05252428408479926
2337.39684284382	0.05728667055019702
2339.74302580418	0.06259354806346083
2342.08851230529	0.05891964537986426
2344.43330265291	0.05388501339052667
2346.7773971527	0.060960739338455375
2349.12079611023	0.06585933161814714
2351.46349983096	0.05810324101735473
2353.80550862026	0.05783116159806307
2356.14682278342	0.06000829526630001
2358.48744262562	0.0638184037642042
2360.82736845194	0.05837548654129456
2363.16660056738	0.07075809000248708
2365.50513927683	0.06068849381451554
2367.8429848851	0.06300183329704649
2370.1801376969	0.057150630840564806
2372.51659801683	0.05361276786660045
2374.85236614941	0.058239280727000554
2377.18744239906	0.05755891607413685
2379.52182707011	0.06490688754599178
2381.85552046679	0.05606214705876361
2384.18852289322	0.05701459113091897
2386.52083465345	0.05987208945201962
2388.85245605142	0.05987208945201962
2391.18338739097	0.058647565960572606
2393.51362897585	0.056198186768409444
2395.84318110973	0.05565386182519157
2398.17204409615	0.05742271025984285
2400.50021823858	0.055926107349117786
2402.82770384038	0.061369024572041034
2405.15450120483	0.06395444347385003
2407.48061063509	0.061913183410610736
2409.80603243426	0.05211599885122721
2412.13076690529	0.05510953688197369
2414.4548143511	0.06463464202206555
2416.77817507445	0.059463970323082135
2419.10084937804	0.05878360567021843
2421.42283756447	0.06558725219885547
2423.74413993625	0.0632740788209727
2426.06475679575	0.06204938922489112
2428.38468844531	0.058239280727000554
2430.70393518711	0.07089396360748472
2433.02249732329	0.07415974716215742
2435.34037515584	0.07143845465535077
2437.65756898669	0.07919454525612957
2439.97407911767	0.0742959529764378
2442.28990585049	0.08177996415793856
2444.60504948679	0.08014698932828493
2446.91951032808	0.09674782041629189
2449.23328867581	0.101510539090986
2451.54638483132	0.11062735899750581
2453.85879909585	0.10994699434464211
2456.17053177052	0.10627309166104554
2458.48158315639	0.10450407712173247
2460.79195355441	0.10314334781600507
2463.10164326542	0.09878891437489662
2465.41065259017	0.09756422477880142
2467.71898182932	0.08382089201189512
2470.02663128344	0.08817532545300356
2472.33360125296	0.08803928574335773
2474.63989203825	0.07701724548324446
2476.94550393958	0.07960266438506705
2479.25043725712	0.0838208920118815
2481.55469229093	0.07511235733896096
2483.85826934098	0.08504574771262487
2486.16116870713	0.07851418060326587
2488.46339068916	0.07007772534962337
2490.76493558676	0.07660912635432059
2493.06580369949	0.07279901785643
2495.36599532684	0.07647308664467475
2497.66551076817	0.06517896696528343
2499.96435032278	0.0748401118150075
2502.26251428984	0.07157432826033482
2504.56000296845	0.0722548590178467
2506.85681665757	0.06803663139101863
2509.15295565612	0.07157432826034843
2511.44842026287	0.0657232919085013
2513.74321077651	0.07062188418817945
2516.03732749563	0.06381823765955602
2518.33077071873	0.06749230644781437
2520.62354074419	0.0707579238978389
2522.91563787031	0.07116620913141095
2525.20706239528	0.06558725219886909
2527.49781461721	0.06790042557673825
2529.78789483408	0.06871682993924778
2532.0773033438	0.0635459921356162
2534.36604044416	0.06585933161814714
2536.65410643286	0.06028037468559167
2538.9415016075	0.06613141103742518
2541.22822626558	0.07157449436498299
2543.51428070449	0.06790042557673825
2545.79966522154	0.06708402121422871
2548.08438011393	0.06776438586709242
2550.36842567876	0.0610967790481012
2552.65180221302	0.06545121248920965
2554.93451001363	0.06912511517281983
2557.21654937738	0.062457508353815
2559.49792060096	0.06708402121422871
2561.77862398098	0.06858079022958834
2564.05865981395	0.06599553743242753
2566.33802839626	0.06368219794991019
2568.61673002421	0.068989075463174
2570.89476499399	0.0696694401160377
2573.17213360172	0.06000829526631363
2575.44883614338	0.07960266438506705
2577.72487291489	0.07116620913141095
2580.00024421203	0.06994151953532936
2582.27495033048	0.07361542221892593
2584.54899156587	0.062457508353828614
2586.82236821368	0.06749214034315258
2589.0950805693	0.07810589536969383
2591.36712892802	0.06504292725563761
2593.63851358505	0.06830854470566212
2595.90923483547	0.07402370745251159
2598.17929297426	0.07279918396107818
2600.44868829631	0.07756157042647595
2602.71742109642	0.07211881930821448
2604.98549166927	0.0722548590178467
2607.25290030944	0.075384436758239
2609.51964731142	0.0801471554329331
2611.78573296958	0.09144110900767626
2614.05115757822	0.0879032460337119
2616.31592143149	0.08790307992906372
2618.58002482349	0.0937544484902072
2620.84346804817	0.08994433999230302
2623.10625139942	0.09702006594023171
2625.36837517101	0.10695329020926107
2627.6298396566	0.10042188920455024
2629.89064514976	0.10763365486211117
2632.15079194395	0.12464277118370377
2634.41028033254	0.12015246413759768
2636.66911060878	0.13688933493526406
2638.92728306582	0.14763912967143752
2641.18479799672	0.17893590370316795
2643.44165569444	0.17580615985812745
2645.69785645182	0.2015241430619642
2647.95340056162	0.2333650759322643
2650.20828831645	0.2672474349704519
2652.46252000888	0.30657237902225276
2654.71609593134	0.3539258253034204
2656.96901637616	0.42087364070335515
2659.22128163557	0.48727713116005833
2661.47289200171	0.5823921428513448
2663.72384776659	0.6426725175369229
2665.97414922213	0.7421417965646695
2668.22379666017	0.8231051902554504
2670.4727903724	0.8950878037493573
2672.72113065044	0.9775479664555113
2674.9688177858	1.001905054248959
2677.21585206988	1.0431350525497187
2679.46223379399	1.0487141755869087
2681.70796324931	0.9976868266221308
2683.95304072694	0.9655734821232563
2686.19746651787	0.9148183786824047
2688.44124091298	0.808545453126021
2690.68436420305	0.7098925784607838
2692.92683667876	0.6111036640859144
2695.16865863068	0.5358552670373212
2697.40983034928	0.4621036390041149
2699.65035212492	0.4128453045786365
2701.89022424785	0.3350116547328961
2704.12944700824	0.29323733148890485
2706.36802069612	0.26738330857544956
2708.60594560146	0.2269697146371993
2710.84322201407	0.1963533052583326
2713.0798502237	0.18260997249141267
2715.31583051998	0.167777989838057
2717.55116319244	0.15866100382690262
2719.78584853048	0.13593705696775688
2722.01988682344	0.1326711073084224
2724.2532783605	0.11579819680113741
2726.48602343079	0.11062735899750581
2728.71812232329	0.10532048148422839
2730.9495753269	0.10314334781600507
2733.1803827304	0.09810871582666747
2735.4105448225	0.10069413472849008
2737.64006189173	0.09770043059309542
2739.86893422659	0.08572594626082679
2742.09716211544	0.08831136516263577
2744.32474584653	0.08354881259260345
2746.55168570802	0.09130506929804404
2748.77798198795	0.08082735398114864
2751.00363497426	0.08205204357723021
2753.22864495479	0.08531782713190292
2755.45301221725	0.0747040721053753
2757.67673704928	0.07103016942177873
2759.89981973839	0.06653969627101083
2762.12226057198	0.07443199268609725
2764.34405983734	0.07524839704859317
2766.56521782169	0.07007772534962337
2768.7857348121	0.06585933161814714
2771.00561109555	0.07320730309000206
2773.22484695892	0.06681194179493706
2775.44344268897	0.06626761685171918
2777.66139857236	0.06994168563997753
2779.87871489564	0.06517896696526981
2782.09539194526	0.07266297814678419
2784.31143000754	0.06994168563997753
2786.52682936873	0.06150506428167325
2788.74159031494	0.06545121248920965
2790.95571313218	0.06735610063352038
2793.16919810637	0.05728667055021063
2795.38204552329	0.06545121248920965
2797.59425566864	0.06858095633425013
2799.805828828	0.06123298486239521
2802.01676528685	0.0638182376595424
2804.22706533056	0.06272975387775483
2806.43672924436	0.06341011853061854
2808.64575731343	0.05578990153483739
2810.85414982279	0.06790042557672464
2813.06190705738	0.06422652289312807
2815.26902930203	0.06517896696528343
2817.47551684145	0.06708402121422871
2819.68136996024	0.061369024572041034
2821.88658894291	0.05987208945201962
2824.09117407383	0.05837532043663277
2826.29512563729	0.06028037468559167
2828.49844391747	0.05837548654129456
2830.70112919842	0.06422652289312807
2832.90318176409	0.0657232919085013
2835.10460189833	0.05932793061343631
2837.30538988487	0.06749214034315258
2839.50554600732	0.06204922312024295
2841.70507054922	0.06354615824026437
2843.90396379395	0.06844475051995612
2846.10222602482	0.060552454104869716
2848.29985752501	0.06300183329704649
2850.49685857759	0.05987208945201962
2852.69322946553	0.05674251171164093
2854.88897047169	0.06531500667492926
2857.08408187879	0.05715079694519937
2859.27856396949	0.06409048318348225
2861.4724170263	0.05715079694521298
2863.66564133164	0.05755891607413685
2865.85823716781	0.056198186768409444
2868.050204817	0.05851136014629221
2870.2415445613	0.05728667055021063
2872.43225668266	0.061369024572041034
2874.62234146295	0.059463970323082135
2876.81179918393	0.06177714370096491
2879.00063012722	0.06286579358740066
2881.18883457435	0.053068442923368965
2883.37641280674	0.05606214705876361
2885.56336510569	0.06762818005279841
2887.7496917524	0.056334226478041656
2889.93539302793	0.057422876364491025
2892.12046921326	0.05864739985593804
2894.30492058926	0.06463480812671372
2896.48874743666	0.06164110399131908
2898.67195003609	0.059736049742373794
2900.85452866809	0.060960739338455375
2903.03648361305	0.05728683665484519
2905.21781515128	0.06041641439522388
2907.39852356295	0.05742287636450463
2909.57860912814	0.06395444347383641
2911.75807212682	0.06395427736918824
2913.93691283883	0.06531500667492926
2916.1151315439	0.05415709280981833
2918.29272852166	0.05334068844730879
2920.46970405161	0.06150506428167325
2922.64605841316	0.06123281875773342
2924.82179188558	0.06232146864418278
2926.99690474805	0.05905568508951009
2929.17139727962	0.06327391271633814
2931.34526975924	0.062457508353828614
2933.51852246574	0.059191724799155916
2935.69115567784	0.06599537132777936
2937.86316967414	0.06545121248920965
2940.03456473313	0.06028037468559167
2942.20534113318	0.0585113601462786
2944.37549915256	0.06123298486239521
2946.54503906942	0.054701417753036205
2948.71396116179	0.0674921403431662
2950.8822657076	0.06055245410488333
2953.04995298465	0.05837532043664639
2955.21702327062	0.04776173151475333
2957.38347684312	0.06164110399131908
2959.54931397958	0.06409031707884767
2961.71453495737	0.059872255556667794
2963.87914005372	0.059463970323082135
2966.04312954574	0.05034698431192776
2968.20650371045	0.06028037468559167
2970.36926282472	0.053204482633028405
2972.53140716535	0.06164110399131908
2974.69293700897	0.05429313251946415
2976.85385263216	0.057150630840564806
2979.01415431133	0.05810324101735473
2981.17384232278	0.05783099549342851
2983.33291694274	0.06409048318349585
2985.49137844726	0.05306844292338258
2987.64922711234	0.05429329862411233
2989.8064632138	0.05374897368089446
2991.9630870274	0.055517822115545734
2994.11909882875	0.059055685089496476
2996.27449889334	0.05769495578376907
2998.42928749659	0.05606214705876361
3000.58346491374	0.05334068844730879
3002.73703141997	0.048714175586908694
3004.8899872903	0.05252428408479926
3007.04233279965	0.048986421110834906
3009.19406822284	0.04912246082048074
3011.34519383455	0.05429313251946415
3013.49570990936	0.05184391943193556
3015.64561672172	0.056742511711627315
3017.79491454597	0.05538178240589991
3019.94360365632	0.055926107349117786
3022.09168432689	0.060144168871297664
3024.23915683165	0.04830589035333664
3026.38602144448	0.053476728156954624
3028.53227843913	0.05715079694521298
3030.67792808923	0.05606214705876361
3032.82297066831	0.050891309255145636
3034.96740644975	0.050346984311914145
3037.11123570684	0.04653704191867175
3039.25445871273	0.05538178240591352
3041.39707574049	0.05429313251946415
3043.53908706303	0.05497349717232786
3045.68049295316	0.06000829526630001
3047.82129368358	0.050755269545499804
3049.96148952684	0.05279636350409092
3052.1010807554	0.05429313251946415
3054.24006764161	0.049258500530126564
3056.37845045767	0.056334392582703445
3058.51622947568	0.05388501339054028
3060.65340496763	0.054429172229109986
3062.78997720535	0.05538178240589991
3064.92594646061	0.058239280727000554
3067.06131300501	0.055109702986621864
3069.19607711007	0.055926107349117786
3071.33023904715	0.05837532043664639
3073.46379908752	0.05606198095411544
3075.59675750233	0.05279636350409092
3077.7291145626	0.04748948599082711
3079.86087053922	0.05102751506942602
3081.99202570299	0.05960001003272797
3084.12258032456	0.05415709280981833
3086.25253467448	0.05143563419836351
3088.38188902317	0.056198186768409444
3090.51064364093	0.05211599885122721
3092.63879879794	0.057422876364491025
3094.76635476428	0.049122294715832564
3096.89331180986	0.06028037468559167
3099.01967020452	0.05361276786660045
3101.14543021796	0.05306860902803075
3103.27059211975	0.0540210531001725
3105.39515617934	0.0500749048926361
3107.51912266608	0.051979959141581385
3109.64249184919	0.05279636350409092
3111.76526399774	0.053204482633028405
3113.88743938072	0.05211599885122721
3116.00901826698	0.05415709280981833
3118.13000092523	0.05334068844730879
3120.2503876241	0.05497349717231425
3122.37017863206	0.05102734896479146
3124.48937421748	0.05633422647805527
3126.6079746486	0.0493945402397724
3128.72598019354	0.05633422647805527
3130.84339112029	0.049258500530126564
3132.96020769673	0.04830589035333664
3135.07643019061	0.053204482633028405
3137.19205886957	0.05660647200198149
3139.3070940011	0.04912246082048074
3141.42153585259	0.05415709280981833
3143.5353846913	0.05715079694521298
3145.64864078438	0.05320464873767658
3147.76130439882	0.06055262020951789
3149.87337580154	0.053204648737662966
3151.98485525929	0.05606214705876361
3154.09574303872	0.055926107349117786
3156.20603940634	0.05660647200198149
3158.31574462857	0.05034698431192776
3160.42485897167	0.05769495578378268
3162.53338270181	0.05878360567021843
3164.64131608498	0.06000829526630001
3166.74865938712	0.05374880757623267
3168.85541287398	0.05524557659160591
3170.96157681123	0.05715063084055119
3173.0671514644	0.05633422647805527
3175.17213709889	0.054429172229109986
3177.27653397998	0.05429313251946415
3179.38034237284	0.05810324101735473
3181.48356254248	0.05279636350409092
3183.58619475382	0.057830995493414895
3185.68823927165	0.04626479639474553
3187.78969636061	0.051571673907995726
3189.89056628524	0.0604164143952375
3191.99084930995	0.04776173151476694
3194.09054569901	0.05579006763948557
3196.18965571659	0.05048302402155997
3198.28817962671	0.05238807827051887
3200.38611769327	0.04953057994941822
3202.48347018006	0.05306860902801714
3204.58023735073	0.053476728156954624
3206.67641946881	0.05483745746268203
3208.77201679769	0.054429172229109986
3210.86702960065	0.0483060564579712
3212.96145814084	0.0493945402397724
3215.05530268128	0.05306844292338258
3217.14856348487	0.054565378043403986
3219.24124081437	0.05429329862411233
3221.33333493243	0.05660647200198149
3223.42484610157	0.06177730980561308
3225.51577458416	0.06177730980561308
3227.60612064247	0.06000829526630001
3229.69588453864	0.06477084783635956
3231.78506653466	0.05960001003272797
3233.87366689244	0.0760648014110891
3235.9616858737	0.08096355979542903
3238.04912374008	0.08572611236548858
3240.13598075307	0.08708684167120237
3242.22225717405	0.08844740487229522
3244.30795326425	0.09770043059309542
3246.39306928479	0.09593141605379597
3248.47760549664	0.09144110900767626
3250.56156216068	0.08844757097692978
3252.64493953762	0.07103016942176511
3254.72773788807	0.07184657378427464
3256.8099574725	0.06776438586709242
3258.89159855124	0.06449860231240612
3260.97266138451	0.05565386182519157
3263.05314623241	0.06041658049988567
3265.13305335488	0.05755891607413685
3267.21238301175	0.05456521193875581
3269.29113546272	0.059327764508788135
3271.36931096736	0.05538161630125173
3273.4469097851	0.0525241179801647
3275.52393217526	0.053476728156954624
3277.60037839702	0.05415709280981833
3279.67624870941	0.05510953688197369
3281.75154337138	0.05687855142127315
3283.8262626417	0.048578135877276475
3285.90040677904	0.04585667726580804
3287.97397604193	0.0559261073491314
3290.04697068876	0.0500749048926361
3292.11939097781	0.055926107349117786
3294.19123716721	0.048578135877276475
3296.26250951497	0.04925833442547839
3298.33320827897	0.05279636350409092
3300.40333371696	0.05184391943193556
3302.47288608655	0.051299428384069506
3304.54186564524	0.0540210531001725
3306.61027265036	0.053612767866586836
3308.67810735915	0.05252428408479926
3310.74537002869	0.056742511711627315
3312.81206091594	0.056334392582703445
3314.87818027774	0.05034698431192776
3316.94372837077	0.057422876364491025
3319.00870545161	0.05102734896479146
3321.07311177668	0.04789760511975098
3323.13694760229	0.05374880757624628
3325.2002131846	0.053884847285878494
3327.26290877964	0.05143563419836351
3329.32503464334	0.05021094460226831
3331.38659103145	0.05334068844730879
3333.4475781996	0.055517822115545734
3335.50799640332	0.051707713617655165
3337.56784589797	0.057831161598076684
3339.62712693879	0.0566064720019951
3341.68583978089	0.055925941244483225
3343.74398467924	0.05483745746268203
3345.80156188869	0.05674251171164093
3347.85857166394	0.05252428408479926
3349.91501425956	0.059327930613449924
3351.97088992999	0.0500749048926361
3354.02619892956	0.048714175586908694
3356.0809415124	0.05197979303693321
3358.13511793259	0.0526603237944587
3360.18872844401	0.05361276786660045
3362.24177330044	0.053612767866586836
3364.29425275552	0.05374897368088084
3366.34616706274	0.05429313251946415
3368.39751647548	0.051299428384069506
3370.44830124696	0.05129959448871768
3372.49852163029	0.048714175586908694
3374.54817787843	0.05864739985593804
3376.5972702442	0.05306860902803075
3378.64579898031	0.053340688447322405
3380.69376433931	0.05266032379444509
3382.74116657361	0.05374897368088084
3384.78800593552	0.059055685089496476
3386.83428267718	0.05225220466552122
3388.8799970506	0.05429313251946415
3390.92514930767	0.053884847285878494
3392.96973970014	0.051843753327287384
3395.01376847962	0.05538178240589991
3397.05723589757	0.05089130925513202
3399.10014220533	0.05483745746268203
3401.1424876541	0.04708120075724145
3403.18427249495	0.05266032379444509
3405.22549697881	0.05524574269625408
3407.26616135646	0.050755269545499804
3409.30626587856	0.05143563419836351
3411.34581079563	0.05524574269626769
3413.38479635805	0.05279636350409092
3415.42322281605	0.04163844963897999
3417.46109041976	0.049666619659064055
3419.49839941912	0.0493945402397724
3421.53515006399	0.046945161047609235
3423.57134260405	0.05742287636450463
3425.60697728886	0.0500749048926361
3427.64205436783	0.04993886518299027
3429.67657409025	0.057150630840564806
3431.71053670525	0.0500749048926361
3433.74394246185	0.05211599885122721
3435.77679160891	0.05579006763948557
3437.80908439515	0.054293132519450546
3439.84082106917	0.05225203856087304
3441.87200187943	0.05157167390800934
3443.90262707421	0.05279636350409092
3445.93269690172	0.053204648737662966
3447.96221160996	0.04776173151475333
3449.99117144686	0.04980282547334444
3452.01957666015	0.05129959448871768
3454.04742749746	0.05129959448871768
3456.07472420626	0.0540210531001725
3458.1014670339	0.05143563419836351
3460.12765622756	0.05633422647805527
3462.15329203432	0.04789777122439916
3464.17837470108	0.05116355477908546
3466.20290447463	0.05129959448871768
3468.22688160161	0.05497349717232786
3470.25030632851	0.05442917222909637
3472.2731789017	0.05687855142127315
3474.29549956739	0.048714175586908694
3476.31726857166	0.05483745746268203
3478.33848616045	0.049258500530126564
3480.35915257955	0.055109536881960075
3482.37926807462	0.05225203856087304
3484.39883289117	0.05061922983585398
3486.41784727458	0.045448392032235996
3488.43631147007	0.051843753327287384
3490.45422572275	0.05442933833375816
3492.47159027755	0.05470125164838803
3494.4884053793	0.05728683665485881
3496.50467127263	0.04748965209547529
3498.5203882021	0.05211599885122721
