1001.77463942924	0.009856549487298819
1004.53092997605	0.0
1007.28635062209	0.0162195882720025
1010.0409017241	0.02682470368061136
1012.79458363868	0.03006859087454773
1015.54739672233	0.047411104179663134
1018.29934133142	0.03480976221343731
1021.05041782219	0.04304429195260138
1023.8006265508	0.04242046163444792
1026.54996787325	0.052152275518565196
1029.29844214545	0.06200867270354336
1032.0460497232	0.058390426397779166
1034.79279096215	0.06787276907557081
1037.53866621786	0.07336250633579539
1040.28367584578	0.07673112913288833
1043.02782020123	0.083717998235733
1045.7710996394	0.08184650728128509
1048.51351451539	0.08122267696311915
1051.25506518417	0.08047411104180911
1053.99575200061	0.07797878976919527
1056.73557531945	0.08733639684381785
1059.4745354953	0.08671241422334373
1062.2126328827	0.07960080951733002
1064.94986783605	0.0938241712316781
1067.68624070961	0.09544619097981286
1070.42175185757	0.07822841327785403
1073.15640163398	0.08933247109912665
1075.89019039278	0.08346852702940737
1078.6231184878	0.09332507651669371
1081.35518627276	0.09432311364435435
1084.08639410125	0.07311288282713663
1086.81674232676	0.08758586805015596
1089.54623130267	0.08596384830202121
1092.27486138224	0.08209597848761073
1095.00263291861	0.08933247109911416
1097.72954626482	0.09369943562852152
1100.45560177378	0.08534001798386776
1103.18079979831	0.08945720670228322
1105.90514069112	0.0888335286864629
1108.62862480477	0.09482236066165939
1111.35125249175	0.09082975524407985
1114.07302410441	0.08658767862017468
1116.793939995	0.10081088803221461
1119.51400051566	0.09357470002535247
1122.23320601841	0.09357454772303182
1124.95155685517	0.0878353392564816
1127.66905337774	0.08820954606598878
1130.38569593782	0.08683730212883345
1133.10148488697	0.09182779237172801
1135.81642057667	0.097816624346937
1138.53050335829	0.08870864078097318
1141.24373358306	0.09856519026825952
1143.95611160214	0.07847788448417967
1146.66763776654	0.09107922645040549
1149.37831242718	0.09419837804118528
1152.08813593487	0.09394890683484716
1154.7971086403	0.0979415122524267
1157.50523089408	0.093200188611204
1160.21250304667	0.10343109721031815
1162.91892544844	0.09207741588038677
1165.62449844965	0.09407364243801622
1168.32922240045	0.1054273237679476
1171.0330976509	0.09419853034350593
1173.73612455091	0.09482220835933874
1176.43830345031	0.0979415122524267
1179.13963469882	0.1006863047313662
1181.84011864604	0.10056141682588897
1184.53975564147	0.10417966313164068
1187.23854603451	0.09731768193427325
1189.93649017442	0.09544603867749221
1192.63358841039	0.10892068216820962
1195.32984109149	0.09719279402878353
1198.02524856667	0.10218343657401123
1200.71981118478	0.10118539944635059
1203.41352929457	0.11303817549126638
1206.10640324467	0.10243306008267
1208.79843338361	0.10430439873479726
1211.48962005981	0.1058015305774423
1214.17996362159	0.11228945726763569
1216.86946441716	0.11116653223448535
1219.55812279461	0.11066758982182158
1222.24593910194	0.10230817217718029
1224.93291368704	0.09769188874376794
1227.61904689769	0.10230817217718029
1230.30433908157	0.11603243917655646
1232.98879058625	0.11166577925180288
1235.67240175918	0.10917030567686838
1238.35517294773	0.10904557007369932
1241.03710449915	0.11116653223448535
1243.71819676058	0.11266381637945103
1246.39845007907	0.1095446647886962
1249.07786480155	0.11703062860652527
1251.75644127485	0.1049282290529632
1254.43417984571	0.11129142013997505
1257.11108086072	0.11141600344082346
1259.78714466643	0.11528387325523394
1262.46237160921	0.1117903625526388
1265.1367620354	0.12177164764310668
1267.81031629118	0.11815355363966314
1270.48303472266	0.11840302484600125
1273.15491767583	0.1182782892428322
1275.82596549657	0.11116653223449782
1278.49617853067	0.11977542108547723
1281.16555712381	0.11915159076732378
1283.83410162156	0.11441041942842171
1286.50181236939	0.11977557338779789
1289.16868971269	0.11777919452784778
1291.8347339967	0.1213974408335995
1294.49994556659	0.12414223331255148
1297.16432476743	0.1213974408335995
1299.82787194415	0.13025580089091704
1302.49058744163	0.12426696891572053
1305.15247160459	0.12301930827940112
1307.81352477769	0.12177164764310668
1310.47374730548	0.13337495248168435
1313.1331395324	0.12825957433328758
1315.79170180277	0.12563936515518404
1318.44943446083	0.1331254812753587
1321.10633785073	0.13836559502691204
1323.76241231648	0.137617029105602
1326.41765820202	0.13499681992749846
1329.07207585117	0.1469743315755708
1331.72566560766	0.155832843935209
1334.3784278151	0.15683103336517779
1337.03036281703	0.17105439507953837
1339.68147095686	0.172052432207199
1342.33175257789	0.17479722468615097
1344.98120802335	0.18877111519417342
1347.62983763636	0.18540234009475984
1350.27764175994	0.18852149168552715
1352.92462073697	0.1812851513763319
1355.57077491028	0.17492196028930754
1358.21610462259	0.15970056144729883
1360.86061021649	0.1517155029144604
1363.50429203449	0.14335623757213975
1366.14715041901	0.14884597483236434
1368.78918571234	0.14485336941478477
1371.4303982567	0.14285714285715534
1374.07078839419	0.13262638656036183
1376.71035646681	0.13986272686955709
1379.34910281647	0.14435442700210854
1381.98702778498	0.1363693684692951
1384.62413171402	0.13212729184537741
1387.26041494523	0.12838430993645664
1389.89587782008	0.12351855529671865
1392.53052068001	0.1275108561096444
1395.16434386629	0.13437314191166563
1397.79734772015	0.13524644343614473
1400.42953258269	0.1308796312090705
1403.0608987949	0.1308796312090705
1405.69144669771	0.13374915929119152
1408.32117663193	0.12351855529671865
1410.95008893825	0.12227074235809109
1413.57818395728	0.11303802318895821
1416.20546202954	0.13624463286611355
1418.83192349543	0.12576425306067374
1421.45756869528	0.11790393013101685
1424.08239796929	0.11877738395781659
1426.70641165757	0.12563951745751717
1429.32961010016	0.12638793107650656
1431.95199363695	0.13150346152722395
1434.57356260778	0.12064887491227698
1437.19431735237	0.12626334777565815
1439.81425821033	0.13936378445688086
1442.43338552118	0.12838430993645664
1445.05169962437	0.12701191369698067
1447.66920085921	0.1362444805637929
1450.28588956493	0.1260138765693325
1452.90176608067	0.13562080254797257
1455.51683074547	0.12314404388257018
1458.13108389825	0.12501553483704306
1460.74452587786	0.1378666526142483
1463.35715702303	0.13000632968457893
1465.96897767243	0.12701191369698067
1468.57998816457	0.13287585776669994
1471.19018883794	0.13013106528774798
1473.79958003086	0.12613845987016845
1476.4081620816	0.12763574401513414
1479.01593532831	0.12451644012204617
1481.62290010905	0.12863393344511542
1484.22905676179	0.1363693684692826
1486.83440562438	0.12339366739122895
1489.43894703461	0.12751100841196505
1492.04268133016	0.13724266999377419
1494.64560884857	0.13686846318426701
1497.24772992735	0.1413600110145103
1499.84904490388	0.14310661406349345
1502.44955411543	0.1317529327335621
1505.0492578992	0.1459764467502433
1507.64815659229	0.13512170783298816
1510.24625053168	0.14210857693583281
1512.84354005429	0.13811597151826577
1515.44002549691	0.13674372758109793
1518.03570719625	0.14260767165081722
1520.63058548894	0.13973799126637554
1523.22466071147	0.1563319386501934
1525.81793320028	0.1534622582657642
1528.41040329169	0.15608246744385526
1531.00207132192	0.15258895674127262
1533.59293762712	0.15870237201733
1536.18300254332	0.15208986202628821
1538.77226640645	0.15221459762945727
1541.36072955237	0.15695576896834684
1543.94839231684	0.1655645055170056
1546.53525503548	0.16618848813747972
1549.12131804389	0.18677488863655647
1551.70658167752	0.18153462258267
1554.29104627173	0.18677473633422334
1556.87471216181	0.19401122894573924
1559.45757968292	0.20910804448691206
1562.03964917017	0.21434815823847786
1564.62092095853	0.24379291879484716
1567.2013953829	0.27049288687227696
1569.78107277808	0.30555212029203993
1572.35995347877	0.34797258192647534
1574.93803781959	0.41696827603517156
1577.51532613504	0.49045536567180287
1580.09181875956	0.5816594800276856
1582.66751602746	0.7021834670344853
1585.24241827297	0.7343731723721273
1587.81652583024	0.7900186539886338
1590.3898390333	0.7045540527039177
1592.96235821611	0.6517779468672115
1595.53408371251	0.5438553018266625
1598.10501585628	0.43094201424088585
1600.67515498106	0.35421088510800997
1603.24450142043	0.29532121169292574
1605.81305550788	0.2546476577121023
1608.38081757677	0.2283218964441672
1610.9477879604	0.21809114014739864
1613.51396699198	0.20661257091197754
1616.07935500458	0.19351213423075483
1618.64395233122	0.17816599978556458
1621.20775930483	0.17978786723137868
1623.7707762582	0.16980658214092328
1626.33300352408	0.15433571209257643
1628.89444143508	0.14922018164185902
1631.45509032376	0.14472863381161571
1634.01495052255	0.14697448387789144
1636.5740223638	0.14073602839403618
1639.13230617978	0.128758669048272
1641.68980230264	0.12489095153619464
1644.24651106446	0.11802866573418591
1646.80243279721	0.12563951745751717
1649.35756783278	0.11840302484600125
1651.91191650296	0.12314404388258267
1654.46547913944	0.12389276210621335
1657.01825607383	0.11740483541603244
1659.57024763764	0.1117903625526388
1662.12145416229	0.11216472166446663
1664.6718759791	0.09669369931379913
1667.2215134193	0.11341238230077355
1669.77036681404	0.10630062529243918
1672.31843649435	0.10617588968925765
1674.8657227912	0.10530258816477854
1677.41222603543	0.10580168287976295
1679.95794655782	0.10854647535871491
1682.50288468904	0.10742355032557704
1685.04704075968	0.10143471835036806
1687.59041510022	0.10517770025928884
1690.13300804106	0.09819083115644417
1692.67481991249	0.1006863047313662
1695.21585104474	0.10031194561955084
1697.75610176791	0.10293200249533375
1700.29557241205	0.09931390849190269
1702.83426330707	0.10068630473137867
1705.37217478282	0.09943864409507175
1707.90930716905	0.09045539613226451
1710.44566079541	0.09369928332620088
1712.98123599146	0.08933247109912665
1715.51603308669	0.09656896371063008
1718.05005241045	0.10393019192531504
1720.58329429205	0.10505311695844043
1723.11575906067	0.09532130307432315
1725.64744704542	0.09557092658296944
1728.17835857532	0.09644422810746102
1730.70849397927	0.09719279402878353
1733.2378535861	0.0914535855622458
1735.76643772453	0.10293200249533375
1738.29424672323	0.09519656747115408
1740.82128091074	0.08995645371958827
1743.3475406155	0.09706805842562696
1745.87302616589	0.09806624785559577
1748.39773789019	0.09457273715300063
1750.92167611656	0.09407364243801622
1753.44484117311	0.09220215148355583
1755.96723338783	0.10106051154086089
1758.48885308862	0.09419837804118528
1761.00970060331	0.10318147370165939
1763.52977625961	0.09681843491695571
1766.04908038514	0.09981285090456644
1768.56761330746	0.08858390517780412
1771.08537535401	0.0928259818017093
1773.60236685214	0.09369928332620088
1776.11858812912	0.1014348706526887
1778.63403951211	0.092950869707199
1781.14872132821	0.09557077428064878
1783.6626339044	0.09145358556223332
1786.17577756757	0.09719279402878353
1788.68815264454	0.09257651059537118
1791.199759462	0.09981285090456644
1793.7105983466	0.09394875453252652
1796.22066962486	0.09482220835933874
1798.72997362322	0.10031194561955084
1801.23851066803	0.08534001798386776
1803.74628108554	0.09918917288873363
1806.25328520193	0.09357454772303182
1808.75952334326	0.09519656747115408
1811.2649958355	0.09594513339247661
1813.76970300458	0.09819098345875234
1816.27364517628	0.09195252797489707
1818.77682267629	0.09893954938007486
1821.27923583026	0.10093577593770431
1823.78088496369	0.09444784924751091
1826.28177040204	0.09432326594667499
1828.78189247064	0.09120411435590768
1831.28125149473	0.09681843491695571
1833.77984779949	0.1006863047313662
1836.27768170998	0.09257651059538366
1838.77475355119	0.09931375618958205
1841.271063648	0.09756715314059888
1843.76661232521	0.09407364243801622
1846.26139990751	0.09606986899564567
1848.75542671954	0.0873362445414972
1851.2486930858	0.09968811530139739
1853.74119933074	0.09719279402878353
1856.23294577869	0.09706805842561447
1858.72393275391	0.10168434185902683
1861.21416058054	0.09694332282245789
1863.70362958267	0.09694332282244542
1866.19234008426	0.10056156912820961
1868.6802924092	0.10093577593770431
1871.16748688129	0.09906428498324392
1873.65392382424	0.09357454772303182
1876.13960356164	0.10305673809850281
1878.62452641704	0.09058028403774174
1881.10869271384	0.10667498440425453
1883.59210277541	0.1029321547976544
1886.07475692498	0.0964442281074735
1888.55665548571	0.09095449084724891
1891.03779878067	0.0923268870867249
1893.51818713284	0.09594513339247661
1895.99782086509	0.08509054677754212
1898.47670030024	0.08983156581409857
1900.95482576096	0.10093577593770431
1903.43219756989	0.0943232659466625
1905.90881604954	0.09157832116540238
1908.38468152235	0.09307560531036807
1910.85979431064	0.08371815053805365
1913.33415473668	0.09519656747115408
1915.80776312261	0.09906428498324392
1918.28061979051	0.09107922645041797
1920.75272506234	0.09507167956566438
1923.22407926001	0.08895826428961946
1925.69468270529	0.08796007485963818
1928.16453571989	0.09956337969822833
1930.63363862544	0.08708677333515907
1933.10199174344	0.09656896371063008
1935.56959539533	0.09369928332620088
1938.03644990244	0.09644407580514036
1940.50255558603	0.08459145206254523
1942.96791276726	0.09394890683484716
1945.43252176718	0.09557092658298191
1947.8963829068	0.09457273715300063
1950.35949650697	0.10118539944635059
1952.8218628885	0.084841075571204
1955.2834823721	0.09532130307432315
1957.74435527836	0.10330636160716158
1960.20448192784	0.10255764338350593
1962.66386264093	0.09307545300804741
1965.12249773799	0.0832189035207486
1967.58038753927	0.08683714982651279
1970.03753236493	0.09681843491696819
1972.49393253504	0.0941983780411728
1974.94958836957	0.0973175296319526
1977.4045001884	0.09033066052909546
1979.85866831133	0.10692460791291329
1982.31209305807	0.0873362445414972
1984.76477474823	0.0938241712316781
1987.21671370133	0.10630077759474735
1989.6679102368	0.10592641848293201
1992.11836467399	0.10218343657401123
1994.56807733213	0.09382401892936994
1997.0170485304	0.09557077428066127
1999.46527858786	0.09856519026825952
2001.91276782348	0.08995630141726763
2004.35951655615	0.09033066052909546
2006.80552510467	0.0899563014172801
2009.25079378774	0.09931375618958205
2011.69532292397	0.09407364243801622
2014.13911283188	0.09956337969822833
2016.58216382991	0.09918902058641298
2019.02447623639	0.09719279402878353
2021.46605036956	0.09794135995010605
2023.90688654761	0.09344981211986277
2026.34698508858	0.09956322739590767
2028.78634631045	0.0907050196409108
2031.22497053111	0.09482220835932627
2033.66285806835	0.09394875453252652
2036.10000923987	0.09033066052909546
2038.53642436328	0.09195252797490955
2040.97210375611	0.09656896371063008
2043.40704773578	0.0945727371530131
2045.84125661964	0.09070486733859015
2048.27473072492	0.09744241753742981
2050.70747036878	0.09519656747116657
2053.13947586829	0.09107922645041797
2055.57074754041	0.09869007817374922
2058.00128570205	0.09033066052909546
2060.43109066998	0.09582039778930755
2062.8601627609	0.09681858721927636
2065.28850229143	0.0894572067022957
2067.71610957807	0.09844045466509047
2070.14298493726	0.0873362445414972
2072.56912868532	0.0945727371530131
2074.99454113851	0.09157832116540238
2077.41922261297	0.0973175296319526
2079.84317342476	0.08808496276514037
2082.26639388986	0.09544603867747972
2084.68888432414	0.09058013173543357
2087.1106450434	0.09544603867749221
2089.53167636331	0.09245162268989396
2091.95197859949	0.09170305676857143
2094.37155206745	0.0973175296319526
2096.79039708261	0.09893954938007486
2099.20851396029	0.09195268027721772
2101.62590301575	0.09819083115644417
2104.04256456411	0.09619460459881472
2106.45849892045	0.08658767862017468
2108.87370639971	0.0907050196409108
2111.28818731677	0.09906428498324392
2113.70194198641	0.09295071740486588
2116.11497072333	0.09332507651669371
2118.52727384211	0.09419837804118528
2120.93885165726	0.09744241753742981
2123.34970448321	0.0944478492475234
2125.75983263425	0.08683730212883345
2128.16923642463	0.09482220835932627
2130.57791616848	0.08596384830202121
2132.98587217985	0.09719279402878353
2135.3931047727	0.09482220835933874
2137.79961426089	0.09444800154984405
2140.20540095818	0.09407364243801622
2142.61046517826	0.08608858390517779
2145.01480723472	0.08845916957463507
2147.41842744104	0.0905801317354211
2149.82132611063	0.09582039778930755
2152.22350355681	0.09419853034350593
2154.62496009279	0.08845916957463507
2157.0256960317	0.08796007485963818
2159.42571168658	0.09532130307432315
2161.82500737036	0.09619460459880225
2164.22358339589	0.09968811530139739
2166.62144007595	0.09482220835933874
2169.01857772318	0.08808481046281973
2171.41499665018	0.09956337969822833
2173.81069716942	0.09170305676855896
2176.20567959329	0.09494709626481597
2178.59994423409	0.09419837804118528
2180.99349140402	0.08995630141726763
2183.38632141519	0.0988148137769058
2185.77843457964	0.09095449084724891
2188.16983120927	0.0888335286864629
2190.56051161594	0.0899563014172801
2192.95047611139	0.09157832116540238
2195.33972500725	0.09344981211986277
2197.72825861511	0.097816624346937
2200.11607724641	0.09407364243801622
2202.50318121254	0.09270124619855272
2204.88957082477	0.09344981211986277
2207.27524639429	0.08858390517780412
2209.6602082322	0.09893954938007486
2212.0444566495	0.08820969836829695
2214.4279919571	0.10006232211090456
2216.81081446582	0.08721150893832814
2219.19292448638	0.0956956621861385
2221.57432232942	0.08983171811643169
2223.95500830547	0.10205870097085466
2226.33498272498	0.09033066052909546
2228.7142458983	0.08858390517780412
2231.09279813569	0.09270124619854024
2233.47063974732	0.0913286976567436
2235.84777104327	0.09669369931379913
2238.2241923335	0.0923268870867249
2240.59990392792	0.0913286976567561
2242.97490613632	0.09594513339247661
2245.34919926839	0.09457273715300063
2247.72278363376	0.09706790612329383
2250.09565954192	0.08796022716197131
2252.46782730231	0.09694332282244542
2254.83928722425	0.10056141682588897
2257.21003961698	0.09669369931379913
2259.58008478963	0.0949469439625078
2261.94942305127	0.08509039447522147
2264.31805471084	0.09008118932275733
2266.68598007721	0.08995630141726763
2269.05319945914	0.0923268870867249
2271.4197131653	0.10006232211089208
2273.78552150427	0.08796007485963818
2276.15062478456	0.10168434185901434
2278.51502331454	0.09357454772303182
2280.87871740252	0.09182779237174049
2283.24170735671	0.09232703938904555
2285.60399348521	0.10068615242905803
2287.96557609605	0.0964442281074735
2290.32645549714	0.09170305676857143
2292.68663199633	0.09681858721927636
2295.04610590133	0.0923268870867249
2297.40487751981	0.09719279402878353
2299.76294715931	0.09320034091353713
2302.12031512727	0.09893954938008734
2304.47698173107	0.0928259818017093
2306.83294727796	0.09045539613226451
2309.18821207512	0.0888335286864504
2311.54277642963	0.09557077428066127
2313.89664064847	0.10006247441321273
2316.24980503852	0.10692460791290082
2318.6022699066	0.09332507651669371
2320.95403555938	0.0913286976567561
2323.30510230349	0.09856519026824703
2325.65547044542	0.09694317052013725
2328.0051402916	0.09532130307432315
2330.35411214835	0.09744226523512166
2332.7023863219	0.1028072668921647
2335.04996311837	0.0924517749922146
2337.39684284382	0.09307545300803494
2339.74302580418	0.09831556675960075
2342.08851230529	0.0976917364414473
2344.43330265291	0.10043668122271991
2346.7773971527	0.09594513339247661
2349.12079611023	0.09606986899564567
2351.46349983096	0.09444800154983157
2353.80550862026	0.09507183186798503
2356.14682278342	0.09332507651669371
2358.48744262562	0.10268253128899564
2360.82736845194	0.09020592492592638
2363.16660056738	0.10318162600398004
2365.50513927683	0.10430439873479726
2367.8429848851	0.10218343657401123
2370.1801376969	0.10131013504953214
2372.51659801683	0.09357454772303182
2374.85236614941	0.0927010938962196
2377.18744239906	0.0974424175374423
2379.52182707011	0.1049282290529632
2381.85552046679	0.097816624346937
2384.18852289322	0.09544603867749221
2386.52083465345	0.09769188874378042
2388.85245605142	0.10118524714404242
2391.18338739097	0.09694332282244542
2393.51362897585	0.09120396205358704
2395.84318110973	0.10530258816477854
2398.17204409615	0.09469747275616969
2400.50021823858	0.0907050196409108
2402.82770384038	0.0928259818017093
2405.15450120483	0.1038054563221335
2407.48061063509	0.10068615242905803
2409.80603243426	0.09469747275616969
2412.13076690529	0.0964442281074735
2414.4548143511	0.10268253128900812
2416.77817507445	0.10230817217718029
2419.10084937804	0.10168434185902683
2421.42283756447	0.10555205937111667
2423.74413993625	0.1033063616071491
2426.06475679575	0.11066758982182158
2428.38468844531	0.10729881472240799
2430.70393518711	0.1149095141434186
2433.02249732329	0.12726138490331879
2435.34037515584	0.11728009981286339
2437.65756898669	0.1250156871393512
2439.97407911767	0.13200255624220836
2442.28990585049	0.13275112216353088
2444.60504948679	0.1443542746998004
2446.91951032808	0.14248278374532752
2449.23328867581	0.15720539247700563
2451.54638483132	0.15208986202628821
2453.85879909585	0.1543355597902433
2456.17053177052	0.15508427801388647
2458.48158315639	0.1484716157205365
2460.79195355441	0.15208986202628821
2463.10164326542	0.14198384133267625
2465.41065259017	0.13275112216353088
2467.71898182932	0.13562065024565192
2470.02663128344	0.13112925471771678
2472.33360125296	0.1344978775148222
2474.63989203825	0.12651281898199626
2476.94550393958	0.11815340133735497
2479.25043725712	0.118901967258665
2481.55469229093	0.12027451580046164
2483.85826934098	0.12301946058173426
2486.16116870713	0.12064887491227698
2488.46339068916	0.12239563026358079
2490.76493558676	0.11228945726763569
2493.06580369949	0.11291328758578915
2495.36599532684	0.11815355363966314
2497.66551076817	0.10767317383423582
2499.96435032278	0.11316275879211479
2502.26251428984	0.11016834280451654
2504.56000296845	0.11965068548230817
2506.85681665757	0.1129134398881098
2509.15295565612	0.11653153389154086
2511.44842026287	0.11191509815580786
2513.74321077651	0.11016834280451654
2516.03732749563	0.1082970041523768
2518.33077071873	0.1049282290529632
2520.62354074419	0.11453530733391142
2522.91563787031	0.11366185350711168
2525.20706239528	0.11353711790394261
2527.49781461721	0.10667498440425453
2529.78789483408	0.1099188715981909
2532.0773033438	0.10954451248636307
2534.36604044416	0.11877738395781659
2536.65410643286	0.10979428829734249
2538.9415016075	0.10268237898667498
2541.22822626558	0.11316291109443544
2543.51428070449	0.1127885519826201
2545.79966522154	0.11478477854023705
2548.08438011393	0.10767317383423582
2550.36842567876	0.1124143451731254
2552.65180221302	0.10904557007369932
2554.93451001363	0.1104179663131753
2557.21654937738	0.1091703056768559
2559.49792060096	0.10592641848293201
2561.77862398098	0.11540860885839052
2564.05865981395	0.1082970041523768
2566.33802839626	0.10892083447054274
2568.61673002421	0.10929504128003743
2570.89476499399	0.10442928664028696
2573.17213360172	0.10904557007369932
2575.44883614338	0.11366185350711168
2577.72487291489	0.11515913765206488
2580.00024421203	0.11416094822209608
2582.27495033048	0.1141609482220836
2584.54899156587	0.11777919452784778
2586.82236821368	0.10867121096187149
2589.0950805693	0.12252036586674984
2591.36712892802	0.11515913765206488
2593.63851358505	0.11653153389154086
2595.90923483547	0.1285090455396257
2598.17929297426	0.1213974408335995
2600.44868829631	0.12089834611861511
2602.71742109642	0.12863393344511542
2604.98549166927	0.127386272808796
2607.25290030944	0.1349969722298066
2609.51964731142	0.13749229350242045
2611.78573296958	0.14697448387789144
2614.05115757822	0.14660027706839676
2616.31592143149	0.1500934831663381
2618.58002482349	0.1559577318406987
2620.84346804817	0.15957582584412977
2623.10625139942	0.16007492055912664
2625.36837517101	0.1760448853224579
2627.6298396566	0.17854020659505926
2629.89064514976	0.18914532200366813
2632.15079194395	0.2004990033335995
2634.41028033254	0.20973172250273237
2636.66911060878	0.230068651795471
2638.92728306582	0.24666259917928884
2641.18479799672	0.25751718579422334
2643.44165569444	0.3056768558951965
2645.69785645182	0.33462267403892704
2647.95340056162	0.3544603563143481
2650.20828831645	0.3897692132427573
2652.46252000888	0.44890835786416716
2654.71609593134	0.4950718014075234
2656.96901637616	0.5346225826575296
2659.22128163557	0.6112289761872365
2661.47289200171	0.6753587633538864
2663.72384776659	0.7359950398179289
2665.97414922213	0.8200873971654772
2668.22379666017	0.8870867124142359
2670.4727903724	0.9351216469120399
2672.72113065044	0.9700561447286463
2674.9688177858	1.0096069259786524
2677.21585206988	1.0516531808035807
2679.46223379399	1.0417966313162945
2681.70796324931	1.0219589490408734
2683.95304072694	0.9896443557977418
2686.19746651787	0.9709294462531379
2688.44124091298	0.9196507768637056
2690.68436420305	0.854772423775733
2692.92683667876	0.7948845609306925
2695.16865863068	0.7478478158628447
2697.40983034928	0.6744853095270742
2699.65035212492	0.6102307867572676
2701.89022424785	0.552588926280811
2704.12944700824	0.5053027100066375
2706.36802069612	0.45227698066127264
2708.60594560146	0.39912666801505925
2710.84322201407	0.3775422303883344
2713.0798502237	0.3243919177421335
2715.31583051998	0.3119151590767436
2717.55116319244	0.2789768878177792
2719.78584853048	0.25901446993917654
2722.01988682344	0.23830318153462257
2724.2532783605	0.2222083288658141
2726.48602343079	0.20636309970563943
2728.71812232329	0.18964441671865254
2730.9495753269	0.18864637959101685
2733.1803827304	0.17105439507955084
2735.4105448225	0.17542120730662508
2737.64006189173	0.16369316686487836
2739.86893422659	0.15458518329890206
2742.09716211544	0.1448533694147723
2744.32474584653	0.14522772852660012
2746.55168570802	0.15109167259631942
2748.77798198795	0.13462261311799126
2751.00363497426	0.13686846318426701
2753.22864495479	0.12863393344511542
2755.45301221725	0.134372989609345
2757.67673704928	0.1285090455396257
2759.89981973839	0.12389276210621335
2762.12226057198	0.11391147701577044
2764.34405983734	0.11890211956098566
2766.56521782169	0.12414223331255148
2768.7857348121	0.11728009981286339
2771.00561109555	0.11952594987913912
2773.22484695892	0.11728009981286339
2775.44344268897	0.10605130638842171
2777.66139857236	0.11303817549126638
2779.87871489564	0.10842173975554585
2782.09539194526	0.1164067982883718
2784.31143000754	0.10954466478868372
2786.52682936873	0.10954466478868372
2788.74159031494	0.11066758982182158
2790.95571313218	0.10729881472240799
2793.16919810637	0.09856519026825952
2795.38204552329	0.10817226854920774
2797.59425566864	0.10131013504951965
2799.805828828	0.1087960988673612
2802.01676528685	0.1028072668921647
2804.22706533056	0.1056769472765939
2806.43672924436	0.1033063616071491
2808.64575731343	0.09407364243801622
2810.85414982279	0.1058015305774423
2813.06190705738	0.0993139084918902
2815.26902930203	0.10704934351608235
2817.47551684145	0.10268253128899564
2819.68136996024	0.10218343657401123
2821.88658894291	0.09868992587142858
2824.09117407383	0.10168434185901434
2826.29512563729	0.10018721001638178
2828.49844391747	0.10118539944635059
2830.70112919842	0.10018721001638178
2832.90318176409	0.09644422810746102
2835.10460189833	0.09968811530139739
2837.30538988487	0.10018705771406114
2839.50554600732	0.09831556675960075
2841.70507054922	0.10031194561955084
2843.90396379395	0.11079232542499065
2846.10222602482	0.10305673809849034
2848.29985752501	0.10318162600399253
2850.49685857759	0.09270124619854024
2852.69322946553	0.09819083115644417
2854.88897047169	0.09931375618958205
2857.08408187879	0.10318162600398004
2859.27856396949	0.09594513339247661
2861.4724170263	0.08895826428961946
2863.66564133164	0.09145358556223332
2865.85823716781	0.09532130307432315
2868.050204817	0.0923268870867249
2870.2415445613	0.10018721001639427
2872.43225668266	0.09956337969822833
2874.62234146295	0.09482220835933874
2876.81179918393	0.09357454772303182
2879.00063012722	0.09544603867749221
2881.18883457435	0.09195252797489707
2883.37641280674	0.09756715314059888
2885.56336510569	0.09557077428064878
2887.7496917524	0.0927010938962196
2889.93539302793	0.09008118932275733
2892.12046921326	0.09270124619855272
2894.30492058926	0.09981285090456644
2896.48874743666	0.09145343325991266
2898.67195003609	0.09756715314061136
2900.85452866809	0.10081104033453525
2903.03648361305	0.10368072071897692
2905.21781515128	0.10929504128002496
2907.39852356295	0.09295071740487836
2909.57860912814	0.09706805842561447
2911.75807212682	0.10006232211089208
2913.93691283883	0.10867121096188398
2916.1151315439	0.09594513339247661
2918.29272852166	0.0983157190619214
2920.46970405161	0.09631949250429195
2922.64605841316	0.09582024548698691
2924.82179188558	0.09469747275616969
2926.99690474805	0.09432311364435435
2929.17139727962	0.09519656747116657
2931.34526975924	0.09407364243801622
2933.51852246574	0.09394890683485965
2935.69115567784	0.09981285090455397
2937.86316967414	0.09557092658298191
2940.03456473313	0.09769188874376794
2942.20534113318	0.09170305676855896
2944.37549915256	0.09856519026825952
2946.54503906942	0.09357470002535247
2948.71396116179	0.09744226523512166
2950.8822657076	0.08845916957463507
2953.04995298465	0.09058013173543357
2955.21702327062	0.08758586805014348
2957.38347684312	0.09195252797490955
2959.54931397958	0.09557077428066127
2961.71453495737	0.09307560531036807
2963.87914005372	0.09220215148355583
2966.04312954574	0.09070486733860263
2968.20650371045	0.09220215148355583
2970.36926282472	0.08845916957463507
2972.53140716535	0.09569550988381785
2974.69293700897	0.08796007485965066
2976.85385263216	0.08970683021094199
2979.01415431133	0.08908299989278852
2981.17384232278	0.08746098014466626
2983.33291694274	0.0919526802772302
2985.49137844726	0.08820969836830943
2987.64922711234	0.0857143770956831
2989.8064632138	0.08509054677752963
2991.9630870274	0.08509039447522147
2994.11909882875	0.08534001798386776
2996.27449889334	0.09120396205357455
2998.42928749659	0.0928259818017093
3000.58346491374	0.0874611324469869
3002.73703141997	0.08197139518676232
3004.8899872903	0.08534001798386776
3007.04233279965	0.08409235734756083
3009.19406822284	0.08434198085621959
3011.34519383455	0.08159703607494698
3013.49570990936	0.08671256652566438
3015.64561672172	0.08259522550492826
3017.79491454597	0.09107922645041797
3019.94360365632	0.08683730212883345
3022.09168432689	0.08833428166914535
3024.23915683165	0.08421709295072989
3026.38602144448	0.08558948919020587
3028.53227843913	0.08895826428961946
3030.67792808923	0.08334379142623831
3032.82297066831	0.08658767862017468
3034.96740644975	0.08247033759942608
3037.11123570684	0.07585782760839675
3039.25445871273	0.07985028072365564
3041.39707574049	0.08920773549595759
3043.53908706303	0.0924517749922146
3045.68049295316	0.09369943562852152
3047.82129368358	0.07860262008733625
3049.96148952684	0.08172177167810356
3052.1010807554	0.08097320575679352
3054.24006764161	0.08833443397146601
3056.37845045767	0.08771060365331254
3058.51622947568	0.08646294301700562
3060.65340496763	0.08608858390519028
3062.78997720535	0.08346852702940737
3064.92594646061	0.08384273383890206
3067.06131300501	0.08845916957463507
3069.19607711007	0.08084847015362445
3071.33023904715	0.08596384830202121
3073.46379908752	0.08359326263256395
3075.59675750233	0.08247033759942608
3077.7291145626	0.07985028072365564
3079.86087053922	0.08396762174439176
3081.99202570299	0.08721150893832814
3084.12258032456	0.08359326263256395
3086.25253467448	0.0781036776746725
3088.38188902317	0.07535873289341236
3090.51064364093	0.08546475358703681
3092.63879879794	0.0862134718106675
3094.76635476428	0.07710533594238303
3096.89331180986	0.0842170929507174
3099.01967020452	0.08222086639310044
3101.14543021796	0.07872750799283844
3103.27059211975	0.08409235734756083
3105.39515617934	0.08721150893832814
3107.51912266608	0.08159703607494698
3109.64249184919	0.08621331950835934
3111.76526399774	0.08571422479337493
3113.88743938072	0.076356770021073
3116.00901826698	0.08459129976022459
3118.13000092523	0.0769807526415471
3120.2503876241	0.07747969505419838
3122.37017863206	0.07710548824470369
3124.48937421748	0.07598256321156582
3126.6079746486	0.07847788448417967
3128.72598019354	0.08771060365332502
3130.84339112029	0.0828446967112539
3132.96020769673	0.07610729881473488
3135.07643019061	0.07673112913288833
3137.19205886957	0.0852152823806987
3139.3070940011	0.07822841327784155
3141.42153585259	0.0778540541660262
3143.5353846913	0.08496581117437306
3145.64864078438	0.07461016697208983
3147.76130439882	0.08334379142623831
3149.87337580154	0.07872750799283844
3151.98485525929	0.07960080951731753
3154.09574303872	0.08721150893832814
3156.20603940634	0.08097320575679352
3158.31574462857	0.07336250633578291
3160.42485897167	0.08321890352076108
3162.53338270181	0.08209613078993139
3164.64131608498	0.08059899894728634
3166.74865938712	0.08384273383890206
3168.85541287398	0.07411107225710543
3170.96157681123	0.07797878976918278
3173.0671514644	0.07673112913288833
3175.17213709889	0.07585782760839675
3177.27653397998	0.07985028072365564
3179.38034237284	0.0874611324469869
3181.48356254248	0.08147214816945728
3183.58619475382	0.08159703607494698
3185.68823927165	0.08009975192999377
3187.78969636061	0.07648150562422958
3189.89056628524	0.08421709295072989
3191.99084930995	0.08047411104180911
3194.09054569901	0.08484092326888334
3196.18965571659	0.07623203441789146
3198.28817962671	0.07498437378159702
3200.38611769327	0.07585782760839675
3202.48347018006	0.07635692232338116
3204.58023735073	0.07910171480233313
3206.67641946881	0.07972554512048659
3208.77201679769	0.0752339972902433
3210.86702960065	0.080224639835471
3212.96145814084	0.08034937543864006
3215.05530268128	0.08271996110809733
3217.14856348487	0.07972554512048659
3219.24124081437	0.08009990423230194
3221.33333493243	0.08908299989278852
3223.42484610157	0.084841075571204
3225.51577458416	0.09082975524407985
3227.60612064247	0.09819098345875234
3229.69588453864	0.09519656747115408
3231.78506653466	0.09482220835933874
3233.87366689244	0.10517770025928884
3235.9616858737	0.11179051485495946
3238.04912374008	0.12089834611861511
3240.13598075307	0.11166577925180288
3242.22225717405	0.11665626949470992
3244.30795326425	0.11703047630420461
3246.39306928479	0.11029323071000624
3248.47760549664	0.10592641848293201
3250.56156216068	0.10517785256160948
3252.64493953762	0.09419837804118528
3254.72773788807	0.08696203773199002
3256.8099574725	0.08845916957463507
3258.89159855124	0.08646279071468498
3260.97266138451	0.080224639835471
3263.05314623241	0.07972554512048659
3265.13305335488	0.07298814722396757
3267.21238301175	0.0773549594510418
3269.29113546272	0.07847788448417967
3271.36931096736	0.07323761843029321
3273.4469097851	0.0768558647360574
3275.52393217526	0.07710548824470369
3277.60037839702	0.07448527906660013
3279.67624870941	0.076356770021073
3281.75154337138	0.07199011009630693
3283.8262626417	0.07248905250898316
3285.90040677904	0.06849659939372427
3287.97397604193	0.07985028072365564
3290.04697068876	0.07223958130264505
3292.11939097781	0.0757330920052277
3294.19123716721	0.06849659939372427
3296.26250951497	0.0701184668395259
3298.33320827897	0.06749840996375546
3300.40333371696	0.07585782760839675
3302.47288608655	0.07024320244269495
3304.54186564524	0.07398633665393638
3306.61027265036	0.07735495945102933
3308.67810735915	0.07111680857182782
3310.74537002869	0.07211484569947599
3312.81206091594	0.0712415441749844
3314.87818027774	0.06849659939372427
3316.94372837077	0.07922645040550219
3319.00870545161	0.07323777073262633
3321.07311177668	0.06662510843926388
3323.13694760229	0.06749840996375546
3325.2002131846	0.06887080620321896
3327.26290877964	0.07199011009630693
3329.32503464334	0.07161575098449158
3331.38659103145	0.07660639352971928
3333.4475781996	0.06924516531504679
3335.50799640332	0.0737367131452901
3337.56784589797	0.07174048658766065
3339.62712693879	0.07473490257525889
3341.68583978089	0.07648165792656271
3343.74398467924	0.06862133499688085
3345.80156188869	0.07386144874845915
3347.85857166394	0.0757330920052277
3349.91501425956	0.07111665626950718
3351.97088992999	0.07485963817842796
3354.02619892956	0.06862133499689332
3356.0809415124	0.07261378811213974
3358.13511793259	0.07211484569948846
3360.18872844401	0.07273867601762944
3362.24177330044	0.07398618435161572
3364.29425275552	0.07174063888998129
3366.34616706274	0.07223958130264505
3368.39751647548	0.06862133499688085
3370.44830124696	0.07074244946
3372.49852163029	0.07174048658764816
3374.54817787843	0.0744852790666126
3376.5972702442	0.07323777073261385
3378.64579898031	0.07161575098449158
3380.69376433931	0.06587654251794137
3382.74116657361	0.07223958130264505
3384.78800593552	0.06936990091820337
3386.83428267718	0.07049297825367437
3388.8799970506	0.06812224028190893
3390.92514930767	0.06687457964558952
3392.96973970014	0.07124139187266376
3395.01376847962	0.07211484569947599
3397.05723589757	0.06912042971187773
3399.10014220533	0.07111680857182782
3401.1424876541	0.07535873289341236
3403.18427249495	0.07049282595135371
3405.22549697881	0.06687473194792265
3407.26616135646	0.06887080620323145
3409.30626587856	0.06837186379055521
3411.34581079563	0.0652527121997879
3413.38479635805	0.07136627977815346
3415.42322281605	0.05589525742748597
3417.46109041976	0.06275739092718653
3419.49839941912	0.066874579645602
3421.53515006399	0.06849659939372427
3423.57134260405	0.06849659939372427
3425.60697728886	0.0702433547450156
3427.64205436783	0.0718652221908297
3429.67657409025	0.06525271219980039
3431.71053670525	0.06762329786923268
3433.74394246185	0.06350595684849657
3435.77679160891	0.06712420315424829
3437.80908439515	0.07248905250897068
3439.84082106917	0.06450414627847786
3441.87200187943	0.06550218340612601
3443.90262707421	0.07061771385683094
3445.93269690172	0.07124154417499688
3447.96221160996	0.06150973029086713
3449.99117144686	0.06325648564215845
3452.01957666015	0.06824712818738615
3454.04742749746	0.06837186379055521
3456.07472420626	0.0698691479355209
3458.1014670339	0.06450399397614473
3460.12765622756	0.07124154417499688
3462.15329203432	0.0652527121997879
3464.17837470108	0.0673736743605864
3466.20290447463	0.06787276907557081
3468.22688160161	0.06512782429431067
3470.25030632851	0.0727385237153088
3472.2731789017	0.07061771385684343
3474.29549956739	0.06699946755107923
3476.31726857166	0.06450399397614473
3478.33848616045	0.07149101538132252
3480.35915257955	0.06936990091820337
3482.37926807462	0.06575180691478479
3484.39883289117	0.06612601372427948
3486.41784727458	0.06400505156348098
3488.43631147007	0.06899554180638803
3490.45422572275	0.06937005322053649
3492.47159027755	0.07286341162079851
3494.4884053793	0.07099192066633812
3496.50467127263	0.06325648564215845
3498.5203882021	0.06812224028189645
