1001.77463942924	0.1057271527961977
1004.53092997605	0.10040470601102149
1007.28635062209	0.10794481639744705
1010.0409017241	0.11437602730552712
1012.79458363868	0.11193658380860978
1015.54739672233	0.11199201186309242
1018.29934133142	0.1111050276358621
1021.05041782219	0.11448695109221876
1023.8006265508	0.11310084366372264
1026.54996787325	0.12418922934768468
1029.29844214545	0.12679495700806656
1032.0460497232	0.12180521390525552
1034.79279096215	0.13233911601118994
1037.53866621786	0.12313582560155373
1040.28367584578	0.13294895996599046
1043.02782020123	0.12590783742538905
1045.7710996394	0.1241891616699694
1048.51351451539	0.1229140457058802
1051.25506518417	0.1417641863164997
1053.99575200061	0.1343904277712595
1056.73557531945	0.13427957166228313
1059.4745354953	0.13228368795670178
1062.2126328827	0.13450135155795667
1064.94986783605	0.13555475530408762
1067.68624070961	0.13721800300502465
1070.42175185757	0.13960195076973853
1073.15640163398	0.12751565707184345
1075.89019039278	0.13810505490998135
1078.6231184878	0.14076627830256666
1081.35518627276	0.14392642186326643
1084.08639410125	0.14342743401743674
1086.81674232676	0.14675392941931076
1089.54623130267	0.14115427468397837
1092.27486138224	0.1459777336233249
1095.00263291861	0.14908244912953092
1097.72954626482	0.1507457645081943
1100.45560177378	0.14281759006263622
1103.18079979831	0.14653214952363722
1105.90514069112	0.1480291130611208
1108.62862480477	0.1476964770564709
1111.35125249175	0.15102297245835047
1114.07302410441	0.14420362981341706
1116.793939995	0.14736377337410572
1119.51400051566	0.157454183366425
1122.23320601841	0.14985864492551682
1124.95155685517	0.15174367252212181
1127.66905337774	0.1571214796840654
1130.38569593782	0.153684128173215
1133.10148488697	0.16078061109057823
1135.81642057667	0.1571214796840654
1138.53050335829	0.1550147398695132
1141.24373358306	0.16399625038348145
1143.95611160214	0.16205579473238826
1146.66763776654	0.16366361437883709
1149.37831242718	0.1608361068227872
1152.08813593487	0.17009482528691716
1154.7971086403	0.1617231587277439
1157.50523089408	0.16699010978071113
1160.21250304667	0.17386481280240637
1162.91892544844	0.17425301221698053
1165.62449844965	0.17203528093801035
1168.32922240045	0.17708045209530957
1171.0330976509	0.17070473691943294
1173.73612455091	0.17746858383215738
1176.43830345031	0.1755281281810642
1179.13963469882	0.18384436668574927
1181.84011864604	0.18223654703930045
1184.53975564147	0.173587672529971
1187.23854603451	0.18539675827770993
1189.93649017442	0.18938852568887266
1192.63358841039	0.18428785879936443
1195.32984109149	0.18151577929780274
1198.02524856667	0.18345623494889593
1200.71981118478	0.18384436668574927
1203.41352929457	0.18706000597864694
1206.10640324467	0.19399020473255674
1208.79843338361	0.19820368436166108
1211.48962005981	0.19598602076041172
1214.17996362159	0.2034152750378665
1216.86946441716	0.20214002371833564
1219.55812279461	0.20535573068895413
1222.24593910194	0.20219551945054462
1224.93291368704	0.1997561436313481
1227.61904689769	0.1998669997403189
1230.30433908157	0.20374791104250528
1232.98879058625	0.20945842188681404
1235.67240175918	0.21239678555183472
1238.35517294773	0.20740704244902367
1241.03710449915	0.21139880986018086
1243.71819676058	0.22403951945839382
1246.39845007907	0.21771916465929012
1249.07786480155	0.2204912441608518
1251.75644127485	0.21866164461873497
1254.43417984571	0.2286411985020779
1257.11108086072	0.2278649350283712
1259.78714466643	0.21677668469984523
1262.46237160921	0.2283084948197072
1265.1367620354	0.2302489504708059
1267.81031629118	0.2223762717574568
1270.48303472266	0.2289183387745077
1273.15491767583	0.23834347675754383
1275.82596549657	0.24355493207830203
1278.49617853067	0.2389533207123388
1281.16555712381	0.24122641236807632
1283.83410162156	0.23995122872626629
1286.50181236939	0.2432777918058667
1289.16868971269	0.25480960192573415
1291.8347339967	0.24660428720774072
1294.49994556659	0.2505406265644153
1297.16432476743	0.2546432500845488
1299.82787194415	0.2561956416765095
1302.49058744163	0.2706104550846303
1305.15247160459	0.2704441032434449
1307.81352477769	0.2701668952932943
1310.47374730548	0.27371517059083633
1313.1331395324	0.2819759810410332
1315.79170180277	0.29567002670765635
1318.44943446083	0.29860845805040337
1321.10633785073	0.3096412803244467
1323.76241231648	0.31463102342725774
1326.41765820202	0.31718139071087226
1329.07207585117	0.3434606502434938
1331.72566560766	0.3415201945924062
1334.3784278151	0.3658037057748935
1337.03036281703	0.381327350983639
1339.68147095686	0.3797194636594638
1342.33175257789	0.3787769837000245
1344.98120802335	0.3899207297607595
1347.62983763636	0.3822143352108749
1350.27764175994	0.3690192773900704
1352.92462073697	0.36458395018757167
1355.57077491028	0.3409657786920883
1358.21610462259	0.33741757107227266
1360.86061021649	0.32799243308923653
1363.50429203449	0.3118589439256905
1366.14715041901	0.31302327145852976
1368.78918571234	0.29506018275286133
1371.4303982567	0.29572545476215006
1374.07078839419	0.29273166304263565
1376.71035646681	0.2870765802528206
1379.34910281647	0.30060434175598477
1381.98702778498	0.27765150994751087
1384.62413171402	0.28474806054259494
1387.26041494523	0.2719964948354111
1389.89587782008	0.2666186876734675
1392.53052068001	0.2758219104053885
1395.16434386629	0.2637911124397024
1397.79734772015	0.2662859839911079
1400.42953258269	0.2625159287978924
1403.0608987949	0.26767209141960957
1405.69144669771	0.25675005757682734
1408.32117663193	0.2586350851734268
1410.95008893825	0.25431061407990446
1413.57818395728	0.2528691462746354
1416.20546202954	0.257249045422646
1418.83192349543	0.2525919383244793
1421.45756869528	0.25724904542265153
1424.08239796929	0.2545323939755725
1426.70641165757	0.25802517354091103
1429.32961010016	0.25752618569508134
1431.95199363695	0.26201700862978905
1434.57356260778	0.258468733332247
1437.19431735237	0.2505960546188979
1439.81425821033	0.2561956416765095
1442.43338552118	0.25103954673251305
1445.05169962437	0.25353441828392415
1447.66920085921	0.259078577287042
1450.28588956493	0.2541997579709281
1452.90176608067	0.2508732625690596
1455.51683074547	0.255142237930373
1458.13108389825	0.25680548563131
1460.74452587786	0.24915458681362887
1463.35715702303	0.25087326256905407
1465.96897767243	0.24893280691796088
1468.57998816457	0.2560292898353297
1471.19018883794	0.24732498727151206
1473.79958003086	0.2549204580346994
1476.4081620816	0.25009706677307375
1479.01593532831	0.24915451913590805
1481.62290010905	0.2593557852372037
1484.22905676179	0.26002112492420765
1486.83440562438	0.25669462952233363
1489.43894703461	0.254975953766914
1492.04268133016	0.2578034613229583
1494.64560884857	0.2722182747310791
1497.24772992735	0.2637356843852142
1499.84904490388	0.2636247605985226
1502.44955411543	0.26966790744747016
1505.0492578992	0.2666186876734675
1507.64815659229	0.26650776388677594
1510.24625053168	0.27382602669980716
1512.84354005429	0.2821976932589859
1515.44002549691	0.27826142158002665
1518.03570719625	0.2875201400441566
1520.63058548894	0.2923989593602705
1523.22466071147	0.2869102960893561
1525.81793320028	0.2952264669163259
1528.41040329169	0.3007706935971646
1531.00207132192	0.3053723049631278
1533.59293762712	0.30758996856437715
1536.18300254332	0.3060376446501318
1538.77226640645	0.3134113355176567
1541.36072955237	0.33004381252702686
1543.94839231684	0.34379328624813815
1546.53525503548	0.3495038647701622
1549.12131804389	0.37716916405357565
1551.70658167752	0.3854299745037726
1554.29104627173	0.4166989771392107
1556.87471216181	0.45828023734035694
1559.45757968292	0.48949387959903323
1562.03964917017	0.5443255579977457
1564.62092095853	0.582081267273473
1567.2013953829	0.6679603714451181
1569.78107277808	0.7435825784278225
1572.35995347877	0.8238620955418616
1574.93803781959	0.9002605659982672
1577.51532613504	0.9499362848084305
1580.09181875956	0.9440039940684538
1582.66751602746	0.8942728472038078
1585.24241827297	0.8114431658393166
1587.81652583024	0.7072129765806026
1590.3898390333	0.6413484082301258
1592.96235821611	0.5798082432954563
1595.53408371251	0.5116149522015915
1598.10501585628	0.46792708754133466
1600.67515498106	0.44364371171428896
1603.24450142043	0.4158673532887422
1605.81305550788	0.39346900505830146
1608.38081757677	0.3910295615613786
1610.9477879604	0.36253257074978684
1613.51396699198	0.365138366087884
1616.07935500458	0.3507789807342514
1618.64395233122	0.3407994945286293
1621.20775930483	0.3197316903167604
1623.7707762582	0.3084215924148457
1626.33300352408	0.28768642420762114
1628.89444143508	0.2809225772948967
1631.45509032376	0.2647336600768681
1634.01495052255	0.2595221370783835
1636.5740223638	0.24416477603309703
1639.13230617978	0.23645844916093328
1641.68980230264	0.22647896295531117
1644.24651106446	0.22082388016549614
1646.80243279721	0.22004768436951583
1649.35756783278	0.21295120145214705
1651.91191650296	0.2094583542090932
1654.46547913944	0.21067810979640952
1657.01825607383	0.2008094796997638
1659.57024763764	0.19121805755326868
1662.12145416229	0.20031055953166044
1664.6718759791	0.18617288639597498
1667.2215134193	0.18328995078543694
1669.77036681404	0.18622831445046317
1672.31843649435	0.188224198156039
1674.8657227912	0.18279096293961278
1677.41222603543	0.18345623494890148
1679.95794655782	0.18362258679008128
1682.50288468904	0.17902090774640275
1685.04704075968	0.17392030853461535
1687.59041510022	0.17896547969190904
1690.13300804106	0.1772468039364894
1692.67481991249	0.17281147673399067
1695.21585104474	0.17397573658910354
1697.75610176791	0.1734213206887912
1700.29557241205	0.1757499080767322
1702.83426330707	0.17015025334140535
1705.37217478282	0.16310919847852476
1707.90930716905	0.1693741252231403
1710.44566079541	0.16466159007049094
1712.98123599146	0.1685424336949565
1715.51603308669	0.16981761733676098
1718.05005241045	0.1605034031404276
1720.58329429205	0.16893056543180432
1723.11575906067	0.16161230261876755
1725.64744704542	0.16039261470917207
1728.17835857532	0.1596163512354709
1730.70849397927	0.16388539427450508
1733.2378535861	0.16471701812497913
1735.76643772453	0.16649112193488697
1738.29424672323	0.16826529342251562
1740.82128091074	0.16987311306896444
1743.3475406155	0.16166773067326126
1745.87302616589	0.1536287001187268
1748.39773789019	0.16710103356740275
1750.92167611656	0.16371904243332527
1753.44484117311	0.15845209138035804
1755.96723338783	0.16499415839740894
1758.48885308862	0.16632483777142798
1761.00970060331	0.1657149261389011
1763.52977625961	0.1625547825782124
1766.04908038514	0.1657703541933948
1768.56761330746	0.15745411568870973
1771.08537535401	0.15856301516704968
1773.60236685214	0.1608361068227872
1776.11858812912	0.16776630557669145
1778.63403951211	0.15423854407352733
1781.14872132821	0.1639962503834759
1783.6626339044	0.15495931181501948
1786.17577756757	0.1613350269908961
1788.68815264454	0.1589510792261822
1791.199759462	0.1598381311311389
1793.7105983466	0.15834116759366088
1796.22066962486	0.16122417088191976
1798.72997362322	0.15329599643636166
1801.23851066803	0.15828573953917824
1803.74628108554	0.15595728750667334
1806.25328520193	0.15423854407352733
1808.75952334326	0.16100239098625174
1811.2649958355	0.1621666508413646
1813.76970300458	0.16216671851907988
1816.27364517628	0.15789767548004016
1818.77682267629	0.1607806787683046
1821.27923583026	0.15495931181501948
1823.78088496369	0.15318514032738528
1826.28177040204	0.1583412352713817
1828.78189247064	0.15401676417785934
1831.28125149473	0.15994898724010972
1833.77984779949	0.15518109171068747
1836.27768170998	0.1479736173289118
1838.77475355119	0.15939457133980292
1841.271063648	0.16366361437883709
1843.76661232521	0.16388539427450508
1846.26139990751	0.15861844322153787
1848.75542671954	0.15179910057661
1851.2486930858	0.15956092318098272
1853.74119933074	0.15889565117169402
1856.23294577869	0.1511338285673213
1858.72393275391	0.16283199052836858
1861.21416058054	0.15950549512649456
1863.70362958267	0.16238849841474787
1866.19234008426	0.15762046752988954
1868.6802924092	0.1631646265330074
1871.16748688129	0.15778681937107492
1873.65392382424	0.15956092318098272
1876.13960356164	0.16366361437883709
1878.62452641704	0.15983819880885972
1881.10869271384	0.1600599110268069
1883.59210277541	0.1617786544599529
1886.07475692498	0.16588127798008645
1888.55665548571	0.15928371523082657
1891.03779878067	0.1551810240329722
1893.51818713284	0.16055883119491024
1895.99782086509	0.16094696293176358
1898.47670030024	0.1597827030766507
1900.95482576096	0.1546821038648633
1903.43219756989	0.1532406360595943
1905.90881604954	0.15041306082582914
1908.38468152235	0.1626657063649096
1910.85979431064	0.14786276121993544
1913.33415473668	0.1503022047168528
1915.80776312261	0.1581748834302019
1918.28061979051	0.14913794486173992
1920.75272506234	0.15906193533515303
1923.22407926001	0.15717697541626885
1925.69468270529	0.15928371523082102
1928.16453571989	0.15612357167013233
1930.63363862544	0.15490381608281603
1933.10199174344	0.15523645208746037
1935.56959539533	0.14764098132426745
1938.03644990244	0.1476964093787501
1940.50255558603	0.14126519847067556
1942.96791276726	0.1510784005128331
1945.43252176718	0.1526307244270785
1947.8963829068	0.15667798757044468
1950.35949650697	0.14980321687102863
1952.8218628885	0.1511338285673213
1955.2834823721	0.15229808842243414
1957.74435527836	0.14996950103449316
1960.20448192784	0.1500804248211848
1962.66386264093	0.15257529637259032
1965.12249773799	0.15767589558437217
1967.58038753927	0.15750961142091874
1970.03753236493	0.15019128093016115
1972.49393253504	0.153684128173215
1974.94958836957	0.153462348277547
1977.4045001884	0.14647672146915458
1979.85866831133	0.15695519552060086
1982.31209305807	0.15307428421841449
1984.76477474823	0.15806402732122551
1987.21671370133	0.1582858072168935
1989.6679102368	0.1494705808663898
1992.11836467399	0.15734325957972783
1994.56807733213	0.1528525043227465
1997.0170485304	0.15257529637259032
1999.46527858786	0.15479295997383968
2001.91276782348	0.15617899972462052
2004.35951655615	0.15789774315776653
2006.80552510467	0.15701062357508902
2009.25079378774	0.15429397212801552
2011.69532292397	0.15667791989272387
2014.13911283188	0.1592837829085474
2016.58216382991	0.15523651976518119
2019.02447623639	0.14825089295678878
2021.46605036956	0.1627765624738804
2023.90688654761	0.15274164821377012
2026.34698508858	0.14802904538339443
2028.78634631045	0.1554028039286402
2031.22497053111	0.14719742153292592
2033.66285806835	0.15745411568870418
2036.10000923987	0.14703113736946694
2038.53642436328	0.15512559597848402
2040.97210375611	0.1445362658180614
2043.40704773578	0.1434828620719249
2045.84125661964	0.14963686502984327
2048.27473072492	0.15961641891318618
2050.70747036878	0.1443699139768816
2053.13947586829	0.15030220471685832
2055.57074754041	0.14891616496607193
2058.00128570205	0.14758555326977926
2060.43109066998	0.14514610977286194
2062.8601627609	0.15146646457196564
2065.28850229143	0.1509120486716533
2067.71610957807	0.1509120486716533
2070.14298493726	0.14553417383199446
2072.56912868532	0.1479736173289118
2074.99454113851	0.1546266081326543
2077.41922261297	0.15229808842243414
2079.84317342476	0.14996956871220843
2082.26639388986	0.1493042290251989
2084.68888432414	0.14597773362333044
2087.1106450434	0.15057941266700894
2089.53167636331	0.1468647855282871
2091.95197859949	0.1461440854645158
2094.37155206745	0.14292844617161257
2096.79039708261	0.14819539722457978
2099.20851396029	0.1401009386155627
2101.62590301575	0.14913787718402466
2104.04256456411	0.155347375874152
2106.45849892045	0.1434828620719249
2108.87370639971	0.13516662356723982
2111.28818731677	0.14337200596294855
2113.70194198641	0.1437046419675929
2116.11497072333	0.1437046419675929
2118.52727384211	0.14342743401743674
2120.93885165726	0.14509068171837375
2123.34970448321	0.13444585582574767
2125.75983263425	0.13788327501431333
2128.16923642463	0.14708656542394957
2130.57791616848	0.14497982560939737
2132.98587217985	0.14037814656571887
2135.3931047727	0.1505794126670145
2137.79961426089	0.14847260517473596
2140.20540095818	0.14575602140537772
2142.61046517826	0.14326108217625136
2145.01480723472	0.14525703355955355
2147.41842744104	0.14254031443475923
2149.82132611063	0.14309479801279237
2152.22350355681	0.13999008250658634
2154.62496009279	0.14553424150971528
2157.0256960317	0.14326108217625136
2159.42571168658	0.14298394190381603
2161.82500737036	0.1457005256731687
2164.22358339589	0.14309479801279237
2166.62144007595	0.1505239169348055
2169.01857772318	0.14564509761868608
2171.41499665018	0.14126526614839638
2173.81069716942	0.14841717712024777
2176.20567959329	0.15335149216857064
2178.59994423409	0.13721793532730936
2180.99349140402	0.14874981312488658
2183.38632141519	0.1417641863164997
2185.77843457964	0.14104341857500202
2188.16983120927	0.1454233177230181
2190.56051161594	0.14381549807656926
2192.95047611139	0.14309479801279237
2195.33972500725	0.14065535451587505
2197.72825861511	0.14536788966852993
2200.11607724641	0.14425905786790524
2202.50318121254	0.14619951351899843
2204.88957082477	0.1477518374332438
2207.27524639429	0.1468647855282871
2209.6602082322	0.13793870306880152
2212.0444566495	0.13572103946755218
2214.4279919571	0.1454233177230181
2216.81081446582	0.1397128068787149
2219.19292448638	0.14364921391310473
2221.57432232942	0.14309479801279237
2223.95500830547	0.14109884662949573
2226.33498272498	0.1455341738319889
2228.7142458983	0.14320565412176875
2231.09279813569	0.14320565412176875
2233.47063974732	0.14886066923386293
2235.84777104327	0.14170875826201154
2238.2241923335	0.1454233177230181
2240.59990392792	0.14481347376821757
2242.97490613632	0.1438154980765637
2245.34919926839	0.14448083776357323
2247.72278363376	0.1447025499815204
2250.09565954192	0.13705165116384482
2252.46782730231	0.14586687751435407
2254.83928722425	0.1454233177230181
2257.21003961698	0.1445362658180614
2259.58008478963	0.137328859114001
2261.94942305127	0.13771692317313353
2264.31805471084	0.13549932724959945
2266.68598007721	0.14059985878366604
2269.05319945914	0.14564509761868608
2271.4197131653	0.1368298712681713
2273.78552150427	0.13827133907344033
2276.15062478456	0.13339245207960562
2278.51502331454	0.13655266331802068
2280.87871740252	0.14126519847067556
2283.24170735671	0.13549932724959945
2285.60399348521	0.13671901515920604
2287.96557609605	0.14287301811712438
2290.32645549714	0.14026722277902723
2292.68663199633	0.13073136404246194
2295.04610590133	0.1402672904567425
2297.40487751981	0.14376007002207553
2299.76294715931	0.13622002731337632
2302.12031512727	0.13749514327746554
2304.47698173107	0.13716250727281565
2306.83294727796	0.1409325624660312
2309.18821207512	0.13444592350346296
2311.54277642963	0.1415424064208317
2313.89664064847	0.1419859662121677
2316.24980503852	0.14120977041618737
2318.6022699066	0.13705165116384482
2320.95403555938	0.12823642481333558
2323.30510230349	0.13904753486942065
2325.65547044542	0.1380495591777779
2328.0051402916	0.13422407593007415
2330.35411214835	0.14281759006263622
2332.7023863219	0.14481347376821757
2335.04996311837	0.1353884034629078
2337.39684284382	0.13394686797991798
2339.74302580418	0.1404335746202015
2342.08851230529	0.1400454428833537
2344.43330265291	0.14503525366388556
2346.7773971527	0.1374952109551808
2349.12079611023	0.14170875826201154
2351.46349983096	0.1440927737044407
2353.80550862026	0.13799419880100497
2356.14682278342	0.13699622310935666
2358.48744262562	0.1402672904567425
2360.82736845194	0.1418196820487087
2363.16660056738	0.14464718960475859
2365.50513927683	0.13799413112328415
2367.8429848851	0.14254038211248005
2370.1801376969	0.1415978344753199
2372.51659801683	0.1381604829644695
2374.85236614941	0.138992106814938
2377.18744239906	0.1382714067511667
2379.52182707011	0.139213886710606
2381.85552046679	0.13999008250658634
2384.18852289322	0.14597773362333044
2386.52083465345	0.14231860221681206
2388.85245605142	0.14669850136482812
2391.18338739097	0.139435666606274
2393.51362897585	0.13849311896911387
2395.84318110973	0.13450135155795112
2398.17204409615	0.1353329077306988
2400.50021823858	0.13832683480564933
2402.82770384038	0.1343904277712595
2405.15450120483	0.14475804571372938
2407.48061063509	0.14048900267469522
2409.80603243426	0.1452016055050654
2412.13076690529	0.14913787718402466
2414.4548143511	0.14082163867933958
2416.77817507445	0.14132069420288454
2419.10084937804	0.14143155031185536
2421.42283756447	0.15579093566549354
2423.74413993625	0.1521872323134578
2426.06475679575	0.14886073691158375
2428.38468844531	0.15423854407352733
2430.70393518711	0.15939457133980292
2433.02249732329	0.1615013788320759
2435.34037515584	0.1608361068227872
2437.65756898669	0.16205579473238826
2439.97407911767	0.16981768501448183
2442.28990585049	0.16920777338196047
2444.60504948679	0.16194493862341744
2446.91951032808	0.16726731773086728
2449.23328867581	0.17502914033524003
2451.54638483132	0.16355269059213992
2453.85879909585	0.17136994125100083
2456.17053177052	0.17125908514203003
2458.48158315639	0.16443981017482295
2460.79195355441	0.1670455378351993
2463.10164326542	0.15701062357508902
2465.41065259017	0.1603925470314457
2467.71898182932	0.1564562076747767
2470.02663128344	0.15529194781966382
2472.33360125296	0.1556245838243082
2474.63989203825	0.15429397212800997
2476.94550393958	0.15412762028683571
2479.25043725712	0.15390584039116217
2481.55469229093	0.15107833283511785
2483.85826934098	0.15501473986950767
2486.16116870713	0.14930422902520446
2488.46339068916	0.14398184991774907
2490.76493558676	0.15235351647692233
2493.06580369949	0.14342743401743674
2495.36599532684	0.14791818927442363
2497.66551076817	0.1441481340812136
2499.96435032278	0.14509068171837375
2502.26251428984	0.1438154980765637
2504.56000296845	0.14087713441154304
2506.85681665757	0.14281759006263622
2509.15295565612	0.14725291726514048
2511.44842026287	0.1474192014285939
2513.74321077651	0.14636579768245742
2516.03732749563	0.14376007002208108
2518.33077071873	0.1432610821762569
2520.62354074419	0.13938017087407054
2522.91563787031	0.14852803322922414
2525.20706239528	0.1417087582620171
2527.49781461721	0.13971287455643572
2529.78789483408	0.14209682232114407
2532.0773033438	0.14287301811712438
2534.36604044416	0.14159790215304072
2536.65410643286	0.13533297540841963
2538.9415016075	0.14315022606728056
2541.22822626558	0.1400455105610745
2543.51428070449	0.14764098132426745
2545.79966522154	0.1381049872322605
2548.08438011393	0.13599824741770833
2550.36842567876	0.14869438507040394
2552.65180221302	0.14669850136482257
2554.93451001363	0.14420362981341706
2557.21654937738	0.14115427468397837
2559.49792060096	0.13555475530409317
2561.77862398098	0.14026722277902168
2564.05865981395	0.14475804571372938
2566.33802839626	0.1392693147650942
2568.61673002421	0.13760606706415718
2570.89476499399	0.14187511010319134
2573.17213360172	0.1401009386155627
2575.44883614338	0.14614408546451024
2577.72487291489	0.1452016055050654
2580.00024421203	0.14841717712024777
2582.27495033048	0.14653214952363722
2584.54899156587	0.15019128093016115
2586.82236821368	0.13910296292390883
2589.0950805693	0.1434828620719249
2591.36712892802	0.14747469716080847
2593.63851358505	0.14425905786790524
2595.90923483547	0.15246444026361397
2598.17929297426	0.15174367252212181
2600.44868829631	0.15274158053605486
2602.71742109642	0.1526307244270785
2604.98549166927	0.15712154736178066
2607.25290030944	0.15945006707200637
2609.51964731142	0.16161230261876755
2611.78573296958	0.1651050821841061
2614.05115757822	0.17597168797240018
2616.31592143149	0.171868929096825
2618.58002482349	0.1761379721358647
2620.84346804817	0.1816267030844999
2623.10625139942	0.1884459780517125
2625.36837517101	0.19033100564831754
2627.6298396566	0.19942343994898293
2629.89064514976	0.2075178985579945
2632.15079194395	0.22442758351752082
2634.41028033254	0.2314686383804014
2636.66911060878	0.23551590152377314
2638.92728306582	0.25325721033376797
2641.18479799672	0.2813106413540293
2643.44165569444	0.28014638149891086
2645.69785645182	0.30742368440091816
2647.95340056162	0.32438879741493265
2650.20828831645	0.3539391919726609
2652.46252000888	0.3896435218106033
2654.71609593134	0.40350391931841173
2656.96901637616	0.44231303234027547
2659.22128163557	0.47158615127013226
2661.47289200171	0.5111714600879819
2663.72384776659	0.5300770287530839
2665.97414922213	0.5597938428297239
2668.22379666017	0.5925043132704311
2670.4727903724	0.6227753402142153
2672.72113065044	0.6479459033016649
2674.9688177858	0.6481676831973384
2677.21585206988	0.667350392134876
2679.46223379399	0.6575927535026427
2681.70796324931	0.648223178929542
2683.95304072694	0.6438987078360195
2686.19746651787	0.6176748086801599
2688.44124091298	0.5953873165586899
2690.68436420305	0.5650053658282029
2692.92683667876	0.536397451229914
2695.16865863068	0.5110606039790054
2697.40983034928	0.4795143933934112
2699.65035212492	0.4295614666330917
2701.89022424785	0.4143150293745024
2704.12944700824	0.3709043049866754
2706.36802069612	0.33935802672336585
2708.60594560146	0.31873371462511213
2710.84322201407	0.30071526554267636
2713.0798502237	0.2805899412902524
2715.31583051998	0.2637356843852142
2717.55116319244	0.25625106973099765
2719.78584853048	0.22736601486026786
2722.01988682344	0.22298611571225732
2724.2532783605	0.207961458349336
2726.48602343079	0.2022509475050328
2728.71812232329	0.188002418260371
2730.9495753269	0.17935361142876793
2733.1803827304	0.17159178882438963
2735.4105448225	0.171924424829034
2737.64006189173	0.16759995373551165
2739.86893422659	0.16527136634756512
2742.09716211544	0.15490381608281048
2744.32474584653	0.15340692022305882
2746.55168570802	0.15507016792399583
2748.77798198795	0.14309479801279237
2751.00363497426	0.14802911306111524
2753.22864495479	0.1426512382214564
2755.45301221725	0.13361423197527916
2757.67673704928	0.13865947081029922
2759.89981973839	0.14032271851123068
2762.12226057198	0.1371625072728212
2764.34405983734	0.1320064800065456
2766.56521782169	0.12967796029632545
2768.7857348121	0.12762658085853507
2771.00561109555	0.13605374314991733
2773.22484695892	0.1311748561560771
2775.44344268897	0.12540891725728573
2777.66139857236	0.13006602435545242
2779.87871489564	0.12890169682261873
2782.09539194526	0.12302490181485655
2784.31143000754	0.12125079800494318
2786.52682936873	0.11371075529623843
2788.74159031494	0.12208242185541168
2790.95571313218	0.11310084366372264
2793.16919810637	0.10838830851106776
2795.38204552329	0.12152800595509936
2797.59425566864	0.11587299084299961
2799.805828828	0.11870049839904948
2802.01676528685	0.11698175496590346
2804.22706533056	0.1129345595002581
2806.43672924436	0.11470873098789229
2808.64575731343	0.11725903059378599
2810.85414982279	0.11409881935536541
2813.06190705738	0.11354447113277943
2815.26902930203	0.11648283479780568
2817.47551684145	0.10472924478227019
2819.68136996024	0.10888729635689191
2821.88658894291	0.1065587766466662
2824.09117407383	0.10367577335840733
2826.29512563729	0.10761218039280271
2828.49844391747	0.10683598459682238
2830.70112919842	0.10800024445193523
2832.90318176409	0.1103842598943644
2835.10460189833	0.11598384695197596
2837.30538988487	0.11992018630864497
2839.50554600732	0.1024560854488063
2841.70507054922	0.10711319254697854
2843.90396379395	0.10533908873707072
2846.10222602482	0.10716862060146118
2848.29985752501	0.11343354734608226
2850.49685857759	0.1063924248054864
2852.69322946553	0.1057271527961977
2854.88897047169	0.10073740969338665
2857.08408187879	0.10367584103612816
2859.27856396949	0.1022898012853473
2861.4724170263	0.10245608544881185
2863.66564133164	0.1057826485284067
2865.85823716781	0.10134725364818717
2868.050204817	0.10683598459682238
2870.2415445613	0.09824253814198113
2872.43225668266	0.10700233643800773
2874.62234146295	0.10517273689588535
2876.81179918393	0.10345406114046016
2879.00063012722	0.11010705194420822
2881.18883457435	0.10151353781164615
2883.37641280674	0.10428568499092868
2885.56336510569	0.10772303650177352
2887.7496917524	0.10683598459682238
2889.93539302793	0.09990578584291814
2892.12046921326	0.10417476120423703
2894.30492058926	0.10628156869651004
2896.48874743666	0.10195709760298213
2898.67195003609	0.09857517414662548
2900.85452866809	0.10982984399405206
2903.03648361305	0.09840888998316094
2905.21781515128	0.10179074576180233
2907.39852356295	0.09907416199244963
2909.57860912814	0.09996128157512714
2911.75807212682	0.09896323820575245
2913.93691283883	0.09968400594725015
2916.1151315439	0.10251158118102084
2918.29272852166	0.10118096948472263
2920.46970405161	0.0940289908351504
2922.64605841316	0.10167988965282597
2924.82179188558	0.09946222605158216
2926.99690474805	0.09768812224166878
2929.17139727962	0.09774355029615697
2931.34526975924	0.09463883478995093
2933.51852246574	0.09680107033671764
2935.69115567784	0.08804127204068549
2937.86316967414	0.09486061468561892
2940.03456473313	0.09530410679923962
2942.20534113318	0.09458333905774192
2944.37549915256	0.09530417447696043
2946.54503906942	0.09070249543327637
2948.71396116179	0.09547045864041943
2950.8822657076	0.0938626389939706
2953.04995298465	0.08898381967785672
2955.21702327062	0.08687701218557818
2957.38347684312	0.08770863603604669
2959.54931397958	0.0885402598865152
2961.71453495737	0.08887289589115954
2963.87914005372	0.09081335154225273
2966.04312954574	0.0781726419440453
2968.20650371045	0.08587910417164514
2970.36926282472	0.0805012293319863
2972.53140716535	0.08582360843943614
2974.69293700897	0.08831847999084722
2976.85385263216	0.08155463307812834
2979.01415431133	0.0832178807790598
2981.17384232278	0.08161006113261096
2983.33291694274	0.07817270962176612
2985.49137844726	0.08094478912332781
2987.64922711234	0.08233082887410312
2989.8064632138	0.08626716823077767
2991.9630870274	0.07673117413877628
2994.11909882875	0.08454842479763165
2996.27449889334	0.08094472144560144
2998.42928749659	0.07695295403444427
3000.58346491374	0.07872712552207291
3002.73703141997	0.07828356573073693
3004.8899872903	0.07556691428366343
3007.04233279965	0.07479078616539836
3009.19406822284	0.07384823852823823
3011.34519383455	0.07922611336790263
3013.49570990936	0.07273940672761355
3015.64561672172	0.07063259923534056
3017.79491454597	0.07334925068241406
3019.94360365632	0.07584412223381959
3022.09168432689	0.0785607736808931
3024.23915683165	0.07434722637406238
3026.38602144448	0.07346010679139042
3028.53227843913	0.07146429076352988
3030.67792808923	0.06985647111707549
3032.82297066831	0.06974554733038386
3034.96740644975	0.07041081933966702
3037.11123570684	0.07224041888178939
3039.25445871273	0.07844984989420146
3041.39707574049	0.0656983518647385
3043.53908706303	0.07146429076352988
3045.68049295316	0.06869221126196819
3047.82129368358	0.06569828418701214
3049.96148952684	0.06841493563408566
3052.1010807554	0.0713533669768327
3054.24006764161	0.0721849908273012
3056.37845045767	0.0714088627090417
3058.51622947568	0.06420138832726048
3060.65340496763	0.06281534857647963
3062.78997720535	0.06658540376968965
3064.92594646061	0.07007818333502266
3067.06131300501	0.06364697242694814
3069.19607711007	0.06702896356102563
3071.33023904715	0.06425681638174865
3073.46379908752	0.06275992052199145
3075.59675750233	0.062371788785138105
3077.7291145626	0.062260932676167294
3079.86087053922	0.06514393596442061
3081.99202570299	0.06730610383346652
3084.12258032456	0.06004326907491239
3086.25253467448	0.06215007656719093
3088.38188902317	0.058380089051701736
3090.51064364093	0.06270449246750327
3092.63879879794	0.06896941921211881
3094.76635476428	0.05843544942846355
3096.89331180986	0.05799188963712757
3099.01967020452	0.052281446470545195
3101.14543021796	0.05893443727429326
3103.27059211975	0.060154192861609564
3105.39515617934	0.057603825577995045
3107.51912266608	0.06281541625420045
3109.64249184919	0.05693855356871189
3111.76526399774	0.05804738536933657
3113.88743938072	0.0558851498225754
3116.00901826698	0.060542256920742096
3118.13000092523	0.05821373721052193
3120.2503876241	0.06115210087553707
3122.37017863206	0.057770177419180405
3124.48937421748	0.06154023261239596
3126.6079746486	0.0531130703210137
3128.72598019354	0.05028556276496383
3130.84339112029	0.05466546191297436
3132.96020769673	0.05826916526501011
3135.07643019061	0.05444368201730637
3137.19205886957	0.04978664259686049
3139.3070940011	0.04889952301418298
3141.42153585259	0.04889952301418298
3143.5353846913	0.05533073392226306
3145.64864078438	0.05100633050646153
3147.76130439882	0.05355663011234968
3149.87337580154	0.059710633070273585
3151.98485525929	0.052281446470545195
3154.09574303872	0.05388926611699403
3156.20603940634	0.04978664259686049
3158.31574462857	0.05189338241141266
3160.42485897167	0.05555251381793105
3162.53338270181	0.052946786157549164
3164.64131608498	0.05006385054701666
3166.74865938712	0.052392302579516006
3168.85541287398	0.04923215901882178
3170.96157681123	0.05067362682409081
3173.0671514644	0.048012471109226296
3175.17213709889	0.05045191460614919
3177.27653397998	0.05023013471047565
3179.38034237284	0.04995292676031948
3181.48356254248	0.04668185941293363
3183.58619475382	0.0462382996215921
3185.68823927165	0.04363257196121576
3187.78969636061	0.048844027281973984
3189.89056628524	0.05616235777273156
3191.99084930995	0.04734713142222233
3194.09054569901	0.04329993595657142
3196.18965571659	0.04745798753119314
3198.28817962671	0.04263459626956745
3200.38611769327	0.04147033641445459
3202.48347018006	0.04196932426027875
3204.58023735073	0.04435327202499264
3206.67641946881	0.044519623866172454
3208.77201679769	0.04634922340828928
3210.86702960065	0.052503226366213185
3212.96145814084	0.047901615000255485
3215.05530268128	0.04917673096433915
3217.14856348487	0.05011921092378402
3219.24124081437	0.047236275313245965
3221.33333493243	0.05355663011234968
3223.42484610157	0.05283593004857835
3225.51577458416	0.05449917774951537
3227.60612064247	0.05488724180864235
3229.69588453864	0.05682769745974108
3231.78506653466	0.05860180126964891
3233.87366689244	0.05582972176808722
3235.9616858737	0.060265048970585926
3238.04912374008	0.05898993300650226
3240.13598075307	0.057492969469024234
3242.22225717405	0.05688312551422371
3244.30795326425	0.0577146816869714
3246.39306928479	0.046737287467421805
3248.47760549664	0.04967571881016331
3250.56156216068	0.04307815606090343
3252.64493953762	0.04363257196121576
3254.72773788807	0.04196932426027875
3256.8099574725	0.03686872504849134
3258.89159855124	0.04291180421971807
3260.97266138451	0.03531633345653069
3263.05314623241	0.03409664554692965
3265.13305335488	0.029883098240104475
3267.21238301175	0.04074956867296244
3269.29113546272	0.040361504613824366
3271.36931096736	0.031823486213471294
3273.4469097851	0.03481734561070653
3275.52393217526	0.03137999409985613
3277.60037839702	0.030770082467334797
3279.67624870941	0.032267046004812824
3281.75154337138	0.035427257243222314
3283.8262626417	0.029938458616871836
3285.90040677904	0.032488825900480814
3287.97397604193	0.03171263010450048
3290.04697068876	0.03243333016827736
3292.11939097781	0.03370858148780267
3294.19123716721	0.031768058158988664
3296.26250951497	0.031657134372291486
3298.33320827897	0.03182348621347684
3300.40333371696	0.03282146190512516
3302.47288608655	0.028940550602938788
3304.54186564524	0.025835835096732748
3306.61027265036	0.03126907031315895
3308.67810735915	0.02921775855309496
3310.74537002869	0.03071472209056744
3312.81206091594	0.027332798634210773
3314.87818027774	0.025835835096738296
3316.94372837077	0.03343130585992568
3319.00870545161	0.0276653669611343
3321.07311177668	0.023285467813118226
3323.13694760229	0.02478243135059625
3325.2002131846	0.021899428062337377
3327.26290877964	0.022620263481555894
3329.32503464334	0.0243942996137429
3331.38659103145	0.025780407042244567
3333.4475781996	0.018406648497004355
3335.50799640332	0.02001446814345319
3337.56784589797	0.025724978987761937
3339.62712693879	0.024338871559260268
3341.68583978089	0.02489328745957261
3343.74398467924	0.02539227530539122
3345.80156188869	0.028330706648143817
3347.85857166394	0.02494878319177606
3349.91501425956	0.023340963545327224
3351.97088992999	0.02018075230691773
3354.02619892956	0.026279394888074275
3356.0809415124	0.023618103817762574
3358.13511793259	0.018351220442521722
3360.18872844401	0.021788571953366566
3362.24177330044	0.023285467813118226
3364.29425275552	0.017685948433227478
3366.34616706274	0.019570908352117212
3368.39751647548	0.02140044021651322
3370.44830124696	0.019182844292984683
3372.49852163029	0.018905568665107696
3374.54817787843	0.02034710414809754
3376.5972702442	0.023618171495483394
3378.64579898031	0.020735168207230068
3380.69376433931	0.018074012492360007
3382.74116657361	0.018351220442516174
3384.78800593552	0.02034710414809754
3386.83428267718	0.01690975263724715
3388.8799970506	0.013971321294505646
3390.92514930767	0.020069896197941372
3392.96973970014	0.014747449412765155
3395.01376847962	0.022232131744702545
3397.05723589757	0.019293700401955497
3399.10014220533	0.015191076881821954
3401.1424876541	0.017297816696379677
3403.18427249495	0.01641076479142299
3405.22549697881	0.016299908682452176
3407.26616135646	0.01131009790192031
3409.30626587856	0.019460052243140853
3411.34581079563	0.014359385353638173
3413.38479635805	0.015357361045286491
3415.42322281605	0.010811177733811423
3417.46109041976	0.014414813408126352
3419.49839941912	0.009258786141850767
3421.53515006399	0.008593514132567615
3423.57134260405	0.013915893240023012
3425.60697728886	0.01219721748459227
3427.64205436783	0.012696137652701157
3429.67657409025	0.017796804542209384
3431.71053670525	0.011088385683967594
3433.74394246185	0.010201333779010906
3435.77679160891	0.014969296986153964
3437.80908439515	0.009369642250821578
3439.84082106917	0.012751633384910156
3441.87200187943	0.012640709598212977
3443.90262707421	0.013195193176246137
3445.93269690172	0.010145838046807455
3447.96221160996	0.01169822963876811
3449.99117144686	0.012696205330421977
3452.01957666015	0.0083163061824059
3454.04742749746	0.01208629369790064
3456.07472420626	0.01153194547530912
3458.1014670339	0.008759798296021061
3460.12765622756	0.008094526286737909
3462.15329203432	0.006209498690132904
3464.17837470108	0.00837173423689408
3466.20290447463	0.004490822934707708
3468.22688160161	0.007484614654222119
3470.25030632851	0.008260810450196901
3472.2731789017	0.012973413280578145
3474.29549956739	0.004768030884863878
3476.31726857166	0.004490755256986889
3478.33848616045	0.010533969783655254
3480.35915257955	0.012474357757027621
3482.37926807462	0.005876862685488555
3484.39883289117	0.004435394880225076
3486.41784727458	0.004213614984551539
3488.43631147007	0.0043798991480105305
3490.45422572275	0.004934382726049235
3492.47159027755	0.00887065440499742
3494.4884053793	0.0066530584814744305
3496.50467127263	0.006375850531312714
3498.5203882021	0.0
