1001.77463942924	0.1388111779293108
1004.53092997605	0.0
1007.28635062209	0.4079370074385215
1010.0409017241	0.6402307237436349
1012.79458363868	0.8810244244874871
1015.54739672233	1.050996448541971
1018.29934133142	0.9206852550513989
1021.05041782219	1.1048216144437564
1023.8006265508	1.2492971432722022
1026.54996787325	1.461762173340307
1029.29844214545	1.6742272034084118
1032.0460497232	1.555244711716393
1034.79279096215	1.9971747407297968
1037.53866621786	2.000006916179506
1040.28367584578	2.2351362660239396
1043.02782020123	2.4277691517651414
1045.7710996394	2.3116222936127264
1048.51351451539	2.116153774331921
1051.25506518417	2.402272656539387
1053.99575200061	2.3512831241769216
1056.73557531945	2.59774463390952
1059.4745354953	2.3087901181630173
1062.2126328827	2.4560978224411723
1064.94986783605	2.4249369763157156
1067.68624070961	2.4900943021056654
1070.42175185757	2.3541152996263475
1073.15640163398	2.410772640977842
1075.89019039278	2.405108290078707
1078.6231184878	2.4306047853044617
1081.35518627276	2.628902021945365
1084.08639410125	2.172811115683699
1086.81674232676	2.453265646991463
1089.54623130267	2.399440481089394
1092.27486138224	2.2861257983864047
1095.00263291861	2.3031223091739874
1097.72954626482	2.365447459514512
1100.45560177378	2.1841432755718633
1103.18079979831	2.461762173340307
1105.90514069112	2.5949090003701993
1108.62862480477	2.2436362504626786
1111.35125249175	2.48159431766721
1114.07302410441	2.3116222936127264
1116.793939995	2.3852761457515204
1119.51400051566	2.5410872925580255
1122.23320601841	2.4957586530050837
1124.95155685517	2.2351362660239396
1127.66905337774	2.1898076264712816
1130.38569593782	2.3541152996263475
1133.10148488697	2.5835768404817516
1135.81642057667	2.257797127710941
1138.53050335829	2.3257866289506
1141.24373358306	2.5042586374438227
1143.95611160214	2.473094333228755
1146.66763776654	2.2577971277106577
1149.37831242718	2.3597796505257658
1152.08813593487	2.3994404810896772
1154.7971086403	2.407940465528133
1157.50523089408	2.3881083212012295
1160.21250304667	2.3824439703020945
1162.91892544844	2.3569509331656677
1165.62449844965	2.3059579427135914
1168.32922240045	2.5552481698062874
1171.0330976509	2.543919468007451
1173.73612455091	2.5892446494710644
1176.43830345031	2.291793607375434
1179.13963469882	2.5665803296944523
1181.84011864604	2.4475978380027166
1184.53975564147	2.6034089848086546
1187.23854603451	2.5269229572201515
1189.93649017442	2.541083834468414
1192.63358841039	2.8385348765634775
1195.32984109149	2.4674299823293366
1198.02524856667	2.441933487103015
1200.71981118478	2.3994439391792888
1203.41352929457	2.759216673525265
1206.10640324467	2.4900943021056654
1208.79843338361	2.416436991876977
1211.48962005981	2.3852761457515204
1214.17996362159	2.7053915076234794
1216.86946441716	2.5439160099178397
1219.55812279461	2.6374020063838204
1222.24593910194	2.439101311653589
1224.93291368704	2.549583818906869
1227.61904689769	2.348450948726929
1230.30433908157	2.521255148231122
1232.98879058625	2.5750803141329075
1235.67240175918	2.626069846495656
1238.35517294773	2.498590828454793
1241.03710449915	2.4985908284545095
1243.71819676058	2.5297551326698606
1246.39845007907	2.4249369763157156
1249.07786480155	2.6997236986347333
1251.75644127485	2.4957586530050837
1254.43417984571	2.6034089848086546
1257.11108086072	2.6543985171711197
1259.78714466643	2.5694125051441614
1262.46237160921	2.6260698464953727
1265.1367620354	2.501423003904502
1267.81031629118	2.6034089848086546
1270.48303472266	2.6034055267190435
1273.15491767583	2.5722481386834817
1275.82596549657	2.5949090003701993
1278.49617853067	2.6713984860485973
1281.16555712381	2.4844264931169193
1283.83410162156	2.2776258139479495
1286.50181236939	2.5665803296944523
1289.16868971269	2.5212551482314054
1291.8347339967	2.4192726254162973
1294.49994556659	2.48159431766721
1297.16432476743	2.6034089848086546
1299.82787194415	2.410772640977842
1302.49058744163	2.623237671045947
1305.15247160459	2.640234181833246
1307.81352477769	2.5297516745802495
1310.47374730548	2.498590828454793
1313.1331395324	2.6374020063838204
1315.79170180277	2.5835768404817516
1318.44943446083	2.5694125051441614
1321.10633785073	2.541083834468414
1323.76241231648	2.464597806879911
1326.41765820202	2.5382516590187048
1329.07207585117	2.8441992274628958
1331.72566560766	2.512755163792667
1334.3784278151	2.3172901026014725
1337.03036281703	2.668566310598888
1339.68147095686	2.402272656539103
1342.33175257789	2.4645978068796275
1344.98120802335	2.473094333228755
1347.62983763636	2.5099229883429577
1350.27764175994	2.5722446805938706
1352.92462073697	2.6459019908222756
1355.57077491028	2.631734197394791
1358.21610462259	2.280461447487553
1360.86061021649	2.444765662552724
1363.50429203449	2.4957586530050837
1366.14715041901	2.3994404810896772
1368.78918571234	2.3824439703020945
1371.4303982567	2.4645978068796275
1374.07078839419	2.393776130190259
1376.71035646681	2.4617621733405906
1379.34910281647	2.4929264775553746
1381.98702778498	2.328618804400309
1384.62413171402	2.4985942865444044
1387.26041494523	2.4985942865444044
1389.89587782008	2.2493006013618135
1392.53052068001	2.4730943332284716
1395.16434386629	2.388108321201513
1397.79734772015	2.4787621422177843
1400.42953258269	2.4759265086781808
1403.0608987949	2.5042586374435394
1405.69144669771	2.524087323680831
1408.32117663193	2.475929966767792
1410.95008893825	2.368279634964221
1413.57818395728	2.266297112149396
1416.20546202954	2.5552481698062874
1418.83192349543	2.5694125051441614
1421.45756869528	2.4844264931169193
1424.08239796929	2.3201222780511817
1426.70641165757	2.3371187888387643
1429.32961010016	2.3484474906373176
1431.95199363695	2.5297516745802495
1434.57356260778	2.4872621266559563
1437.19431735237	2.555251627895899
1439.81425821033	2.5099229883429577
1442.43338552118	2.5665803296944523
1445.05169962437	2.5269194991305404
1447.66920085921	2.614737686607208
1450.28588956493	2.5354194835689956
1452.90176608067	2.5665803296944523
1455.51683074547	2.3852761457515204
1458.13108389825	2.2917901492861064
1460.74452587786	2.393776130190259
1463.35715702303	2.5325873081192865
1465.96897767243	2.6289054800349763
1468.57998816457	2.3144544690624356
1471.19018883794	2.297457958274853
1473.79958003086	2.512755163792383
1476.4081620816	2.450433471541754
1479.01593532831	2.291790149285823
1481.62290010905	2.3314544379396294
1484.22905676179	2.359783108615377
1486.83440562438	2.396608305639968
1489.43894703461	2.240800616923358
1492.04268133016	2.5269194991305404
1494.64560884857	2.254964952261232
1497.24772992735	2.498590828454793
1499.84904490388	2.4362691362041633
1502.44955411543	2.320122278051465
1505.0492578992	2.470265615868657
1507.64815659229	2.2379684414739325
1510.24625053168	2.402272656539103
1512.84354005429	2.2747936384985237
1515.44002549691	2.1218215833209504
1518.03570719625	2.300293591814173
1520.63058548894	2.396608305639968
1523.22466071147	2.5552481698062874
1525.81793320028	2.473094333228755
1528.41040329169	2.4051082900784237
1531.00207132192	2.3314544379396294
1533.59293762712	2.549583818907153
1536.18300254332	2.3172901026014725
1538.77226640645	2.192643260010319
1541.36072955237	2.3371187888387643
1543.94839231684	2.5099229883429577
1546.53525503548	2.3767796194026762
1549.12131804389	2.3541152996263475
1551.70658167752	2.464597806879911
1554.29104627173	2.3399509642884735
1556.87471216181	2.5297551326698606
1559.45757968292	2.541083834468414
1562.03964917017	2.3314509798500183
1564.62092095853	2.4589299978908814
1567.2013953829	2.334286613389055
1569.78107277808	2.4249369763157156
1572.35995347877	2.1614789557955345
1574.93803781959	2.410772640977842
1577.51532613504	2.433433502664843
1580.09181875956	2.2521327768115227
1582.66751602746	2.3257866289506
1585.24241827297	2.3881117792911244
1587.81652583024	2.5212551482314054
1590.3898390333	2.3541152996263475
1592.96235821611	2.586412474021072
1595.53408371251	2.4334335026645597
1598.10501585628	2.3144579271520467
1600.67515498106	2.651566341721694
1603.24450142043	2.4249369763157156
1605.81305550788	2.4872621266559563
1608.38081757677	2.4334335026645597
1610.9477879604	2.413604816427551
1613.51396699198	2.5099229883429577
1616.07935500458	2.3796117948526687
1618.64395233122	2.521255148231122
1621.20775930483	2.4900908440163376
1623.7707762582	2.546748185367832
1626.33300352408	2.320122278051465
1628.89444143508	2.2719614630488145
1631.45509032376	2.286125798386688
1634.01495052255	2.560915978795034
1636.5740223638	2.484426493116636
1639.13230617978	2.2776292720375606
1641.68980230264	2.3796117948523854
1644.24651106446	2.3427831397381826
1646.80243279721	2.549583818906869
1649.35756783278	2.512755163792667
1651.91191650296	2.4872586685666285
1654.46547913944	2.453265646991463
1657.01825607383	2.3342866133893385
1659.57024763764	2.464594348790016
1662.12145416229	2.3512831241766383
1664.6718759791	2.430604785304745
1667.2215134193	2.4192726254162973
1669.77036681404	2.439101311653589
1672.31843649435	2.4277691517651414
1674.8657227912	2.277625813948233
1677.41222603543	2.328618804400309
1679.95794655782	2.328618804400309
1682.50288468904	2.37111181041393
1685.04704075968	2.368279634964221
1687.59041510022	2.4277691517651414
1690.13300804106	2.178475466583117
1692.67481991249	2.3512831241766383
1695.21585104474	2.328618804400309
1697.75610176791	2.320118819961854
1700.29557241205	2.2493006013618135
1702.83426330707	2.291793607375718
1705.37217478282	2.0849929282067476
1707.90930716905	2.2464684259123877
1710.44566079541	2.133150285119787
1712.98123599146	2.113321598882495
1715.51603308669	2.254964952261232
1718.05005241045	2.254964952261232
1720.58329429205	2.1614824138848623
1723.11575906067	2.2606327612502612
1725.64744704542	2.1161572324218154
1728.17835857532	2.2294684570351935
1730.70849397927	2.3144544690624356
1733.2378535861	2.181311100122438
1735.76643772453	2.252132776811806
1738.29424672323	2.1161572324218154
1740.82128091074	2.135985918658824
1743.3475406155	2.096325088095196
1745.87302616589	2.3512831241766383
1748.39773789019	2.090660737195494
1750.92167611656	2.113321598882495
1753.44484117311	2.155814604896116
1755.96723338783	2.2181362971467458
1758.48885308862	2.113321598882495
1761.00970060331	2.3059544846236966
1763.52977625961	2.1841432755718633
1766.04908038514	2.2634614786103593
1768.56761330746	2.107653789893749
1771.08537535401	2.3597831086150935
1773.60236685214	2.130318109670078
1776.11858812912	2.413604816427551
1778.63403951211	2.1643145893345714
1781.14872132821	2.1331502851195037
1783.6626339044	2.144485903097563
1786.17577756757	2.1529824294466904
1788.68815264454	2.1841432755718633
1791.199759462	2.396608305639968
1793.7105983466	2.1926398019207074
1796.22066962486	2.280461447487553
1798.72997362322	2.220968472596455
1801.23851066803	2.087825103656457
1803.74628108554	2.2266362815854843
1806.25328520193	2.240800616923358
1808.75952334326	2.1614789557955345
1811.2649958355	2.283293622936979
1813.76970300458	2.1671467647842806
1816.27364517628	2.161478955795251
1818.77682267629	2.3059579427135914
1821.27923583026	2.1473180785469888
1823.78088496369	2.220968472596455
1826.28177040204	2.3456187732775033
1828.78189247064	2.076496401857904
1831.28125149473	2.2323006324846193
1833.77984779949	2.1586502384354365
1836.27768170998	2.2634649366999704
1838.77475355119	2.3144544690624356
1841.271063648	2.178478924672445
1843.76661232521	2.2946257828251437
1846.26139990751	2.1926432600106023
1848.75542671954	2.192643260010319
1851.2486930858	2.243632792373067
1853.74119933074	2.212471946247611
1856.23294577869	2.2011397863594464
1858.72393275391	2.3569474750760566
1861.21416058054	2.152982429446407
1863.70362958267	2.107657247983077
1866.19234008426	2.3144544690624356
1868.6802924092	2.3031223091739874
1871.16748688129	2.254964952261232
1873.65392382424	2.2691292875991054
1876.13960356164	2.2351328079346118
1878.62452641704	2.101992897083942
1881.10869271384	2.2351328079346118
1883.59210277541	2.263464936699687
1886.07475692498	2.212471946247611
1888.55665548571	2.096325088095196
1891.03779878067	2.218136297147029
1893.51818713284	2.246464967822493
1895.99782086509	2.000006916179506
1898.47670030024	2.042499922193127
1900.95482576096	2.1983076109097373
1903.43219756989	2.305957942713308
1905.90881604954	2.124653758770943
1908.38468152235	2.2379684414736487
1910.85979431064	2.1473180785469888
1913.33415473668	2.297457958274853
1915.80776312261	2.2266362815854843
1918.28061979051	2.212471946247611
1920.75272506234	2.1643111312449603
1923.22407926001	2.1473180785469888
1925.69468270529	2.036832113204097
1928.16453571989	2.3399509642884735
1930.63363862544	2.195475435460028
1933.10199174344	2.138818094108817
1935.56959539533	2.2747936384985237
1938.03644990244	2.22946845703491
1940.50255558603	1.9971747407297968
1942.96791276726	2.223804106135775
1945.43252176718	2.223804106135775
1947.8963829068	2.2294684570351935
1950.35949650697	2.195475435460028
1952.8218628885	2.195475435460028
1955.2834823721	2.2776258139479495
1957.74435527836	2.4079404655284162
1960.20448192784	2.3116222936127264
1962.66386264093	2.1841432755718633
1965.12249773799	2.0934894545555918
1967.58038753927	2.21530412169732
1970.03753236493	2.2521327768115227
1972.49393253504	2.294622324735532
1974.94958836957	2.144482445007952
1977.4045001884	2.039667746743701
1979.85866831133	2.4192726254165806
1982.31209305807	2.1643145893348548
1984.76477474823	2.288961431925725
1987.21671370133	2.3116222936127264
1989.6679102368	2.167146764784564
1992.11836467399	2.0821572946674274
1994.56807733213	2.019835602416798
1997.0170485304	2.1274859342203687
1999.46527858786	2.1274859342203687
2001.91276782348	2.1274859342203687
2004.35951655615	2.110489423432786
2006.80552510467	2.1501502539969812
2009.25079378774	2.1586467803458254
2011.69532292397	2.1529789713567955
2014.13911283188	2.1246537587706595
2016.58216382991	2.433436960754454
2019.02447623639	2.1274859342203687
2021.46605036956	2.26062930316065
2023.90688654761	2.192643260010319
2026.34698508858	2.2153041216970366
2028.78634631045	2.1388180941085335
2031.22497053111	2.076492943768009
2033.66285806835	2.297457958274853
2036.10000923987	2.2238041061360585
2038.53642436328	2.280461447487553
2040.97210375611	2.3172866445118614
2043.40704773578	2.1218181252316226
2045.84125661964	2.1274859342203687
2048.27473072492	2.263464936699687
2050.70747036878	2.0849929282067476
2053.13947586829	2.1104894234330693
2055.57074754041	2.147318078547272
2058.00128570205	2.223804106135775
2060.43109066998	2.2464649678227766
2062.8601627609	2.113321598882495
2065.28850229143	2.1416502695582427
2067.71610957807	2.220971930686066
2070.14298493726	2.1614789557955345
2072.56912868532	2.294625782825427
2074.99454113851	2.1416502695582427
2077.41922261297	2.2294684570351935
2079.84317342476	2.042499922193127
2082.26639388986	2.2181362971467458
2084.68888432414	2.1274859342203687
2087.1106450434	2.362615284065086
2089.53167636331	2.1416502695582427
2091.95197859949	2.1189859497819135
2094.37155206745	2.2039719618091556
2096.79039708261	2.257797127710941
2099.20851396029	2.0906607371957775
2101.62590301575	2.178475466583117
2104.04256456411	2.0736607683185833
2106.45849892045	2.195475435460028
2108.87370639971	2.042499922193127
2111.28818731677	2.2493006013618135
2113.70194198641	2.2153041216970366
2116.11497072333	2.254964952261232
2118.52727384211	2.209639770798185
2120.93885165726	2.2464684259121044
2123.34970448321	2.2464649678227766
2125.75983263425	2.135985918658824
2128.16923642463	2.1699789402339897
2130.57791616848	2.1671467647842806
2132.98587217985	2.2351362660239396
2135.3931047727	2.2379684414739325
2137.79961426089	2.036835571293992
2140.20540095818	2.3087901181630173
2142.61046517826	2.070828592868874
2145.01480723472	2.135985918658824
2147.41842744104	2.144482445007668
2149.82132611063	2.1983076109097373
2152.22350355681	2.2379684414736487
2154.62496009279	2.2096397707979016
2157.0256960317	2.1218181252313393
2159.42571168658	2.0340033958439996
2161.82500737036	2.0821572946674274
2164.22358339589	2.3824439703020945
2166.62144007595	2.138818094108817
2169.01857772318	2.028335586855253
2171.41499665018	2.1614824138848623
2173.81069716942	2.1416502695582427
2176.20567959329	2.2747970965878515
2178.59994423409	2.2238041061360585
2180.99349140402	2.1303181096697945
2183.38632141519	2.1331537432093985
2185.77843457964	2.050996448541971
2188.16983120927	2.1898076264712816
2190.56051161594	2.322954453500891
2192.95047611139	2.1643145893348548
2195.33972500725	2.1246537587706595
2197.72825861511	2.135985918658824
2200.11607724641	2.0736607683185833
2202.50318121254	2.1841432755718633
2204.88957082477	2.133150285119787
2207.27524639429	2.0821607527573223
2209.6602082322	2.113321598882495
2212.0444566495	2.1841432755718633
2214.4279919571	2.181311100122438
2216.81081446582	1.9320174149398468
2219.19292448638	2.2294684570351935
2221.57432232942	2.186978909111184
2223.95500830547	2.147314620457661
2226.33498272498	2.0906572791058826
2228.7142458983	1.9291852394901376
2231.09279813569	2.0764929437682924
2233.47063974732	2.220968472596455
2235.84777104327	2.1643145893345714
2238.2241923335	2.0736607683185833
2240.59990392792	2.0849929282067476
2242.97490613632	2.161478955795251
2245.34919926839	2.0963250880949125
2247.72278363376	2.1416502695582427
2250.09565954192	2.1473180785469888
2252.46782730231	2.0963250880949125
2254.83928722425	2.1104894234330693
2257.21003961698	2.240800616923358
2259.58008478963	2.212471946247611
2261.94942305127	2.031167762304962
2264.31805471084	2.0368355712937087
2266.68598007721	1.9320174149395635
2269.05319945914	2.181311100122438
2271.4197131653	2.116153774331921
2273.78552150427	2.042499922193127
2276.15062478456	2.0141712515173795
2278.51502331454	2.2492971432724858
2280.87871740252	2.0963250880949125
2283.24170735671	2.0623320665197467
2285.60399348521	2.2351328079346118
2287.96557609605	2.0793251192180016
2290.32645549714	2.10482161444404
2292.68663199633	2.1331537432091148
2295.04610590133	2.172811115683699
2297.40487751981	2.113321598882495
2299.76294715931	2.0934929126454866
2302.12031512727	2.178475466583117
2304.47698173107	2.0113356179780593
2306.83294727796	2.042499922193127
2309.18821207512	1.9716782455037587
2311.54277642963	2.079328577307613
2313.89664064847	2.025503411405544
2316.24980503852	2.155814604896116
2318.6022699066	2.2068075953481925
2320.95403555938	2.0170034269670887
2323.30510230349	2.1501467959070864
2325.65547044542	2.0906572791061664
2328.0051402916	2.252129318721911
2330.35411214835	2.1614789557955345
2332.7023863219	2.1218215833212337
2335.04996311837	2.076496401857904
2337.39684284382	2.0396642886538063
2339.74302580418	2.0821572946674274
2342.08851230529	2.158646780345542
2344.43330265291	2.0481677311821564
2346.7773971527	2.189811084560893
2349.12079611023	2.155814604896116
2351.46349983096	2.0226712359558348
2353.80550862026	2.150150253996698
2356.14682278342	2.110489423432786
2358.48744262562	2.1614824138848623
2360.82736845194	2.0311712203945738
2363.16660056738	2.2011397863594464
2365.50513927683	2.0651607838798447
2367.8429848851	2.3201222780511817
2370.1801376969	2.1501502539969812
2372.51659801683	1.994342565280371
2374.85236614941	2.1274859342203687
2377.18744239906	2.1274859342203687
2379.52182707011	2.195475435460028
2381.85552046679	2.150150253996698
2384.18852289322	2.079328577307613
2386.52083465345	2.0481642730925453
2388.85245605142	2.1189859497819135
2391.18338739097	2.076496401857904
2393.51362897585	2.0736607683185833
2395.84318110973	2.1161537743322043
2398.17204409615	2.0849929282067476
2400.50021823858	1.9433495748280112
2402.82770384038	2.062328608430419
2405.15450120483	2.135985918658824
2407.48061063509	2.1983076109097373
2409.80603243426	1.9206887131410102
2412.13076690529	2.0906572791061664
2414.4548143511	2.124653758770943
2416.77817507445	2.076496401857904
2419.10084937804	1.9376852239285929
2421.42283756447	2.0538320820812914
2423.74413993625	1.9858425808416322
2426.06475679575	2.1274859342203687
2428.38468844531	2.110489423432786
2430.70393518711	2.303122309174271
2433.02249732329	2.1898076264712816
2435.34037515584	1.9716782455037587
2437.65756898669	2.1841432755718633
2439.97407911767	2.0878285617460683
2442.28990585049	2.1246537587706595
2444.60504948679	2.070828592868874
2446.91951032808	2.0736607683183
2449.23328867581	2.2776292720375606
2451.54638483132	2.1076537898934657
2453.85879909585	2.1501467959070864
2456.17053177052	1.9490139257274297
2458.48158315639	2.107653789893749
2460.79195355441	2.1331537432093985
2463.10164326542	2.0113390760679537
2465.41065259017	2.0991572635446216
2467.71898182932	2.0991572635446216
2470.02663128344	2.0849929282067476
2472.33360125296	2.065164241969739
2474.63989203825	2.161478955795251
2476.94550393958	2.0594964329807097
2479.25043725712	2.050996448541971
2481.55469229093	2.062328608430419
2483.85826934098	2.0509999066315823
2486.16116870713	2.002839091629215
2488.46339068916	2.1189894078715246
2490.76493558676	2.1274859342203687
2493.06580369949	2.0849929282067476
2495.36599532684	2.065164241969456
2497.66551076817	2.135982460569496
2499.96435032278	2.135982460569213
2502.26251428984	2.0170034269668053
2504.56000296845	2.0623320665197467
2506.85681665757	2.067996417419165
2509.15295565612	2.096325088095196
2511.44842026287	2.0538286239916803
2513.74321077651	2.1019894389940474
2516.03732749563	2.025503411405544
2518.33077071873	1.940517399378302
2520.62354074419	2.0934929126454866
2522.91563787031	2.1189859497819135
2525.20706239528	2.045332097642836
2527.49781461721	2.147314620457661
2529.78789483408	2.0849929282067476
2532.0773033438	2.0538286239916803
2534.36604044416	2.178478924672445
2536.65410643286	2.0113390760676704
2538.9415016075	2.0651607838798447
2541.22822626558	2.0368355712937087
2543.51428070449	2.223804106135775
2545.79966522154	2.1898076264709982
2548.08438011393	2.0793251192180016
2550.36842567876	1.9943425652800875
2552.65180221302	2.0878285617460683
2554.93451001363	2.028335586855253
2557.21654937738	2.0141712515173795
2559.49792060096	2.0849929282067476
2561.77862398098	2.2068041372585814
2564.05865981395	1.9943425652800875
2566.33802839626	2.155814604896116
2568.61673002421	2.0339999377546714
2570.89476499399	2.039667746743418
2573.17213360172	2.0566642575310006
2575.44883614338	2.113321598882495
2577.72487291489	2.1841432755718633
2580.00024421203	2.0991572635446216
2582.27495033048	2.096321630005301
2584.54899156587	2.0764929437682924
2586.82236821368	1.9603460856153108
2589.0950805693	2.0906572791061664
2591.36712892802	2.039667746743418
2593.63851358505	2.0849929282067476
2595.90923483547	2.1246537587706595
2598.17929297426	2.130318109670078
2600.44868829631	2.039667746743701
2602.71742109642	2.0566642575310006
2604.98549166927	1.9858425808416322
2607.25290030944	2.0793285773073293
2609.51964731142	2.028335586855253
2611.78573296958	2.1331537432093985
2614.05115757822	2.070828592868874
2616.31592143149	2.050996448541971
2618.58002482349	2.0566642575310006
2620.84346804817	2.1161572324218154
2623.10625139942	2.045332097642836
2625.36837517101	2.212471946247611
2627.6298396566	2.0566642575310006
2629.89064514976	2.036832113204097
2632.15079194395	1.9745104209531843
2634.41028033254	2.033999937754388
2636.66911060878	1.9830104053922064
2638.92728306582	2.1643145893348548
2641.18479799672	2.113321598882495
2643.44165569444	2.147314620457377
2645.69785645182	2.067996417419165
2647.95340056162	2.031167762304962
2650.20828831645	2.0566642575310006
2652.46252000888	2.113321598882495
2654.71609593134	2.181311100122154
2656.96901637616	1.9688460700540493
2659.22128163557	1.9490139257271462
2661.47289200171	2.133150285119787
2663.72384776659	2.0736607683185833
2665.97414922213	2.0963250880949125
2668.22379666017	2.144482445007952
2670.4727903724	2.252129318721911
2672.72113065044	2.1643145893348548
2674.9688177858	1.960346085615594
2677.21585206988	2.1218181252316226
2679.46223379399	2.150150253996698
2681.70796324931	2.0368355712937087
2683.95304072694	1.9830104053922064
2686.19746651787	2.1586467803458254
2688.44124091298	2.0991572635446216
2690.68436420305	2.0991572635446216
2692.92683667876	2.0170034269670887
2695.16865863068	1.9801747718528862
2697.40983034928	2.065160783880128
2699.65035212492	1.9716782455037587
2701.89022424785	2.15014679590737
2704.12944700824	2.144485903097563
2706.36802069612	2.031167762304962
2708.60594560146	2.0764929437682924
2710.84322201407	1.9943425652800875
2713.0798502237	2.065164241969456
2715.31583051998	2.1274859342203687
2717.55116319244	2.254964952261232
2719.78584853048	2.0821607527570385
2722.01988682344	2.0906572791058826
2724.2532783605	2.036835571293992
2726.48602343079	2.0566642575310006
2728.71812232329	1.9716782455037587
2730.9495753269	2.0934929126454866
2733.1803827304	2.1246537587706595
2735.4105448225	2.1274859342203687
2737.64006189173	2.1699789402339897
2739.86893422659	2.0170034269668053
2742.09716211544	1.9490139257271462
2744.32474584653	2.0594964329807097
2746.55168570802	2.2521327768115227
2748.77798198795	2.10482161444404
2751.00363497426	2.0368355712937087
2753.22864495479	2.0793285773073293
2755.45301221725	2.0849929282067476
2757.67673704928	2.138818094108817
2759.89981973839	2.0509999066315823
2762.12226057198	2.087825103656457
2764.34405983734	2.1246537587706595
2766.56521782169	2.065164241969456
2768.7857348121	1.9121887287025547
2771.00561109555	2.110489423432786
2773.22484695892	2.1388180941085335
2775.44344268897	2.0991572635446216
2777.66139857236	2.0566642575310006
2779.87871489564	2.00850344252835
2782.09539194526	2.1983076109097373
2784.31143000754	1.980178229942214
2786.52682936873	2.147318078547272
2788.74159031494	1.9773460544925048
2790.95571313218	2.1983076109097373
2793.16919810637	2.0764929437682924
2795.38204552329	2.034003395844283
2797.59425566864	2.155814604896116
2799.805828828	2.0113390760676704
2802.01676528685	2.0906572791058826
2804.22706533056	2.150150253996698
2806.43672924436	2.045332097642836
2808.64575731343	2.0538320820812914
2810.85414982279	2.1756432911331247
2813.06190705738	2.065164241969456
2815.26902930203	2.15014679590737
2817.47551684145	2.0963250880949125
2819.68136996024	2.028335586855253
2821.88658894291	2.002839091629215
2824.09117407383	2.070828592868874
2826.29512563729	2.065164241969456
2828.49844391747	2.028335586855253
2830.70112919842	2.1699789402339897
2832.90318176409	2.101992897083942
2835.10460189833	2.1416502695582427
2837.30538988487	2.2323006324846193
2839.50554600732	2.0906572791058826
2841.70507054922	2.2096397707979016
2843.90396379395	2.37111181041393
2846.10222602482	2.158646780345542
2848.29985752501	2.345615315187892
2850.49685857759	2.1671467647842806
2852.69322946553	2.345615315187892
2854.88897047169	2.4277691517654247
2857.08408187879	2.322954453500891
2859.27856396949	2.48159431766721
2861.4724170263	2.2521327768115227
2863.66564133164	2.2266362815854843
2865.85823716781	2.2068041372588647
2868.050204817	2.4277691517654247
2870.2415445613	2.3994404810896772
2872.43225668266	2.4560978224411723
2874.62234146295	2.410772640977842
2876.81179918393	2.4900943021059487
2879.00063012722	2.53258730811957
2881.18883457435	2.3399509642884735
2883.37641280674	2.4561012805307834
2885.56336510569	2.592073366830879
2887.7496917524	2.4589299978905976
2889.93539302793	2.3711152685035413
2892.12046921326	2.4504334715420373
2894.30492058926	2.368279634964221
2896.48874743666	2.580744665032326
2898.67195003609	2.5070908128932485
2900.85452866809	2.6204054955962377
2903.03648361305	2.6119055111577825
2905.21781515128	2.662895043520247
2907.39852356295	2.543916009918123
2909.57860912814	2.699727156724061
2911.75807212682	2.5949090003701993
2913.93691283883	2.6997236986347333
2916.1151315439	2.6289054800349763
2918.29272852166	2.5694125051441614
2920.46970405161	2.5070908128932485
2922.64605841316	2.742216704648071
2924.82179188558	2.5920768249207735
2926.99690474805	2.6345698309343946
2929.17139727962	2.6572306926211122
2931.34526975924	2.6430663572832387
2933.51852246574	2.6090733357080733
2935.69115567784	2.7592132154356537
2937.86316967414	2.64306981537285
2940.03456473313	2.606241160258364
2942.20534113318	2.5779090314930055
2944.37549915256	2.600576809359229
2946.54503906942	2.458933455980209
2948.71396116179	2.464597806879911
2950.8822657076	2.4192726254165806
2953.04995298465	2.3059579427135914
2955.21702327062	2.433436960754171
2957.38347684312	2.4079404655284162
2959.54931397958	2.413604816427551
2961.71453495737	2.3087901181630173
2963.87914005372	2.543916009918123
2966.04312954574	2.337118788839048
2968.20650371045	2.433436960754171
2970.36926282472	2.1586467803458254
2972.53140716535	2.4730943332284716
2974.69293700897	2.2747936384985237
2976.85385263216	2.4249369763157156
2979.01415431133	2.1983076109097373
2981.17384232278	2.1643145893348548
2983.33291694274	2.3116222936127264
2985.49137844726	2.2691292875991054
2987.64922711234	2.1303215677596894
2989.8064632138	2.181311100122154
2991.9630870274	2.2039719618091556
2994.11909882875	2.2096363127082905
2996.27449889334	2.2266362815854843
2998.42928749659	2.195475435460028
3000.58346491374	2.067996417419165
3002.73703141997	2.067996417419165
3004.8899872903	2.1161537743322043
3007.04233279965	2.0963250880949125
3009.19406822284	2.0963250880949125
3011.34519383455	2.000006916179506
3013.49570990936	2.0849929282067476
3015.64561672172	2.025503411405544
3017.79491454597	2.144482445007952
3019.94360365632	2.0906607371957775
3022.09168432689	2.1756432911331247
3024.23915683165	1.9915069317410505
3026.38602144448	1.9943391071907597
3028.53227843913	2.0963250880949125
3030.67792808923	2.070828592868874
3032.82297066831	1.9490139257274297
3034.96740644975	2.002839091628932
3037.11123570684	1.9858425808416322
3039.25445871273	1.9121887287028383
3041.39707574049	2.0934929126454866
3043.53908706303	2.0226712359558348
3045.68049295316	2.1331537432093985
3047.82129368358	1.9716782455037587
3049.96148952684	2.186975451021289
3052.1010807554	1.9745104209534678
3054.24006764161	2.1331537432093985
3056.37845045767	1.9971747407297968
3058.51622947568	2.1189859497819135
3060.65340496763	2.1643111312452437
3062.78997720535	1.9801782299424973
3064.92594646061	2.1699789402339897
3067.06131300501	2.06233206652003
3069.19607711007	2.0566642575310006
3071.33023904715	2.087825103656457
3073.46379908752	2.0141712515173795
3075.59675750233	2.028335586855253
3077.7291145626	1.917853079601973
3079.86087053922	1.9688460700540493
3081.99202570299	2.070828592868874
3084.12258032456	1.9716782455037587
3086.25253467448	1.9235208885907193
3088.38188902317	1.9773460544925048
3090.51064364093	2.0764929437682924
3092.63879879794	2.067996417419165
3094.76635476428	1.9320174149395635
3096.89331180986	2.1218181252313393
3099.01967020452	1.9660104365150124
3101.14543021796	1.9660138946043402
3103.27059211975	1.9121887287025547
3105.39515617934	2.025499953315933
3107.51912266608	1.983010405391923
3109.64249184919	1.977342596403177
3111.76526399774	1.9461817502777203
3113.88743938072	1.895188759825644
3116.00901826698	1.9971712826401855
3118.13000092523	1.915020904152264
3120.2503876241	1.9971712826401855
3122.37017863206	2.0934929126454866
3124.48937421748	2.0594964329807097
3126.6079746486	1.9631782610653032
3128.72598019354	2.172811115683699
3130.84339112029	1.9660138946046237
3132.96020769673	1.8640279137001876
3135.07643019061	1.9036887442640995
3137.19205886957	2.0340033958439996
3139.3070940011	1.8498670364516419
3141.42153585259	1.9688460700540493
3143.5353846913	2.0821607527570385
3145.64864078438	1.9433495748280112
3147.76130439882	2.028335586855253
3149.87337580154	2.042499922193127
3151.98485525929	2.025503411405544
3154.09574303872	2.06233206652003
3156.20603940634	2.0453355557324473
3158.31574462857	2.0339999377546714
3160.42485897167	2.002839091629215
3162.53338270181	2.101992897083942
3164.64131608498	2.0793285773073293
3166.74865938712	1.9801747718526026
3168.85541287398	1.9716782455037587
3170.96157681123	2.0198356024165145
3173.0671514644	2.0368355712937087
3175.17213709889	1.977342596403177
3177.27653397998	2.002839091629215
3179.38034237284	2.0056747251685354
3181.48356254248	2.050996448541971
3183.58619475382	2.0821572946674274
3185.68823927165	1.9263530640407118
3187.78969636061	1.923517430501108
3189.89056628524	2.0906572791061664
3191.99084930995	1.983010405391923
3194.09054569901	1.9631817191549146
3196.18965571659	1.8668600891496134
3198.28817962671	1.9801782299424973
3200.38611769327	1.9263530640404285
3202.48347018006	1.9660138946043402
3204.58023735073	2.002839091629215
3206.67641946881	2.0339999377546714
3208.77201679769	1.8810278825773816
3210.86702960065	2.0141712515173795
3212.96145814084	2.0170034269670887
3215.05530268128	2.0141712515173795
3217.14856348487	2.042499922193127
3219.24124081437	1.9943425652800875
3221.33333493243	2.104825072533651
3223.42484610157	2.135985918658824
3225.51577458416	1.9886782143809527
3227.60612064247	2.090660737195494
3229.69588453864	2.065164241969739
3231.78506653466	1.9858425808416322
3233.87366689244	2.042499922193127
3235.9616858737	1.9915103898303783
3238.04912374008	2.0481677311821564
3240.13598075307	1.9291852394901376
3242.22225717405	1.977342596403177
3244.30795326425	2.036832113204097
3246.39306928479	2.0594964329807097
3248.47760549664	2.062328608430419
3250.56156216068	2.0509999066315823
3252.64493953762	1.9291852394901376
3254.72773788807	2.019839060506409
3256.8099574725	1.9886747562913414
3258.89159855124	2.203971961808872
3260.97266138451	1.8838600580268074
3263.05314623241	1.9546817347161758
3265.13305335488	2.045332097642836
3267.21238301175	1.9858425808416322
3269.29113546272	2.110485965343175
3271.36931096736	1.9376817658389818
3273.4469097851	2.0056712670789243
3275.52393217526	2.0963250880949125
3277.60037839702	2.0396642886538063
3279.67624870941	2.130318109670078
3281.75154337138	2.059499891070321
3283.8262626417	1.9858425808416322
3285.90040677904	1.960346085615594
3287.97397604193	2.172811115683699
3290.04697068876	1.937681765839265
3292.11939097781	2.0226712359558348
3294.19123716721	2.0170034269670887
3296.26250951497	1.872527898138643
3298.33320827897	1.9291852394901376
3300.40333371696	2.0849929282067476
3302.47288608655	1.9093530951632345
3304.54186564524	1.980178229942214
3306.61027265036	2.0481642730922616
3308.67810735915	2.000006916179506
3310.74537002869	2.1388180941085335
3312.81206091594	2.0028425497188262
3314.87818027774	2.124653758770943
3316.94372837077	2.1501502539969812
3319.00870545161	2.0141712515173795
3321.07311177668	1.9830069473023118
3323.13694760229	2.0481642730925453
3325.2002131846	1.9376817658389818
3327.26290877964	2.0170068850567
3329.32503464334	2.0481642730922616
3331.38659103145	1.960346085615594
3333.4475781996	2.036835571293992
3335.50799640332	1.9971747407297968
3337.56784589797	1.9915103898306619
3339.62712693879	1.9915069317410505
3341.68583978089	2.1699789402339897
3343.74398467924	2.0198356024165145
3345.80156188869	2.062328608430419
3347.85857166394	2.0821607527570385
3349.91501425956	2.1218215833212337
3351.97088992999	1.9943391071907597
3354.02619892956	1.9433495748280112
3356.0809415124	1.9773425964028934
3358.13511793259	1.977342596403177
3360.18872844401	1.9688460700540493
3362.24177330044	2.096321630005301
3364.29425275552	1.9688460700540493
3366.34616706274	2.133150285119787
3368.39751647548	2.0849929282067476
3370.44830124696	1.9376852239285929
3372.49852163029	1.9688426119644382
3374.54817787843	2.0085034425286334
3376.5972702442	2.019839060506409
3378.64579898031	2.019835602416798
3380.69376433931	1.9291852394901376
3382.74116657361	2.028335586855253
3384.78800593552	2.076492943768009
3386.83428267718	1.9036922023537106
3388.8799970506	1.957513910165885
3390.92514930767	2.0141712515173795
3392.96973970014	1.9263496059508172
3395.01376847962	2.039667746743418
3397.05723589757	2.00850344252835
3399.10014220533	2.135985918658824
3401.1424876541	2.147314620457377
3403.18427249495	1.9943425652800875
3405.22549697881	1.983010405391923
3407.26616135646	1.8810244244877705
3409.30626587856	2.065164241969456
3411.34581079563	1.9235208885910027
3413.38479635805	2.005674725168252
3415.42322281605	1.8810278825770983
3417.46109041976	1.9830104053922064
3419.49839941912	1.9121887287025547
3421.53515006399	1.957513910165885
3423.57134260405	2.0170034269670887
3425.60697728886	1.9490173838170408
3427.64205436783	2.002839091629215
3429.67657409025	1.9631782610653032
3431.71053670525	1.8753600735883522
3433.74394246185	1.9320208730294581
3435.77679160891	2.0141712515173795
3437.80908439515	1.957513910165885
3439.84082106917	1.8838600580268074
3441.87200187943	1.9631782610653032
3443.90262707421	2.039667746743418
3445.93269690172	2.042499922193127
3447.96221160996	1.9093565532528456
3449.99117144686	1.940517399378302
3452.01957666015	1.8243705412256037
3454.04742749746	2.008506900617961
3456.07472420626	1.869695722688934
3458.1014670339	2.0453320976425524
3460.12765622756	2.0056747251685354
3462.15329203432	1.872527898138643
3464.17837470108	1.9971747407297968
3466.20290447463	1.9631817191549146
3468.22688160161	1.9518461011771389
3470.25030632851	2.0226677778662236
3472.2731789017	2.06233206652003
3474.29549956739	1.9461817502777203
3476.31726857166	2.0170034269668053
3478.33848616045	2.1303215677596894
3480.35915257955	1.946181750277437
3482.37926807462	1.8555313873510602
3484.39883289117	1.8866922334765166
3486.41784727458	1.8810278825770983
3488.43631147007	2.036832113204097
3490.45422572275	1.9858425808416322
3492.47159027755	2.050996448541971
3494.4884053793	2.079328577307613
3496.50467127263	1.8272027166753129
3498.5203882021	1.9320174149395635
