1001.77463942924	0.027884614426014063
1004.53092997605	0.013883913992197771
1007.28635062209	0.026134669294275333
1010.0409017241	0.03511839510363156
1012.79458363868	0.034184958105721176
1015.54739672233	0.038851858250311046
1018.29934133142	0.031151501496225212
1021.05041782219	0.03733520115681232
1023.8006265508	0.0467856454651354
1026.54996787325	0.03476846304628322
1029.29844214545	0.05005239011287138
1032.0460497232	0.03955186478750624
1034.79279096215	0.04970245805551137
1037.53866621786	0.04445219539283463
1040.28367584578	0.056119445754338484
1043.02782020123	0.043518758394912586
1045.7710996394	0.05950297684368131
1048.51351451539	0.05530265277553644
1051.25506518417	0.050402464592706565
1053.99575200061	0.05296920270324734
1056.73557531945	0.06358651447019599
1059.4745354953	0.05261927064588733
1062.2126328827	0.04946902759479619
1064.94986783605	0.06813677059567752
1067.68624070961	0.06486988352546637
1070.42175185757	0.06113642037878689
1073.15640163398	0.05868618386487926
1075.89019039278	0.04783572648216579
1078.6231184878	0.05425271418099291
1081.35518627276	0.062303002992450424
1084.08639410125	0.06545324604354157
1086.81674232676	0.05880297030648612
1089.54623130267	0.06323643999034913
1092.27486138224	0.04911909553743617
1095.00263291861	0.055419296794656445
1097.72954626482	0.06171978289685041
1100.45560177378	0.06346987045108765
1103.18079979831	0.05763610284783721
1105.90514069112	0.060786345898940025
1108.62862480477	0.05133590159061694
1111.35125249175	0.0625364334531656
1114.07302410441	0.05390263970115772
1116.793939995	0.06288636551051394
1119.51400051566	0.05973640730439649
1122.23320601841	0.05600280173521848
1124.95155685517	0.055769513696990146
1127.66905337774	0.05833625180753092
1130.38569593782	0.056936238733140535
1133.10148488697	0.05343592120219086
1135.81642057667	0.06440316502651118
1138.53050335829	0.05775288928945573
1141.24373358306	0.06895342115199272
1143.95611160214	0.06451980904563119
1146.66763776654	0.05996955292013798
1149.37831242718	0.06031962739998484
1152.08813593487	0.06230314541493727
1154.7971086403	0.06066970187982002
1157.50523089408	0.0505191086118149
1160.21250304667	0.06440316502649951
1162.91892544844	0.06755340807760234
1165.62449844965	0.06661997107969195
1168.32922240045	0.06860334667215753
1171.0330976509	0.06557003248514842
1173.73612455091	0.07525376483169983
1176.43830345031	0.058569682268246104
1179.13963469882	0.06603660856161676
1181.84011864604	0.06486988352546637
1184.53975564147	0.07548705286993984
1187.23854603451	0.0691868516127079
1189.93649017442	0.06055305786070002
1192.63358841039	0.07128687122429349
1195.32984109149	0.07222016579971702
1198.02524856667	0.07268688429867222
1200.71981118478	0.06451995146810637
1203.41352929457	0.08085410197421175
1206.10640324467	0.0698868581499031
1208.79843338361	0.06428652100739118
1211.48962005981	0.07502033437097298
1214.17996362159	0.06848670265303754
1216.86946441716	0.07852050947942414
1219.55812279461	0.0781705774220758
1222.24593910194	0.08248740308684216
1224.93291368704	0.06661997107969195
1227.61904689769	0.07700385238592541
1230.30433908157	0.078753939940151
1232.98879058625	0.07712049640504542
1235.67240175918	0.07187023374236869
1238.35517294773	0.07198687776148868
1241.03710449915	0.08248740308683049
1243.71819676058	0.07630384584873022
1246.39845007907	0.07490369035186466
1249.07786480155	0.08283747756667734
1251.75644127485	0.07747042846240543
1254.43417984571	0.08178739654964695
1257.11108086072	0.07933716003573933
1259.78714466643	0.08015395301454138
1262.46237160921	0.08458742269841607
1265.1367620354	0.08097060357085659
1267.81031629118	0.0782872214411958
1270.48303472266	0.08703765921232369
1273.15491767583	0.07572048333065502
1275.82596549657	0.08120403403157177
1278.49617853067	0.08237075906772215
1281.16555712381	0.08038738347526823
1283.83410162156	0.07700370996343857
1286.50181236939	0.08027073945613657
1289.16868971269	0.08353748410387253
1291.8347339967	0.08202082701036215
1294.49994556659	0.08470420914002293
1297.16432476743	0.08925446526550446
1299.82787194415	0.08995447180269965
1302.49058744163	0.10057164114717312
1305.15247160459	0.08563750371544646
1307.81352477769	0.09030440386005967
1310.47374730548	0.09520473446537639
1313.1331395324	0.10197179664405036
1315.79170180277	0.09882155359293587
1318.44943446083	0.09578809698345157
1321.10633785073	0.09520473446537639
1323.76241231648	0.09812154705575235
1326.41765820202	0.10698862884600024
1329.07207585117	0.11480562961920608
1331.72566560766	0.11550577857889979
1334.3784278151	0.11212224748955697
1337.03036281703	0.12962312303181275
1339.68147095686	0.13580668026991302
1342.33175257789	0.12460614840737602
1344.98120802335	0.11643907315432332
1347.62983763636	0.12390614187018083
1350.27764175994	0.109088790880061
1352.92462073697	0.11387233504378255
1355.57077491028	0.10652191034703339
1358.21610462259	0.10815535388215063
1360.86061021649	0.0896043973228528
1363.50429203449	0.10418846027473261
1366.14715041901	0.09928827209190273
1368.78918571234	0.0996383465717496
1371.4303982567	0.10337180971842908
1374.07078839419	0.08995447180269965
1376.71035646681	0.09870490957382753
1379.34910281647	0.09438808390906119
1381.98702778498	0.08972104134198447
1384.62413171402	0.09532152090698323
1387.26041494523	0.09695482201960197
1389.89587782008	0.0932213588729108
1392.53052068001	0.09182120337603356
1395.16434386629	0.09835483509399236
1397.79734772015	0.09812154705575235
1400.42953258269	0.09625467305991992
1403.0608987949	0.1013884341259635
1405.69144669771	0.09427129746746601
1408.32117663193	0.09088790880061003
1410.95008893825	0.08948775330374446
1413.57818395728	0.08878774676654927
1416.20546202954	0.08937110928462447
1418.83192349543	0.08820438424847407
1421.45756869528	0.08902103480478928
1424.08239796929	0.0859875781952933
1426.70641165757	0.0945047279281812
1429.32961010016	0.09205449141427358
1431.95199363695	0.0945047279281812
1434.57356260778	0.08318755204651253
1437.19431735237	0.09088790880061003
1439.81425821033	0.09228792187500043
1442.43338552118	0.08855431630582242
1445.05169962437	0.09625481548240676
1447.66920085921	0.09357129093025914
1450.28588956493	0.09543816492609157
1452.90176608067	0.09310457243131562
1455.51683074547	0.08855431630582242
1458.13108389825	0.08295412158579735
1460.74452587786	0.08458756512090292
1463.35715702303	0.0926379963548356
1465.96897767243	0.1013884341259635
1468.57998816457	0.08773766574951888
1471.19018883794	0.09298807083468247
1473.79958003086	0.08785430976862722
1476.4081620816	0.08412084662194773
1479.01593532831	0.09578809698345157
1481.62290010905	0.08948775330374446
1484.22905676179	0.09380472139098599
1486.83440562438	0.09275464037395562
1489.43894703461	0.08902117722727612
1492.04268133016	0.09707146603872197
1494.64560884857	0.09928827209190273
1497.24772992735	0.09217127785588042
1499.84904490388	0.09800490303664401
1502.44955411543	0.09637145950152677
1505.0492578992	0.10803870986303062
1507.64815659229	0.09193784739516524
1510.24625053168	0.08505414119737126
1512.84354005429	0.09940491611102274
1515.44002549691	0.09672153398136196
1518.03570719625	0.09625481548240676
1520.63058548894	0.10640526632791338
1523.22466071147	0.10383852821738428
1525.81793320028	0.10815535388215063
1528.41040329169	0.11503906007993293
1531.00207132192	0.10547197175248985
1533.59293762712	0.1181891607085489
1536.18300254332	0.11690593407576536
1538.77226640645	0.10430524671633946
1541.36072955237	0.12192276627771524
1543.94839231684	0.12717288651790512
1546.53525503548	0.12962312303181275
1549.12131804389	0.14420718598369256
1551.70658167752	0.15354098627289564
1554.29104627173	0.17290859338848533
1556.87471216181	0.18609264326598643
1559.45757968292	0.21724414476221163
1562.03964917017	0.22331105798120357
1564.62092095853	0.2605296151188959
1567.2013953829	0.312098947170228
1569.78107277808	0.38385253689348836
1572.35995347877	0.4398553386286952
1574.93803781959	0.5058919471903119
1577.51532613504	0.5796289125060262
1580.09181875956	0.5904795123112149
1582.66751602746	0.5713451932338535
1585.24241827297	0.5251429102867933
1587.81652583024	0.4470889768838375
1590.3898390333	0.37766897965537644
1592.96235821611	0.31011557157776243
1595.53408371251	0.2607629031571242
1598.10501585628	0.2244779254398291
1600.67515498106	0.19344306796273558
1603.24450142043	0.169174987819319
1605.81305550788	0.16695832418862508
1608.38081757677	0.14572384307719127
1610.9477879604	0.14350717944650904
1613.51396699198	0.142457098429467
1616.07935500458	0.12028932274260966
1618.64395233122	0.12728967295951196
1621.20775930483	0.12133940375965171
1623.7707762582	0.1255395854052864
1626.33300352408	0.10897214686095268
1628.89444143508	0.11655585959593018
1631.45509032376	0.09788825901752402
1634.01495052255	0.10815549630463747
1636.5740223638	0.10208829824067185
1639.13230617978	0.10197179664403869
1641.68980230264	0.09602152744417843
1644.24651106446	0.09520473446537639
1646.80243279721	0.09870490957382753
1649.35756783278	0.08517092763897811
1651.91191650296	0.09380457896851081
1654.46547913944	0.08902117722726445
1657.01825607383	0.08902103480478928
1659.57024763764	0.07852050947942414
1662.12145416229	0.08925446526550446
1664.6718759791	0.06755340807760234
1667.2215134193	0.08225411504860215
1669.77036681404	0.078987227978391
1672.31843649435	0.07793714696134894
1674.8657227912	0.08038724105278139
1677.41222603543	0.07653713388697023
1679.95794655782	0.078987227978391
1682.50288468904	0.07688706594433023
1685.04704075968	0.08715430323143203
1687.59041510022	0.08003730899542139
1690.13300804106	0.07887058395927099
1692.67481991249	0.07933730245822618
1695.21585104474	0.07432032783378946
1697.75610176791	0.078987227978391
1700.29557241205	0.0774705708848806
1702.83426330707	0.07747057088489227
1705.37217478282	0.07665377790609022
1707.90930716905	0.07618720182962188
1710.44566079541	0.0708201527253383
1712.98123599146	0.08027059703366139
1715.51603308669	0.0707035087062183
1718.05005241045	0.07700385238593709
1720.58329429205	0.08027073945613657
1723.11575906067	0.07187023374236869
1725.64744704542	0.07315374522012592
1728.17835857532	0.07420368381466945
1730.70849397927	0.07303695877851907
1733.2378535861	0.07035343422638311
1735.76643772453	0.07467040231363632
1738.29424672323	0.07980402095718138
1740.82128091074	0.07420368381466945
1743.3475406155	0.07548705286993984
1745.87302616589	0.08400420260282772
1748.39773789019	0.0707035087062183
1750.92167611656	0.07338689083587908
1753.44484117311	0.06603660856161676
1755.96723338783	0.0815539660889201
1758.48885308862	0.07327024681675907
1761.00970060331	0.07945394647734619
1763.52977625961	0.07665377790607855
1766.04908038514	0.07373696531571426
1768.56761330746	0.06988671572742793
1771.08537535401	0.07887058395927099
1773.60236685214	0.07432032783378946
1776.11858812912	0.08027073945614824
1778.63403951211	0.07595377136889503
1781.14872132821	0.07642034744536337
1783.6626339044	0.06977021413078309
1786.17577756757	0.07362032129659427
1788.68815264454	0.07455375829450464
1791.199759462	0.08038738347526823
1793.7105983466	0.0669699031370403
1796.22066962486	0.07502033437098465
1798.72997362322	0.07478704633274465
1801.23851066803	0.07280352831780389
1803.74628108554	0.0743204702562763
1806.25328520193	0.07677056434769708
1808.75952334326	0.08050402749437657
1811.2649958355	0.067670052096734
1813.76970300458	0.08120403403157177
1816.27364517628	0.08610422221440164
1818.77682267629	0.08237075906772215
1821.27923583026	0.06883677713287271
1823.78088496369	0.07805379098046895
1826.28177040204	0.07712049640504542
1828.78189247064	0.06510331398619323
1831.28125149473	0.07805379098046895
1833.77984779949	0.08820438424847407
1836.27768170998	0.0701201461881431
1838.77475355119	0.08248740308684216
1841.271063648	0.07910401441999784
1843.76661232521	0.08120403403157177
1846.26139990751	0.07163694570414035
1848.75542671954	0.08482085315914292
1851.2486930858	0.07350367727747426
1853.74119933074	0.07992066497630138
1856.23294577869	0.07863729592103098
1858.72393275391	0.08622100865602016
1861.21416058054	0.078753939940151
1863.70362958267	0.08097074599333176
1866.19234008426	0.08330419606563252
1868.6802924092	0.08528757165809811
1871.16748688129	0.078987227978391
1873.65392382424	0.08295412158579735
1876.13960356164	0.0834208400847642
1878.62452641704	0.07315374522012592
1881.10869271384	0.07992066497631305
1883.59210277541	0.06697004555952714
1886.07475692498	0.07268688429868389
1888.55665548571	0.0707035087062183
1891.03779878067	0.07117022720518516
1893.51818713284	0.07268688429867222
1895.99782086509	0.07187023374236869
1898.47670030024	0.06766990967423549
1900.95482576096	0.07572048333065502
1903.43219756989	0.08108739001245176
1905.90881604954	0.07537040885081984
1908.38468152235	0.0756038393115467
1910.85979431064	0.07653713388697023
1913.33415473668	0.07758721490400061
1915.80776312261	0.06697004555953881
1918.28061979051	0.07233695224132387
1920.75272506234	0.07443697185289778
1923.22407926001	0.0691868516127079
1925.69468270529	0.06603660856161676
1928.16453571989	0.07350367727747426
1930.63363862544	0.06755340807761401
1933.10199174344	0.06918670919023273
1935.56959539533	0.07443697185290946
1938.03644990244	0.07618705940712336
1940.50255558603	0.0701201461881431
1942.96791276726	0.0714035152434135
1945.43252176718	0.07677056434769708
1947.8963829068	0.0750204767934715
1950.35949650697	0.07152030168500867
1952.8218628885	0.0743204702562763
1955.2834823721	0.07175344730076183
1957.74435527836	0.07712049640504542
1960.20448192784	0.07607041538800337
1962.66386264093	0.07572034090817985
1965.12249773799	0.07373696531570259
1967.58038753927	0.07817057742208747
1970.03753236493	0.07758721490400061
1972.49393253504	0.0827206911250705
1974.94958836957	0.07385360933483427
1977.4045001884	0.06755326565512716
1979.85866831133	0.0795705904964662
1982.31209305807	0.07338703325836593
1984.76477474823	0.08202082701036215
1987.21671370133	0.08680437117408368
1989.6679102368	0.07758721490401228
1992.11836467399	0.07583698492728819
1994.56807733213	0.08272069112508217
1997.0170485304	0.06720333359776715
1999.46527858786	0.07315360279763908
2001.91276782348	0.06907006517110105
2004.35951655615	0.07140365766590034
2006.80552510467	0.06953678367006791
2009.25079378774	0.08202068458788697
2011.69532292397	0.07082015272532663
2014.13911283188	0.07933730245822618
2016.58216382991	0.0865709407133685
2019.02447623639	0.07420368381466945
2021.46605036956	0.06720333359776715
2023.90688654761	0.07152030168502034
2026.34698508858	0.07642034744536337
2028.78634631045	0.07292031475939907
2031.22497053111	0.06883663471038587
2033.66285806835	0.07595377136889503
2036.10000923987	0.07502033437098465
2038.53642436328	0.08027059703366139
2040.97210375611	0.0663865406189651
2043.40704773578	0.07397025335395427
2045.84125661964	0.07548705286992817
2048.27473072492	0.07595377136889503
2050.70747036878	0.06813662817320235
2053.13947586829	0.08050402749438824
2055.57074754041	0.0714035152434135
2058.00128570205	0.07408703979554945
2060.43109066998	0.07245359626044388
2062.8601627609	0.06895342115199272
2065.28850229143	0.07198687776148868
2067.71610957807	0.07863729592103098
2070.14298493726	0.07117022720518516
2072.56912868532	0.0701201461881431
2074.99454113851	0.07280352831779222
2077.41922261297	0.07245359626044388
2079.84317342476	0.06346987045107598
2082.26639388986	0.07000335974653625
2084.68888432414	0.06673661509881196
2087.1106450434	0.0705868646870983
2089.53167636331	0.07455361587202947
2091.95197859949	0.05938619040207446
2094.37155206745	0.06871999069127754
2096.79039708261	0.07350367727747426
2099.20851396029	0.061486352436135226
2101.62590301575	0.06498652754458638
2104.04256456411	0.0722201657997287
2106.45849892045	0.06101977635966688
2108.87370639971	0.07303695877851907
2111.28818731677	0.06603660856161676
2113.70194198641	0.06615325258072509
2116.11497072333	0.07350367727747426
2118.52727384211	0.07397025335395427
2120.93885165726	0.07443711427538463
2123.34970448321	0.07548705286993984
2125.75983263425	0.07023679020726312
2128.16923642463	0.07117008478268665
2130.57791616848	0.07187023374236869
2132.98587217985	0.07198702018397553
2135.3931047727	0.07000350216903478
2137.79961426089	0.06930349563183957
2140.20540095818	0.07163694570412868
2142.61046517826	0.0662698965998451
2145.01480723472	0.062186501395817266
2147.41842744104	0.06953678367006791
2149.82132611063	0.07315360279763908
2152.22350355681	0.061953070935090414
2154.62496009279	0.07350367727747426
2157.0256960317	0.06381980250842433
2159.42571168658	0.0701201461881431
2161.82500737036	0.06521981558281471
2164.22358339589	0.07245359626044388
2166.62144007595	0.0715201592625335
2169.01857772318	0.06673661509881196
2171.41499665018	0.06942013965094791
2173.81069716942	0.07023679020725145
2176.20567959329	0.07420368381466945
2178.59994423409	0.07257024027956388
2180.99349140402	0.06848670265302587
2183.38632141519	0.0707035087062183
2185.77843457964	0.07128687122429349
2188.16983120927	0.08027059703366139
2190.56051161594	0.06685325911793195
2192.95047611139	0.06860334667215753
2195.33972500725	0.0632364399903608
2197.72825861511	0.07455375829450464
2200.11607724641	0.06276986391389246
2202.50318121254	0.07782050294224062
2204.88957082477	0.07280352831780389
2207.27524639429	0.06556989006266158
2209.6602082322	0.06580332052338843
2212.0444566495	0.06463659548722636
2214.4279919571	0.06673661509881196
2216.81081446582	0.06160299645525523
2219.19292448638	0.06650332706057195
2221.57432232942	0.0693034956318279
2223.95500830547	0.07443697185290946
2226.33498272498	0.07210352178059702
2228.7142458983	0.06860348909464438
2231.09279813569	0.07408703979554945
2233.47063974732	0.07233680981883703
2235.84777104327	0.07222030822220386
2238.2241923335	0.06603660856161676
2240.59990392792	0.06907006517111272
2242.97490613632	0.06743662163599548
2245.34919926839	0.06463659548723803
2247.72278363376	0.0656865340817699
2250.09565954192	0.06148649485862207
2252.46782730231	0.06580332052337676
2254.83928722425	0.06393644652755599
2257.21003961698	0.06871999069127754
2259.58008478963	0.0632364399903608
2261.94942305127	0.0625364334531656
2264.31805471084	0.06661997107969195
2266.68598007721	0.06766990967423549
2269.05319945914	0.06708668957865882
2271.4197131653	0.0732702468167474
2273.78552150427	0.06276972149139394
2276.15062478456	0.06428652100739118
2278.51502331454	0.07350367727748593
2280.87871740252	0.06918670919023273
2283.24170735671	0.06510331398618155
2285.60399348521	0.07700385238593709
2287.96557609605	0.06521981558282638
2290.32645549714	0.064053090546676
2292.68663199633	0.0707035087062183
2295.04610590133	0.06521995800530156
2297.40487751981	0.06498652754457471
2299.76294715931	0.06533660202442157
2302.12031512727	0.06463645306475119
2304.47698173107	0.061953070935090414
2306.83294727796	0.07117022720517349
2309.18821207512	0.06557003248514842
2311.54277642963	0.06556989006266158
2313.89664064847	0.07233695224132387
2316.24980503852	0.07443711427538463
2318.6022699066	0.06953678367006791
2320.95403555938	0.07677042192521023
2323.30510230349	0.0745536158720178
2325.65547044542	0.060202983380864834
2328.0051402916	0.07082015272532663
2330.35411214835	0.07000350216902311
2332.7023863219	0.07642048986785022
2335.04996311837	0.06638668304145194
2337.39684284382	0.06871999069126587
2339.74302580418	0.06381980250842433
2342.08851230529	0.07513697839009299
2344.43330265291	0.0680201265765692
2346.7773971527	0.07910401441999784
2349.12079611023	0.0704702206679783
2351.46349983096	0.07140365766590034
2353.80550862026	0.06650332706057195
2356.14682278342	0.0698868581499031
2358.48744262562	0.06790348255744919
2360.82736845194	0.06171978289685041
2363.16660056738	0.06486988352546637
2365.50513927683	0.07630370342624337
2367.8429848851	0.07583712734977503
2370.1801376969	0.06907006517111272
2372.51659801683	0.06790334013496234
2374.85236614941	0.07338689083586741
2377.18744239906	0.07280367074027906
2379.52182707011	0.07502033437098465
2381.85552046679	0.058452895826639255
2384.18852289322	0.07093679674445831
2386.52083465345	0.06953678367006791
2388.85245605142	0.07210352178060869
2391.18338739097	0.07175358972324868
2393.51362897585	0.063819802508436
2395.84318110973	0.07210352178060869
2398.17204409615	0.07082015272532663
2400.50021823858	0.07233695224132387
2402.82770384038	0.07945394647734619
2405.15450120483	0.07945394647734619
2407.48061063509	0.07408703979556112
2409.80603243426	0.06055305786070002
2412.13076690529	0.06720333359776715
2414.4548143511	0.08085395955173658
2416.77817507445	0.07362032129659427
2419.10084937804	0.0750204767934715
2421.42283756447	0.0781705774220758
2423.74413993625	0.07712049640504542
2426.06475679575	0.08085410197422342
2428.38468844531	0.0863376526751285
2430.70393518711	0.10127164768436832
2433.02249732329	0.09893819761206755
2435.34037515584	0.1059386902514567
2437.65756898669	0.10442189073545946
2439.97407911767	0.0945047279281812
2442.28990585049	0.09987163460997793
2444.60504948679	0.11713907969151852
2446.91951032808	0.11142209852987493
2449.23328867581	0.12110611572140004
2451.54638483132	0.10862207238110581
2453.85879909585	0.1219226238552284
2456.17053177052	0.11632242913520333
2458.48158315639	0.09695482201960197
2460.79195355441	0.09847162153558753
2463.10164326542	0.09823819107487235
2465.41065259017	0.10115500366523664
2467.71898182932	0.08762102173039889
2470.02663128344	0.08668772715496367
2472.33360125296	0.1022050846822787
2474.63989203825	0.0978881165950255
2476.94550393958	0.08423749064106772
2479.25043725712	0.08832102826758241
2481.55469229093	0.08528757165809811
2483.85826934098	0.09252135233572728
2486.16116870713	0.07723714042416542
2488.46339068916	0.08225411504860215
2490.76493558676	0.0872709472505637
2493.06580369949	0.07665377790609022
2495.36599532684	0.07933730245822618
2497.66551076817	0.06755326565512716
2499.96435032278	0.07373696531570259
2502.26251428984	0.0731536027976274
2504.56000296845	0.08797109621023406
2506.85681665757	0.07257038270205073
2509.15295565612	0.07852050947943581
2511.44842026287	0.08307076560490567
2513.74321077651	0.08260404710595048
2516.03732749563	0.07805393340296747
2518.33077071873	0.07292031475939907
2520.62354074419	0.08307076560491734
2522.91563787031	0.07700385238592541
2525.20706239528	0.07548705286993984
2527.49781461721	0.08342084008475253
2529.78789483408	0.0796872345155862
2532.0773033438	0.08108724758996491
2534.36604044416	0.08085410197422342
2536.65410643286	0.06346987045107598
2538.9415016075	0.07747042846239376
2541.22822626558	0.07327038923923425
2543.51428070449	0.07595377136889503
2545.79966522154	0.07665377790607855
2548.08438011393	0.0714035152434135
2550.36842567876	0.07490369035186466
2552.65180221302	0.078753939940151
2554.93451001363	0.07315360279763908
2557.21654937738	0.06521981558281471
2559.49792060096	0.07747057088489227
2561.77862398098	0.08120403403157177
2564.05865981395	0.0707035087062183
2566.33802839626	0.07023679020726312
2568.61673002421	0.07210352178060869
2570.89476499399	0.07933730245822618
2573.17213360172	0.08073731553261658
2575.44883614338	0.07992066497630138
2577.72487291489	0.07560383931153503
2580.00024421203	0.07642048986785022
2582.27495033048	0.07968723451557452
2584.54899156587	0.09065447833989485
2586.82236821368	0.07933716003573933
2589.0950805693	0.08738773369217055
2591.36712892802	0.0872709472505637
2593.63851358505	0.08505414119737126
2595.90923483547	0.09578809698345157
2598.17929297426	0.09742154051855716
2600.44868829631	0.10185501020244352
2602.71742109642	0.11200560347043696
2604.98549166927	0.10477196521529465
2607.25290030944	0.10570525979072985
2609.51964731142	0.10955550937901619
2611.78573296958	0.13277336608291557
2614.05115757822	0.13884027930189582
2616.31592143149	0.12903976051373756
2618.58002482349	0.15459106728992603
2620.84346804817	0.15680787334310678
2623.10625139942	0.17629212447782816
2625.36837517101	0.20079335023698625
2627.6298396566	0.21432733217182398
2629.89064514976	0.23124484519600458
2632.15079194395	0.2619296281932746
2634.41028033254	0.2996149038299221
2636.66911060878	0.3270329421794678
2638.92728306582	0.360751324208709
2641.18479799672	0.4194376504960751
2643.44165569444	0.4868742721320589
2645.69785645182	0.5329599110600108
2647.95340056162	0.5902460818504996
2650.20828831645	0.6416987698827118
2652.46252000888	0.7038851288560422
2654.71609593134	0.7723719739315549
2656.96901637616	0.8294248566838037
2659.22128163557	0.8595262771629869
2661.47289200171	0.9303464298883369
2663.72384776659	0.9376968545850745
2665.97414922213	0.9705985860580003
2668.22379666017	0.9802823184045635
2670.4727903724	0.9614980738070373
2672.72113065044	0.9145957843227935
2674.9688177858	0.8714268155627425
2677.21585206988	0.8526425709652163
2679.46223379399	0.769455161341179
2681.70796324931	0.7192859847867124
2683.95304072694	0.6401819703667262
2686.19746651787	0.5863959746846885
2688.44124091298	0.5179092720316509
2690.68436420305	0.49084130816196375
2692.92683667876	0.4209543075895738
2695.16865863068	0.3740520181053184
2697.40983034928	0.35025079888335553
2699.65035212492	0.3097654970979389
2701.89022424785	0.27873049719834686
2704.12944700824	0.2577295889701151
2706.36802069612	0.21327725115480528
2708.60594560146	0.20837706297196373
2710.84322201407	0.19892661866364064
2713.0798502237	0.1790922930490841
2715.31583051998	0.16660824970878987
2717.55116319244	0.13942364181998268
2719.78584853048	0.1401236483571662
2722.01988682344	0.12787303547758716
2724.2532783605	0.12098932927980487
2726.48602343079	0.10967215339814787
2728.71812232329	0.1143389111202509
2730.9495753269	0.09893819761206755
2733.1803827304	0.10815535388215063
2735.4105448225	0.09543816492610324
2737.64006189173	0.09100455281973004
2739.86893422659	0.08517078521649127
2742.09716211544	0.08622086623352164
2744.32474584653	0.08307076560491734
2746.55168570802	0.09182120337604524
2748.77798198795	0.07793714696136061
2751.00363497426	0.0859875781952933
2753.22864495479	0.08120403403157177
2755.45301221725	0.07992066497631305
2757.67673704928	0.07607041538801504
2759.89981973839	0.07187023374236869
2762.12226057198	0.06942013965095958
2764.34405983734	0.07478704633274465
2766.56521782169	0.06615325258073676
2768.7857348121	0.06498652754458638
2771.00561109555	0.06475323950634637
2773.22484695892	0.07455375829450464
2775.44344268897	0.06381994493092284
2777.66139857236	0.0624197894340456
2779.87871489564	0.06685325911792028
2782.09539194526	0.06661997107969195
2784.31143000754	0.05740295723209572
2786.52682936873	0.05658616425329367
2788.74159031494	0.06381994493092284
2790.95571313218	0.05926954638295446
2793.16919810637	0.06335308400948081
2795.38204552329	0.05821960778839925
2797.59425566864	0.06370315848931599
2799.805828828	0.0541360701618729
2802.01676528685	0.06230300299243875
2804.22706533056	0.054719432679948096
2806.43672924436	0.058102963769290916
2808.64575731343	0.05950297684366964
2810.85414982279	0.055069364737296435
2813.06190705738	0.06358651447019599
2815.26902930203	0.05891961432560612
2817.47551684145	0.055769513696990146
2819.68136996024	0.058452895826639255
2821.88658894291	0.05180247766709696
2824.09117407383	0.04853573301936098
2826.29512563729	0.05366935166291771
2828.49844391747	0.05226933858852732
2830.70112919842	0.06370315848931599
2832.90318176409	0.05681959471402053
2835.10460189833	0.049819102074631375
2837.30538988487	0.057169384348882024
2839.50554600732	0.05296920270323567
2841.70507054922	0.04935238357567619
2843.90396379395	0.05973626488190965
2846.10222602482	0.053669209240430865
2848.29985752501	0.05355270764380938
2850.49685857759	0.05658616425329367
2852.69322946553	0.05285255868412734
2854.88897047169	0.05623608977345849
2857.08408187879	0.05740295723209572
2859.27856396949	0.05296934512572252
2861.4724170263	0.05156918962885695
2863.66564133164	0.047135719944970594
2865.85823716781	0.056119445754338484
2868.050204817	0.049819102074631375
2870.2415445613	0.04713557752249542
2872.43225668266	0.05810282134680407
2874.62234146295	0.05075253907254175
2876.81179918393	0.052735914665007336
2879.00063012722	0.05530279519803496
2881.18883457435	0.056002659312731635
2883.37641280674	0.04900245151831617
2885.56336510569	0.048652377038469315
2887.7496917524	0.04888566507670932
2889.93539302793	0.04515234435251668
2892.12046921326	0.05156918962885695
2894.30492058926	0.05716952677136887
2896.48874743666	0.05016903413197971
2898.67195003609	0.04561892042898502
2900.85452866809	0.04503555791090983
2903.03648361305	0.04561892042898502
2905.21781515128	0.04783558405967894
2907.39852356295	0.04783572648217746
2909.57860912814	0.04818580096200097
2911.75807212682	0.05005239011285971
2913.93691283883	0.05051910861182657
2916.1151315439	0.047719082463045785
2918.29272852166	0.04118545074511033
2920.46970405161	0.045852350889711874
2922.64605841316	0.04783558405967894
2924.82179188558	0.05051910861182657
2926.99690474805	0.05705274032977369
2929.17139727962	0.03791856367489919
2931.34526975924	0.04970245805551137
2933.51852246574	0.05005239011287138
2935.69115567784	0.051452545609736944
2937.86316967414	0.038735214231202714
2940.03456473313	0.044218907354606304
2942.20534113318	0.04141859636085182
2944.37549915256	0.03756848919505233
2946.54503906942	0.04456898183444149
2948.71396116179	0.04643557098530022
2950.8822657076	0.043985476893879445
2953.04995298465	0.042352033358773876
2955.21702327062	0.03476846304628322
2957.38347684312	0.04783572648217746
2959.54931397958	0.048069014520405795
2961.71453495737	0.04141873878333867
2963.87914005372	0.044685483431074646
2966.04312954574	0.039318576749277905
2968.20650371045	0.044218907354594626
2970.36926282472	0.04200210130142554
2972.53140716535	0.04340211437579258
2974.69293700897	0.043052182318455916
2976.85385263216	0.04095202028438348
2979.01415431133	0.04036865776630829
2981.17384232278	0.039318576749277905
2983.33291694274	0.04375218885563944
2985.49137844726	0.03640176415890194
2987.64922711234	0.03756863161753918
2989.8064632138	0.0316182199951804
2991.9630870274	0.03896850226944272
2994.11909882875	0.035935045659935085
2996.27449889334	0.03943522076838624
2998.42928749659	0.04620228294706021
3000.58346491374	0.03616847612066194
3002.73703141997	0.033251663530285976
3004.8899872903	0.03885200067280956
3007.04233279965	0.037918563674887516
3009.19406822284	0.04223538933965387
3011.34519383455	0.03126828793783206
3013.49570990936	0.03523518154523841
3015.64561672172	0.030568138978150017
3017.79491454597	0.040718732246155145
3019.94360365632	0.03581840164082675
3022.09168432689	0.03640176415889027
3024.23915683165	0.03255165699310245
3026.38602144448	0.03721841471521715
3028.53227843913	0.03441838856643636
3030.67792808923	0.0316182199951804
3032.82297066831	0.034651676604676364
3034.96740644975	0.03138478953445355
3037.11123570684	0.034651676604676364
3039.25445871273	0.031151501496225212
3041.39707574049	0.04025201374718829
3043.53908706303	0.031501575976060396
3045.68049295316	0.03768527563665918
3047.82129368358	0.030334708517423165
3049.96148952684	0.037685133214160664
3052.1010807554	0.03220158251325559
3054.24006764161	0.03441838856643636
3056.37845045767	0.03511839510363156
3058.51622947568	0.03103485747710521
3060.65340496763	0.028001400867620915
3062.78997720535	0.03733520115681232
3064.92594646061	0.043518758394912586
3067.06131300501	0.0317348640143004
3069.19607711007	0.032318368954862446
3071.33023904715	0.031151501496225212
3073.46379908752	0.028934695443032774
3075.59675750233	0.027301251907927197
3077.7291145626	0.027651326387774056
3079.86087053922	0.02975148842183482
3081.99202570299	0.0397852952482331
3084.12258032456	0.03150143355357355
3086.25253467448	0.030101562901670004
3088.38188902317	0.032318368954862446
3090.51064364093	0.0317348640143004
3092.63879879794	0.03371838202924116
3094.76635476428	0.02240106372508565
3096.89331180986	0.034184958105709505
3099.01967020452	0.028118044886729244
3101.14543021796	0.030218206920790008
3103.27059211975	0.026718031812338852
3105.39515617934	0.030218064498303162
3107.51912266608	0.027651468810260902
3109.64249184919	0.02695131985057886
3111.76526399774	0.03196815205254041
3113.88743938072	0.027067963869698865
3116.00901826698	0.039901939267341424
3118.13000092523	0.033718382029252834
3120.2503876241	0.028001258445122395
3122.37017863206	0.03010142047919483
3124.48937421748	0.03511839510363156
3126.6079746486	0.026017882852668484
3128.72598019354	0.03290158905045079
3130.84339112029	0.029401413941999632
3132.96020769673	0.02461786977827809
3135.07643019061	0.02275113820494418
3137.19205886957	0.026718031812338852
3139.3070940011	0.032551656993090775
3141.42153585259	0.027067963869698865
3143.5353846913	0.03523503912275156
3145.64864078438	0.025784594814428474
3147.76130439882	0.03336830754940598
3149.87337580154	0.02566795079530847
3151.98485525929	0.023684432780367713
3154.09574303872	0.03523503912275156
3156.20603940634	0.03313501951116597
3158.31574462857	0.02181770120702213
3160.42485897167	0.024034507260202898
3162.53338270181	0.03138493195694039
3164.64131608498	0.03313501951116597
3166.74865938712	0.030218064498303162
3168.85541287398	0.02788461442600239
3170.96157681123	0.025901238833536806
3173.0671514644	0.029634844402714817
3175.17213709889	0.02718460788881887
3177.27653397998	0.027534682368654053
3179.38034237284	0.029401413941999632
3181.48356254248	0.02788461442600239
3183.58619475382	0.02916798348127278
3185.68823927165	0.02216777568686899
3187.78969636061	0.02181770120701046
3189.89056628524	0.03441838856643636
3191.99084930995	0.031268145515345215
3194.09054569901	0.027884756848489237
3196.18965571659	0.017384089100648925
3198.28817962671	0.03033485093991001
3200.38611769327	0.025784594814428474
3202.48347018006	0.028351475347444425
3204.58023735073	0.028934695443044445
3206.67641946881	0.02461786977827809
3208.77201679769	0.01913431907737302
3210.86702960065	0.02741803834953405
3212.96145814084	0.02426793772092975
3215.05530268128	0.02718460788881887
3217.14856348487	0.031151501496225212
3219.24124081437	0.038385282173842704
3221.33333493243	0.03441838856643636
3223.42484610157	0.03593518808242193
3225.51577458416	0.047135719944970594
3227.60612064247	0.052852701106602513
3229.69588453864	0.05005253253535823
3231.78506653466	0.05203590812781214
3233.87366689244	0.055069364737296435
3235.9616858737	0.05681959471402053
3238.04912374008	0.05891961432559444
3240.13598075307	0.05880297030647444
3242.22225717405	0.05168583364797695
3244.30795326425	0.04363540241403259
3246.39306928479	0.04491891389178983
3248.47760549664	0.03850192619296271
3250.56156216068	0.040718732246143474
3252.64493953762	0.03290158905045079
3254.72773788807	0.030918213457985205
3256.8099574725	0.026834675831458855
3258.89159855124	0.030918071035498356
3260.97266138451	0.024267795298442904
3263.05314623241	0.02566795079530847
3265.13305335488	0.026251313313383665
3267.21238301175	0.01995096963367655
3269.29113546272	0.021584270746295278
3271.36931096736	0.018084095637844123
3273.4469097851	0.018550814136810985
3275.52393217526	0.02146776914966212
3277.60037839702	0.01540071350818334
3279.67624870941	0.015284069489075009
3281.75154337138	0.024034507260202898
3283.8262626417	0.02181770120702213
3285.90040677904	0.018784244597526166
3287.97397604193	0.019834325614556544
3290.04697068876	0.020184257671916558
3292.11939097781	0.019017675058241347
3294.19123716721	0.015284069489075009
3296.26250951497	0.015517357527303344
3298.33320827897	0.015984076026270205
3300.40333371696	0.013884056414684617
3302.47288608655	0.013300551474122579
3304.54186564524	0.016450794525225396
3306.61027265036	0.013767269973077766
3308.67810735915	0.012367256898699048
3310.74537002869	0.021934487648617308
3312.81206091594	0.013767412395564614
3314.87818027774	0.019017532635766173
3316.94372837077	0.02123433868894694
3319.00870545161	0.013417337915729428
3321.07311177668	0.016334008083618543
3323.13694760229	0.019600895153841363
3325.2002131846	0.018434170117679307
3327.26290877964	0.014700706970999816
3329.32503464334	0.014000558011317775
3331.38659103145	0.016100862467877057
3333.4475781996	0.020650976170871745
3335.50799640332	0.01295061941677424
3337.56784589797	0.01680086900506058
3339.62712693879	0.01913431907737302
3341.68583978089	0.021701057187902127
3343.74398467924	0.009800376365671423
3345.80156188869	0.019250963096493025
3347.85857166394	0.01400070043380462
3349.91501425956	0.019834325614556544
3351.97088992999	0.014350632491164632
3354.02619892956	0.008750437771127889
3356.0809415124	0.013183907455002574
3358.13511793259	0.014117344452924625
3360.18872844401	0.015517499949801863
3362.24177330044	0.019367607115601357
3364.29425275552	0.015050781450835002
3366.34616706274	0.013300693896621097
3368.39751647548	0.008517007310401035
3370.44830124696	0.010850599805200324
3372.49852163029	0.011433819900776996
3374.54817787843	0.015517357527315017
3376.5972702442	0.012717331378534232
3378.64579898031	0.015167425469966678
3380.69376433931	0.013650625953969436
3382.74116657361	0.01213396886045904
3384.78800593552	0.017850807599604116
3386.83428267718	0.013067405858381089
3388.8799970506	0.00781700077321751
3390.92514930767	0.014117344452924625
3392.96973970014	0.009333657866716234
3395.01376847962	0.01493413743172667
3397.05723589757	0.009800376365671423
3399.10014220533	0.00933380028920308
3401.1424876541	0.012483900917807378
3403.18427249495	0.016334150506105392
3405.22549697881	0.008750437771127889
3407.26616135646	0.014700706970999816
3409.30626587856	0.014233988472044629
3411.34581079563	0.012133968860470712
3413.38479635805	0.017150943484907435
3415.42322281605	0.00933380028920308
3417.46109041976	0.014233988472044629
3419.49839941912	0.007116994236022314
3421.53515006399	0.005833625180751925
3423.57134260405	0.012833975397665908
3425.60697728886	0.006650275737067125
3427.64205436783	0.006066913218991932
3429.67657409025	0.00875043777113956
3431.71053670525	0.010383881306233462
3433.74394246185	0.003733605569178009
3435.77679160891	0.00326688707022282
3437.80908439515	0.004783544163721544
3439.84082106917	0.006300343679718786
3441.87200187943	0.010383881306245134
3443.90262707421	0.012600687359414229
3445.93269690172	0.011783894380623855
3447.96221160996	0.005250262662676732
3449.99117144686	0.008750437771127889
3452.01957666015	0.006066913218991932
3454.04742749746	0.006300343679707114
3456.07472420626	0.00466690014460154
3458.1014670339	0.014583920529392967
3460.12765622756	0.01166725036150385
3462.15329203432	0.0037334631466911625
3464.17837470108	0.0082837192721727
3466.20290447463	0.007116994236022314
3468.22688160161	0.010033806826398277
3470.25030632851	0.009100369828476227
3472.2731789017	0.00466690014460154
3474.29549956739	0.005133618643556729
3476.31726857166	0.012133826437972194
3478.33848616045	0.004316968087253201
3480.35915257955	0.004200181645646351
3482.37926807462	0.0
3484.39883289117	0.00023328803824000744
3486.41784727458	0.005016974624448398
3488.43631147007	0.0019833755924539126
3490.45422572275	0.009567088327443088
3492.47159027755	0.009450444308323085
3494.4884053793	0.009100369828487899
3496.50467127263	0.008050431233932691
3498.5203882021	0.0033833886668443052
