1000.07700129088	0.0039054663843831683
1002.83416209528	0.0
1005.59045264208	0.006350665797910833
1008.34587328813	0.006698709669475833
1011.10042439014	0.007853404443642773
1013.85410630472	0.004295981930819507
1016.60691938837	0.005331843072940613
1019.35886399746	0.009050508708683215
1022.10994048823	0.007793956535618388
1024.86014921684	0.00663080473687894
1027.60949053928	0.008999580009234271
1030.35796481149	0.008379792039275833
1033.10557238924	0.011801342502902377
1035.85231362819	0.009135389874428055
1038.5981888839	0.011937152368096162
1041.34319851182	0.009797649519257835
1044.08734286727	0.01185227120235132
1046.83062230544	0.00864301692909383
1049.57303718143	0.010765543544784208
1052.31458785021	0.014441799689648213
1055.05527466665	0.014755953278915154
1057.79509798549	0.013465386455551493
1060.53405816134	0.01494269184355788
1063.27215554874	0.016793598728855594
1066.00939050209	0.0161907869920502
1068.74576337565	0.01494269184355788
1071.48127452361	0.017676549404629094
1074.21592430002	0.016971880268925814
1076.94971305882	0.018737843804475754
1079.68264115384	0.0182538656997111
1082.41470893879	0.020580169297195087
1085.14591676728	0.019442512940179034
1087.8762649928	0.020987723260782312
1090.60575396871	0.02030003035822698
1093.33438404827	0.02199802677717709
1096.06215558464	0.01884822041194908
1098.78906893086	0.02112359530997903
1101.51512443981	0.020639617205219472
1104.24032246435	0.023993262736244032
1106.96466335716	0.02275368679633225
1109.68814747081	0.024969613786342913
1112.41077515779	0.022991416244426854
1115.13254677044	0.0241885205094622
1117.85346266104	0.02620067051767925
1120.57352318169	0.02674409653046829
1123.29272868445	0.025818611995815418
1126.01107952121	0.029758093030502517
1128.72857604378	0.02620067051767925
1131.44521860385	0.02994489377914818
1134.16100755301	0.031014645203567344
1136.87594324271	0.026718601088739802
1139.59002602433	0.030343928534159962
1142.3032562491	0.03240700724182086
1145.01563426818	0.03311173856153217
1147.72716043257	0.031099526369312184
1150.43783509322	0.030997668970414297
1153.14765860091	0.030598634215402515
1155.85663130634	0.03214384453600579
1158.56475356012	0.028255354384770576
1161.27202571271	0.03227119737662707
1163.97844811448	0.031600480707224786
1166.68402111569	0.03341737294221857
1169.38874506649	0.0366351464240515
1172.09262031694	0.038672791873991946
1174.79564721695	0.03790015562168884
1177.49782611635	0.040150097261998335
1180.19915736486	0.04160190720828133
1182.89964131208	0.04419143569558332
1185.59927830751	0.042578258258375114
1188.29806870054	0.04222169517823977
1190.99601284046	0.04136417776018672
1193.69311107643	0.0459743754642812
1196.38936375753	0.045346068285747325
1199.08477123271	0.04565170266643372
1201.77933385082	0.04443762216824534
1204.47305196061	0.0459743754642812
1207.1659259107	0.04672997329942833
1209.85795604964	0.04751106657630904
1212.54914272585	0.05338627347803576
1215.23948628763	0.04889497158999005
1217.92898708319	0.05457492071850369
1220.61764546064	0.05414193349719092
1223.30546176798	0.05404001391429009
1225.99243635308	0.056502189560970806
1228.67856956373	0.05334386398716226
1231.36386174761	0.05482962639974625
1234.04831325228	0.06258963046906364
1236.73192442522	0.06040765594535397
1239.41469561377	0.05694369599085902
1242.09662716519	0.06085768158381764
1244.77771942662	0.05712197753092924
1247.45797274511	0.05954168150273352
1250.13738746759	0.06008504533151453
1252.81596394089	0.06406693585707512
1255.49370251175	0.06324337090532307
1258.17060352676	0.06767528706934224
1260.84666733246	0.06528101635526351
1263.52189427525	0.06601118093269019
1266.19628470144	0.06522163063124206
1268.86983895722	0.07035815374696157
1271.5425573887	0.07133456698106339
1274.21444034186	0.07001856689997418
1276.8854881626	0.07085910808487418
1279.55570119671	0.06978083745187957
1282.22507978985	0.07126659986446356
1284.89362428759	0.0730241063754359
1287.56133503543	0.07461178837091562
1290.22821237872	0.07682771536092628
1292.89425666274	0.07784653808589649
1295.55946823263	0.08073318174530944
1298.22384743346	0.08163317083823893
1300.88739461019	0.0806907100704381
1303.55011010766	0.08337363893206037
1306.21199427063	0.08326326232458704
1308.87304744373	0.08491033004408821
1311.53326997152	0.08654048371444437
1314.19266219843	0.08624330635832538
1316.8512244688	0.08723669582557514
1319.50895712687	0.08789043626182948
1322.16586051676	0.08974128096312425
1324.82193498252	0.08936767946583293
1327.47718086806	0.08985165757059758
1330.1315985172	0.09566741656429992
1332.78518827369	0.09672871096414658
1335.43795048114	0.10358878812454252
1338.08988548307	0.10064269655710519
1340.74099362289	0.09947102554979029
1343.39127524392	0.10015026142776802
1346.04073068939	0.09930972024286802
1348.6893603024	0.10037947166728718
1351.33716442597	0.09959837839041157
1353.98414340301	0.10239168385950717
1356.63029757632	0.10397084664640635
1359.27562728863	0.10219636390228097
1361.92013288252	0.09985308407165412
1364.56381470053	0.10104173131211697
1367.20667308505	0.09897013339588062
1369.84870837838	0.10324913909355218
1372.48992092274	0.09987006030480207
1375.13031106023	0.10017569468549357
1377.76987913284	0.10006531807802024
1380.40862548251	0.10158509514090307
1383.04655045101	0.09849467449969142
1385.68365438006	0.10116908415273825
1388.31993761126	0.0968051351053189
1390.95540048612	0.10083795433032335
1393.59004334605	0.0968390875716148
1396.22386653233	0.09979363616362974
1398.85687038619	0.09659283891494476
1401.48905524873	0.1014322468585533
1404.12042146094	0.09828237830932236
1406.75096936375	0.10011630896147213
1409.38069929796	0.10349538775022223
1412.00961160428	0.10074455395600307
1414.63770662332	0.10063417734852974
1417.26498469557	0.0977135812228158
1419.89144616146	0.09682211133846685
1422.51709136132	0.10231525971832973
1425.14192063532	0.09729757023465607
1427.76593432361	0.09726355558435214
1430.3891327662	0.09601552261986275
1433.01151630299	0.09628720453425835
1435.63308527382	0.1028161518722394
1438.2538400184	0.0954212300916328
1440.87378087637	0.09907199079477341
1443.49290818722	0.09905501456162547
1446.1112222904	0.09828237830932236
1448.72872352524	0.0980276726280798
1451.34541223097	0.09379107642127665
1453.96128874671	0.09284867783748386
1456.5763534115	0.09352791371546158
1459.19060656429	0.09290812574550825
1461.8040485439	0.09521745310983919
1464.41667968907	0.09563346409799892
1467.02850033846	0.0912100671425552
1469.63951083061	0.09338358464169236
1472.24971150397	0.0971786744186073
1474.8591026969	0.09689853547963918
1477.46768474763	0.09307795026100087
1480.07545799434	0.09416467791856797
1482.68242277508	0.09471649877192659
1485.28857942782	0.09257699592308825
1487.89392829042	0.09525140557613508
1490.49846970065	0.09207610376918368
1493.10220399619	0.09678815887217096
1495.70513151461	0.09503065236119353
1498.30725259339	0.0963381332337022
1500.90856756992	0.10090585926292024
1503.50907678146	0.09860505110716473
1506.10878056524	0.09650795774919992
1508.70767925832	0.09900408586217652
1511.30577319772	0.09783241485486163
1513.90306272032	0.10052380074105641
1516.49954816295	0.0994031206171934
1519.09522986229	0.1003455192009862
1521.69010815498	0.10457365838321683
1524.28418337751	0.10528678454349262
1526.87745586632	0.10889513575576483
1529.46992595773	0.10834325271840328
1532.06159398796	0.11283461679045192
1534.65246029316	0.11354774295072771
1537.24252520935	0.11662118735878632
1539.83178907249	0.11657025865933739
1542.42025221841	0.12059462085976932
1545.00791498287	0.11914281091349142
1547.59477770152	0.12097667938163316
1550.18084070993	0.1260877692396373
1552.76610434356	0.12714054443090342
1555.35056893777	0.13115644960676284
1557.93423482785	0.1346543620275588
1560.51710234896	0.1388655249766364
1563.0991718362	0.13569016098567696
1565.68044362457	0.14196440264242058
1568.26091804893	0.14463035527089488
1570.84059544411	0.14637934257329177
1573.41947614481	0.150565010080646
1575.99756048562	0.14695665886837378
1578.57484880108	0.1457765308364864
1581.15134142559	0.14479166057781206
1583.72703869349	0.15244980724824175
1586.301940939	0.14873114161249917
1588.87604849628	0.1511168309340046
1591.44936169934	0.1548270395451696
1594.02188088215	0.1525517268311375
1596.59360637855	0.15323941973369282
1599.16453852232	0.14837451634836088
1601.73467764709	0.1507432916207162
1604.30402408647	0.15024233728280362
1606.87257817391	0.14930845790758115
1609.44034024281	0.13918813559047585
1612.00731062644	0.13710801846566406
1614.57348965801	0.1400541100331014
1617.13887767062	0.1355288556787598
1619.70347499726	0.13732877168060562
1622.26728197086	0.13271011695194374
1624.83029892423	0.12519629935528837
1627.39252619012	0.12314167767219487
1629.95396410112	0.1221058787140767
1632.5146129898	0.11825134102914248
1635.07447318858	0.11912583468033838
1637.63354502984	0.11469391851631922
1640.19182884582	0.11295345042249266
1642.74932496868	0.10804613754628722
1645.3060337305	0.10903946482953406
1647.86195546325	0.10690841900526823
1650.41709049882	0.10144922309170634
1652.971439169	0.1031133292283584
1655.52500180548	0.10273972773106707
1658.07777873987	0.1028161518722394
1660.62977030368	0.1023067405097543
1663.18097682833	0.09923329610169569
1665.73139864514	0.10157657593232762
1668.28103608534	0.09823996881844886
1670.82988948008	0.09525140557613508
1673.37795916039	0.09510707650236586
1675.92524545724	0.09698341664538912
1678.47174870147	0.09369767604695636
1681.01746922386	0.09382502888757764
1683.56240735508	0.09760320461534247
1686.10656342572	0.09482687537939992
1688.64993776626	0.0940373250779467
1691.19253070709	0.09328166505879154
1693.73434257853	0.09404578210251921
1696.27537371078	0.09261094838938926
1698.81562443395	0.09271286797229007
1701.35509507809	0.09017426818443702
1703.89378597311	0.09051385503142442
1706.43169744886	0.09347698501601774
1708.96882983509	0.09134593919175192
1711.50518346144	0.08989412924546893
1714.0407586575	0.09084498485383931
1716.57555575272	0.09098931392760855
1719.10957507649	0.08958843268077449
1721.64281695809	0.08959695188935503
1724.17528172671	0.09161762110614242
1726.70696971146	0.09278922992945947
1729.23788124135	0.09406275833567225
1731.7680166453	0.09302695937754898
1734.29737625213	0.09092140899501165
1736.82596039057	0.08909599755144243
1739.35376938927	0.09050539800685192
1741.88080357677	0.08943564658243275
1744.40706328154	0.08984313836201704
1746.93254883193	0.09449580774098797
1749.45726055623	0.09565044033115197
1751.9811987826	0.0949202757537202
1754.50436383915	0.09233926647499875
1757.02675605387	0.09261946759796469
1759.54837575466	0.09615985169363707
1762.06922326934	0.09402880586937125
1764.58929892564	0.09276379667173391
1767.10860305118	0.09447031229925948
1769.6271359735	0.0979852631372063
1772.14489802005	0.09783241485486163
1774.66188951817	0.09786636732115753
1777.17811079515	0.09790883899603396
1779.69356217815	0.09682211133846685
1782.20824399425	0.09509855729379042
1784.72215657043	0.0980276726280798
1787.23530023361	0.09815502546870108
1789.74767531057	0.09835880245049469
1792.25928212804	0.09341753710799336
1794.77012101264	0.09506460482748942
1797.2801922909	0.09651647695777536
1799.78949628926	0.09835880245049469
1802.29803333406	0.09619380415993298
1804.80580375158	0.09873240394778601
1807.31280786797	0.09807014430295624
1809.81904600929	0.0966353105898212
1812.32451850154	0.09719565065175524
1814.82922567061	0.09651647695777536
1817.33316784231	0.0979852631372063
1819.83634534233	0.09842676956709452
1822.33875849629	0.09641455737487963
1824.84040762973	0.10204357780393923
1827.34129306808	0.09734849893409991
1829.84141513667	0.0959985463867148
1832.34077416077	0.10032854296783825
1834.83937046553	0.09648246230747652
1837.33720437602	0.09860505110716473
1839.83427621723	0.09895315716273267
1842.33058631404	0.09824842584302136
1844.82613499125	0.09853708399056492
1847.32092257355	0.09607497052788713
1849.81494938558	0.09868993227290958
1852.30821575184	0.10110117922014135
1854.80072199677	0.10042194334216362
1857.29246844473	0.09843522659166702
1859.78345541994	0.10370762175658835
1862.27368324658	0.10442932930944761
1864.76315224871	0.1076725360489959
1867.2518627503	0.10071060148970207
1869.73981507524	0.10438685763457117
1872.22700954733	0.10071912069827751
1874.71344649027	0.1062462215444414
1877.19912622768	0.10320672960267868
1879.68404908308	0.10457365838321683
1882.16821537988	0.1051424554697234
1884.65162544145	0.10439531465914369
1887.13427959102	0.10548210450071373
1889.61617815175	0.10886970249803928
1892.0973214467	0.10611034949524467
1894.57770979887	0.10663673709087773
1897.05734353113	0.10519344635317528
1899.53622296628	0.10898001692150967
1902.014348427	0.10645845555080752
1904.49172023593	0.10374157422288935
1906.96833871558	0.10834325271840328
1909.44420418839	0.10565186683220851
1911.91931697668	0.10583866758085417
1914.39367740272	0.1051339984451509
1916.86728578865	0.10595756339690295
1919.34014245654	0.10626319777758934
1921.81224772838	0.10714614845336284
1924.28360192604	0.1113742876355935
1926.75420537132	0.10948942828399479
1929.22405838593	0.1044632817757435
1931.69316129147	0.10826689076123389
1934.16151440948	0.10762160734955206
1936.62911806136	0.10729047752713207
1939.09597256848	0.10835177192697873
1941.56207825207	0.10757067865010311
1944.0274354333	0.10901403157181361
1946.49204443322	0.10813953792061261
1948.95590557284	0.10655185592513289
1951.41901917301	0.10898853613008512
1953.88138555454	0.1088102545900149
1956.34300503813	0.10968474824121589
1958.8038779444	0.10784236056449362
1961.26400459387	0.10811404247888412
1963.72338530697	0.11021113583684895
1966.18202040403	0.10913286520385435
1968.63991020531	0.10785933679764156
1971.09705503097	0.11016866416197761
1973.55345520107	0.1141081451966647
1976.0091110356	0.11214686170389367
1978.46402285444	0.10965079577491998
1980.91819097737	0.11235063868568727
1983.3716157241	0.11407413054636077
1985.82429741427	0.11424395506185848
1988.27623636736	0.11663822577593722
1990.72743290284	0.11689293145717977
1993.17788734002	0.11379399160739777
1995.62759999817	0.11813244521309371
1998.07657119644	0.11894755314027325
2000.5248012539	0.11916824417121188
2002.97229048952	0.11627314348722642
2005.41903922219	0.1195673411102266
2007.86504777071	0.11437130790247976
2010.31031645378	0.1181579406548171
2012.75484559	0.11595047068937894
2015.19863549792	0.12035689141167981
2017.64168649594	0.1187267999253266
2020.08399890242	0.119643703067396
2022.5255730356	0.1209851985902137
2024.96640921365	0.11634104841982332
2027.40650775462	0.11524580155367567
2029.84586897649	0.11488071926496488
2032.28449319715	0.11740234281966488
2034.72238073438	0.11923621128781171
2037.15953190591	0.11768248175863298
2039.59594702932	0.11879470485792348
2042.03162642215	0.1155939076092436
2044.46657040182	0.12242848932791615
2046.90077928567	0.12419445286346609
2049.33425339095	0.11943146906102987
2051.76699303481	0.12424538156291504
2054.19899853433	0.12180024433338521
2056.63027020645	0.1218936447077106
2059.06080836809	0.12255584216853743
2061.49061333602	0.12305679650645003
2063.91968542694	0.12021256233790549
2066.34802495747	0.1244321823115607
2068.77563224411	0.12062011630149781
2071.20250760329	0.12202945457290437
2073.62865135136	0.12362559359295659
2076.05406380455	0.125102898980963
2078.47874527901	0.12147763371954576
2080.9026960908	0.1224370085364916
2083.3259165559	0.12308222976417049
2085.74840699018	0.12740376932072142
2088.17016770944	0.12625759375512993
2090.59119902935	0.12219075987982154
2093.01150126553	0.12305679650645003
2095.43107473348	0.12253886593538948
2097.84991974864	0.13046023749563207
2100.26803662633	0.12845654451199265
2102.68542568178	0.1286857547515067
2105.10208723015	0.12062857332607031
2107.51802158648	0.12529821893818407
2109.93322906574	0.1265887235775499
2112.3477099828	0.12513685144726397
2114.76146465245	0.12671607641817118
2117.17449338937	0.12946684802838743
2119.58679650815	0.1278112611003108
2121.9983743233	0.12714054443090342
2124.40922714924	0.1282102958553226
2126.81935530029	0.12410957169772124
2129.22875909067	0.12848203995371602
2131.63743883452	0.13102057755756613
2134.04539484589	0.1300272502743244
2136.45262743874	0.12942443853751393
2138.85913692692	0.13334688115505014
2141.26492362422	0.13227712973063097
2143.6699878443	0.13032436544643536
2146.07432990076	0.13360158683629267
2148.47795010708	0.13279499811768858
2150.88084877667	0.1289829321076257
2153.28302622285	0.13057907112767791
2155.68448275883	0.13066401447743078
2158.08521869774	0.12934801439634158
2160.48523435261	0.1352826692060927
2162.88453003639	0.13521470208949285
2165.28310606193	0.13585146629259925
2167.68096274199	0.13061302359397892
2170.07810038922	0.13194599990821607
2172.47451931622	0.138806077068612
2174.87021983546	0.13282049355941197
2177.26520225933	0.1374900769875279
2179.65946690013	0.134552504628666
2182.05301407006	0.13324502375615224
2184.44584408123	0.13304124677435863
2186.83795724567	0.1371844426068364
2189.22935387531	0.13647125426255768
2191.62003428198	0.13281203653483947
2194.00999877743	0.13454398542008547
2196.39924767329	0.13375443511863735
2198.78778128115	0.13357615357856714
2201.17559991245	0.13541002204671396
2203.56270387857	0.1329648226331863
2205.94909349081	0.13636087765508434
2208.33476906033	0.13561379902850756
2210.71973089824	0.13335540036362556
2213.10397931554	0.13681936031812053
2215.48751462314	0.13692973692559385
2217.87033713186	0.14003713379995344
2220.25244715242	0.13924758349850025
2222.63384499546	0.13537606958041806
2225.01453097151	0.1315214697114758
2227.39450539101	0.1405890168373099
2229.77376856434	0.1400541100331014
2232.15232080173	0.13999472430907994
2234.53016241336	0.1335421389282683
2236.9072937093	0.13827117026440353
2239.28371499954	0.1410899711752225
2241.65942659396	0.13571565642740546
2244.03442880236	0.13777027811049386
2246.40872193443	0.13602129080809697
2248.78230629979	0.13779577355222233
2251.15518220795	0.13659860710317895
2253.52734996835	0.13979940435185884
2255.89880989029	0.14431620168162795
2258.26956228301	0.14435015414792385
2260.63960745567	0.14208329845846934
2263.00894571731	0.13857686682909795
2265.37757737688	0.13946833671344688
2267.74550274324	0.13912868768245146
2270.11272212517	0.14041073529724477
2272.47923583134	0.14096261833460122
2274.84504417031	0.14249930944662906
2277.2101474506	0.14175216863605444
2279.57454598058	0.14319552155775983
2281.93824006856	0.14268611019527472
2284.30123002275	0.14025788701489503
2286.66351615125	0.143424731797279
2289.02509876208	0.14364548501222058
2291.38597816317	0.1440954484666813
2293.74615466236	0.14414643935013316
2296.10562856737	0.14464733150404283
2298.46440018585	0.14488506095213743
2300.82246982535	0.14692270640207789
2303.1798377933	0.14801795326822043
2305.5365043971	0.14448602619712567
2307.89246994399	0.146260446757243
2310.24773474116	0.14593783614340355
2312.60229909566	0.14982632629463877
2314.95616331451	0.1474576132062864
2317.30932770456	0.14683782523633304
2319.66179257263	0.14997917457698853
2322.01355822542	0.14990275043581622
2324.36462496953	0.1495631635888237
2326.71499311146	0.1513121508912257
2329.06466295764	0.15328182922456632
2331.41363481439	0.15166871397136106
2333.76190898794	0.15250073594768562
2336.10948578441	0.15182156225371082
2338.45636550986	0.1475764468383322
2340.80254847022	0.14917258585838444
2343.14803497132	0.15468271047140036
2345.49282531895	0.15272148916263226
2347.83691981874	0.15052253840576954
2350.18031877626	0.15315447638394505
2352.52302249699	0.15052253840576954
2354.8650312863	0.15014047988390572
2357.20634544946	0.15426669948323554
2359.54696529166	0.1581637088430462
2361.88689111798	0.15288279446954944
2364.22612323341	0.15552325165630038
2366.56466194287	0.1560751346936619
2368.90250755114	0.15503933573553866
2371.23966036293	0.15504779276011116
2373.57612068286	0.15548929918999937
2375.91188881545	0.15722976728382593
2378.2469650651	0.15761182580568975
2380.58134973615	0.15953909464815688
2382.91504313282	0.157756154879459
2385.24804555926	0.15678832303794063
2387.58035731949	0.1542073137592141
2389.91197871745	0.15220362077557464
2392.24291005701	0.1567458513630642
2394.57315164189	0.15917407454344393
2396.90270377577	0.15305261898504716
2399.23156676218	0.15855428657349058
2401.55974090461	0.15875800137128127
2403.88722650642	0.15876652057985668
2406.21402387086	0.15913160286857259
2408.54013330113	0.16093997589499093
2410.8655551003	0.15377426435389838
2413.19028957133	0.16255315333219403
2415.51433701713	0.16056643658170253
2417.83769774049	0.15942878022468648
2420.16037204408	0.159734414605378
2422.48236023051	0.1607532373303482
2424.80366260228	0.15784109822920675
2427.12427946179	0.16116924831851304
2429.44421111134	0.16137302530030664
2431.76345785315	0.16319837455987293
2434.08201998932	0.1573147106335737
2436.39989782188	0.1637587768058099
2438.71709165273	0.16245975295787374
2441.0336017837	0.15851181489861416
2443.34942851653	0.16199281327026507
2445.66457215282	0.16292669264548243
2447.97903299412	0.16441251724206934
2450.29281134185	0.1616616834478451
2452.60590749736	0.16434455012546442
2454.91832176188	0.1651426196354931
2457.23005443656	0.15884294472102903
2459.54110582243	0.16432757389231648
2461.85147622045	0.16035420257533642
2464.16116593146	0.15824859000879615
2466.47017525621	0.16397946783675363
2468.77850449536	0.1641578115608268
2471.08615394947	0.1626465537065194
2473.39312391899	0.16318991753530043
2475.69941470429	0.1645058554323867
2478.00502660562	0.1604476029496567
2480.30995992316	0.1658897604460728
2482.61421495697	0.16579642225575036
2484.91779200702	0.16363142396518865
2487.22069137316	0.16987171315563124
2489.5229133552	0.1646756799478844
2491.8244582528	0.1655417165745078
2494.12532636553	0.16617848077761418
2496.42551799287	0.16788499640513974
2498.72503343421	0.1647351278559088
2501.02387298882	0.1651086671691921
2503.32203695588	0.16802932547890898
2505.61952563449	0.1698292414807599
2507.91633932361	0.17102634574579526
2510.21247832216	0.1650407622365952
2512.50794292891	0.1667218446064003
2514.80273344255	0.1671973035025844
2517.09685016167	0.1660850804032939
2519.39029338476	0.17311491989518463
2521.68306341022	0.1702282762357717
2523.97516053634	0.17355642632507284
2526.26658506132	0.16790197263828768
2528.55733728325	0.1715782287831568
2530.84741750012	0.16894622862098346
2533.13682600984	0.1700330184625535
2535.4255631102	0.17308948663746418
2537.7136290989	0.17031315740151654
2540.00102427354	0.17055088684961112
2542.28774893162	0.17052545359189067
2544.57380337053	0.1719942397713216
2546.85918788758	0.176077987695775
2549.14390277997	0.1737432270737185
2551.4279483448	0.176044035229474
2553.71132487906	0.17152730008370784
2555.99403267966	0.17322529650265794
2558.27607204341	0.17643461295991328
2560.55744326699	0.17317436780320902
2562.83814664702	0.1780901998879899
2565.11818247999	0.1699310988796527
2567.3975510623	0.17456672984146762
2569.67625269025	0.1735054976256239
2571.95428766003	0.1737771795400195
2574.23165626776	0.1704744627084388
2576.50835880942	0.17128957063561834
2578.78439558093	0.1739384848469367
2581.05976687806	0.17627330765299612
2583.33447299652	0.1738450844726164
2585.60851423191	0.17550919060926845
2587.88189087972	0.17799679951366962
2590.15460323534	0.17406583768755796
2592.42665159406	0.17618836430324325
2594.69803625108	0.17388755614748774
2596.9687575015	0.17594217783058122
2599.23881564029	0.1752205324617249
2601.50821096235	0.1804165034854739
2603.77694376245	0.17588272992255682
2606.0450143353	0.17950805736797698
2608.31242297548	0.18185985640718438
2610.57916997746	0.1756704959161856
2612.84525563562	0.17572994382421
2615.11068024426	0.17768264592440267
2617.37544409753	0.179210880011858
2619.63954748952	0.17557709554186535
2621.90299071421	0.18169003189168667
2624.16577406546	0.17634966961016552
2626.42789783705	0.17684210473950268
2628.68936232264	0.17870998785794834
2630.9501678158	0.17789494211477172
2633.21031460999	0.17851466790072723
2635.46980299857	0.18242019646911334
2637.72863327481	0.17998351626416112
2639.98680573185	0.18101079601370385
2642.24432066276	0.17439696750997286
2644.50117836048	0.18163058398366227
2646.75737911786	0.17841281050182933
2649.01292322765	0.1767062948743089
2651.26781098249	0.18212301911299944
2653.52204267492	0.18609645261398244
2655.77561859738	0.18186831343175688
2658.0285390422	0.18226734818676865
2660.28080430161	0.1807560903324613
2662.53241466774	0.18181738473230794
2664.78337043263	0.17942317620222706
2667.03367188817	0.18142680700186867
2669.2833193262	0.18472100462486885
2671.53231303844	0.18301448899734837
2673.78065331648	0.18305696067221972
2676.02834045184	0.18382107771594738
2678.27537473592	0.18832935583714105
2680.52175646002	0.1856804416258227
2682.76748591535	0.18504367742271632
2685.01256339298	0.18382953474051988
2687.25698918391	0.1844408656859058
2689.50076357901	0.18887271966592714
2691.74388686909	0.18214851455472283
2693.9863593448	0.18536628803655578
2696.22818129672	0.18593514730706526
2698.46935301532	0.1842710411704081
2700.70987479096	0.18527288766223038
2702.94974691389	0.19062170696832403
2705.18896967428	0.18519646352105804
2707.42754336216	0.18771808707576315
2709.66546826749	0.1807476333078888
2711.90274468011	0.18306541769679222
2714.13937288974	0.17963541020859827
2716.37535318602	0.18440691321960992
2718.61068585848	0.18399084004744218
2720.84537119652	0.18471254760029632
2723.07940948947	0.18289565536530256
2725.31280102654	0.18459365178424755
2727.54554609682	0.1811381488543251
2729.77764498933	0.179754243840639
2732.00909799294	0.18118062052920156
2734.23990539644	0.18394843055656868
2736.47006748853	0.18016179780423133
2738.69958455777	0.17988159668126028
2740.92845689263	0.18445784191905376
2743.15668478147	0.18348994789353248
2745.38426851257	0.1851794872879101
2747.61120837406	0.18641906322782187
2749.83750465399	0.18308239392994527
2752.0631576403	0.18385503018224839
2754.28816762083	0.18381255850737194
2756.51253488329	0.18114666806290056
2758.73625971532	0.18216549078787078
2760.95934240442	0.1848823099317911
2763.18178323801	0.18353241956840893
2765.40358250338	0.1794825619262485
2767.62474048773	0.18017025482880383
2769.84525747814	0.18878783850017722
2772.06513376159	0.18515405403018453
2774.28436962496	0.1821399953461474
2776.50296535501	0.18567192241724217
2778.7209212384	0.18320128974599403
2780.93823756168	0.1827852787578292
2783.15491461129	0.18563796995094628
2785.37095267358	0.18506911068043677
2787.58635203477	0.1842370887041122
2789.80111298097	0.1810702439217282
2792.01523579822	0.178930741072895
2794.2287207724	0.18542573594458014
2796.44156818932	0.18221641948731973
2798.65377833468	0.18332012337803477
2800.86535149404	0.18236074856108894
2803.07628795289	0.1885501090520877
2805.28658799659	0.18156267905106538
2807.4962519104	0.18307393690537277
2809.70527997946	0.18143532621044411
2811.91367248883	0.1814013737441431
2814.12142972342	0.18466161890085248
2816.32855196807	0.18374465357477504
2818.53503950749	0.17967788188346961
2820.74089262628	0.18546814543544854
2822.94611160894	0.18354939580155688
2825.15069673987	0.1845766755510996
2827.35464830333	0.18766709619231126
2829.55796658351	0.18195319459750173
2831.76065186445	0.18100233898913132
2833.96270443012	0.184092759630343
2836.16412456437	0.18178343226600693
2838.3649125509	0.17858263501732705
2840.56506867336	0.18476347629974527
2842.76459321526	0.18300603197277587
2844.96348645999	0.1843049936367091
2847.16174869086	0.1837531727833505
2849.35938019105	0.183761629807923
2851.55638124363	0.18701335575605182
2853.75275213157	0.1858926756321888
2855.94849313772	0.1843304890784325
2858.14360454483	0.18472100462486885
2860.33808663553	0.18657191151017163
2862.53193969234	0.18452574685165066
2864.72516399768	0.1861813337797273
2866.91775983385	0.1857143940921186
2869.10972748304	0.19150465764409755
2871.30106722733	0.18699637952290388
2873.4917793487	0.18844818946918687
2875.68186412899	0.1863596153197975
2877.87132184997	0.18844818946918687
2880.06015279325	0.18971326085082715
2882.24835724039	0.18730201390359538
2884.43593547278	0.18754826256026544
2886.62288777173	0.19153867229440147
2888.80921441843	0.1878369207078039
2890.99491569397	0.18701335575605182
2893.1799918793	0.18908495367229328
2895.36444325529	0.18493330081524298
2897.54827010269	0.19063868320147198
2899.73147270213	0.18736146181161978
2901.91405133412	0.187769015775207
2904.09600627909	0.18769259163403465
2906.27733781731	0.18367674864217817
2908.45804622899	0.18620682922145576
2910.63813179418	0.18462760425054855
2912.81759479286	0.18290411238987506
2914.99643550486	0.18603700470595805
2917.17465420994	0.1884142370028859
2919.3522511877	0.18431351284528455
2921.52922671765	0.18434746531158555
2923.7055810792	0.18447481815220682
2925.88131455162	0.1854427121777281
2928.05642741408	0.18249662061029076
2930.23091994566	0.18332864258661533
2932.40479242528	0.18158817449278877
2934.57804513178	0.18281071201554966
2936.75067834387	0.18226734818676865
2938.92269234017	0.18316733727969306
2941.09408739916	0.18009389287163444
2943.26486379921	0.1840248546977461
2945.4350218186	0.18410973586349094
2947.60456173546	0.17780999876502396
2949.77348382783	0.18283620745727816
2951.94178837363	0.1793042803861783
2954.10947565068	0.18256452554288766
2956.27654593666	0.1837276773416271
2958.44299950915	0.18262397345091205
2960.60883664562	0.18159663151736127
2962.77405762341	0.18242865349368584
2964.93866271975	0.18000049249730907
2967.10265221178	0.1812655016949464
2969.26602637648	0.1846021709928281
2971.42878549076	0.18180040849916
2973.59092983139	0.1814013737441431
2975.75245967501	0.1809514102896824
2977.9133752982	0.18954343633532944
2980.07367697736	0.18219944325417178
2982.23336498882	0.18450025140992726
2984.39243960877	0.18280225499097716
2986.5509011133	0.18170700812483462
2988.70874977837	0.18810860262219947
2990.86598587984	0.18109573936345671
2993.02260969344	0.1845682185265271
2995.17862149478	0.17753831685063345
2997.33402155938	0.18342204296093562
2999.48881016262	0.18323524221228993
3001.64298757978	0.17741096401001216
3003.796554086	0.18188528966490483
3005.94950995633	0.18152020737618896
3008.10185546569	0.18464464266769945
3010.25359088888	0.1846021709928281
3012.40471650059	0.18390595888169733
3014.5552325754	0.1832267230037145
3016.70513938776	0.18229284362849205
3018.85443721201	0.18080701903191024
3021.00312632236	0.1817409605911356
3023.15120699292	0.1823692677696695
3025.29867949769	0.1823182768862176
3027.44554411052	0.18377860604107604
3029.59180110516	0.18081553824048566
3031.73745075527	0.17911747963753263
3033.88249333434	0.17865053994992394
3036.02692911578	0.17767418889983017
3038.17075837287	0.18051836088436668
3040.31398137877	0.17511861287882918
3042.45659840653	0.17882036446542166
3044.59860972907	0.17509317962110363
3046.7400156192	0.18030612687800054
3048.88081634961	0.17713928209561658
3051.02101219287	0.18051836088436668
3053.16060342144	0.17706285795444424
3055.29959030765	0.17669777566572836
3057.43797312371	0.17523750869487795
3059.57575214172	0.17365828372397074
3061.71292763366	0.17337814478500263
3063.84949987139	0.17561956721674177
3065.98546912665	0.17624781221126762
3068.12083567105	0.17201967302904209
3070.2555997761	0.17623083597811967
3072.38976171319	0.17518651781142605
3074.52332175356	0.17449036788429823
3076.65628016837	0.1717820057649504
3078.78863722863	0.17089899290517396
3080.92039320526	0.17311491989518463
3083.05154836902	0.17138290882593568
3085.1821029906	0.1730045432877113
3087.31205734051	0.1720876401456419
3089.44141168921	0.1773515161019878
3091.57016630696	0.16915852481135252
3093.69832146398	0.1701688283277473
3095.82587743032	0.17436301504367696
3097.9528344759	0.1758997061557048
3100.07919287056	0.17645158919306633
3102.204952884	0.17339512101815566
3104.33011478579	0.17114524156184402
3106.45467884538	0.178022294955393
3108.57864533212	0.17844676296813033
3110.70201451522	0.175466718934392
3112.82478666378	0.17304701496258773
3114.94696204676	0.17541579023494305
3117.06854093301	0.1718838631638483
3119.18952359127	0.1737177316319951
3121.30991029013	0.17473655435696533
3123.4297012981	0.17596761108830167
3125.54889688352	0.17216406428681424
3127.66749731464	0.17257155606640362
3129.78550285957	0.17315739157006108
3131.90291378633	0.17252062736695467
3134.01973036277	0.1689887002958548
3136.13595285665	0.17312343910376007
3138.2515815356	0.1684792889333697
3140.36661666714	0.1716800861820547
3142.48105851863	0.1699650513459537
3144.59490735734	0.16887832368838657
3146.70816345041	0.17180743902267595
3148.82082706486	0.16587278421291976
3150.93289846758	0.1714848284088365
3153.04437792532	0.17565351968303766
3155.15526570475	0.1638861296464312
3157.26556207238	0.1689802432712823
3159.37526729461	0.168046301712062
3161.48438163771	0.16889529992153451
3163.59290536784	0.16855571307454711
3165.70083875102	0.16954058333321634
3167.80818205315	0.1644294934752173
3169.91493554002	0.1641578115608268
3172.02109947727	0.16591525588779618
3174.12667413044	0.1666878921400993
3176.23165976493	0.16776610058909097
3178.33605664602	0.1682076070189792
3180.43986503887	0.16623786650163563
3182.54308520852	0.17083108797257707
3184.64571741986	0.16715483182771307
3186.74776193769	0.16697655028764286
3188.84921902664	0.1655162211327844
3190.95008895128	0.16744348997525152
3193.05037197599	0.16926038221025042
3195.15006836504	0.1705763822913345
3197.24917838262	0.16947261621661652
3199.34770229274	0.16568604564828213
3201.44564035931	0.1670614314533877
3203.5429928461	0.16830946441787709
3205.63976001677	0.16379272927211092
3207.73594213484	0.1673076179260548
3209.83153946372	0.16504928144517575
3211.92655226669	0.1650152667948718
3214.02098080688	0.1684792889333697
3216.11482534732	0.17103486495437578
3218.20808615091	0.16825853571842814
3220.30076348041	0.16643318645885674
3222.39285759847	0.17220647377768775
3224.4843687676	0.16260408203164298
3226.57529725019	0.1663567623176844
3228.66564330851	0.16060038904800353
3230.75540720468	0.15943723724925898
3232.8445892007	0.16508323391147164
3234.93318955847	0.1647435848804813
3237.02120853974	0.15987022447057175
3239.10864640612	0.1615088351655004
3241.19550341911	0.1631474458604291
3243.28177984009	0.16064286072287487
3245.36747593029	0.15818068507619926
3247.45259195083	0.16192484615366015
3249.53712816268	0.16073626109720024
3251.62108482672	0.1593777893412346
3253.70446220366	0.16067681318917587
3255.78726055411	0.15771374538858549
3257.86948013853	0.1575524400816683
3259.95112121728	0.156567569822994
3262.03218405055	0.1594457564578395
3264.11266889845	0.15381673602877483
3266.19257602092	0.1576797929222896
3268.27190567779	0.15578647654611838
3270.35065812876	0.15709395741863214
3272.4288336334	0.15719581481752493
3274.50643245114	0.15769676915543754
3276.5834548413	0.1523224544076205
3278.65990106305	0.15447047646502915
3280.73577137545	0.1510828784677036
3282.81106603742	0.1539101364031002
3284.88578530774	0.15587987692044375
3286.95992944508	0.15154136113073977
3289.03349870796	0.1527724178620812
3291.1064933548	0.15370635942130148
3293.17891364384	0.15616001585940675
3295.25075983324	0.1546487580050994
3297.322032181	0.15043765724002472
3299.39273094501	0.1556591237054971
3301.462856383	0.15213565365897483
3303.53240875259	0.15220362077557464
3305.60138831128	0.15371487862988203
3307.6697953164	0.1544195477655853
3309.73763002519	0.15468271047140036
3311.80489269472	0.15346017294863948
3313.87158358198	0.15374031188760248
3315.93770294378	0.1568052992710886
3318.00325103681	0.15600722976106504
3320.06822811764	0.15302712354332376
3322.13263444272	0.14808585820081732
3324.19647026832	0.1548270395451696
3326.25973585064	0.15155833736389282
3328.32243144568	0.1570854382100516
3330.38455730938	0.15175359513711098
3332.44611369749	0.15552325165630038
3334.50710086564	0.15414786585118972
3336.56751906936	0.1544280047901578
3338.62736856401	0.15407996091859283
3340.68664960483	0.15075174864528873
3342.74536244693	0.15272148916263226
3344.80350734528	0.15508174522641216
3346.86108455472	0.1507687870624396
3348.91809432997	0.15019140858335467
3350.97453692559	0.15000467001871193
3353.03041259603	0.1482387064831671
3355.08572159559	0.1496989734540175
3357.14046417844	0.1473047649239417
3359.19464059863	0.1457765308364864
3361.24825111005	0.14691418719350244
3363.30129596648	0.14238893283916085
3365.35377542155	0.14649817620533762
3367.40568972878	0.14659157657966299
3369.45703914152	0.1476358947463566
3371.507823913	0.14582745953593532
3373.55804429633	0.1443247208902034
3375.60770054446	0.14658311955509049
3377.65679291024	0.14632841387384793
3379.70532164635	0.14339077933097802
3381.75328700534	0.13934098387282562
3383.80068923965	0.14179464031092578
3385.84752860155	0.14047018320526916
3387.89380534321	0.13777027811049386
3389.93951971664	0.14499543755961078
3391.98467197371	0.14019850129087355
3394.02926236618	0.14228707544026295
3396.07329114566	0.1408946512180014
3398.1167585636	0.14046166399668863
3400.15966487137	0.1411663331323919
3402.20201032014	0.1401135579411258
3404.24379516099	0.1417012399366055
3406.28501964484	0.14525860026542584
3408.3256840225	0.1403173349229194
3410.3657885446	0.14138708634733857
3412.40533346167	0.14175216863605444
3414.44431902408	0.1419474264092726
3416.48274548209	0.1403852398555163
3418.5206130858	0.1389079344675099
3420.55792208516	0.13881459627719256
3422.59467273003	0.13858532385367045
3424.63086527009	0.14016448664057474
3426.6664999549	0.13873817213601514
3428.70157703386	0.1389249728846608
3430.73609675628	0.1391456639156045
3432.77005937129	0.13575812810228188
3434.80346512789	0.13698918483361824
3436.83631427494	0.13688732743472035
3438.86860706119	0.1391117114493035
3440.90034373521	0.13901831107498322
3442.93152454546	0.13972304239468944
3444.96214974025	0.13630994895563542
3446.99221956775	0.13597881913322052
3449.021734276	0.13594486666691952
3451.05069411289	0.13135170737998103
3453.07909932619	0.13015460311494567
3455.1069501635	0.13597881913322052
3457.1342468723	0.13253183541187352
3459.16098969993	0.13534205493011414
3461.1871788936	0.1318525995338907
3463.21281470035	0.13101205834899068
3465.23789736712	0.12860087358576186
3467.26242714067	0.1286518022852108
3469.28640426765	0.12922911858029282
3471.30982899455	0.1266311330684183
3473.33270156774	0.1258415827669702
3475.35502223343	0.12895743666590231
3477.3767912377	0.12371053694270437
3479.39800882649	0.12740376932072142
3481.41867524559	0.12566323904289703
3483.43879074066	0.12504351325694155
3485.45835555721	0.1283801203708203
3487.47736994062	0.12540007633708197
3489.49583413611	0.12328600674596919
3491.51374838879	0.12151158618584676
3493.53111294359	0.12472084045909915
3495.54792804533	0.12399919509024793
3497.56419393867	0.12174931563394135
3499.57991086814	0.11976259888344476
