1000.07700129088	0.05504950495049505
1002.83416209528	0.050693069306930696
1005.59045264208	0.04951819693687921
1008.34587328813	0.04831683168316832
1011.10042439014	0.04649501082921188
1013.85410630472	0.04646861463489901
1016.60691938837	0.04480526763614258
1019.35886399746	0.04128055383663366
1022.10994048823	0.04414516939975446
1024.86014921684	0.04333994043935842
1027.60949053928	0.042257406404704954
1030.35796481149	0.04071289062499802
1033.10557238924	0.03915512840346931
1035.85231362819	0.036660059560641584
1038.5981888839	0.03469310798267723
1041.34319851182	0.035392752165845545
1044.08734286727	0.03545879099628515
1046.83062230544	0.032950475711635646
1049.57303718143	0.03334651531559604
1052.31458785021	0.035722752939358414
1055.05527466665	0.03474590037128713
1057.79509798549	0.034204633353964356
1060.53405816134	0.03371615872525149
1063.27215554874	0.03518148592202772
1066.00939050209	0.03454788056930693
1068.74576337565	0.03601320776609109
1071.48127452361	0.03333336556312079
1074.21592430002	0.03383498994430891
1076.94971305882	0.03210560411509703
1079.68264115384	0.03396697091584158
1082.41470893879	0.03411219832921188
1085.14591676728	0.03209245436262178
1087.8762649928	0.03400661355198416
1090.60575396871	0.03363697014232871
1093.33438404827	0.03256768254950495
1096.06215558464	0.033293722926978214
1098.78906893086	0.033729405167081186
1101.51512443981	0.03516833616955248
1104.24032246435	0.032475247524752476
1106.96466335716	0.0329373259591604
1109.68814747081	0.0344818417388594
1112.41077515779	0.03203956528465743
1115.13254677044	0.03302966429455842
1117.85346266104	0.03222443533416238
1120.57352318169	0.033623723700499014
1123.29272868445	0.0321320003094099
1126.01107952121	0.03370300897277624
1128.72857604378	0.03226398128094257
1131.44521860385	0.03192083075495446
1134.16100755301	0.03242245513614258
1136.87594324271	0.032673267326732675
1139.59002602433	0.03153794090346931
1142.3032562491	0.03136631729579406
1145.01563426818	0.032250831528467326
1147.72716043257	0.031221089882423763
1150.43783509322	0.034917523978962375
1153.14765860091	0.03335976175742574
1155.85663130634	0.033214534344063365
1158.56475356012	0.032198039139849505
1161.27202571271	0.03174920714727921
1163.97844811448	0.03205281172648713
1166.68402111569	0.03176235689975446
1169.38874506649	0.0323828125
1172.09262031694	0.0323300201113901
1174.79564721695	0.03304291073638812
1177.49782611635	0.03262047493812278
1180.19915736486	0.03188118811881188
1182.89964131208	0.03071946550123564
1185.59927830751	0.030138652537132674
1188.29806870054	0.03375580136138614
1190.99601284046	0.03202641553218218
1193.69311107643	0.03288453357054257
1196.38936375753	0.031075862469061386
1199.08477123271	0.03108910891089109
1201.77933385082	0.03137956373762376
1204.47305196061	0.030085763459160395
1207.1659259107	0.03202641553218218
1209.85795604964	0.030970277691833664
1212.54914272585	0.03242245513614258
1215.23948628763	0.03375580136138614
1217.92898708319	0.03202641553218218
1220.61764546064	0.033293722926978214
1223.30546176798	0.03453463412747723
1225.99243635308	0.033161741955445544
1228.67856956373	0.03223758508663763
1231.36386174761	0.031815149288364354
1234.04831325228	0.0325280399133703
1236.73192442522	0.03128712871287129
1239.41469561377	0.030059367264855447
1242.09662716519	0.03065342667079604
1244.77771942662	0.029980178681932673
1247.45797274511	0.030732711943073268
1250.13738746759	0.0323828125
1252.81596394089	0.029504950495049503
1255.49370251175	0.032475247524752476
1258.17060352676	0.03133992110148911
1260.84666733246	0.031709564511136636
1263.52189427525	0.03353138536510099
1266.19628470144	0.03089108910891089
1268.86983895722	0.030217841120047523
1271.5425573887	0.033214534344063365
1274.21444034186	0.030930731745053466
1276.8854881626	0.03128712871287129
1279.55570119671	0.031669921875001984
1282.22507978985	0.03042901067450297
1284.89362428759	0.03260722849628515
1287.56133503543	0.031683168316831684
1290.22821237872	0.033306969368815845
1292.89425666274	0.03269966352103762
1295.55946823263	0.03553797957920792
1298.22384743346	0.034983466120047525
1300.88739461019	0.033161741955445544
1303.55011010766	0.032198039139849505
1306.21199427063	0.02941251547029703
1308.87304744373	0.03048180306312079
1311.53326997152	0.030283783261140593
1314.19266219843	0.031023070080443565
1316.8512244688	0.029003326113861385
1319.50895712687	0.03140595993192871
1322.16586051676	0.03108910891089109
1324.82193498252	0.030138652537132674
1327.47718086806	0.030230990872522772
1330.1315985172	0.03053469214109307
1332.78518827369	0.029650177908419804
1335.43795048114	0.02938611927599208
1338.08988548307	0.031815149288364354
1340.74099362289	0.03141910968440396
1343.39127524392	0.031709564511136636
1346.04073068939	0.03153794090346931
1348.6893603024	0.028976929919556436
1351.33716442597	0.02959738551980198
1353.98414340301	0.02986134746287525
1356.63029757632	0.027999980662130695
1359.27562728863	0.03012540609529505
1361.92013288252	0.02714195931311683
1364.56381470053	0.029306930693069305
1367.20667308505	0.03054784189356832
1369.84870837838	0.028792059870051488
1372.48992092274	0.029729366491334654
1375.13031106023	0.028739267481433663
1377.76987913284	0.02682510829207921
1380.40862548251	0.0277624149133703
1383.04655045101	0.029029722308166337
1385.68365438006	0.02859404006807129
1388.31993761126	0.02885809870049901
1390.95540048612	0.03137956373762376
1393.59004334605	0.030032971070542574
1396.22386653233	0.028673228650994063
1398.85687038619	0.028567643873766337
1401.48905524873	0.029016475866336634
1404.12042146094	0.0300462175123802
1406.75096936375	0.030495049504950494
1409.38069929796	0.029782158879952475
1412.00961160428	0.02869962484529901
1414.63770662332	0.02889764464727921
1417.26498469557	0.029069268254954456
1419.89144616146	0.029042872060641583
1422.51709136132	0.028013227103960398
1425.14192063532	0.02739277150371485
1427.76593432361	0.025768970451730693
1430.3891327662	0.028739267481433663
1433.01151630299	0.0276171875
1435.63308527382	0.027511506033417822
1438.2538400184	0.0277624149133703
1440.87378087637	0.027801960860150497
1443.49290818722	0.028871248452974257
1446.1112222904	0.029267288056934654
1448.72872352524	0.029293684251239606
1451.34541223097	0.02839602026609109
1453.96128874671	0.029254138304459408
1456.5763534115	0.029531346689354455
1459.19060656429	0.028567643873766337
1461.8040485439	0.02913530708539406
1464.41667968907	0.027537998917077228
1467.02850033846	0.029320177134899008
1469.63951083061	0.03054784189356832
1472.24971150397	0.030363068533417824
1474.8591026969	0.027221147896039605
1477.46768474763	0.02840926670792079
1480.07545799434	0.02764358369430495
1482.68242277508	0.03017819848391287
1485.28857942782	0.030521445699255443
1487.89392829042	0.0275643951113901
1490.49846970065	0.02759079130569505
1493.10220399619	0.029452158106439606
1495.70513151461	0.02570293162129109
1498.30725259339	0.026257445080443562
1500.90856756992	0.027498356280942576
1503.50907678146	0.02817160426980594
1506.10878056524	0.026904296875001982
1508.70767925832	0.02723429764851485
1511.30577319772	0.02682510829207921
1513.90306272032	0.028660078898518813
1516.49954816295	0.02462049427599208
1519.09522986229	0.027630337252475247
1521.69010815498	0.02627059483291881
1524.28418337751	0.027683129641093072
1526.87745586632	0.026178256497528713
1529.46992595773	0.02611221766708119
1532.06159398796	0.02645546488242376
1534.65246029316	0.027775564665845548
1537.24252520935	0.02737952506188515
1539.83178907249	0.026296991027231684
1542.42025221841	0.02679871209777426
1545.00791498287	0.025491762066835646
1547.59477770152	0.02514851485148515
1550.18084070993	0.026864654238859406
1552.76610434356	0.0249240988552
1555.35056893777	0.024858060024752476
1557.93423482785	0.026204652691833665
1560.51710234896	0.027669979888617822
1563.0991718362	0.024831663830447527
1565.68044362457	0.025676535426978217
1568.26091804893	0.026877900680697033
1570.84059544411	0.027854753248760394
1573.41947614481	0.027049524288364355
1575.99756048562	0.02592734761757624
1578.57484880108	0.02641582224628911
1581.15134142559	0.027168355507429704
1583.72703869349	0.02863368270420594
1586.301940939	0.02662708849009901
1588.87604849628	0.02794718827351287
1591.44936169934	0.027894395884902973
1594.02188088215	0.029293684251239606
1596.59360637855	0.030864692914605942
1599.16453852232	0.03350498917079604
1601.73467764709	0.034046159498764356
1604.30402408647	0.032950475711635646
1606.87257817391	0.03434986076732673
1609.44034024281	0.03236966274752475
1612.00731062644	0.02788114944307327
1614.57348965801	0.03152479115099406
1617.13887767062	0.028910891089108912
1619.70347499726	0.02739277150371485
1622.26728197086	0.028184850711635644
1624.83029892423	0.027986830909655445
1627.39252619012	0.02774916847153267
1629.95396410112	0.030138652537132674
1632.5146129898	0.026363029857671288
1635.07447318858	0.0302442373143604
1637.63354502984	0.029636931466582177
1640.19182884582	0.029201345915841583
1642.74932496868	0.026772315903469308
1645.3060337305	0.02522770343440792
1647.86195546325	0.027089070235152477
1650.41709049882	0.025491762066835646
1652.971439169	0.024990137685647527
1655.52500180548	0.02467328666460198
1658.07777873987	0.02413201964727921
1660.62977030368	0.024699682858914853
1663.18097682833	0.027075920482677228
1665.73139864514	0.02580861308787327
1668.28103608534	0.026191406250003962
1670.82988948008	0.025029683632427725
1673.37795916039	0.02634988010519604
1675.92524545724	0.02669303063119208
1678.47174870147	0.025346534653465348
1681.01746922386	0.023802018873766338
1683.56240735508	0.02852809792697822
1686.10656342572	0.026231048886138614
1688.64993776626	0.025359781095295048
1691.19253070709	0.024686436417077226
1693.73434257853	0.025993386448023764
1696.27537371078	0.024343189201734654
1698.81562443395	0.023973642481433664
1701.35509507809	0.02327390160891089
1703.89378597311	0.02440922803218218
1706.43169744886	0.02324750541460594
1708.96882983509	0.025584197091588122
1711.50518346144	0.026191406250003962
1714.0407586575	0.025122118657180198
1716.57555575272	0.026191406250003962
1719.10957507649	0.02764358369430495
1721.64281695809	0.027194751701734653
1724.17528172671	0.027669979888617822
1726.70696971146	0.028990079672031686
1729.23788124135	0.028013227103960398
1731.7680166453	0.028198000464110893
1734.29737625213	0.026481861076736637
1736.82596039057	0.027498356280942576
1739.35376938927	0.026943939511136633
1741.88080357677	0.02616501005569109
1744.40706328154	0.02392075340346931
1746.93254883193	0.02580861308787327
1749.45726055623	0.024554455445544555
1751.9811987826	0.02509572246287525
1754.50436383915	0.025122118657180198
1757.02675605387	0.024316793007429706
1759.54837575466	0.026732673267326732
1762.06922326934	0.026257445080443562
1764.58929892564	0.02415841584158416
1767.10860305118	0.0247260790532198
1769.6271359735	0.023933999845299012
1772.14489802005	0.022679842202970295
1774.66188951817	0.022679842202970295
1777.17811079515	0.02652140702351683
1779.69356217815	0.023881207456681187
1782.20824399425	0.025254099628712872
1784.72215657043	0.024250850866336635
1787.23530023361	0.0224290300123802
1789.74767531057	0.024528059251239603
1792.25928212804	0.02374912979579406
1794.77012101264	0.023458771658415842
1797.2801922909	0.023062732054455446
1799.78949628926	0.02565013923267327
1802.29803333406	0.023313544245053466
1804.80580375158	0.02410562345297426
1807.31280786797	0.02436968208539406
1809.81904600929	0.02344552521658614
1812.32451850154	0.023828415068071287
1814.82922567061	0.023128674195548517
1817.33316784231	0.02299669322400792
1819.83634534233	0.023155070389853465
1822.33875849629	0.02261390006188515
1824.84040762973	0.023353090191833663
1827.34129306808	0.023802018873766338
1829.84141513667	0.022904258199255446
1832.34077416077	0.02514851485148515
1834.83937046553	0.023577602877473267
1837.33720437602	0.021452177444308912
1839.83427621723	0.02246867264851485
1842.33058631404	0.025135268409655447
1844.82613499125	0.02344552521658614
1847.32092257355	0.024013188428221782
1849.81494938558	0.023537960241338616
1852.30821575184	0.0228383160581703
1854.80072199677	0.023155070389853465
1857.29246844473	0.022270652846534653
1859.78345541994	0.024118773205449508
1862.27368324658	0.024330039449259405
1864.76315224871	0.023287148050740593
1867.2518627503	0.022877862004950494
1869.73981507524	0.024541209003714853
1872.22700954733	0.023115524443073267
1874.71344649027	0.023643545018566338
1877.19912622768	0.023155070389853465
1879.68404908308	0.02220461401608713
1882.16821537988	0.022653446008665347
1884.65162544145	0.024303643254954457
1887.13427959102	0.02426400061881188
1889.61617815175	0.022547861231437625
1892.0973214467	0.02147857363861386
1894.57770979887	0.024528059251239603
1897.05734353113	0.022521465037132676
1899.53622296628	0.02174253558168713
1902.014348427	0.023102278001235644
1904.49172023593	0.02528049582301782
1906.96833871558	0.022376237623762375
1909.44420418839	0.02199344446163168
1911.91931697668	0.02415841584158416
1914.39367740272	0.02126730739480396
1916.86728578865	0.022059386602724752
1919.34014245654	0.022046236850249507
1921.81224772838	0.021808574412126733
1924.28360192604	0.023577602877473267
1926.75420537132	0.02246867264851485
1929.22405838593	0.022891108446780196
1931.69316129147	0.0226930886448
1934.16151440948	0.023696337407176235
1936.62911806136	0.024000038675746536
1939.09597256848	0.02195380182549703
1941.56207825207	0.02355110999381386
1944.0274354333	0.023207959467825744
1946.49204443322	0.022653446008665347
1948.95590557284	0.022481822400990097
1951.41901917301	0.021901009436879205
1953.88138555454	0.02184821704826931
1956.34300503813	0.020897663985148515
1958.8038779444	0.022362991181932673
1961.26400459387	0.02182182085396436
1963.72338530697	0.02314192063737822
1966.18202040403	0.023194713025988117
1968.63991020531	0.02196695157797228
1971.09705503097	0.023947149597774258
1973.55345520107	0.020488474628712873
1976.0091110356	0.021636950804459407
1978.46402285444	0.022917504641093073
1980.91819097737	0.020924060179453464
1983.3716157241	0.02256101098391287
1985.82429741427	0.022138575185647526
1988.27623636736	0.02344552521658614
1990.72743290284	0.023155070389853465
1993.17788734002	0.02099009900990099
1995.62759999817	0.02198019801980198
1998.07657119644	0.02063370204208317
2000.5248012539	0.021940555383667328
2002.97229048952	0.023366336633663366
2005.41903922219	0.02151811958539406
2007.86504777071	0.021425781250003963
2010.31031645378	0.022521465037132676
2012.75484559	0.023009939665845545
2015.19863549792	0.020686494430693068
2017.64168649594	0.024580851639849504
2020.08399890242	0.0224290300123802
2022.5255730356	0.021795424659651483
2024.96640921365	0.02129370358910891
2027.40650775462	0.020356396967825745
2029.84586897649	0.02279867342202772
2032.28449319715	0.021940555383667328
2034.72238073438	0.0226930886448
2037.15953190591	0.02132009978341386
2039.59594702932	0.022891108446780196
2042.03162642215	0.02030360457920792
2044.46657040182	0.023221109220300993
2046.90077928567	0.021663346998764356
2049.33425339095	0.021412534808166336
2051.76699303481	0.022019840655944558
2054.19899853433	0.02279867342202772
2056.63027020645	0.023089128248760395
2059.06080836809	0.02212542543317228
2061.49061333602	0.02093730662129109
2063.91968542694	0.023168316831683168
2066.34802495747	0.021465327196784158
2068.77563224411	0.020079188582922774
2071.20250760329	0.024118773205449508
2073.62865135136	0.020488474628712873
2076.05406380455	0.02132009978341386
2078.47874527901	0.021716139387374257
2080.9026960908	0.02198019801980198
2083.3259165559	0.02113532642327129
2085.74840699018	0.02046207843440792
2088.17016770944	0.022864712252475248
2090.59119902935	0.022336594987627724
2093.01150126553	0.021663346998764356
2095.43107473348	0.020092435024752477
2097.84991974864	0.020343247215350496
2100.26803662633	0.020448831992578218
2102.68542568178	0.022917504641093073
2105.10208723015	0.021122079981433662
2107.51802158648	0.022164971379952478
2109.93322906574	0.021333346225251487
2112.3477099828	0.022957050587873267
2114.76146465245	0.023062732054455446
2117.17449338937	0.02071289062499802
2119.58679650815	0.021333346225251487
2121.9983743233	0.01964360303218218
2124.40922714924	0.02149172339108911
2126.81935530029	0.02195380182549703
2129.22875909067	0.02368318765470099
2131.63743883452	0.02220461401608713
2134.04539484589	0.022547861231437625
2136.45262743874	0.019973603805695052
2138.85913692692	0.022349841429457427
2141.26492362422	0.022547861231437625
2143.6699878443	0.020290454826732675
2146.07432990076	0.02199344446163168
2148.47795010708	0.021227761448023765
2150.88084877667	0.022389484065592078
2153.28302622285	0.022587503867572276
2155.68448275883	0.021834970606439606
2158.08521869774	0.024184812035889108
2160.48523435261	0.020884514232673266
2162.88453003639	0.02385481126237624
2165.28310606193	0.020686494430693068
2167.68096274199	0.019735941367572278
2170.07810038922	0.021148476175746535
2172.47451931622	0.020079188582922774
2174.87021983546	0.020237662438122774
2177.26520225933	0.020052792388617825
2179.65946690013	0.023841564820546536
2182.05301407006	0.021148476175746535
2184.44584408123	0.020620455600245544
2186.83795724567	0.022059386602724752
2189.22935387531	0.021755782023516832
2191.62003428198	0.021927405631192082
2194.00999877743	0.02096370281559604
2196.39924767329	0.019920811417077227
2198.78778128115	0.02132009978341386
2201.17559991245	0.022864712252475248
2203.56270387857	0.021333346225251487
2205.94909349081	0.018970258353964358
2208.33476906033	0.019617206837869307
2210.71973089824	0.020369643409655445
2213.10397931554	0.021755782023516832
2215.48751462314	0.02033000077351287
2217.87033713186	0.021148476175746535
2220.25244715242	0.02047522818688317
2222.63384499546	0.01853467280321584
2225.01453097151	0.021597404857671285
2227.39450539101	0.022046236850249507
2229.77376856434	0.02017162360767525
2232.15232080173	0.021082534034653464
2234.53016241336	0.021095683787128713
2236.9072937093	0.02182182085396436
2239.28371499954	0.02113532642327129
2241.65942659396	0.020580812964110892
2244.03442880236	0.019326752011136632
2246.40872193443	0.020871267790843567
2248.78230629979	0.019260713180697032
2251.15518220795	0.02047522818688317
2253.52734996835	0.020726040377473266
2255.89880989029	0.01964360303218218
2258.26956228301	0.01800655553836832
2260.63960745567	0.020277208384902972
2263.00894571731	0.019128732209156434
2265.37757737688	0.018640257580443565
2267.74550274324	0.019881168780942576
2270.11272212517	0.02215182162747723
2272.47923583134	0.02097685256807129
2274.84504417031	0.020092435024752477
2277.2101474506	0.020910910426978218
2279.57454598058	0.021148476175746535
2281.93824006856	0.021029741646043567
2284.30123002275	0.01753132735148515
2286.66351615125	0.02212542543317228
2289.02509876208	0.02033000077351287
2291.38597816317	0.0195907139542099
2293.74615466236	0.02184821704826931
2296.10562856737	0.022032990408419804
2298.46440018585	0.01883827738242376
2300.82246982535	0.018917465965346533
2303.1798377933	0.017887821008665348
2305.5365043971	0.02118811881188119
2307.89246994399	0.018732692605196038
2310.24773474116	0.017412496132427725
2312.60229909566	0.02050162438118812
2314.95616331451	0.020277208384902972
2317.30932770456	0.01845548422030099
2319.66179257263	0.0195907139542099
2322.01355822542	0.02046207843440792
2324.36462496953	0.02046207843440792
2326.71499311146	0.019603960396039604
2329.06466295764	0.02198019801980198
2331.41363481439	0.01953792156559208
2333.76190898794	0.021755782023516832
2336.10948578441	0.020488474628712873
2338.45636550986	0.020818475402225742
2340.80254847022	0.019881168780942576
2343.14803497132	0.01996035736386535
2345.49282531895	0.018785484993813863
2347.83691981874	0.020052792388617825
2350.18031877626	0.022442276454209903
2352.52302249699	0.01700330677599208
2354.8650312863	0.02219146426361188
2357.20634544946	0.02017162360767525
2359.54696529166	0.021122079981433662
2361.88689111798	0.019973603805695052
2364.22612323341	0.019273959622526735
2366.56466194287	0.01941918703588911
2368.90250755114	0.021412534808166336
2371.23966036293	0.019353148205449505
2373.57612068286	0.021808574412126733
2375.91188881545	0.021095683787128713
2378.2469650651	0.016844929610146532
2380.58134973615	0.020580812964110892
2382.91504313282	0.019353148205449505
2385.24804555926	0.019669999226487128
2387.58035731949	0.018693049969061386
2389.91197871745	0.01918152459777426
2392.24291005701	0.02063370204208317
2394.57315164189	0.017597366181932673
2396.90270377577	0.017848178372522772
2399.23156676218	0.01834980275371089
2401.55974090461	0.02017162360767525
2403.88722650642	0.019775584003714854
2406.21402387086	0.018917465965346533
2408.54013330113	0.018785484993813863
2410.8655551003	0.019366297957924754
2413.19028957133	0.019155128403469307
2415.51433701713	0.018640257580443565
2417.83769774049	0.02
2420.16037204408	0.01870629641089109
2422.48236023051	0.018363049195548518
2424.80366260228	0.020686494430693068
2427.12427946179	0.018085840810645546
2429.44421111134	0.019735941367572278
2431.76345785315	0.020237662438122774
2434.08201998932	0.020237662438122774
2436.39989782188	0.019366297957924754
2438.71709165273	0.018402595142328712
2441.0336017837	0.017650158570542574
2443.34942851653	0.019023147431928712
2445.66457215282	0.017887821008665348
2447.97903299412	0.01702970297029703
2450.29281134185	0.017346553991334654
2452.60590749736	0.018640257580443565
2454.91832176188	0.016620416924506932
2457.23005443656	0.01854782255569109
2459.54110582243	0.019049543626241585
2461.85147622045	0.015894376547033667
2464.16116593146	0.019920811417077227
2466.47017525621	0.018283860612625744
2468.77850449536	0.018112237004950495
2471.08615394947	0.018481880414605942
2473.39312391899	0.020818475402225742
2475.69941470429	0.01780853573638812
2478.00502660562	0.018138633199255443
2480.30995992316	0.019326752011136632
2482.61421495697	0.020264058632427723
2484.91779200702	0.019102336014851486
2487.22069137316	0.017504931157180197
2489.5229133552	0.017610515934407923
2491.8244582528	0.018217821782178217
2494.12532636553	0.016897721998764357
2496.42551799287	0.017597366181932673
2498.72503343421	0.019102336014851486
2501.02387298882	0.018178179146043565
2503.32203695588	0.018178179146043565
2505.61952563449	0.018481880414605942
2507.91633932361	0.01887792001856634
2510.21247832216	0.019392694152229703
2512.50794292891	0.017953763149750494
2514.80273344255	0.019379544399754457
2517.09685016167	0.017095741800744555
2519.39029338476	0.017320157797029702
2521.68306341022	0.01879863474628911
2523.97516053634	0.018191425587873268
2526.26658506132	0.017900970761140594
2528.55733728325	0.01879863474628911
2530.84741750012	0.019854772586637627
2533.13682600984	0.017108891553219804
2535.4255631102	0.01928710937500198
2537.7136290989	0.016607267172031683
2540.00102427354	0.018191425587873268
2542.28774893162	0.01849503016708119
2544.57380337053	0.01833665300123564
2546.85918788758	0.019920811417077227
2549.14390277997	0.017768989789607923
2551.4279483448	0.016475286200499012
2553.71132487906	0.018178179146043565
2555.99403267966	0.017504931157180197
2558.27607204341	0.01782178217821782
2560.55744326699	0.020541267017330694
2562.83814664702	0.017148534189354456
2565.11818247999	0.019326752011136632
2567.3975510623	0.01865350402228119
2569.67625269025	0.015722752939358417
2571.95428766003	0.019102336014851486
2574.23165626776	0.018481880414605942
2576.50835880942	0.016197981126241587
2578.78439558093	0.017848178372522772
2581.05976687806	0.015405901918320794
2583.33447299652	0.016910871751239606
2585.60851423191	0.019168278155944556
2587.88189087972	0.01685807936262178
2590.15460323534	0.017267365408419805
2592.42665159406	0.016765644337869305
2594.69803625108	0.01753132735148515
2596.9687575015	0.01675249458539406
2599.23881564029	0.015511583384902971
2601.50821096235	0.01758411974010297
2603.77694376245	0.016528078589108913
2606.0450143353	0.01779538598391287
2608.31242297548	0.017095741800744555
2610.57916997746	0.01870629641089109
2612.84525563562	0.018429088025988118
2615.11068024426	0.017848178372522772
2617.37544409753	0.016607267172031683
2619.63954748952	0.01860061494430891
2621.90299071421	0.01799340578589307
2624.16577406546	0.01717493038366733
2626.42789783705	0.01728051516089505
2628.68936232264	0.01816502939356832
2630.9501678158	0.01705609916460198
2633.21031460999	0.018323406559405942
2635.46980299857	0.016844929610146532
2637.72863327481	0.017201326577972277
2639.98680573185	0.015485187190598021
2642.24432066276	0.01780853573638812
2644.50117836048	0.016026357518566337
2646.75737911786	0.016646909808166337
2649.01292322765	0.018072594368815843
2651.26781098249	0.017306911355200003
2653.52204267492	0.017676554764855447
2655.77561859738	0.016844929610146532
2658.0285390422	0.01717493038366733
2660.28080430161	0.018204575340348517
2662.53241466774	0.01599996132426139
2664.78337043263	0.019036297184403958
2667.03367188817	0.017716197400990098
2669.2833193262	0.016660059560641583
2671.53231303844	0.01722772277227723
2673.78065331648	0.01601320776609109
2676.02834045184	0.01675249458539406
2678.27537473592	0.01680528697401188
2680.52175646002	0.016897721998764357
2682.76748591535	0.016924118193069305
2685.01256339298	0.015287167388617823
2687.25698918391	0.014191386912126732
2689.50076357901	0.015128693533417822
2691.74388686909	0.01382174350247921
2693.9863593448	0.017650158570542574
2696.22818129672	0.016778890779706932
2698.46935301532	0.013980217357671286
2700.70987479096	0.015141939975247525
2702.94974691389	0.017016456528467328
2705.18896967428	0.014891127784657428
2707.42754336216	0.01599996132426139
2709.66546826749	0.01578879176980594
2711.90274468011	0.018627107827968316
2714.13937288974	0.015247524752475247
2716.37535318602	0.015934019183168318
2718.61068585848	0.01603960396039604
2720.84537119652	0.015551129331683169
2723.07940948947	0.014864731590344554
2725.31280102654	0.01469310798267723
2727.54554609682	0.014297068378716834
2729.77764498933	0.015392752165845546
2732.00909799294	0.014719504176982178
2734.23990539644	0.015168336169552474
2736.47006748853	0.01651483214727921
2738.69958455777	0.014891127784657428
2740.92845689263	0.01450823793317228
2743.15668478147	0.017768989789607923
2745.38426851257	0.015524733137378219
2747.61120837406	0.015287167388617823
2749.83750465399	0.015894376547033667
2752.0631576403	0.015524733137378219
2754.28816762083	0.016910871751239606
2756.51253488329	0.01636960473390891
2758.73625971532	0.015722752939358417
2760.95934240442	0.01749178140470495
2763.18178323801	0.016197981126241587
2765.40358250338	0.01400661355198416
2767.62474048773	0.014627069152229704
2769.84525747814	0.01438940671410693
2772.06513376159	0.016303662592823762
2774.28436962496	0.013333365563120793
2776.50296535501	0.014719504176982178
2778.7209212384	0.014640218904704952
2780.93823756168	0.015419148360150495
2783.15491461129	0.01405940594059406
2785.37095267358	0.015313563582922773
2787.58635203477	0.014785446318067327
2789.80111298097	0.016831683168316833
2792.01523579822	0.014217783106439605
2794.2287207724	0.014270672184403959
2796.44156818932	0.013227684096538616
2798.65377833468	0.01337291150990099
2800.86535149404	0.015273920946780198
2803.07628795289	0.014442199102724753
2805.28658799659	0.015947168935643564
2807.4962519104	0.013808593750003963
2809.70527997946	0.014178237159651485
2811.91367248883	0.013003268100245543
2814.12142972342	0.013966970915841584
2816.32855196807	0.013452100092823764
2818.53503950749	0.013689762530938614
2820.74089262628	0.015273920946780198
2822.94611160894	0.01332011912129109
2825.15069673987	0.015498336943073268
2827.35464830333	0.013782197555691088
2829.55796658351	0.014653465346534653
2831.76065186445	0.013557781559405941
2833.96270443012	0.013834989944308911
2836.16412456437	0.015141939975247525
2838.3649125509	0.017069345606439607
2840.56506867336	0.014495088180697032
2842.76459321526	0.011379563737623763
2844.96348645999	0.01454788056930693
2847.16174869086	0.015854830600245545
2849.35938019105	0.014019763304459408
2851.55638124363	0.013465346534653465
2853.75275213157	0.013227684096538616
2855.94849313772	0.014798692759904952
2858.14360454483	0.014270672184403959
2860.33808663553	0.014759050123762376
2862.53193969234	0.015313563582922773
2864.72516399768	0.015089147586637626
2866.91775983385	0.014297068378716834
2869.10972748304	0.01556437577351287
2871.30106722733	0.016646909808166337
2873.4917793487	0.01617158493192871
2875.68186412899	0.015617168162130693
2877.87132184997	0.01537950572400792
2880.06015279325	0.016620416924506932
2882.24835724039	0.016435643564356436
2884.43593547278	0.014099048576736635
2886.62288777173	0.014983466120047523
2888.80921441843	0.016158435179453465
2890.99491569397	0.014904277537132676
2893.1799918793	0.01569635674505347
2895.36444325529	0.01724096921410693
2897.54827010269	0.016158435179453465
2899.73147270213	0.016145188737623762
2901.91405133412	0.01747853496287525
2904.09600627909	0.015405901918320794
2906.27733781731	0.016435643564356436
2908.45804622899	0.01436301051980198
2910.63813179418	0.014970316367572276
2912.81759479286	0.016277266398518814
2914.99643550486	0.01644889000618614
2917.17465420994	0.016488435952974258
2919.3522511877	0.01816502939356832
2921.52922671765	0.01697691058168713
2923.7055810792	0.016567624535889107
2925.88131455162	0.016356454981433663
2928.05642741408	0.015881226794558417
2930.23091994566	0.017637008818067325
2932.40479242528	0.018283860612625744
2934.57804513178	0.018178179146043565
2936.75067834387	0.017016456528467328
2938.92269234017	0.016462039758661385
2941.09408739916	0.018415841584158415
2943.26486379921	0.01675249458539406
2945.4350218186	0.018151782951730693
2947.60456173546	0.01704294941212673
2949.77348382783	0.018402595142328712
2951.94178837363	0.017835028620047523
2954.10947565068	0.017069345606439607
2956.27654593666	0.016303662592823762
2958.44299950915	0.01883827738242376
2960.60883664562	0.015709603186883168
2962.77405762341	0.016132038985148516
2964.93866271975	0.018204575340348517
2967.10265221178	0.017346553991334654
2969.26602637648	0.01722772277227723
2971.42878549076	0.01898350479579406
2973.59092983139	0.015498336943073268
2975.75245967501	0.01823106822400792
2977.9133752982	0.016475286200499012
2980.07367697736	0.015458790996285148
2982.23336498882	0.013676612778463366
2984.39243960877	0.016132038985148516
2986.5509011133	0.016409247370051484
2988.70874977837	0.014151840965346534
2990.86598587984	0.016303662592823762
2993.02260969344	0.014666711788364355
2995.17862149478	0.013544535117576239
2997.33402155938	0.014904277537132676
2999.48881016262	0.015036258508665348
3001.64298757978	0.016910871751239606
3003.796554086	0.014402653155944556
3005.94950995633	0.013755801361386138
3008.10185546569	0.014310218131192081
3010.25359088888	0.013240930538368318
3012.40471650059	0.01578879176980594
3014.5552325754	0.011537940903469308
3016.70513938776	0.011894434560641584
3018.85443721201	0.014178237159651485
3021.00312632236	0.01407265238242376
3023.15120699292	0.011854791924506931
3025.29867949769	0.012211188892324752
3027.44554411052	0.012686513768562375
3029.59180110516	0.013782197555691088
3031.73745075527	0.014627069152229704
3033.88249333434	0.013570931311881189
3036.02692911578	0.013438950340348517
3038.17075837287	0.014574276763611881
3040.31398137877	0.014270672184403959
3042.45659840653	0.012198039139849504
3044.59860972907	0.01339930770420594
3046.7400156192	0.012475247524752476
3048.88081634961	0.011986772896039603
3051.02101219287	0.013240930538368318
3053.16060342144	0.014257425742574258
3055.29959030765	0.012237585086637626
3057.43797312371	0.01452148437500198
3059.57575214172	0.01328057317450297
3061.71292763366	0.011485148514851485
3063.84949987139	0.013069306930693069
3065.98546912665	0.013056060488863368
3068.12083567105	0.011986772896039603
3070.2555997761	0.0125412863552
3072.38976171319	0.012937325959160396
3074.52332175356	0.013636970142328713
3076.65628016837	0.013174891707920793
3078.78863722863	0.012013169090344554
3080.92039320526	0.012198039139849504
3083.05154836902	0.011590733292079209
3085.1821029906	0.013518138923271288
3087.31205734051	0.010943881497528715
3089.44141168921	0.01087784266708119
3091.57016630696	0.01058748452970297
3093.69832146398	0.010534692141093071
3095.82587743032	0.010125406095295048
3097.9528344759	0.012462001082922773
3100.07919287056	0.012237585086637626
3102.204952884	0.010943881497528715
3104.33011478579	0.009887743657180198
3106.45467884538	0.010085763459160397
3108.57864533212	0.009095664449259407
3110.70201451522	0.011273882271041586
3112.82478666378	0.010957127939358416
3114.94696204676	0.009254138304459408
3117.06854093301	0.008844852258661386
3119.18952359127	0.010521445699255444
3121.30991029013	0.010230990872522772
3123.4297012981	0.009702970297029703
3125.54889688352	0.010547841893568319
3127.66749731464	0.009069268254954457
3129.78550285957	0.00813205832301782
3131.90291378633	0.010178198483912873
3134.01973036277	0.00938611927599208
3136.13595285665	0.009927386293314851
3138.2515815356	0.009821801516087128
3140.36661666714	0.009161703279706933
3142.48105851863	0.009900990099009901
3144.59490735734	0.009967028929457427
3146.70816345041	0.011287128712871287
3148.82082706486	0.01103631652228119
3150.93289846758	0.008224396658415841
3153.04437792532	0.010957127939358416
3155.15526570475	0.009504950495049505
3157.26556207238	0.00842241646039604
3159.37526729461	0.009584139077972278
3161.48438163771	0.010125406095295048
3163.59290536784	0.008805306311881188
3165.70083875102	0.008594040068071287
3167.80818205315	0.00660069229579406
3169.91493554002	0.008237643100245544
3172.02109947727	0.010679822865100991
3174.12667413044	0.009610535272277228
3176.23165976493	0.007854753248760395
3178.33605664602	0.009769009127477229
3180.43986503887	0.007537998917077227
3182.54308520852	0.008541247679453464
3184.64571741986	0.009980178681932675
3186.74776193769	0.009174949721536634
3188.84921902664	0.009280534498764358
3190.95008895128	0.007801960860150496
3193.05037197599	0.007273940284657427
3195.15006836504	0.007960434715350496
3197.24917838262	0.008026376856435643
3199.34770229274	0.00806601949257822
3201.44564035931	0.007432317450495049
3203.5429928461	0.008264039294558418
3205.63976001677	0.009346573329211882
3207.73594213484	0.00839602026609109
3209.83153946372	0.007815207301980197
3211.92655226669	0.009293684251239605
3214.02098080688	0.009122157332918811
3216.11482534732	0.008316831683168317
3218.20808615091	0.007300336478962377
3220.30076348041	0.006455464882423762
3222.39285759847	0.008594040068071287
3224.4843687676	0.007141959313116831
3226.57529725019	0.008330078124998018
3228.66564330851	0.006349880105196039
3230.75540720468	0.007801960860150496
3232.8445892007	0.007128712871287129
3234.93318955847	0.00737952506188515
3237.02120853974	0.007564395111390101
3239.10864640612	0.008844852258661386
3241.19550341911	0.007683129641093071
3243.28177984009	0.007643583694304949
3245.36747593029	0.007643583694304949
3247.45259195083	0.005412573483912872
3249.53712816268	0.0060594252784633654
3251.62108482672	0.007709525835398021
3253.70446220366	0.00839602026609109
3255.78726055411	0.0067459197091564345
3257.86948013853	0.0067854656559445566
3259.95112121728	0.006534653465346534
3262.03218405055	0.006085821472776239
3264.11266889845	0.005452119430693069
3266.19257602092	0.00662708849009901
3268.27190567779	0.007273940284657427
3270.35065812876	0.006917446627477229
3272.4288336334	0.005491762066835645
3274.50643245114	0.0057953666460435664
3276.5834548413	0.006772315903469309
3278.65990106305	0.006019782642328714
3280.73577137545	0.004871306466582177
3282.81106603742	0.006442218440594059
3284.88578530774	0.0052673460705425735
3286.95992944508	0.0060594252784633654
3289.03349870796	0.006296991027231685
3291.1064933548	0.004303643254954457
3293.17891364384	0.007815207301980197
3295.25075983324	0.0074059212561901
3297.322032181	0.004000038675746536
3299.39273094501	0.005438969678217821
3301.462856383	0.004501663056934655
3303.53240875259	0.0057425742574257425
3305.60138831128	0.0054257232363881195
3307.6697953164	0.00662708849009901
3309.73763002519	0.005650139232673267
3311.80489269472	0.006534653465346534
3313.87158358198	0.005570950649750495
3315.93770294378	0.0046864364170772265
3318.00325103681	0.006759069461631682
3320.06822811764	0.004462020420792079
3322.13263444272	0.006613842048269308
3324.19647026832	0.004660040222772277
3326.25973585064	0.0060066328898534666
3328.32243144568	0.005821762840348516
3330.38455730938	0.004369682085394059
3332.44611369749	0.006534653465346534
3334.50710086564	0.004871306466582177
3336.56751906936	0.006996731899754457
3338.62736856401	0.004343189201734654
3340.68664960483	0.007419167698019802
3342.74536244693	0.004039584622526734
3344.80350734528	0.0043300394492594065
3346.86108455472	0.005135268409655447
3348.91809432997	0.0041716622834138605
3350.97453692559	0.0057425742574257425
3353.03041259603	0.004475266862621782
3355.08572159559	0.004594098081687131
3357.14046417844	0.0036831876547009893
3359.19464059863	0.004884456219057425
3361.24825111005	0.004884456219057425
3363.30129596648	0.004475266862621782
3365.35377542155	0.0031022780012356426
3367.40568972878	0.0050165338799524764
3369.45703914152	0.002561010983912872
3371.507823913	0.0027855236695524745
3373.55804429633	0.004726079053219803
3375.60770054446	0.004224454672031684
3377.65679291024	0.003432375464110892
3379.70532164635	0.004065980816831683
3381.75328700534	0.004660040222772277
3383.80068923965	0.004224454672031684
3385.84752860155	0.005240949876237624
3387.89380534321	0.004118773205449506
3389.93951971664	0.0024554262066851496
3391.98467197371	0.0027590307858930702
3394.02926236618	0.004805267636142576
3396.07329114566	0.004818514077972278
3398.1167585636	0.002297049040839603
3400.15966487137	0.0027326345915881208
3402.20201032014	0.0028911084467801973
3404.24379516099	0.0035643564356435645
3406.28501964484	0.0013464959777267345
3408.3256840225	0.004290396813116831
3410.3657885446	0.0031286741955485167
3412.40533346167	0.0027062383972752467
3414.44431902408	0.0027326345915881208
3416.48274548209	0.0015841584158415843
3418.5206130858	0.0028250696163405957
3420.55792208516	0.003511564047033665
3422.59467273003	0.0021914642636118803
3424.63086527009	0.0020329904084198038
3426.6664999549	0.0014125348081663357
3428.70157703386	0.0024554262066851496
3430.73609675628	0.0025875038675722763
3432.77005937129	0.0032607518564356434
3434.80346512789	0.002283802599009901
3436.83631427494	0.002838316058170298
3438.86860706119	0.0027326345915881208
3440.90034373521	0.001491723391089109
3442.93152454546	0.003023089418320794
3444.96214974025	0.001927405631192081
3446.99221956775	0.0017954246596514844
3449.021734276	0.0027194848391128732
3451.05069411289	0.0026798422029702972
3453.07909932619	0.0022574064047049514
3455.1069501635	0.001306950030938613
3457.1342468723	0.0011089302289584149
3459.16098969993	0.0020329904084198038
3461.1871788936	0.0022706528465346533
3463.21281470035	0.0022706528465346533
3465.23789736712	0.002059386602724753
3467.26242714067	0.00063370204208317
3469.28640426765	0.001504969832918811
3471.30982899455	0.0029042581992554444
3473.33270156774	0.0026666924504950497
3475.35502223343	0.00015837716584554633
3477.3767912377	0.00043568224010297207
3479.39800882649	0.0019801980198019802
3481.41867524559	0.0007524365717861403
3483.43879074066	0.0006600982363881197
3485.45835555721	0.0010297416460435661
3487.47736994062	5.279238861782354e-05
3489.49583413611	0.001227761448023764
3491.51374838879	0.001227761448023764
3493.53111294359	0.0
3495.54792804533	0.0012013652537108902
3497.56419393867	0.0005280205754930684
3499.57991086814	0.001729385829211883
