1000.07700129088	0.008536874139430106
1002.83416209528	0.007973417127921129
1005.59045264208	0.005958962871788082
1008.34587328813	0.007438127808067704
1011.10042439014	0.006395613681660805
1013.85410630472	0.00628294291503013
1016.60691938837	0.006297078350035711
1019.35886399746	0.0064237813733163595
1022.10994048823	0.006677393776588869
1024.86014921684	0.007212683096442293
1027.60949053928	0.008043887946237817
1030.35796481149	0.006071633638418756
1033.10557238924	0.004902416488731208
1035.85231362819	0.007029541511494929
1038.5981888839	0.006747864594914015
1041.34319851182	0.006057601381768782
1044.08734286727	0.005268699658634393
1046.83062230544	0.005296867350289947
1049.57303718143	0.006057601381768782
1052.31458785021	0.005113725765342583
1055.05527466665	0.005409538116920621
1057.79509798549	0.004521997883813988
1060.53405816134	0.004888281053717172
1063.27215554874	0.004691107212119834
1066.00939050209	0.006029433690104771
1068.74576337565	0.005282731915284366
1071.48127452361	0.005015087255361882
1074.21592430002	0.004057179382285709
1076.94971305882	0.004831945670406063
1079.68264115384	0.004310688607202613
1082.41470893879	0.0036485930857129345
1085.14591676728	0.004719274903775389
1087.8762649928	0.005916659745118491
1090.60575396871	0.003479586935762695
1093.33438404827	0.004719274903775389
1096.06215558464	0.005310899606939921
1098.78906893086	0.005268699658634393
1101.51512443981	0.005198228840309247
1104.24032246435	0.004395294860533339
1106.96466335716	0.004367127168877784
1109.68814747081	0.004761578030436523
1112.41077515779	0.005268699658634393
1115.13254677044	0.005001054998711909
1117.85346266104	0.004676971777105797
1120.57352318169	0.004536133318819568
1123.29272868445	0.00316963914917062
1126.01107952121	0.004085347073941264
1128.72857604378	0.005691318211857142
1131.44521860385	0.004043043947271673
1134.16100755301	0.004691107212119834
1136.87594324271	0.005620847393531996
1139.59002602433	0.005113725765342583
1142.3032562491	0.005930795180124071
1145.01563426818	0.00625477522336612
1147.72716043257	0.006564723009958195
1150.43783509322	0.00643791680832194
1153.14765860091	0.006113936765079891
1155.85663130634	0.005902627488468516
1158.56475356012	0.00643791680832194
1161.27202571271	0.006043465946754745
1163.97844811448	0.006170272148399456
1166.68402111569	0.006677393776588869
1169.38874506649	0.005099590330328546
1172.09262031694	0.004564301010475122
1174.79564721695	0.005564512010220886
1177.49782611635	0.005325035041953957
1180.19915736486	0.00609980133007431
1182.89964131208	0.0060857690734243365
1185.59927830751	0.0068041999782335804
1188.29806870054	0.005085558073678572
1190.99601284046	0.005296867350289947
1193.69311107643	0.006043465946754745
1196.38936375753	0.004930584180386763
1199.08477123271	0.006142104456735445
1201.77933385082	0.005818124413493397
1204.47305196061	0.005282731915284366
1207.1659259107	0.005860324361807381
1209.85795604964	0.005043254947017437
1212.54914272585	0.005987130563443636
1215.23948628763	0.006142104456735445
1217.92898708319	0.006268910658380157
1220.61764546064	0.006649226084933315
1223.30546176798	0.007522630883034368
1225.99243635308	0.007311321606422993
1228.67856956373	0.005029222690367463
1231.36386174761	0.006029433690104771
1234.04831325228	0.005310899606939921
1236.73192442522	0.005127758021992557
1239.41469561377	0.006578755266608169
1242.09662716519	0.0060857690734243365
1244.77771942662	0.006113936765079891
1247.45797274511	0.0072831539147674386
1250.13738746759	0.007423992373053668
1252.81596394089	0.006663361519938895
1255.49370251175	0.00660692295827218
1258.17060352676	0.00635341373334682
1260.84666733246	0.006649226084933315
1263.52189427525	0.006592890701622205
1266.19628470144	0.008142526456218518
1268.86983895722	0.008170694147882528
1271.5425573887	0.007776243286315334
1274.21444034186	0.007621269393015068
1276.8854881626	0.007748075594659779
1279.55570119671	0.007550798574698378
1282.22507978985	0.00886095736102776
1284.89362428759	0.008691848032721916
1287.56133503543	0.008593312701105279
1290.22821237872	0.008579177266091241
1292.89425666274	0.010213316095671129
1295.55946823263	0.009818865234103934
1298.22384743346	0.010692270032204987
1300.88739461019	0.008057920202887791
1303.55011010766	0.009015931254328027
1306.21199427063	0.008325564862818732
1308.87304744373	0.006691529211602906
1311.53326997152	0.007917081744601562
1314.19266219843	0.008072055637901828
1316.8512244688	0.006790064543219543
1319.50895712687	0.006212472096704985
1322.16586051676	0.006381581425010831
1324.82193498252	0.006508387626647086
1327.47718086806	0.006973206128175364
1330.1315985172	0.007198650839792319
1332.78518827369	0.007987552562926709
1335.43795048114	0.009015931254328027
1338.08988548307	0.008705983467735953
1340.74099362289	0.010325986862301803
1343.39127524392	0.00994567143574019
1346.04073068939	0.011100856328777763
1348.6893603024	0.011058553202116628
1351.33716442597	0.008790486542702616
1353.98414340301	0.008705983467735953
1356.63029757632	0.006973206128175364
1359.27562728863	0.008255197222849193
1361.92013288252	0.007705772467990188
1364.56381470053	0.006916870744864255
1367.20667308505	0.005113725765342583
1369.84870837838	0.00635341373334682
1372.48992092274	0.006381581425010831
1375.13031106023	0.008241061787843612
1377.76987913284	0.0049164487453811825
1380.40862548251	0.0048179134137560885
1383.04655045101	0.005141893456998138
1385.68365438006	0.00628294291503013
1388.31993761126	0.005381370425265067
1390.95540048612	0.005409538116920621
1393.59004334605	0.005508176626901322
1396.22386653233	0.004733307160425362
1398.85687038619	0.007494463191378814
1401.48905524873	0.006790064543219543
1404.12042146094	0.006536555318302641
1406.75096936375	0.008114255586207356
1409.38069929796	0.0068041999782335804
1412.00961160428	0.007438127808067704
1414.63770662332	0.006409749116666385
1417.26498469557	0.006860535361544689
1419.89144616146	0.005761685851826681
1422.51709136132	0.0054658735002401865
1425.14192063532	0.00635341373334682
1427.76593432361	0.005409538116920621
1430.3891327662	0.006860535361544689
1433.01151630299	0.005663150520201587
1435.63308527382	0.005634982828546032
1438.2538400184	0.006367445989996794
1440.87378087637	0.007522630883034368
1443.49290818722	0.005184196583659272
1446.1112222904	0.007480327756373232
1448.72872352524	0.008241061787843612
1451.34541223097	0.008241061787843612
1453.96128874671	0.007184515404786739
1456.5763534115	0.008466506499460567
1459.19060656429	0.008227029531193638
1461.8040485439	0.008072055637901828
1464.41667968907	0.008001584819576682
1467.02850033846	0.007663469341329053
1469.63951083061	0.007790275542965307
1472.24971150397	0.005719485903512696
1474.8591026969	0.007466295499723259
1477.46768474763	0.007748075594659779
1480.07545799434	0.008339700297824312
1482.68242277508	0.009199072839275391
1485.28857942782	0.007240850788106303
1487.89392829042	0.006480219934991531
1490.49846970065	0.005944827436774045
1493.10220399619	0.004789745722100534
1495.70513151461	0.006226607531710566
1498.30725259339	0.006142104456735445
1500.90856756992	0.0052263965319732575
1503.50907678146	0.005789853543482236
1506.10878056524	0.006480219934991531
1508.70767925832	0.005099590330328546
1511.30577319772	0.004944616437036737
1513.90306272032	0.006170272148399456
1516.49954816295	0.005705350468507116
1519.09522986229	0.00615613671338542
1521.69010815498	0.005395505860270647
1524.28418337751	0.005113725765342583
1526.87745586632	0.0057758212868322615
1529.46992595773	0.005944827436774045
1532.06159398796	0.006480219934991531
1534.65246029316	0.006057601381768782
1537.24252520935	0.005972995128438055
1539.83178907249	0.00628294291503013
1542.42025221841	0.00695917387152539
1545.00791498287	0.007438127808067704
1547.59477770152	0.007170483148136764
1550.18084070993	0.006578755266608169
1552.76610434356	0.00677603228656957
1555.35056893777	0.0072831539147674386
1557.93423482785	0.0075931017013595135
1560.51710234896	0.008874989617677735
1563.0991718362	0.008156558712868491
1565.68044362457	0.00884682192602218
1568.26091804893	0.010790908542185689
1570.84059544411	0.011058553202116628
1573.41947614481	0.013594264521453124
1575.99756048562	0.014157721532962101
1578.57484880108	0.017764114670361052
1581.15134142559	0.017820450053680617
1583.72703869349	0.01860935177680655
1586.301940939	0.01970809810817741
1588.87604849628	0.01877835792675679
1591.44936169934	0.0196799304165134
1594.02188088215	0.020595638341284042
1596.59360637855	0.020130716661400157
1599.16453852232	0.02144087544772954
1601.73467764709	0.02035616137301711
1604.30402408647	0.022257944862519485
1606.87257817391	0.017242857607157602
1609.44034024281	0.01576369267087798
1612.00731062644	0.013326619861522183
1614.57348965801	0.011213527095408437
1617.13887767062	0.010664102340549432
1619.70347499726	0.010368289988962939
1622.26728197086	0.0098752006174235
1624.83029892423	0.011565674830314497
1627.39252619012	0.011720648723606307
1629.95396410112	0.011269862478728002
1632.5146129898	0.013805573798064498
1635.07447318858	0.01235457655344043
1637.63354502984	0.010382322245612913
1640.19182884582	0.00926944047924493
1642.74932496868	0.007621269393015068
1645.3060337305	0.00722681853145633
1647.86195546325	0.005310899606939921
1650.41709049882	0.0055363443185653324
1652.971439169	0.004423462552188894
1655.52500180548	0.0041980178405719385
1658.07777873987	0.004352991733863748
1660.62977030368	0.0057758212868322615
1663.18097682833	0.004775610287086497
1665.73139864514	0.005550376575215306
1668.28103608534	0.005761685851826681
1670.82988948008	0.005860324361807381
1673.37795916039	0.005606815136882022
1675.92524545724	0.0038177024140103244
1678.47174870147	0.004620636393794688
1681.01746922386	0.004282520915547058
1683.56240735508	0.005409538116920621
1686.10656342572	0.004493830192158433
1688.64993776626	0.005240531966978838
1691.19253070709	0.004874248797067197
1693.73434257853	0.004409327117183314
1696.27537371078	0.005310899606939921
1698.81562443395	0.006057601381768782
1701.35509507809	0.006240742966716146
1703.89378597311	0.005029222690367463
1706.43169744886	0.005944827436774045
1708.96882983509	0.005620847393531996
1711.50518346144	0.005451841243590212
1714.0407586575	0.007931217179607142
1716.57555575272	0.008466506499460567
1719.10957507649	0.008353835732829893
1721.64281695809	0.00917080196926423
1724.17528172671	0.009396246680881185
1726.70696971146	0.010607766957238324
1729.23788124135	0.010269651478982239
1731.7680166453	0.008452371064454987
1734.29737625213	0.007254986223111884
1736.82596039057	0.008480538756110542
1739.35376938927	0.006635090649927735
1741.88080357677	0.0076916370329846075
1744.40706328154	0.00660692295827218
1746.93254883193	0.006649226084933315
1749.45726055623	0.0064237813733163595
1751.9811987826	0.006522419883297059
1754.50436383915	0.005395505860270647
1757.02675605387	0.006127969021729865
1759.54837575466	0.004592468702139133
1762.06922326934	0.003930373180640999
1764.58929892564	0.004705139468769807
1767.10860305118	0.0057758212868322615
1769.6271359735	0.00370503164737965
1772.14489802005	0.004846081105411643
1774.66188951817	0.004296656350552639
1777.17811079515	0.003719063904029624
1779.69356217815	0.003930373180640999
1782.20824399425	0.005480008935245767
1784.72215657043	0.004268488658897084
1787.23530023361	0.003676760777368489
1789.74767531057	0.004803777978750508
1792.25928212804	0.005001054998711909
1794.77012101264	0.005170061148653692
1797.2801922909	0.004775610287086497
1799.78949628926	0.0041980178405719385
1802.29803333406	0.003747231595693635
1804.80580375158	0.004310688607202613
1807.31280786797	0.005029222690367463
1809.81904600929	0.004071211638935684
1812.32451850154	0.003845870105674335
1814.82922567061	0.004437494808838868
1817.33316784231	0.00345141924410714
1819.83634534233	0.003338748477476466
1822.33875849629	0.0038880700539798635
1824.84040762973	0.003803566979004744
1827.34129306808	0.0039585408723050095
1829.84141513667	0.004014876255616118
1832.34077416077	0.004437494808838868
1834.83937046553	0.003578225445743395
1837.33720437602	0.004451630243844448
1839.83427621723	0.004310688607202613
1842.33058631404	0.004479797935508459
1844.82613499125	0.004099379330591239
1847.32092257355	0.004564301010475122
1849.81494938558	0.005212364275323283
1852.30821575184	0.004719274903775389
1854.80072199677	0.0026061821376616415
1857.29246844473	0.004775610287086497
1859.78345541994	0.004676971777105797
1862.27368324658	0.003775399287349189
1864.76315224871	0.004141682457252373
1867.2518627503	0.005099590330328546
1869.73981507524	0.004352991733863748
1872.22700954733	0.004127650200602399
1874.71344649027	0.005578544266870861
1877.19912622768	0.004592468702139133
1879.68404908308	0.005043254947017437
1882.16821537988	0.0039022054889854443
1884.65162544145	0.004183985583921965
1887.13427959102	0.003395083860787575
1889.61617815175	0.0037331993390436607
1892.0973214467	0.0026343498293171963
1894.57770979887	0.003141471457515065
1897.05734353113	0.0039022054889854443
1899.53622296628	0.0038740377973298895
1902.014348427	0.004536133318819568
1904.49172023593	0.0038177024140103244
1906.96833871558	0.003775399287349189
1909.44420418839	0.004352991733863748
1911.91931697668	0.0034937223707682753
1914.39367740272	0.004212153275577519
1916.86728578865	0.004479797935508459
1919.34014245654	0.005015087255361882
1921.81224772838	0.003719063904029624
1924.28360192604	0.005015087255361882
1926.75420537132	0.0028738267975841254
1929.22405838593	0.004240320967233074
1931.69316129147	0.003676760777368489
1934.16151440948	0.004240320967233074
1936.62911806136	0.004465662500494422
1939.09597256848	0.0050573903820230175
1941.56207825207	0.0038317346706602984
1944.0274354333	0.004465662500494422
1946.49204443322	0.003859902362324309
1948.95590557284	0.003676760777368489
1951.41901917301	0.0029724653075648257
1953.88138555454	0.004324824042208193
1956.34300503813	0.005127758021992557
1958.8038779444	0.0031133037658595108
1961.26400459387	0.003338748477476466
1963.72338530697	0.004831945670406063
1966.18202040403	0.0039585408723050095
1968.63991020531	0.0036345608290629604
1971.09705503097	0.004338959477213774
1973.55345520107	0.003155606892520646
1976.0091110356	0.003719063904029624
1978.46402285444	0.004127650200602399
1980.91819097737	0.003916340923991024
1983.3716157241	0.003465451500757114
1985.82429741427	0.00370503164737965
1988.27623636736	0.004226185532227493
1990.72743290284	0.004493830192158433
1993.17788734002	0.003662728520718515
1995.62759999817	0.0038177024140103244
1998.07657119644	0.0038880700539798635
2000.5248012539	0.003916340923991024
2002.97229048952	0.004169850148916384
2005.41903922219	0.005113725765342583
2007.86504777071	0.003986708563960564
2010.31031645378	0.003338748477476466
2012.75484559	0.003916340923991024
2015.19863549792	0.004183985583921965
2017.64168649594	0.004324824042208193
2020.08399890242	0.004352991733863748
2022.5255730356	0.0037895347223547695
2024.96640921365	0.004113514765596819
2027.40650775462	0.0047474425954309426
2029.84586897649	0.004000843998966145
2032.28449319715	0.003479586935762695
2034.72238073438	0.003395083860787575
2037.15953190591	0.003930373180640999
2039.59594702932	0.004620636393794688
2042.03162642215	0.003211942275840211
2044.46657040182	0.004578436445489159
2046.90077928567	0.003775399287349189
2049.33425339095	0.004634771828800268
2051.76699303481	0.004367127168877784
2054.19899853433	0.003803566979004744
2056.63027020645	0.003338748477476466
2059.06080836809	0.003803566979004744
2061.49061333602	0.004141682457252373
2063.91968542694	0.00397267630731059
2066.34802495747	0.004451630243844448
2068.77563224411	0.003521890062432286
2071.20250760329	0.004775610287086497
2073.62865135136	0.003521890062432286
2076.05406380455	0.004282520915547058
2078.47874527901	0.0036908962123740697
2080.9026960908	0.004972887307047898
2083.3259165559	0.004268488658897084
2085.74840699018	0.004282520915547058
2088.17016770944	0.004014876255616118
2090.59119902935	0.004367127168877784
2093.01150126553	0.003775399287349189
2095.43107473348	0.004423462552188894
2097.84991974864	0.003775399287349189
2100.26803662633	0.0041980178405719385
2102.68542568178	0.003761367030699215
2105.10208723015	0.00335278073412644
2107.51802158648	0.004240320967233074
2109.93322906574	0.004014876255616118
2112.3477099828	0.004676971777105797
2114.76146465245	0.00415581789226641
2117.17449338937	0.0038740377973298895
2119.58679650815	0.004536133318819568
2121.9983743233	0.003944508615655035
2124.40922714924	0.00353592231908226
2126.81935530029	0.0039022054889854443
2129.22875909067	0.004071211638935684
2131.63743883452	0.0041980178405719385
2134.04539484589	0.004437494808838868
2136.45262743874	0.004620636393794688
2138.85913692692	0.0033246130424708854
2141.26492362422	0.004113514765596819
2143.6699878443	0.0039022054889854443
2146.07432990076	0.003465451500757114
2148.47795010708	0.004846081105411643
2150.88084877667	0.0038317346706602984
2153.28302622285	0.004564301010475122
2155.68448275883	0.0030851360741955
2158.08521869774	0.004338959477213774
2160.48523435261	0.004057179382285709
2162.88453003639	0.0039585408723050095
2165.28310606193	0.004254353223883047
2167.68096274199	0.004719274903775389
2170.07810038922	0.004029011690621699
2172.47451931622	0.005099590330328546
2174.87021983546	0.0032824130941569007
2177.26520225933	0.004240320967233074
2179.65946690013	0.004240320967233074
2182.05301407006	0.002803355979267436
2184.44584408123	0.004310688607202613
2186.83795724567	0.004831945670406063
2189.22935387531	0.004282520915547058
2191.62003428198	0.004733307160425362
2194.00999877743	0.00397267630731059
2196.39924767329	0.004775610287086497
2198.78778128115	0.003944508615655035
2201.17559991245	0.004338959477213774
2203.56270387857	0.004676971777105797
2205.94909349081	0.004282520915547058
2208.33476906033	0.003944508615655035
2210.71973089824	0.004057179382285709
2213.10397931554	0.004465662500494422
2215.48751462314	0.004846081105411643
2217.87033713186	0.004846081105411643
2220.25244715242	0.004113514765596819
2222.63384499546	0.0038317346706602984
2225.01453097151	0.0035077546274182494
2227.39450539101	0.0030851360741955
2229.77376856434	0.00345141924410714
2232.15232080173	0.003127439200865091
2234.53016241336	0.004226185532227493
2236.9072937093	0.004352991733863748
2239.28371499954	0.005141893456998138
2241.65942659396	0.004381159425527759
2244.03442880236	0.0035077546274182494
2246.40872193443	0.004127650200602399
2248.78230629979	0.00415581789226641
2251.15518220795	0.004846081105411643
2253.52734996835	0.0032682776591513203
2255.89880989029	0.0036063931373989497
2258.26956228301	0.0033669161691320206
2260.63960745567	0.003930373180640999
2263.00894571731	0.004381159425527759
2265.37757737688	0.004831945670406063
2267.74550274324	0.004691107212119834
2270.11272212517	0.004634771828800268
2272.47923583134	0.0037895347223547695
2274.84504417031	0.004057179382285709
2277.2101474506	0.004127650200602399
2279.57454598058	0.004733307160425362
2281.93824006856	0.004169850148916384
2284.30123002275	0.003986708563960564
2286.66351615125	0.0038880700539798635
2289.02509876208	0.003338748477476466
2291.38597816317	0.0037331993390436607
2293.74615466236	0.004860113362061617
2296.10562856737	0.00397267630731059
2298.46440018585	0.003747231595693635
2300.82246982535	0.004691107212119834
2303.1798377933	0.004282520915547058
2305.5365043971	0.0039585408723050095
2307.89246994399	0.004592468702139133
2310.24773474116	0.004789745722100534
2312.60229909566	0.004268488658897084
2314.95616331451	0.004564301010475122
2317.30932770456	0.0039022054889854443
2319.66179257263	0.004944616437036737
2322.01355822542	0.005395505860270647
2324.36462496953	0.00316963914917062
2326.71499311146	0.004212153275577519
2329.06466295764	0.004761578030436523
2331.41363481439	0.00345141924410714
2333.76190898794	0.002761156030953451
2336.10948578441	0.0036485930857129345
2338.45636550986	0.003395083860787575
2340.80254847022	0.0038177024140103244
2343.14803497132	0.0032964453508068747
2345.49282531895	0.005198228840309247
2347.83691981874	0.004169850148916384
2350.18031877626	0.005043254947017437
2352.52302249699	0.00335278073412644
2354.8650312863	0.00343728380910156
2357.20634544946	0.0037895347223547695
2359.54696529166	0.005606815136882022
2361.88689111798	0.006226607531710566
2364.22612323341	0.0037895347223547695
2366.56466194287	0.004141682457252373
2368.90250755114	0.004479797935508459
2371.23966036293	0.004099379330591239
2373.57612068286	0.003747231595693635
2375.91188881545	0.004423462552188894
2378.2469650651	0.00397267630731059
2380.58134973615	0.004437494808838868
2382.91504313282	0.003747231595693635
2385.24804555926	0.0038740377973298895
2387.58035731949	0.004479797935508459
2389.91197871745	0.003859902362324309
2392.24291005701	0.003521890062432286
2394.57315164189	0.0052263965319732575
2396.90270377577	0.004902416488731208
2399.23156676218	0.005043254947017437
2401.55974090461	0.004254353223883047
2403.88722650642	0.003986708563960564
2406.21402387086	0.005325035041953957
2408.54013330113	0.0052263965319732575
2410.8655551003	0.004367127168877784
2413.19028957133	0.0045079656271640135
2415.51433701713	0.0051559257136481115
2417.83769774049	0.004296656350552639
2420.16037204408	0.003775399287349189
2422.48236023051	0.004352991733863748
2424.80366260228	0.004902416488731208
2427.12427946179	0.005395505860270647
2429.44421111134	0.004578436445489159
2431.76345785315	0.004296656350552639
2434.08201998932	0.004451630243844448
2436.39989782188	0.004550268753825149
2438.71709165273	0.004409327117183314
2441.0336017837	0.004860113362061617
2443.34942851653	0.0052263965319732575
2445.66457215282	0.004592468702139133
2447.97903299412	0.005480008935245767
2450.29281134185	0.005437705808584632
2452.60590749736	0.005789853543482236
2454.91832176188	0.005677182776851562
2457.23005443656	0.005268699658634393
2459.54110582243	0.006057601381768782
2461.85147622045	0.0054658735002401865
2464.16116593146	0.004789745722100534
2466.47017525621	0.006029433690104771
2468.77850449536	0.005170061148653692
2471.08615394947	0.004592468702139133
2473.39312391899	0.0055363443185653324
2475.69941470429	0.004493830192158433
2478.00502660562	0.004592468702139133
2480.30995992316	0.004564301010475122
2482.61421495697	0.004071211638935684
2484.91779200702	0.005015087255361882
2487.22069137316	0.005113725765342583
2489.5229133552	0.004620636393794688
2491.8244582528	0.005409538116920621
2494.12532636553	0.005550376575215306
2496.42551799287	0.004000843998966145
2498.72503343421	0.0038317346706602984
2501.02387298882	0.005634982828546032
2503.32203695588	0.004662939520455823
2505.61952563449	0.004648804085450243
2507.91633932361	0.005508176626901322
2510.21247832216	0.004423462552188894
2512.50794292891	0.004860113362061617
2514.80273344255	0.004437494808838868
2517.09685016167	0.004634771828800268
2519.39029338476	0.0038177024140103244
2521.68306341022	0.004986919563697872
2523.97516053634	0.005325035041953957
2526.26658506132	0.004986919563697872
2528.55733728325	0.0049164487453811825
2530.84741750012	0.004662939520455823
2533.13682600984	0.004127650200602399
2535.4255631102	0.005212364275323283
2537.7136290989	0.005480008935245767
2540.00102427354	0.005353202733609512
2542.28774893162	0.005367234990259487
2544.57380337053	0.004296656350552639
2546.85918788758	0.004352991733863748
2549.14390277997	0.004648804085450243
2551.4279483448	0.005381370425265067
2553.71132487906	0.005254564223628812
2555.99403267966	0.004761578030436523
2558.27607204341	0.004338959477213774
2560.55744326699	0.003944508615655035
2562.83814664702	0.004099379330591239
2565.11818247999	0.005043254947017437
2567.3975510623	0.004733307160425362
2569.67625269025	0.004409327117183314
2571.95428766003	0.004930584180386763
2574.23165626776	0.004705139468769807
2576.50835880942	0.003930373180640999
2578.78439558093	0.005367234990259487
2581.05976687806	0.004014876255616118
2583.33447299652	0.00583215667014337
2585.60851423191	0.005339067298603932
2587.88189087972	0.005353202733609512
2590.15460323534	0.005184196583659272
2592.42665159406	0.005127758021992557
2594.69803625108	0.004000843998966145
2596.9687575015	0.005113725765342583
2599.23881564029	0.004212153275577519
2601.50821096235	0.0052263965319732575
2603.77694376245	0.005705350468507116
2606.0450143353	0.0048179134137560885
2608.31242297548	0.004592468702139133
2610.57916997746	0.005508176626901322
2612.84525563562	0.005184196583659272
2615.11068024426	0.0060857690734243365
2617.37544409753	0.006381581425010831
2619.63954748952	0.004634771828800268
2621.90299071421	0.005944827436774045
2624.16577406546	0.005634982828546032
2626.42789783705	0.005508176626901322
2628.68936232264	0.00633927829834124
2630.9501678158	0.0074521600647176785
2633.21031460999	0.005423673551934658
2635.46980299857	0.007184515404786739
2637.72863327481	0.006367445989996794
2639.98680573185	0.007114147764825655
2642.24432066276	0.006240742966716146
2644.50117836048	0.006564723009958195
2646.75737911786	0.009255408222594956
2649.01292322765	0.008001584819576682
2651.26781098249	0.00950891744751186
2653.52204267492	0.00874818341604148
2655.77561859738	0.011030385510461073
2658.0285390422	0.01217143496848461
2660.28080430161	0.012326408861784877
2662.53241466774	0.013396987501491724
2664.78337043263	0.015284738734344121
2667.03367188817	0.01570735728756687
2669.2833193262	0.017820450053680617
2671.53231303844	0.01859521634180097
2673.78065331648	0.020792812182889836
2676.02834045184	0.022863705000698054
2678.27537473592	0.023779412925460243
2680.52175646002	0.02596287333154353
2682.76748591535	0.025667060979957034
2685.01256339298	0.025864234821562828
2687.25698918391	0.024835959308517116
2689.50076357901	0.0258220348732573
2691.74388686909	0.025667060979957034
2693.9863593448	0.02317365278729013
2696.22818129672	0.021652184724340915
2698.46935301532	0.01982087205316369
2700.70987479096	0.018764325670106816
2702.94974691389	0.016890709872259997
2705.18896967428	0.015200235659369002
2707.42754336216	0.01481981705445178
2709.66546826749	0.013551961394783534
2711.90274468011	0.013453426063166895
2714.13937288974	0.012185570403498647
2716.37535318602	0.009748394415778789
2718.61068585848	0.009593420522486979
2720.84537119652	0.008212894096188058
2723.07940948947	0.007423992373053668
2725.31280102654	0.006409749116666385
2727.54554609682	0.006649226084933315
2729.77764498933	0.008100223329557383
2732.00909799294	0.00660692295827218
2734.23990539644	0.007635301649665042
2736.47006748853	0.006846399926539109
2738.69958455777	0.0064237813733163595
2740.92845689263	0.006860535361544689
2743.15668478147	0.006127969021729865
2745.38426851257	0.00628294291503013
2747.61120837406	0.005282731915284366
2749.83750465399	0.006170272148399456
2752.0631576403	0.006057601381768782
2754.28816762083	0.005620847393531996
2756.51253488329	0.0054658735002401865
2758.73625971532	0.005649015085196007
2760.95934240442	0.004606604137144713
2763.18178323801	0.004437494808838868
2765.40358250338	0.005578544266870861
2767.62474048773	0.004141682457252373
2769.84525747814	0.004719274903775389
2772.06513376159	0.005494041191895741
2774.28436962496	0.00573351816016267
2776.50296535501	0.0052263965319732575
2778.7209212384	0.005254564223628812
2780.93823756168	0.004113514765596819
2783.15491461129	0.004789745722100534
2785.37095267358	0.005888492053462936
2787.58635203477	0.00343728380910156
2789.80111298097	0.0055363443185653324
2792.01523579822	0.0050573903820230175
2794.2287207724	0.004634771828800268
2796.44156818932	0.004930584180386763
2798.65377833468	0.005649015085196007
2800.86535149404	0.004846081105411643
2803.07628795289	0.005085558073678572
2805.28658799659	0.004367127168877784
2807.4962519104	0.004860113362061617
2809.70527997946	0.0038880700539798635
2811.91367248883	0.004183985583921965
2814.12142972342	0.005071422638672992
2816.32855196807	0.0048179134137560885
2818.53503950749	0.0039022054889854443
2820.74089262628	0.005184196583659272
2822.94611160894	0.0031133037658595108
2825.15069673987	0.004338959477213774
2827.35464830333	0.004789745722100534
2829.55796658351	0.004169850148916384
2831.76065186445	0.005437705808584632
2833.96270443012	0.005240531966978838
2836.16412456437	0.005043254947017437
2838.3649125509	0.0049164487453811825
2840.56506867336	0.004578436445489159
2842.76459321526	0.005634982828546032
2844.96348645999	0.005170061148653692
2847.16174869086	0.005705350468507116
2849.35938019105	0.005620847393531996
2851.55638124363	0.00316963914917062
2853.75275213157	0.004338959477213774
2855.94849313772	0.005620847393531996
2858.14360454483	0.005085558073678572
2860.33808663553	0.006677393776588869
2862.53193969234	0.0064237813733163595
2864.72516399768	0.00615613671338542
2866.91775983385	0.0063252460416912655
2869.10972748304	0.0070436769465005095
2871.30106722733	0.0074521600647176785
2873.4917793487	0.00732545704143703
2875.68186412899	0.007071844638156064
2877.87132184997	0.007550798574698378
2880.06015279325	0.007423992373053668
2882.24835724039	0.008269229479499166
2884.43593547278	0.00945258206420075
2886.62288777173	0.008043887946237817
2888.80921441843	0.008945460436002882
2890.99491569397	0.008804621977716653
2893.1799918793	0.009199072839275391
2895.36444325529	0.009283575914250511
2897.54827010269	0.00950891744751186
2899.73147270213	0.010804940798835662
2901.91405133412	0.009692059032467679
2904.09600627909	0.010748605415524554
2906.27733781731	0.011734784158611887
2908.45804622899	0.01165017790528116
2910.63813179418	0.010579599265574313
2912.81759479286	0.012157402711834636
2914.99643550486	0.010889547052166389
2917.17465420994	0.011875622616906572
2919.3522511877	0.011579810265320078
2921.52922671765	0.013523793703127979
2923.7055810792	0.012058764201853936
2925.88131455162	0.012706724288338035
2928.05642741408	0.014721281722835143
2930.23091994566	0.014312695426262368
2932.40479242528	0.01439719850122903
2934.57804513178	0.013876044616389645
2936.75067834387	0.014228192351287248
2938.92269234017	0.013890076873039617
2941.09408739916	0.01560871877758617
2943.26486379921	0.013509761446478004
2945.4350218186	0.014228192351287248
2947.60456173546	0.013664735339778269
2949.77348382783	0.013425258371502885
2951.94178837363	0.014411333936243068
2954.10947565068	0.014876152437771345
2956.27654593666	0.014904423307782506
2958.44299950915	0.01336881980983617
2960.60883664562	0.013270284478211075
2962.77405762341	0.014214056916281668
2964.93866271975	0.014354998552923503
2967.10265221178	0.015383377244324821
2969.26602637648	0.015172067967713447
2971.42878549076	0.012904001308299435
2973.59092983139	0.01287583361664388
2975.75245967501	0.013270284478211075
2977.9133752982	0.01262222121337137
2980.07367697736	0.011100856328777763
2982.23336498882	0.011453004063683823
2984.39243960877	0.009987871384054174
2986.5509011133	0.011523474882000513
2988.70874977837	0.010678237775555014
2990.86598587984	0.011269862478728002
2993.02260969344	0.01011467758569043
2995.17862149478	0.009072266637639137
2997.33402155938	0.009551220574181452
2999.48881016262	0.008621480392760832
3001.64298757978	0.008269229479499166
3003.796554086	0.007959384871271154
3005.94950995633	0.007832578669626443
3008.10185546569	0.008593312701105279
3010.25359088888	0.007578966266353933
3012.40471650059	0.007790275542965307
3014.5552325754	0.006268910658380157
3016.70513938776	0.006945038436519809
3018.85443721201	0.0070436769465005095
3021.00312632236	0.007269018479761858
3023.15120699292	0.005705350468507116
3025.29867949769	0.007269018479761858
3027.44554411052	0.008114255586207356
3029.59180110516	0.007395824681398113
3031.73745075527	0.007142315456481209
3033.88249333434	0.007564934009703959
3036.02692911578	0.010058342202370864
3038.17075837287	0.01004430994572089
3040.31398137877	0.008705983467735953
3042.45659840653	0.008142526456218518
3044.59860972907	0.008889125052683316
3046.7400156192	0.008382003424493903
3048.88081634961	0.008452371064454987
3051.02101219287	0.007902946309595982
3053.16060342144	0.006536555318302641
3055.29959030765	0.0068041999782335804
3057.43797312371	0.0064942521916415055
3059.57575214172	0.006790064543219543
3061.71292763366	0.007888914052946007
3063.84949987139	0.007635301649665042
3065.98546912665	0.007917081744601562
3068.12083567105	0.007959384871271154
3070.2555997761	0.007931217179607142
3072.38976171319	0.0076916370329846075
3074.52332175356	0.006311110606685685
3076.65628016837	0.00662105839327776
3078.78863722863	0.005987130563443636
3080.92039320526	0.006747864594914015
3083.05154836902	0.005649015085196007
3085.1821029906	0.005437705808584632
3087.31205734051	0.004803777978750508
3089.44141168921	0.004423462552188894
3091.57016630696	0.005310899606939921
3093.69832146398	0.005015087255361882
3095.82587743032	0.0050573903820230175
3097.9528344759	0.003986708563960564
3100.07919287056	0.0049164487453811825
3102.204952884	0.0049164487453811825
3104.33011478579	0.005409538116920621
3106.45467884538	0.005916659745118491
3108.57864533212	0.004789745722100534
3110.70201451522	0.005508176626901322
3112.82478666378	0.004254353223883047
3114.94696204676	0.005353202733609512
3117.06854093301	0.005184196583659272
3119.18952359127	0.0034937223707682753
3121.30991029013	0.004282520915547058
3123.4297012981	0.00335278073412644
3125.54889688352	0.004226185532227493
3127.66749731464	0.003578225445743395
3129.78550285957	0.0034232515524515858
3131.90291378633	0.004465662500494422
3134.01973036277	0.003155606892520646
3136.13595285665	0.0033669161691320206
3138.2515815356	0.004578436445489159
3140.36661666714	0.0025638790109920504
3142.48105851863	0.002408905117700241
3144.59490735734	0.0030569683825399457
3146.70816345041	0.0027470205959478707
3148.82082706486	0.0036345608290629604
3150.93289846758	0.0030569683825399457
3153.04437792532	0.0032401099674957655
3155.15526570475	0.002493511371030967
3157.26556207238	0.003155606892520646
3159.37526729461	0.002211731276094447
3161.48438163771	0.0026202143943116155
3163.59290536784	0.002775188287603425
3165.70083875102	0.0030146652558788105
3167.80818205315	0.00343728380910156
3169.91493554002	0.002775188287603425
3172.02109947727	0.003521890062432286
3174.12667413044	0.0031133037658595108
3176.23165976493	0.0028738267975841254
3178.33605664602	0.003803566979004744
3180.43986503887	0.003775399287349189
3182.54308520852	0.002578014446006087
3184.64571741986	0.001958118872821937
3186.74776193769	0.002718852904292316
3188.84921902664	0.003747231595693635
3190.95008895128	0.0037895347223547695
3193.05037197599	0.00370503164737965
3195.15006836504	0.00353592231908226
3197.24917838262	0.002718852904292316
3199.34770229274	0.003409116117437549
3201.44564035931	0.0027893237226174618
3203.5429928461	0.0027893237226174618
3205.63976001677	0.0033669161691320206
3207.73594213484	0.0023525697343806757
3209.83153946372	0.00345141924410714
3211.92655226669	0.003042832947534365
3214.02098080688	0.003127439200865091
3216.11482534732	0.002268066659414012
3218.20808615091	0.0029583298725592453
3220.30076348041	0.002901994489248136
3222.39285759847	0.0025498467543420764
3224.4843687676	0.003395083860787575
3226.57529725019	0.0029442976159092713
3228.66564330851	0.002887962232598162
3230.75540720468	0.0038880700539798635
3232.8445892007	0.00283152367092299
3234.93318955847	0.0036345608290629604
3237.02120853974	0.004972887307047898
3239.10864640612	0.003761367030699215
3241.19550341911	0.004029011690621699
3243.28177984009	0.0037331993390436607
3245.36747593029	0.0023244020427251213
3247.45259195083	0.004465662500494422
3249.53712816268	0.0039585408723050095
3251.62108482672	0.0031837745841762004
3253.70446220366	0.003338748477476466
3255.78726055411	0.0021130927661137467
3257.86948013853	0.0033669161691320206
3259.95112121728	0.0019862865644774915
3262.03218405055	0.0032682776591513203
3264.11266889845	0.0015919388812659033
3266.19257602092	0.0029442976159092713
3268.27190567779	0.0038177024140103244
3270.35065812876	0.002254034402764038
3272.4288336334	0.0032401099674957655
3274.50643245114	0.003465451500757114
3276.5834548413	0.0021553958927833378
3278.65990106305	0.0023103697860751473
3280.73577137545	0.0023103697860751473
3282.81106603742	0.002761156030953451
3284.88578530774	0.0035500577540878405
3286.95992944508	0.0025498467543420764
3289.03349870796	0.0024230405527058217
3291.1064933548	0.0024653436793754127
3293.17891364384	0.0031978068408261744
3295.25075983324	0.0016623065212354427
3297.322032181	0.0023385374777307017
3299.39273094501	0.0024793759360253868
3301.462856383	0.0012396879680126934
3303.53240875259	0.0012538234030182737
3305.60138831128	0.0026484852643227767
3307.6697953164	0.001817280414527252
3309.73763002519	0.001901783489502372
3311.80489269472	0.0029864975642147997
3313.87158358198	0.0026906852126367614
3315.93770294378	0.0029864975642147997
3318.00325103681	0.001676441956241023
3320.06822811764	0.0013241910429878131
3322.13263444272	0.0017046096478965777
3324.19647026832	0.0027893237226174618
3326.25973585064	0.002451208244361376
3328.32243144568	0.0026766529559867874
3330.38455730938	0.0008875402331150898
3332.44611369749	0.0018314158495412887
3334.50710086564	0.0022398989677500014
3336.56751906936	0.0022258667111000273
3338.62736856401	0.0020427251261526634
3340.68664960483	0.0029724653075648257
3342.74536244693	0.0018595835411968434
3344.80350734528	0.001958118872821937
3346.86108455472	0.0030006329992288364
3348.91809432997	0.0026625175209727507
3350.97453692559	0.0023103697860751473
3353.03041259603	0.002845659105928571
3355.08572159559	0.001901783489502372
3357.14046417844	0.0022258667111000273
3359.19464059863	0.0027470205959478707
3361.24825111005	0.0
3363.30129596648	0.0015496357546047684
3365.35377542155	0.002704820647642342
3367.40568972878	0.002901994489248136
3369.45703914152	0.001760945031216143
3371.507823913	0.0023385374777307017
3373.55804429633	0.002493511371030967
3375.60770054446	0.0023525697343806757
3377.65679291024	0.0016904742128909973
3379.70532164635	0.0019722543078275175
3381.75328700534	0.0015636680112547424
3383.80068923965	0.002070892817808218
3385.84752860155	0.0011128817663764385
3387.89380534321	0.0016904742128909973
3389.93951971664	0.0015214680629492138
3391.98467197371	0.002521679062686522
3394.02926236618	0.0012256557113627194
3396.07329114566	0.0023525697343806757
3398.1167585636	0.0016904742128909973
3400.15966487137	0.0015496357546047684
3402.20201032014	0.002437175987711402
3404.24379516099	0.002775188287603425
3406.28501964484	0.0020567573828026374
3408.3256840225	0.0013383264779933937
3410.3657885446	0.0022398989677500014
3412.40533346167	0.0020567573828026374
3414.44431902408	0.0022398989677500014
3416.48274548209	0.0009438756164261989
3418.5206130858	0.0026343498293171963
3420.55792208516	0.001084714074712428
3422.59467273003	0.0019722543078275175
3424.63086527009	0.0022822020944195925
3426.6664999549	0.0013523587346433677
3428.70157703386	0.002592046702656061
3430.73609675628	0.0010002109997457641
3432.77005937129	0.0022258667111000273
3434.80346512789	0.0013523587346433677
3436.83631427494	0.0012396879680126934
3438.86860706119	0.0013383264779933937
3440.90034373521	0.0018877512328523977
3442.93152454546	0.0010283786914013187
3444.96214974025	0.0007889017231343896
3446.99221956775	0.0015919388812659033
3449.021734276	0.002169428149433312
3451.05069411289	0.0019722543078275175
3453.07909932619	0.0014228295529685134
3455.1069501635	0.0013806296046545287
3457.1342468723	0.0016482742645854687
3459.16098969993	0.0023667051693947124
3461.1871788936	0.001436964987974094
3463.21281470035	0.0007325663398148242
3465.23789736712	0.0015214680629492138
3467.26242714067	0.0017046096478965777
3469.28640426765	0.001620106572929914
3471.30982899455	0.0006762309565037151
3473.33270156774	0.0005775924465230149
3475.35502223343	0.0016904742128909973
3477.3767912377	0.0009438756164261989
3479.39800882649	0.0013241910429878131
3481.41867524559	0.0010706818180624537
3483.43879074066	0.002268066659414012
3485.45835555721	0.0013523587346433677
3487.47736994062	0.001958118872821937
3489.49583413611	0.0012960233513238026
3491.51374838879	0.0013664941696489483
3493.53111294359	0.0012538234030182737
3495.54792804533	0.0004367539882283298
3497.56419393867	0.0013946618613045027
3499.57991086814	0.00098617874309579
