1000.07700129088	0.006621387264167284
1002.83416209528	0.005648944657815799
1005.59045264208	0.0051054284272667215
1008.34587328813	0.005834865125956052
1011.10042439014	0.005620349566088771
1013.85410630472	0.005505864455282841
1016.60691938837	0.005234158711978672
1019.35886399746	0.004533421848931356
1022.10994048823	0.006278141419588052
1024.86014921684	0.006106570869268805
1027.60949053928	0.004933857876947475
1030.35796481149	0.0048623177756809965
1033.10557238924	0.003346463682712589
1035.85231362819	0.005820515208135045
1038.5981888839	0.004376096472509546
1041.34319851182	0.003804089894165596
1044.08734286727	0.004376096472509546
1046.83062230544	0.003875525251508504
1049.57303718143	0.00396141527059599
1052.31458785021	0.00396141527059599
1055.05527466665	0.0044046915642279895
1057.79509798549	0.0038469301597900607
1060.53405816134	0.002760107186556216
1063.27215554874	0.0039328201788775465
1066.00939050209	0.0033035186731731384
1068.74576337565	0.004275961279524624
1071.48127452361	0.004476231665494468
1074.21592430002	0.0044046915642279895
1076.94971305882	0.0041615809126422645
1079.68264115384	0.005605999648267764
1082.41470893879	0.003532384150861427
1085.14591676728	0.0046192071240952716
1087.8762649928	0.0032749235814461103
1090.60575396871	0.004047200545759905
1093.33438404827	0.004233121013900159
1096.06215558464	0.0023167261489920616
1098.78906893086	0.0034036538661580606
1101.51512443981	0.0041329858209152364
1104.24032246435	0.004433286655946433
1106.96466335716	0.004361851298612109
1109.68814747081	0.004719342317080193
1112.41077515779	0.004719342317080193
1115.13254677044	0.004347501380782518
1117.85346266104	0.003575224416477307
1120.57352318169	0.003875525251508504
1123.29272868445	0.0035609792425798704
1126.01107952121	0.002960272828593906
1128.72857604378	0.004704992399259186
1131.44521860385	0.004304556371243067
1134.16100755301	0.00400425553621187
1136.87594324271	0.0041759308304632715
1139.59002602433	0.004233121013900159
1142.3032562491	0.004233121013900159
1145.01563426818	0.005434429097948517
1147.72716043257	0.005877705391580517
1150.43783509322	0.004504826757212912
1153.14765860091	0.006278141419588052
1155.85663130634	0.005491619281385404
1158.56475356012	0.003689709527283237
1161.27202571271	0.0045620169406498
1163.97844811448	0.0046192071240952716
1166.68402111569	0.003875525251508504
1169.38874506649	0.004032850627930314
1172.09262031694	0.005319943987134003
1174.79564721695	0.00473358749097763
1177.49782611635	0.005076833335548278
1180.19915736486	0.004833722683962553
1182.89964131208	0.004776532500517081
1185.59927830751	0.003346463682712589
1188.29806870054	0.0032033834801882158
1190.99601284046	0.00444763657376744
1193.69311107643	0.003689709527283237
1196.38936375753	0.0034036538661580606
1199.08477123271	0.004290311197345631
1201.77933385082	0.004047200545759905
1204.47305196061	0.004090040811375786
1207.1659259107	0.00501964315211139
1209.85795604964	0.00513402351899375
1212.54914272585	0.00400425553621187
1215.23948628763	0.004776532500517081
1217.92898708319	0.004233121013900159
1220.61764546064	0.004204525922181715
1223.30546176798	0.004361851298612109
1225.99243635308	0.005205563620251644
1228.67856956373	0.005563054638728313
1231.36386174761	0.003918470261047955
1234.04831325228	0.0054486742718459534
1236.73192442522	0.0054486742718459534
1239.41469561377	0.003889875169329511
1242.09662716519	0.004061445719657342
1244.77771942662	0.0041615809126422645
1247.45797274511	0.0046335570419162786
1250.13738746759	0.005162618610712193
1252.81596394089	0.005162618610712193
1255.49370251175	0.005791920116416601
1258.17060352676	0.0044046915642279895
1260.84666733246	0.005777570198595594
1263.52189427525	0.004676397307532158
1266.19628470144	0.0059206504011199675
1268.86983895722	0.005491619281385404
1271.5425573887	0.005391484088400482
1274.21444034186	0.005434429097948517
1276.8854881626	0.0066070373463376925
1279.55570119671	0.005648944657815799
1282.22507978985	0.005234158711978672
1284.89362428759	0.004747937408798637
1287.56133503543	0.004962452968665919
1290.22821237872	0.005319943987134003
1292.89425666274	0.007264933943769128
1295.55946823263	0.007407909402369931
1298.22384743346	0.00752228976925229
1300.88739461019	0.005348539078861031
1303.55011010766	0.0046478022158137145
1306.21199427063	0.0044190414820489965
1308.87304744373	0.0051769685285332
1311.53326997152	0.006006435676283883
1314.19266219843	0.0046621521336347215
1316.8512244688	0.003990010362314433
1319.50895712687	0.0046335570419162786
1322.16586051676	0.004061445719657342
1324.82193498252	0.004204525922181715
1327.47718086806	0.0046192071240952716
1330.1315985172	0.004318906289064074
1332.78518827369	0.004318906289064074
1335.43795048114	0.005205563620251644
1338.08988548307	0.0041759308304632715
1340.74099362289	0.004762287326619644
1343.39127524392	0.006263896245690615
1346.04073068939	0.004233121013900159
1348.6893603024	0.0034036538661580606
1351.33716442597	0.004719342317080193
1353.98414340301	0.004361851298612109
1356.63029757632	0.004032850627930314
1359.27562728863	0.005033993069932397
1361.92013288252	0.004075795637478349
1364.56381470053	0.0044046915642279895
1367.20667308505	0.0046335570419162786
1369.84870837838	0.003804089894165596
1372.48992092274	0.0035037890591429833
1375.13031106023	0.003575224416477307
1377.76987913284	0.004461881747664877
1380.40862548251	0.003603819508195751
1383.04655045101	0.003689709527283237
1385.68365438006	0.004047200545759905
1388.31993761126	0.004504826757212912
1390.95540048612	0.004576366858479391
1393.59004334605	0.003875525251508504
1396.22386653233	0.004704992399259186
1398.85687038619	0.0052199135380812355
1401.48905524873	0.004590612032376828
1404.12042146094	0.005005397978213954
1406.75096936375	0.005963490666735848
1409.38069929796	0.004390446390330553
1412.00961160428	0.003703954701180673
1414.63770662332	0.0044190414820489965
1417.26498469557	0.004433286655946433
1419.89144616146	0.00473358749097763
1422.51709136132	0.0031175982050243006
1425.14192063532	0.003689709527283237
1427.76593432361	0.003789739976344589
1430.3891327662	0.004018605454032877
1433.01151630299	0.004361851298612109
1435.63308527382	0.003904225087150518
1438.2538400184	0.004504826757212912
1440.87378087637	0.004290311197345631
1443.49290818722	0.005005397978213954
1446.1112222904	0.005191318446354207
1448.72872352524	0.005491619281385404
1451.34541223097	0.005934895575017404
1453.96128874671	0.005648944657815799
1456.5763534115	0.005820515208135045
1459.19060656429	0.0045620169406498
1461.8040485439	0.0061923561444327205
1464.41667968907	0.004976802886486926
1467.02850033846	0.006649982355885728
1469.63951083061	0.004790882418346672
1472.24971150397	0.00557740455654932
1474.8591026969	0.005963490666735848
1477.46768474763	0.00513402351899375
1480.07545799434	0.0054486742718459534
1482.68242277508	0.005605999648267764
1485.28857942782	0.0054486742718459534
1487.89392829042	0.0044046915642279895
1490.49846970065	0.003775494802447152
1493.10220399619	0.002888837471259582
1495.70513151461	0.003031812929860385
1498.30725259339	0.003332113764891582
1500.90856756992	0.003446494131773941
1503.50907678146	0.0052199135380812355
1506.10878056524	0.0041329858209152364
1508.70767925832	0.0033035186731731384
1511.30577319772	0.002888837471259582
1513.90306272032	0.004204525922181715
1516.49954816295	0.0033750587744310325
1519.09522986229	0.0044190414820489965
1521.69010815498	0.00400425553621187
1524.28418337751	0.00367535960946223
1526.87745586632	0.0033035186731731384
1529.46992595773	0.002845892461711547
1532.06159398796	0.0031033530311268638
1534.65246029316	0.0041759308304632715
1537.24252520935	0.003703954701180673
1539.83178907249	0.002917432562978026
1542.42025221841	0.004333256206885081
1545.00791498287	0.003332113764891582
1547.59477770152	0.0032892734992757016
1550.18084070993	0.005033993069932397
1552.76610434356	0.004533421848931356
1555.35056893777	0.0031175982050243006
1557.93423482785	0.004905262785229032
1560.51710234896	0.005091183253369285
1563.0991718362	0.003918470261047955
1565.68044362457	0.004533421848931356
1568.26091804893	0.004805127592244109
1570.84059544411	0.004805127592244109
1573.41947614481	0.005148373436814757
1575.99756048562	0.0056775397495342425
1578.57484880108	0.007379314310651488
1581.15134142559	0.00489091286739944
1583.72703869349	0.007007473374353812
1586.301940939	0.006106570869268805
1588.87604849628	0.006092220951447798
1591.44936169934	0.0064354667960184455
1594.02188088215	0.007393664228472495
1596.59360637855	0.008265971641839056
1599.16453852232	0.009967850946879873
1601.73467764709	0.010396882066614436
1604.30402408647	0.01015377141502871
1606.87257817391	0.01068283298381604
1609.44034024281	0.008766542862840098
1612.00731062644	0.008366106834823979
1614.57348965801	0.007336474045027023
1617.13887767062	0.0064354667960184455
1619.70347499726	0.005877705391580517
1622.26728197086	0.006864497915753009
1624.83029892423	0.0059063004832989605
1627.39252619012	0.007422259320190938
1629.95396410112	0.00848048720170634
1632.5146129898	0.008308916651378508
1635.07447318858	0.0072363388520421
1637.63354502984	0.006936038017019488
1640.19182884582	0.005033993069932397
1642.74932496868	0.005620349566088771
1645.3060337305	0.0038183350680630326
1647.86195546325	0.004204525922181715
1650.41709049882	0.004991048060384362
1652.971439169	0.005234158711978672
1655.52500180548	0.004290311197345631
1658.07777873987	0.003789739976344589
1660.62977030368	0.004304556371243067
1663.18097682833	0.0044046915642279895
1665.73139864514	0.003804089894165596
1668.28103608534	0.004433286655946433
1670.82988948008	0.0038183350680630326
1673.37795916039	0.0033750587744310325
1675.92524545724	0.003661009691641223
1678.47174870147	0.0044046915642279895
1681.01746922386	0.004790882418346672
1683.56240735508	0.003346463682712589
1686.10656342572	0.004233121013900159
1688.64993776626	0.005033993069932397
1691.19253070709	0.0033607088566100255
1693.73434257853	0.004290311197345631
1696.27537371078	0.005033993069932397
1698.81562443395	0.0033178685909941454
1701.35509507809	0.0029746227464234978
1703.89378597311	0.004762287326619644
1706.43169744886	0.004147335738744828
1708.96882983509	0.0031461932967427443
1711.50518346144	0.005048238243829834
1714.0407586575	0.005505864455282841
1716.57555575272	0.005992085758462876
1719.10957507649	0.005877705391580517
1721.64281695809	0.006335331603033524
1724.17528172671	0.006835902824034565
1726.70696971146	0.006492656979455333
1729.23788124135	0.007307774209385009
1731.7680166453	0.007150553576886769
1734.29737625213	0.006020680850181319
1736.82596039057	0.0061637610527056925
1739.35376938927	0.006535601989003368
1741.88080357677	0.004490476839391905
1744.40706328154	0.0046621521336347215
1746.93254883193	0.0052199135380812355
1749.45726055623	0.004376096472509546
1751.9811987826	0.004504826757212912
1754.50436383915	0.004247366187797596
1757.02675605387	0.0044046915642279895
1759.54837575466	0.005334293904963595
1762.06922326934	0.004333256206885081
1764.58929892564	0.0035609792425798704
1767.10860305118	0.0034322489578765044
1769.6271359735	0.0039328201788775465
1772.14489802005	0.0035466293247588634
1774.66188951817	0.0035466293247588634
1777.17811079515	0.003532384150861427
1779.69356217815	0.0032463284897276666
1782.20824399425	0.003489439141313392
1784.72215657043	0.003689709527283237
1787.23530023361	0.003632414599922779
1789.74767531057	0.0030890031133058568
1792.25928212804	0.004261716105627187
1794.77012101264	0.003689709527283237
1797.2801922909	0.0036181694260253422
1799.78949628926	0.0032177333980092228
1802.29803333406	0.0031319481228453076
1804.80580375158	0.003789739976344589
1807.31280786797	0.003718304619010265
1809.81904600929	0.002874487553438575
1812.32451850154	0.003703954701180673
1814.82922567061	0.004318906289064074
1817.33316784231	0.00367535960946223
1819.83634534233	0.004032850627930314
1822.33875849629	0.0018305048458206114
1824.84040762973	0.0031175982050243006
1827.34129306808	0.0038612800776110677
1829.84141513667	0.003918470261047955
1832.34077416077	0.0031033530311268638
1834.83937046553	0.0038183350680630326
1837.33720437602	0.003632414599922779
1839.83427621723	0.0029316777368754627
1842.33058631404	0.003632414599922779
1844.82613499125	0.004833722683962553
1847.32092257355	0.0033750587744310325
1849.81494938558	0.003603819508195751
1852.30821575184	0.003804089894165596
1854.80072199677	0.003603819508195751
1857.29246844473	0.003875525251508504
1859.78345541994	0.002903082645157019
1862.27368324658	0.004333256206885081
1864.76315224871	0.003904225087150518
1867.2518627503	0.004032850627930314
1869.73981507524	0.0032319785719066596
1872.22700954733	0.004233121013900159
1874.71344649027	0.0031605432145637513
1877.19912622768	0.002745757268726625
1879.68404908308	0.0028316472878141107
1882.16821537988	0.003575224416477307
1884.65162544145	0.0034322489578765044
1887.13427959102	0.00351803423304042
1889.61617815175	0.003661009691641223
1892.0973214467	0.0028029474521720967
1894.57770979887	0.0032606784075486736
1897.05734353113	0.003889875169329511
1899.53622296628	0.0031891383062907794
1902.014348427	0.004547771766752363
1904.49172023593	0.0038469301597900607
1906.96833871558	0.00396141527059599
1909.44420418839	0.003689709527283237
1911.91931697668	0.003603819508195751
1914.39367740272	0.00396141527059599
1916.86728578865	0.003489439141313392
1919.34014245654	0.0028172973699931037
1921.81224772838	0.0032749235814461103
1924.28360192604	0.0032606784075486736
1926.75420537132	0.0032319785719066596
1929.22405838593	0.004476231665494468
1931.69316129147	0.0031033530311268638
1934.16151440948	0.002717162177008181
1936.62911806136	0.004547771766752363
1939.09597256848	0.003775494802447152
1941.56207825207	0.005648944657815799
1944.0274354333	0.004504826757212912
1946.49204443322	0.004261716105627187
1948.95590557284	0.003689709527283237
1951.41901917301	0.0035466293247588634
1953.88138555454	0.0035037890591429833
1956.34300503813	0.003460844049594948
1958.8038779444	0.0030604080215788287
1961.26400459387	0.0031891383062907794
1963.72338530697	0.003646764517743786
1966.18202040403	0.003761144884626145
1968.63991020531	0.004233121013900159
1971.09705503097	0.003532384150861427
1973.55345520107	0.002774352360453653
1976.0091110356	0.002960272828593906
1978.46402285444	0.002774352360453653
1980.91819097737	0.0046335570419162786
1983.3716157241	0.004604961950197835
1985.82429741427	0.003475193967415955
1988.27623636736	0.0029888679203209346
1990.72743290284	0.0041187406470178
1993.17788734002	0.0035037890591429833
1995.62759999817	0.003332113764891582
1998.07657119644	0.0029888679203209346
2000.5248012539	0.003904225087150518
2002.97229048952	0.003575224416477307
2005.41903922219	0.004490476839391905
2007.86504777071	0.0033750587744310325
2010.31031645378	0.003332113764891582
2012.75484559	0.0034178990400554974
2015.19863549792	0.004261716105627187
2017.64168649594	0.0034322489578765044
2020.08399890242	0.004318906289064074
2022.5255730356	0.004204525922181715
2024.96640921365	0.004333256206885081
2027.40650775462	0.004747937408798637
2029.84586897649	0.004747937408798637
2032.28449319715	0.003689709527283237
2034.72238073438	0.0034322489578765044
2037.15953190591	0.0034036538661580606
2039.59594702932	0.004476231665494468
2042.03162642215	0.0038612800776110677
2044.46657040182	0.0041187406470178
2046.90077928567	0.0038183350680630326
2049.33425339095	0.00444763657376744
2051.76699303481	0.0041187406470178
2054.19899853433	0.0030032178381419416
2056.63027020645	0.004304556371243067
2059.06080836809	0.003632414599922779
2061.49061333602	0.0033750587744310325
2063.91968542694	0.0030032178381419416
2066.34802495747	0.004576366858479391
2068.77563224411	0.002717162177008181
2071.20250760329	0.004433286655946433
2073.62865135136	0.0046907472253617495
2076.05406380455	0.003589574334298314
2078.47874527901	0.002760107186556216
2080.9026960908	0.003875525251508504
2083.3259165559	0.003804089894165596
2085.74840699018	0.0035609792425798704
2088.17016770944	0.0033750587744310325
2090.59119902935	0.0034178990400554974
2093.01150126553	0.0032319785719066596
2095.43107473348	0.004833722683962553
2097.84991974864	0.004261716105627187
2100.26803662633	0.0038469301597900607
2102.68542568178	0.0039328201788775465
2105.10208723015	0.0034036538661580606
2107.51802158648	0.004461881747664877
2109.93322906574	0.004476231665494468
2112.3477099828	0.003703954701180673
2114.76146465245	0.003446494131773941
2117.17449338937	0.00396141527059599
2119.58679650815	0.004604961950197835
2121.9983743233	0.003689709527283237
2124.40922714924	0.004590612032376828
2126.81935530029	0.0032892734992757016
2129.22875909067	0.004147335738744828
2131.63743883452	0.002874487553438575
2134.04539484589	0.004719342317080193
2136.45262743874	0.003661009691641223
2138.85913692692	0.002774352360453653
2141.26492362422	0.0036181694260253422
2143.6699878443	0.003575224416477307
2146.07432990076	0.0041759308304632715
2148.47795010708	0.003646764517743786
2150.88084877667	0.0032892734992757016
2153.28302622285	0.0041759308304632715
2155.68448275883	0.004032850627930314
2158.08521869774	0.004247366187797596
2160.48523435261	0.0031891383062907794
2162.88453003639	0.0036181694260253422
2165.28310606193	0.0033750587744310325
2167.68096274199	0.003718304619010265
2170.07810038922	0.0026313769018442654
2172.47451931622	0.0025169965349619064
2174.87021983546	0.003661009691641223
2177.26520225933	0.004776532500517081
2179.65946690013	0.0037468997107287082
2182.05301407006	0.0031175982050243006
2184.44584408123	0.0041615809126422645
2186.83795724567	0.003646764517743786
2189.22935387531	0.004218771096079152
2191.62003428198	0.00501964315211139
2194.00999877743	0.0038469301597900607
2196.39924767329	0.002745757268726625
2198.78778128115	0.003703954701180673
2201.17559991245	0.0022738858833761815
2203.56270387857	0.0029746227464234978
2205.94909349081	0.0026885670852897373
2208.33476906033	0.002917432562978026
2210.71973089824	0.0038183350680630326
2213.10397931554	0.0038469301597900607
2215.48751462314	0.004061445719657342
2217.87033713186	0.002888837471259582
2220.25244715242	0.004032850627930314
2222.63384499546	0.002845892461711547
2225.01453097151	0.004347501380782518
2227.39450539101	0.0041187406470178
2229.77376856434	0.0041615809126422645
2232.15232080173	0.002860242379541139
2234.53016241336	0.00351803423304042
2236.9072937093	0.004018605454032877
2239.28371499954	0.0031891383062907794
2241.65942659396	0.0035037890591429833
2244.03442880236	0.0030604080215788287
2246.40872193443	0.003475193967415955
2248.78230629979	0.0020021801400720127
2251.15518220795	0.003646764517743786
2253.52734996835	0.0034178990400554974
2255.89880989029	0.002602781810125822
2258.26956228301	0.002960272828593906
2260.63960745567	0.002860242379541139
2263.00894571731	0.004476231665494468
2265.37757737688	0.003761144884626145
2267.74550274324	0.004533421848931356
2270.11272212517	0.004018605454032877
2272.47923583134	0.0032463284897276666
2274.84504417031	0.0041329858209152364
2277.2101474506	0.0034036538661580606
2279.57454598058	0.004147335738744828
2281.93824006856	0.004604961950197835
2284.30123002275	0.002602781810125822
2286.66351615125	0.003832684985892624
2289.02509876208	0.003046162847681392
2291.38597816317	0.004819477510065116
2293.74615466236	0.0031461932967427443
2296.10562856737	0.0035466293247588634
2298.46440018585	0.004304556371243067
2300.82246982535	0.004376096472509546
2303.1798377933	0.004090040811375786
2305.5365043971	0.0032892734992757016
2307.89246994399	0.004318906289064074
2310.24773474116	0.0028316472878141107
2312.60229909566	0.00367535960946223
2314.95616331451	0.003904225087150518
2317.30932770456	0.004390446390330553
2319.66179257263	0.003889875169329511
2322.01355822542	0.0038612800776110677
2324.36462496953	0.002845892461711547
2326.71499311146	0.0033750587744310325
2329.06466295764	0.004275961279524624
2331.41363481439	0.003918470261047955
2333.76190898794	0.0031891383062907794
2336.10948578441	0.0028029474521720967
2338.45636550986	0.004361851298612109
2340.80254847022	0.002845892461711547
2343.14803497132	0.003990010362314433
2345.49282531895	0.0032033834801882158
2347.83691981874	0.00473358749097763
2350.18031877626	0.0032177333980092228
2352.52302249699	0.0034036538661580606
2354.8650312863	0.002874487553438575
2357.20634544946	0.0032177333980092228
2359.54696529166	0.0035609792425798704
2361.88689111798	0.0037325497929077012
2364.22612323341	0.004090040811375786
2366.56466194287	0.003017463012039378
2368.90250755114	0.003947065352774983
2371.23966036293	0.004090040811375786
2373.57612068286	0.004275961279524624
2375.91188881545	0.003804089894165596
2378.2469650651	0.0030032178381419416
2380.58134973615	0.003832684985892624
2382.91504313282	0.003718304619010265
2385.24804555926	0.0032177333980092228
2387.58035731949	0.003661009691641223
2389.91197871745	0.0033035186731731384
2392.24291005701	0.0034036538661580606
2394.57315164189	0.002960272828593906
2396.90270377577	0.0038469301597900607
2399.23156676218	0.00396141527059599
2401.55974090461	0.003489439141313392
2403.88722650642	0.0038612800776110677
2406.21402387086	0.003460844049594948
2408.54013330113	0.00307475793940842
2410.8655551003	0.003017463012039378
2413.19028957133	0.004433286655946433
2415.51433701713	0.0041615809126422645
2417.83769774049	0.003489439141313392
2420.16037204408	0.004747937408798637
2422.48236023051	0.003918470261047955
2424.80366260228	0.0035466293247588634
2427.12427946179	0.0032177333980092228
2429.44421111134	0.0025312417088593432
2431.76345785315	0.00396141527059599
2434.08201998932	0.003832684985892624
2436.39989782188	0.003532384150861427
2438.71709165273	0.004261716105627187
2441.0336017837	0.0034178990400554974
2443.34942851653	0.003575224416477307
2445.66457215282	0.0038469301597900607
2447.97903299412	0.0031605432145637513
2450.29281134185	0.004776532500517081
2452.60590749736	0.0038469301597900607
2454.91832176188	0.0032319785719066596
2457.23005443656	0.003346463682712589
2459.54110582243	0.0033035186731731384
2461.85147622045	0.003904225087150518
2464.16116593146	0.003689709527283237
2466.47017525621	0.003532384150861427
2468.77850449536	0.004190176004360708
2471.08615394947	0.0041187406470178
2473.39312391899	0.003875525251508504
2475.69941470429	0.003761144884626145
2478.00502660562	0.0029746227464234978
2480.30995992316	0.0033178685909941454
2482.61421495697	0.002745757268726625
2484.91779200702	0.004576366858479391
2487.22069137316	0.002602781810125822
2489.5229133552	0.003832684985892624
2491.8244582528	0.0034322489578765044
2494.12532636553	0.0033178685909941454
2496.42551799287	0.0032033834801882158
2498.72503343421	0.002874487553438575
2501.02387298882	0.0035466293247588634
2503.32203695588	0.004304556371243067
2505.61952563449	0.002674321911392301
2507.91633932361	0.00396141527059599
2510.21247832216	0.0033750587744310325
2512.50794292891	0.002845892461711547
2514.80273344255	0.0038183350680630326
2517.09685016167	0.004547771766752363
2519.39029338476	0.0046478022158137145
2521.68306341022	0.003489439141313392
2523.97516053634	0.003947065352774983
2526.26658506132	0.003718304619010265
2528.55733728325	0.003718304619010265
2530.84741750012	0.004018605454032877
2533.13682600984	0.0035609792425798704
2535.4255631102	0.004919507959126468
2537.7136290989	0.0037325497929077012
2540.00102427354	0.00484807260178356
2542.28774893162	0.003661009691641223
2544.57380337053	0.0051054284272667215
2546.85918788758	0.003718304619010265
2549.14390277997	0.0033893039483284693
2551.4279483448	0.0036181694260253422
2553.71132487906	0.002903082645157019
2555.99403267966	0.004061445719657342
2558.27607204341	0.004218771096079152
2560.55744326699	0.0030890031133058568
2562.83814664702	0.0030890031133058568
2565.11818247999	0.002860242379541139
2567.3975510623	0.0033607088566100255
2569.67625269025	0.004504826757212912
2571.95428766003	0.0026885670852897373
2574.23165626776	0.0030032178381419416
2576.50835880942	0.003703954701180673
2578.78439558093	0.00367535960946223
2581.05976687806	0.0031461932967427443
2583.33447299652	0.0032463284897276666
2585.60851423191	0.004075795637478349
2587.88189087972	0.004233121013900159
2590.15460323534	0.0041759308304632715
2592.42665159406	0.0024026161680795475
2594.69803625108	0.0032606784075486736
2596.9687575015	0.005062588161650841
2599.23881564029	0.00278870227827466
2601.50821096235	0.0033893039483284693
2603.77694376245	0.003346463682712589
2606.0450143353	0.0041329858209152364
2608.31242297548	0.0032892734992757016
2610.57916997746	0.003346463682712589
2612.84525563562	0.002745757268726625
2615.11068024426	0.005305698813236567
2617.37544409753	0.00400425553621187
2619.63954748952	0.0032319785719066596
2621.90299071421	0.003804089894165596
2624.16577406546	0.004476231665494468
2626.42789783705	0.003475193967415955
2628.68936232264	0.003589574334298314
2630.9501678158	0.003031812929860385
2633.21031460999	0.002774352360453653
2635.46980299857	0.00351803423304042
2637.72863327481	0.0031033530311268638
2639.98680573185	0.003689709527283237
2642.24432066276	0.003832684985892624
2644.50117836048	0.00351803423304042
2646.75737911786	0.0033607088566100255
2649.01292322765	0.003889875169329511
2651.26781098249	0.0034036538661580606
2653.52204267492	0.0046478022158137145
2655.77561859738	0.003918470261047955
2658.0285390422	0.003031812929860385
2660.28080430161	0.004676397307532158
2662.53241466774	0.0041759308304632715
2664.78337043263	0.004333256206885081
2667.03367188817	0.002745757268726625
2669.2833193262	0.004676397307532158
2671.53231303844	0.004104390729196793
2673.78065331648	0.003703954701180673
2676.02834045184	0.004790882418346672
2678.27537473592	0.004719342317080193
2680.52175646002	0.005520214373103848
2682.76748591535	0.005091183253369285
2685.01256339298	0.0048623177756809965
2687.25698918391	0.0041329858209152364
2689.50076357901	0.00473358749097763
2691.74388686909	0.004948103050844912
2693.9863593448	0.006120816043166242
2696.22818129672	0.0046335570419162786
2698.46935301532	0.0061637610527056925
2700.70987479096	0.005262753803697116
2702.94974691389	0.005248508629799679
2705.18896967428	0.0038469301597900607
2707.42754336216	0.0041615809126422645
2709.66546826749	0.004833722683962553
2711.90274468011	0.0031033530311268638
2714.13937288974	0.005491619281385404
2716.37535318602	0.00367535960946223
2718.61068585848	0.004376096472509546
2720.84537119652	0.004275961279524624
2723.07940948947	0.003460844049594948
2725.31280102654	0.0035466293247588634
2727.54554609682	0.0041187406470178
2729.77764498933	0.0041615809126422645
2732.00909799294	0.004290311197345631
2734.23990539644	0.003775494802447152
2736.47006748853	0.002745757268726625
2738.69958455777	0.0041615809126422645
2740.92845689263	0.004275961279524624
2743.15668478147	0.0029888679203209346
2745.38426851257	0.004233121013900159
2747.61120837406	0.0038469301597900607
2749.83750465399	0.003475193967415955
2752.0631576403	0.003661009691641223
2754.28816762083	0.0035609792425798704
2756.51253488329	0.0034322489578765044
2758.73625971532	0.002617131727946829
2760.95934240442	0.002888837471259582
2763.18178323801	0.0028029474521720967
2765.40358250338	0.0031747883884611877
2767.62474048773	0.00367535960946223
2769.84525747814	0.0032749235814461103
2772.06513376159	0.0032463284897276666
2774.28436962496	0.0034036538661580606
2776.50296535501	0.0019592351305239776
2778.7209212384	0.0034036538661580606
2780.93823756168	0.00367535960946223
2783.15491461129	0.0034322489578765044
2785.37095267358	0.003475193967415955
2787.58635203477	0.0036181694260253422
2789.80111298097	0.004275961279524624
2792.01523579822	0.0032033834801882158
2794.2287207724	0.004390446390330553
2796.44156818932	0.00307475793940842
2798.65377833468	0.002845892461711547
2800.86535149404	0.0025026466171408994
2803.07628795289	0.003904225087150518
2805.28658799659	0.0029316777368754627
2807.4962519104	0.0032606784075486736
2809.70527997946	0.003017463012039378
2811.91367248883	0.0024598063515250193
2814.12142972342	0.0031033530311268638
2816.32855196807	0.0030032178381419416
2818.53503950749	0.0029460276546964697
2820.74089262628	0.0037325497929077012
2822.94611160894	0.004104390729196793
2825.15069673987	0.0037325497929077012
2827.35464830333	0.0035609792425798704
2829.55796658351	0.0031461932967427443
2831.76065186445	0.0033035186731731384
2833.96270443012	0.0026313769018442654
2836.16412456437	0.00489091286739944
2838.3649125509	0.0034178990400554974
2840.56506867336	0.002917432562978026
2842.76459321526	0.0025455916266889345
2844.96348645999	0.002860242379541139
2847.16174869086	0.00351803423304042
2849.35938019105	0.0032463284897276666
2851.55638124363	0.0041759308304632715
2853.75275213157	0.0034036538661580606
2855.94849313772	0.004719342317080193
2858.14360454483	0.003832684985892624
2860.33808663553	0.0034036538661580606
2862.53193969234	0.004576366858479391
2864.72516399768	0.004075795637478349
2866.91775983385	0.004333256206885081
2869.10972748304	0.005691784923431678
2871.30106722733	0.0046335570419162786
2873.4917793487	0.005963490666735848
2875.68186412899	0.004948103050844912
2877.87132184997	0.005791920116416601
2880.06015279325	0.0041759308304632715
2882.24835724039	0.00489091286739944
2884.43593547278	0.005491619281385404
2886.62288777173	0.004776532500517081
2888.80921441843	0.006263896245690615
2890.99491569397	0.005777570198595594
2893.1799918793	0.006006435676283883
2895.36444325529	0.004347501380782518
2897.54827010269	0.006807307732307537
2899.73147270213	0.006206601318330157
2901.91405133412	0.005892055309401524
2904.09600627909	0.005877705391580517
2906.27733781731	0.005892055309401524
2908.45804622899	0.005963490666735848
2910.63813179418	0.006864497915753009
2912.81759479286	0.006821552906204974
2914.99643550486	0.0046907472253617495
2917.17465420994	0.006764362722768086
2919.3522511877	0.008237376550120613
2921.52922671765	0.006692927365425178
2923.7055810792	0.007121958485159741
2925.88131455162	0.008051456081971775
2928.05642741408	0.009052598523965274
2930.23091994566	0.008666407669855176
2932.40479242528	0.009038248606144267
2934.57804513178	0.008494837119527346
2936.75067834387	0.007908480623370974
2938.92269234017	0.008208781458393585
2941.09408739916	0.008008615816355895
2943.26486379921	0.00869500276157362
2945.4350218186	0.007436504494088374
2947.60456173546	0.007407909402369931
2949.77348382783	0.007836940522104494
2951.94178837363	0.008394701926542424
2954.10947565068	0.007536639687073297
2956.27654593666	0.009881960927792387
2958.44299950915	0.007336474045027023
2960.60883664562	0.008666407669855176
2962.77405762341	0.008895273147543466
2964.93866271975	0.00896670850487779
2967.10265221178	0.00898105842270738
2969.26602637648	0.00953881982714531
2971.42878549076	0.008051456081971775
2973.59092983139	0.007894130705541381
2975.75245967501	0.006821552906204974
2977.9133752982	0.005563054638728313
2980.07367697736	0.006664227529783164
2982.23336498882	0.005992085758462876
2984.39243960877	0.006549847162900805
2986.5509011133	0.006578442254619249
2988.70874977837	0.006120816043166242
2990.86598587984	0.005334293904963595
2993.02260969344	0.0061923561444327205
2995.17862149478	0.0041187406470178
2997.33402155938	0.005405834006221489
2999.48881016262	0.0056345947399862074
3001.64298757978	0.005591649730446757
3003.796554086	0.005048238243829834
3005.94950995633	0.0044046915642279895
3008.10185546569	0.004047200545759905
3010.25359088888	0.004933857876947475
3012.40471650059	0.004504826757212912
3014.5552325754	0.0041759308304632715
3016.70513938776	0.003346463682712589
3018.85443721201	0.004533421848931356
3021.00312632236	0.0044046915642279895
3023.15120699292	0.004461881747664877
3025.29867949769	0.004747937408798637
3027.44554411052	0.003460844049594948
3029.59180110516	0.004090040811375786
3031.73745075527	0.004776532500517081
3033.88249333434	0.0061494111348846855
3036.02692911578	0.0048766676935020035
3038.17075837287	0.005191318446354207
3040.31398137877	0.0048623177756809965
3042.45659840653	0.005563054638728313
3044.59860972907	0.005162618610712193
3046.7400156192	0.005691784923431678
3048.88081634961	0.004361851298612109
3051.02101219287	0.004461881747664877
3053.16060342144	0.003761144884626145
3055.29959030765	0.004676397307532158
3057.43797312371	0.004519071931110349
3059.57575214172	0.005005397978213954
3061.71292763366	0.00473358749097763
3063.84949987139	0.005520214373103848
3065.98546912665	0.005305698813236567
3068.12083567105	0.0035037890591429833
3070.2555997761	0.00501964315211139
3072.38976171319	0.005362888996682038
3074.52332175356	0.005119778345096313
3076.65628016837	0.003918470261047955
3078.78863722863	0.004976802886486926
3080.92039320526	0.0046621521336347215
3083.05154836902	0.004719342317080193
3085.1821029906	0.0039328201788775465
3087.31205734051	0.003804089894165596
3089.44141168921	0.0017161244789382522
3091.57016630696	0.0024312112598065755
3093.69832146398	0.003975660444493426
3095.82587743032	0.0028316472878141107
3097.9528344759	0.003703954701180673
3100.07919287056	0.004061445719657342
3102.204952884	0.004018605454032877
3104.33011478579	0.003532384150861427
3106.45467884538	0.004061445719657342
3108.57864533212	0.0034322489578765044
3110.70201451522	0.0030890031133058568
3112.82478666378	0.0028316472878141107
3114.94696204676	0.0022595359655551745
3117.06854093301	0.003804089894165596
3119.18952359127	0.0025741867184073783
3121.30991029013	0.0027029170031107443
3123.4297012981	0.002874487553438575
3125.54889688352	0.002216695699939294
3127.66749731464	0.0023453212407190897
3129.78550285957	0.0028316472878141107
3131.90291378633	0.0029316777368754627
3134.01973036277	0.0017017745611172452
3136.13595285665	0.0029888679203209346
3138.2515815356	0.002674321911392301
3140.36661666714	0.0032606784075486736
3142.48105851863	0.002645726819673857
3144.59490735734	0.0022023457821097026
3146.70816345041	0.0022023457821097026
3148.82082706486	0.001873449855360062
3150.93289846758	0.0024454564337040123
3153.04437792532	0.0024454564337040123
3155.15526570475	0.0023596711585400967
3157.26556207238	0.0012155532579372103
3159.37526729461	0.0015873941942348862
3161.48438163771	0.001358633460470168
3163.59290536784	0.0022452907916577377
3165.70083875102	0.0021451555986728155
3167.80818205315	0.002674321911392301
3169.91493554002	0.0016017441120558932
3172.02109947727	0.0018162596719231746
3174.12667413044	0.0025312417088593432
3176.23165976493	0.001987830222242421
3178.33605664602	0.0017017745611172452
3180.43986503887	0.0017017745611172452
3182.54308520852	0.0018876950292574985
3184.64571741986	0.0019448852127029704
3186.74776193769	0.0012155532579372103
3188.84921902664	0.001873449855360062
3190.95008895128	0.001473013827352527
3193.05037197599	0.002745757268726625
3195.15006836504	0.0021451555986728155
3197.24917838262	0.001787664580204731
3199.34770229274	0.00307475793940842
3201.44564035931	0.0032606784075486736
3203.5429928461	0.0031747883884611877
3205.63976001677	0.0016017441120558932
3207.73594213484	0.0025312417088593432
3209.83153946372	0.0023310760668216533
3211.92655226669	0.00367535960946223
3214.02098080688	0.0018448547636416184
3216.11482534732	0.002960272828593906
3218.20808615091	0.0023167261489920616
3220.30076348041	0.002045020405687893
3222.39285759847	0.00190204494708709
3224.4843687676	0.0024598063515250193
3226.57529725019	0.002173750690391259
3228.66564330851	0.0019162901209845268
3230.75540720468	0.002917432562978026
3232.8445892007	0.0014158236439070554
3234.93318955847	0.0025455916266889345
3237.02120853974	0.0018162596719231746
3239.10864640612	0.002602781810125822
3241.19550341911	0.0019448852127029704
3243.28177984009	0.002888837471259582
3245.36747593029	0.0021451555986728155
3247.45259195083	0.0014586639095229355
3249.53712816268	0.001759069488477703
3251.62108482672	0.0025455916266889345
3253.70446220366	0.002188100608212266
3255.78726055411	0.002717162177008181
3257.86948013853	0.0015445539286104214
3259.95112121728	0.0017161244789382522
3262.03218405055	0.0016731794693902171
3264.11266889845	0.0013013385331011257
3266.19257602092	0.0023310760668216533
3268.27190567779	0.0019592351305239776
3270.35065812876	0.0014014737260860484
3272.4288336334	0.0015158540929684074
3274.50643245114	0.002860242379541139
3276.5834548413	0.001473013827352527
3278.65990106305	0.00190204494708709
3280.73577137545	0.0016303392037743368
3282.81106603742	0.001787664580204731
3284.88578530774	0.0009296023407356048
3286.95992944508	0.0015445539286104214
3289.03349870796	0.0010010376980699289
3291.1064933548	0.001730369652835689
3293.17891364384	0.0020593703235089
3295.25075983324	0.0013728786343676046
3297.322032181	0.0007150867808683233
3299.39273094501	0.0010010376980699289
3301.462856383	0.0021308056808518085
3303.53240875259	0.0015731490203374494
3305.60138831128	0.0013156884509221327
3307.6697953164	0.0010725777993364077
3309.73763002519	0.0011727129923213302
3311.80489269472	0.001244148349655654
3313.87158358198	0.0018448547636416184
3315.93770294378	0.0015302040107894144
3318.00325103681	0.0023024809750946252
3320.06822811764	0.001787664580204731
3322.13263444272	0.0015731490203374494
3324.19647026832	0.0018876950292574985
3326.25973585064	0.0016589342954927803
3328.32243144568	0.002745757268726625
3330.38455730938	0.001744719570656696
3332.44611369749	0.0015873941942348862
3334.50710086564	0.0026313769018442654
3336.56751906936	0.0015302040107894144
3338.62736856401	0.0019162901209845268
3340.68664960483	0.0021308056808518085
3342.74536244693	0.001444418735625499
3344.80350734528	0.001430068817804492
3346.86108455472	0.0006721417713202883
3348.91809432997	0.0013442835426405765
3350.97453692559	0.0016875293872198086
3353.03041259603	0.0025026466171408994
3355.08572159559	0.0019592351305239776
3357.14046417844	0.002760107186556216
3359.19464059863	0.0022452907916577377
3361.24825111005	0.001859099937539055
3363.30129596648	0.0018876950292574985
3365.35377542155	0.0016875293872198086
3367.40568972878	0.0011297679827732949
3369.45703914152	0.0013300383687431397
3371.507823913	0.001787664580204731
3373.55804429633	0.0015302040107894144
3375.60770054446	0.0008723074133665628
3377.65679291024	0.002016425313969449
3379.70532164635	0.001244148349655654
3381.75328700534	0.0020879654152273436
3383.80068923965	0.0
3385.84752860155	0.0009010072490085768
3387.89380534321	0.0015302040107894144
3389.93951971664	0.0015731490203374494
3391.98467197371	0.0018448547636416184
3394.02926236618	0.0016303392037743368
3396.07329114566	0.0010010376980699289
3398.1167585636	0.0012155532579372103
3400.15966487137	0.0017017745611172452
3402.20201032014	0.0014586639095229355
3404.24379516099	0.0016445843776717733
3406.28501964484	0.0013728786343676046
3408.3256840225	0.0008723074133665628
3410.3657885446	0.0015445539286104214
3412.40533346167	0.0021165605069543717
3414.44431902408	0.0022738858833761815
3416.48274548209	0.0019592351305239776
3418.5206130858	0.0010153876158909359
3420.55792208516	0.000743681872586767
3422.59467273003	0.0007865221382026474
3424.63086527009	0.0002574605694067322
3426.6664999549	0.001358633460470168
3428.70157703386	0.001558799102507858
3430.73609675628	0.001430068817804492
3432.77005937129	0.001043982707617964
3434.80346512789	0.0006435466796018446
3436.83631427494	0.0015873941942348862
3438.86860706119	0.0011155228088758583
3440.90034373521	0.0011869581662187667
3442.93152454546	0.0013442835426405765
3444.96214974025	0.002030775231790456
3446.99221956775	0.0013442835426405765
3449.021734276	0.0005148163948984785
3451.05069411289	0.001430068817804492
3453.07909932619	0.0015158540929684074
3455.1069501635	0.0011011728910548513
3457.1342468723	0.0014158236439070554
3459.16098969993	0.0010010376980699289
3461.1871788936	0.0006291967617808376
3463.21281470035	0.0009724426063514852
3465.23789736712	0.000815117229921091
3467.26242714067	0.0017733146623751396
3469.28640426765	0.00038608611018652793
3471.30982899455	0.0010582278815154007
3473.33270156774	0.0005863564961563728
3475.35502223343	0.0008580622394691261
3477.3767912377	0.0006149515878834009
3479.39800882649	0.00042903111973456305
3481.41867524559	0.0006006016700538095
3483.43879074066	0.0004862213031714504
3485.45835555721	0.0013872285521886116
3487.47736994062	0.00038608611018652793
3489.49583413611	0.0011583630745003232
3491.51374838879	0.0012727434413826821
3493.53111294359	0.0007579270464842037
3495.54792804533	0.0013156884509221327
3497.56419393867	0.0007865221382026474
3499.57991086814	0.00034324584457064763
