1000.07700129088	0.0025331781336619713
1002.83416209528	0.0001544936303496561
1005.59045264208	0.001975756060781037
1008.34587328813	0.0
1011.10042439014	0.0015231891624520742
1013.85410630472	0.002687752608403839
1016.60691938837	0.004393084182778819
1019.35886399746	0.005049864011650647
1022.10994048823	0.0035597402049340624
1024.86014921684	0.0032506720998392255
1027.60949053928	0.0057066438405224745
1030.35796481149	0.0029305283132399595
1033.10557238924	0.0040067288403130485
1035.85231362819	0.004315796945407885
1038.5981888839	0.00803560904364158
1041.34319851182	0.004464874001591988
1044.08734286727	0.00453108555745518
1046.83062230544	0.005038788330142905
1049.57303718143	0.007196767647239059
1052.31458785021	0.007389904896274182
1055.05527466665	0.0064351326438152594
1057.79509798549	0.010000370267307088
1060.53405816134	0.009222162163821093
1063.27215554874	0.011203496487552107
1066.00939050209	0.011126209250181172
1068.74576337565	0.00992866129288613
1071.48127452361	0.0095202354318004
1074.21592430002	0.010646074414674486
1076.94971305882	0.014034747889193384
1079.68264115384	0.01339454116038375
1082.41470893879	0.011755421141875276
1085.14591676728	0.010629501314608979
1087.8762649928	0.014305172375599442
1090.60575396871	0.01447074168745684
1093.33438404827	0.015138516353444199
1096.06215558464	0.018902469488921127
1098.78906893086	0.018179478104186107
1101.51512443981	0.017953194655019968
1104.24032246435	0.015894653938310233
1106.96466335716	0.017909053617776737
1109.68814747081	0.016777636371955985
1112.41077515779	0.018902469488921127
1115.13254677044	0.017335058444833608
1117.85346266104	0.020221526565222546
1120.57352318169	0.021783359346363402
1123.29272868445	0.018118763966877366
1126.01107952121	0.021314300192361142
1128.72857604378	0.0249733173088972
1131.44521860385	0.021137655198996002
1134.16100755301	0.024156546431114638
1136.87594324271	0.023852975744580878
1139.59002602433	0.02609373971760242
1142.3032562491	0.026529733515869187
1145.01563426818	0.02792599698514933
1147.72716043257	0.027556214742749066
1150.43783509322	0.02644137059699051
1153.14765860091	0.0314691640900212
1155.85663130634	0.030017683901990083
1158.56475356012	0.027981213703900304
1161.27202571271	0.02668972456477661
1163.97844811448	0.030602673912048742
1166.68402111569	0.03233565426799366
1169.38874506649	0.031551948745949895
1172.09262031694	0.03372092290015827
1174.79564721695	0.03618788947795705
1177.49782611635	0.03484684272742457
1180.19915736486	0.03476955549005364
1182.89964131208	0.034813696527296864
1185.59927830751	0.03378713445602478
1188.29806870054	0.036309317752571214
1190.99601284046	0.036750889813784646
1193.69311107643	0.038119585345887066
1196.38936375753	0.03684466930682888
1199.08477123271	0.04052034036781934
1201.77933385082	0.0409729072661483
1204.47305196061	0.037909874996786434
1207.1659259107	0.04485271041328942
1209.85795604964	0.04276102349645198
1212.54914272585	0.047474251465830064
1215.23948628763	0.05003499753666976
1217.92898708319	0.0473528231912159
1220.61764546064	0.05181769719280789
1223.30546176798	0.0474356078471446
1225.99243635308	0.05165212788095049
1228.67856956373	0.05161348426226502
1231.36386174761	0.04952729476398204
1234.04831325228	0.05176248047405691
1236.73192442522	0.05181211892985791
1239.41469561377	0.0496983614943972
1242.09662716519	0.05101741857069862
1244.77771942662	0.05200533702328525
1247.45797274511	0.05387623790951763
1250.13738746759	0.05416323549598919
1252.81596394089	0.0532360311807113
1255.49370251175	0.05596792482635837
1258.17060352676	0.052722750145073605
1260.84666733246	0.05959945485010561
1263.52189427525	0.05891502623966384
1266.19628470144	0.05800439502444815
1268.86983895722	0.05952766503129244
1271.5425573887	0.05958837916859786
1274.21444034186	0.06234784075142597
1276.8854881626	0.0599802319296214
1279.55570119671	0.061023286256566785
1282.22507978985	0.06338539765981359
1284.89362428759	0.06400911213294662
1287.56133503543	0.06651472232943087
1290.22821237872	0.06400353386999996
1292.89425666274	0.06742535354464656
1295.55946823263	0.07054352168836718
1298.22384743346	0.07060423582567261
1300.88739461019	0.07149279652226835
1303.55011010766	0.0700303214971217
1306.21199427063	0.07531196637649293
1308.87304744373	0.07266285738677457
1311.53326997152	0.06874990803950574
1314.19266219843	0.07526224707630304
1316.8512244688	0.07384941050695738
1319.50895712687	0.0763770912220616
1322.16586051676	0.07865641796937971
1324.82193498252	0.07972162365933726
1327.47718086806	0.08121174746605385
1330.1315985172	0.08205058886245636
1332.78518827369	0.08095789607970998
1335.43795048114	0.08126688334041261
1338.08988548307	0.08404299886769181
1340.74099362289	0.08603532802853836
1343.39127524392	0.08253630196091304
1346.04073068939	0.08804972770800817
1348.6893603024	0.08594704595405189
1351.33716442597	0.08776273012153661
1353.98414340301	0.08706180925542155
1356.63029757632	0.08644375388962408
1359.27562728863	0.08361799990654388
1361.92013288252	0.08366214094378711
1364.56381470053	0.08325929334564805
1367.20667308505	0.08618432424033355
1369.84870837838	0.08405949112336511
1372.48992092274	0.08552204699290396
1375.13031106023	0.08612910752158258
1377.76987913284	0.08660374493853482
1380.40862548251	0.08570418940482356
1383.04655045101	0.08469969785217474
1385.68365438006	0.08455070164037953
1388.31993761126	0.08383878593714894
1390.95540048612	0.08416992456086374
1393.59004334605	0.08150973988964094
1396.22386653233	0.08290050594036331
1398.85687038619	0.08989863892000949
1401.48905524873	0.08444034904727311
1404.12042146094	0.08700117596250502
1406.75096936375	0.08783451994034977
1409.38069929796	0.08797244047063724
1412.00961160428	0.08655960390129158
1414.63770662332	0.09018005824353108
1417.26498469557	0.09022419928077431
1419.89144616146	0.08975514012677205
1422.51709136132	0.09061605204179785
1425.14192063532	0.09389987034176477
1427.76593432361	0.09300023396366461
1430.3891327662	0.09203446687409016
1433.01151630299	0.09032905445532628
1435.63308527382	0.09169225256887094
1438.2538400184	0.09545620570434786
1440.87378087637	0.09618469450764064
1443.49290818722	0.09444621673313797
1446.1112222904	0.10102484817019067
1448.72872352524	0.09965615263808825
1451.34541223097	0.09909323314665286
1453.96128874671	0.09631719846376255
1456.5763534115	0.09491535673153244
1459.19060656429	0.09521892741806619
1461.8040485439	0.09419786276535187
1464.41667968907	0.1008868467955143
1467.02850033846	0.09970029367533148
1469.63951083061	0.09616812140757845
1472.24971150397	0.0990877357280951
1474.8591026969	0.09854680591088745
1477.46768474763	0.10046192867875528
1480.07545799434	0.09822674296868039
1482.68242277508	0.09868480728556712
1485.28857942782	0.09664275882452737
1487.89392829042	0.09967822315671152
1490.49846970065	0.09594191880280452
1493.10220399619	0.09605776881446872
1495.70513151461	0.1015988433431338
1498.30725259339	0.10137805731252873
1500.90856756992	0.10544558113453942
1503.50907678146	0.10188584092960536
1506.10878056524	0.10072685574660356
1508.70767925832	0.10339253783638745
1511.30577319772	0.10593121338860718
1513.90306272032	0.1045900857936825
1516.49954816295	0.10561664786495457
1519.09522986229	0.10724477304635084
1521.69010815498	0.10685292028532731
1524.28418337751	0.10564421580213562
1526.87745586632	0.10550071700889818
1529.46992595773	0.11168199826637289
1532.06159398796	0.11106935947474429
1534.65246029316	0.11214556000181738
1537.24252520935	0.11528587950855018
1539.83178907249	0.11381782622045356
1542.42025221841	0.11480574467304018
1545.00791498287	0.11745485366275855
1547.59477770152	0.12013710885260463
1550.18084070993	0.11951897264241827
1552.76610434356	0.12135680817291515
1555.35056893777	0.12322770905914754
1557.93423482785	0.12853692187569982
1560.51710234896	0.12574989235569398
1563.0991718362	0.12847071031983331
1565.68044362457	0.13145095793326647
1568.26091804893	0.13083839998603009
1570.84059544411	0.13721831591109768
1573.41947614481	0.13352615259443393
1575.99756048562	0.13414978622317805
1578.57484880108	0.13733424676715408
1581.15134142559	0.13679331694994645
1583.72703869349	0.1383055112752863
1586.301940939	0.14267660578383407
1588.87604849628	0.14358723699904977
1591.44936169934	0.14298567388892558
1594.02188088215	0.14474064391910157
1596.59360637855	0.1455243494411453
1599.16453852232	0.14629148186312688
1601.73467764709	0.14556299305983078
1604.30402408647	0.1437086652736639
1606.87257817391	0.14361480493622747
1609.44034024281	0.1424061812974247
1612.00731062644	0.13981220818206508
1614.57348965801	0.13836072799403396
1617.13887767062	0.13583304727892975
1619.70347499726	0.13547434071803724
1622.26728197086	0.13258237517909052
1624.83029892423	0.13178767481993126
1627.39252619012	0.12988362773357118
1629.95396410112	0.13107567827230845
1632.5146129898	0.1294310608352422
1635.07447318858	0.1288349951436758
1637.63354502984	0.1255291063250856
1640.19182884582	0.1256616102812075
1642.74932496868	0.12738351495564468
1645.3060337305	0.12105323748637808
1647.86195546325	0.12102566954920035
1650.41709049882	0.1202916024829576
1652.971439169	0.12316149750328104
1655.52500180548	0.11789634487958309
1658.07777873987	0.12260407543040341
1660.62977030368	0.1235147066456191
1663.18097682833	0.12137330042858845
1665.73139864514	0.12172650957092321
1668.28103608534	0.12084352713727746
1670.82988948008	0.12037438713888629
1673.37795916039	0.12347056560837587
1675.92524545724	0.11638972881719321
1678.47174870147	0.1205565295508059
1681.01746922386	0.11945825850511284
1683.56240735508	0.11841512333377524
1686.10656342572	0.12063381678817682
1688.64993776626	0.12037438713888629
1691.19253070709	0.12460190200980772
1693.73434257853	0.12140094921015838
1696.27537371078	0.12023088834564886
1698.81562443395	0.11896704798809841
1701.35509507809	0.11997703695930499
1703.89378597311	0.12120773111673105
1706.43169744886	0.1234153488896249
1708.96882983509	0.12344291682680593
1711.50518346144	0.11848691315258841
1714.0407586575	0.11922089937444227
1716.57555575272	0.12167687111512221
1719.10957507649	0.1258106064929994
1721.64281695809	0.1225875023303379
1724.17528172671	0.12651702477767224
1726.70696971146	0.12400591716263352
1729.23788124135	0.12745522393006894
1731.7680166453	0.1285425001386465
1734.29737625213	0.12706337116904542
1736.82596039057	0.1288184220436136
1739.35376938927	0.12591546166755138
1741.88080357677	0.12738901237420244
1744.40706328154	0.12648387857754453
1746.93254883193	0.12765393944205405
1749.45726055623	0.13126331810278913
1751.9811987826	0.13164967344525158
1754.50436383915	0.12960762498421513
1757.02675605387	0.1282389294521127
1759.54837575466	0.1345857800214415
1762.06922326934	0.12875770790630486
1764.58929892564	0.1298946225706867
1767.10860305118	0.13260994311626825
1769.6271359735	0.13464091589580027
1772.14489802005	0.13844901006852042
1774.66188951817	0.13709139021792577
1777.17811079515	0.13583854469748752
1779.69356217815	0.13566747796707238
1782.20824399425	0.13514320209432246
1784.72215657043	0.13365307828760586
1787.23530023361	0.13279208552819116
1789.74767531057	0.13449741710256616
1792.25928212804	0.1295303377468442
1794.77012101264	0.1341221374416081
1797.2801922909	0.13501069813820055
1799.78949628926	0.1363683988331874
1802.29803333406	0.13906714627870678
1804.80580375158	0.1396135735144722
1807.31280786797	0.13609797434678136
1809.81904600929	0.13947007472123477
1812.32451850154	0.13775366746535536
1814.82922567061	0.13914443351607772
1817.33316784231	0.13748324297894599
1819.83634534233	0.1383773010940995
1822.33875849629	0.1364180372889884
1824.84040762973	0.13887400902967167
1827.34129306808	0.14236753767873922
1829.84141513667	0.13872501281787647
1832.34077416077	0.1400937083499789
1834.83937046553	0.1408387702533372
1837.33720437602	0.1397459966262019
1839.83427621723	0.13975707230770631
1842.33058631404	0.1429966687260411
1844.82613499125	0.1403530571548805
1847.32092257355	0.14215224906669194
1849.81494938558	0.14256067492777766
1852.30821575184	0.14161689751243428
1854.80072199677	0.14736218497164222
1857.29246844473	0.14883573567829328
1859.78345541994	0.14617563185145938
1862.27368324658	0.14509385306143963
1864.76315224871	0.14716904772260378
1867.2518627503	0.1480741006748728
1869.73981507524	0.1496249386188948
1872.22700954733	0.14874745360380684
1874.71344649027	0.15170013328006227
1877.19912622768	0.1486535932663737
1879.68404908308	0.15507773107307343
1882.16821537988	0.15173319863579776
1884.65162544145	0.1535434662291136
1887.13427959102	0.15237890278316515
1889.61617815175	0.1512641394817955
1892.0973214467	0.15521015418480313
1894.57770979887	0.15479073348660186
1897.05734353113	0.158598827659322
1899.53622296628	0.1548348745238451
1902.014348427	0.15487901556108832
1904.49172023593	0.15779854903721607
1906.96833871558	0.15941559853710457
1909.44420418839	0.15759991436961987
1911.91931697668	0.15986816543543356
1914.39367740272	0.15759991436961987
1916.86728578865	0.15790898247471472
1919.34014245654	0.1602213745777683
1921.81224772838	0.16028208871507704
1924.28360192604	0.15612636366296878
1926.75420537132	0.15957567043040422
1929.22405838593	0.162340710276179
1931.69316129147	0.15707555765247774
1934.16151440948	0.15934938698123807
1936.62911806136	0.15876989438973718
1939.09597256848	0.15981852697963256
1941.56207825207	0.1608505864694624
1944.0274354333	0.16233521285762123
1946.49204443322	0.15900725352040776
1948.95590557284	0.16544238616422632
1951.41901917301	0.16285399131181338
1953.88138555454	0.16512224237762707
1956.34300503813	0.16518295651493248
1958.8038779444	0.16330097994719567
1961.26400459387	0.16533195272672768
1963.72338530697	0.16748435378087387
1966.18202040403	0.1641564752880526
1968.63991020531	0.16564102083181922
1971.09705503097	0.1678927796419596
1973.55345520107	0.16808591689099472
1976.0091110356	0.16879791343861753
1978.46402285444	0.17022182568946762
1980.91819097737	0.17023282052658315
1983.3716157241	0.16826805930291763
1985.82429741427	0.1704701796572537
1988.27623636736	0.17032110260106958
1990.72743290284	0.17500676263326995
1993.17788734002	0.17082888621814954
1995.62759999817	0.17518332678224288
1998.07657119644	0.17443276746032682
2000.5248012539	0.17317442452133083
2002.97229048952	0.1748356959028548
2005.41903922219	0.17250664985534347
2007.86504777071	0.17351663882655338
2010.31031645378	0.1735276336636689
2012.75484559	0.17585118229261915
2015.19863549792	0.1763533876467491
2017.64168649594	0.17955442129079063
2020.08399890242	0.17684459816376352
2022.5255730356	0.17821329369586594
2024.96640921365	0.1798744842329977
2027.40650775462	0.18057540509911277
2029.84586897649	0.18128732080234336
2032.28449319715	0.1773468035178935
2034.72238073438	0.17915699026682044
2037.15953190591	0.17799800508381866
2039.59594702932	0.1797089149211403
2042.03162642215	0.1801890497566503
2044.46657040182	0.1815577452887527
2046.90077928567	0.18345629495655502
2049.33425339095	0.18462635582106124
2051.76699303481	0.1805367614804273
2054.19899853433	0.1802884075126412
2056.63027020645	0.18492434824464835
2059.06080836809	0.18473670841417097
2061.49061333602	0.1826836651160157
2063.91968542694	0.18510649065657125
2066.34802495747	0.18895322844797688
2068.77563224411	0.1834121539193118
2071.20250760329	0.18568048582951438
2073.62865135136	0.18757895465292448
2076.05406380455	0.18734167636664611
2078.47874527901	0.18670696705639425
2080.9026960908	0.18943336328348356
2083.3259165559	0.18589569359717278
2085.74840699018	0.1870656736172901
2088.17016770944	0.18314172943290244
2090.59119902935	0.1890470079410211
2093.01150126553	0.18415171840411232
2095.43107473348	0.19052613691062217
2097.84991974864	0.19023364190559283
2100.26803662633	0.19170719261224392
2102.68542568178	0.1910338396833099
2105.10208723015	0.18937264914617813
2107.51802158648	0.18953272103947777
2109.93322906574	0.18796530999539024
2112.3477099828	0.19190032986128233
2114.76146465245	0.19192789779846006
2117.17449338937	0.19011221363097866
2119.58679650815	0.19271160332050383
2121.9983743233	0.1945825850511284
2124.40922714924	0.18994664431912126
2126.81935530029	0.19304274194421864
2129.22875909067	0.19071377674109952
2131.63743883452	0.19537178799172994
2134.04539484589	0.1955594278222073
2136.45262743874	0.19750761594581062
2138.85913692692	0.19633205766274664
2141.26492362422	0.2002836506287009
2143.6699878443	0.1970605464660394
2146.07432990076	0.19362223453571953
2148.47795010708	0.19680669507969556
2150.88084877667	0.19558149834083058
2153.28302622285	0.20063136235248122
2155.68448275883	0.19986422993049965
2158.08521869774	0.1968508361169388
2160.48523435261	0.20082449960151635
2162.88453003639	0.2006700059711667
2165.28310606193	0.20013465441690903
2167.68096274199	0.20144813323026048
2170.07810038922	0.20078035856427312
2172.47451931622	0.20254640427595683
2174.87021983546	0.2040421063456201
2177.26520225933	0.20418560513885753
2179.65946690013	0.19816439577468245
2182.05301407006	0.2010287125320592
2184.44584408123	0.20032779166594414
2186.83795724567	0.20220976823368428
2189.22935387531	0.20267341081351767
2191.62003428198	0.20137642425583951
2194.00999877743	0.20277826598806964
2196.39924767329	0.20128814218135305
2198.78778128115	0.19968208751858008
2201.17559991245	0.2039758947897569
2203.56270387857	0.20204969634038464
2205.94909349081	0.20459952841850101
2208.33476906033	0.20441188858802034
2210.71973089824	0.20203320408471134
2213.10397931554	0.2004326468404961
2215.48751462314	0.19935644631342303
2217.87033713186	0.20103978821356694
2220.25244715242	0.20369439462184308
2222.63384499546	0.20307076099309895
2225.01453097151	0.20614478809957637
2227.39450539101	0.20697263465886334
2229.77376856434	0.20857319190307858
2232.15232080173	0.20679057309133267
2234.53016241336	0.21014052210277387
2236.9072937093	0.2079219094927645
2239.28371499954	0.2076073439691119
2241.65942659396	0.20459395015555104
2244.03442880236	0.19993593890492392
2246.40872193443	0.20675742689120497
2248.78230629979	0.20713270655216298
2251.15518220795	0.21130508554872565
2253.52734996835	0.20990324381649553
2255.89880989029	0.2083689789725357
2258.26956228301	0.21081937245026897
2260.63960745567	0.2125027143504129
2263.00894571731	0.20631035741143375
2265.37757737688	0.20627729205569495
2267.74550274324	0.20801576983019765
2270.11272212517	0.21340226988412084
2272.47923583134	0.2058577905131048
2274.84504417031	0.20756870035042643
2277.2101474506	0.20753005673174096
2279.57454598058	0.20983145399768235
2281.93824006856	0.21240885401297646
2284.30123002275	0.2109794443435686
2286.66351615125	0.20988667071643002
2289.02509876208	0.21057101848248289
2291.38597816317	0.21687372801456845
2293.74615466236	0.21427975489920884
2296.10562856737	0.21404247661293047
2298.46440018585	0.2145005409298172
2300.82246982535	0.21226535521974232
2303.1798377933	0.2182865645839141
2305.5365043971	0.2159354480177828
2307.89246994399	0.21416390488754464
2310.24773474116	0.2162721649044476
2312.60229909566	0.22040032201937482
2314.95616331451	0.21852942113314242
2317.30932770456	0.21859013527045115
2319.66179257263	0.22429120084802368
2322.01355822542	0.22455612791587526
2324.36462496953	0.22448433809706209
2326.71499311146	0.22039482460081705
2329.06466295764	0.22085838633626154
2331.41363481439	0.22270171928531618
2333.76190898794	0.22821522587680024
2336.10948578441	0.22279008220419155
2338.45636550986	0.22948456365291175
2340.80254847022	0.22813244122087153
2343.14803497132	0.22451198687863202
2345.49282531895	0.22622839413451146
2347.83691981874	0.22786201673446546
2350.18031877626	0.2238055685939592
2352.52302249699	0.22698445087498526
2354.8650312863	0.2279227308717709
2357.20634544946	0.22796687190901413
2359.54696529166	0.23153210953250594
2361.88689111798	0.22897128261727404
2364.22612323341	0.23332022576280964
2366.56466194287	0.22962806244614586
2368.90250755114	0.2329946654020448
2371.23966036293	0.23255867160377805
2373.57612068286	0.23275730627137425
2375.91188881545	0.22957284572739822
2378.2469650651	0.23207845592387916
2380.58134973615	0.23459514180186783
2382.91504313282	0.23957879425765527
2385.24804555926	0.23568241801044865
2387.58035731949	0.23518571007487646
2389.91197871745	0.236697904400213
2392.24291005701	0.2372442507915862
2394.57315164189	0.23420878645940538
2396.90270377577	0.23665368251858088
2399.23156676218	0.23509184973744002
2401.55974090461	0.23366793748658993
2403.88722650642	0.23842530649321125
2406.21402387086	0.2385853783865109
2408.54013330113	0.24164841065587275
2410.8655551003	0.24039556513543453
2413.19028957133	0.24090884617107222
2415.51433701713	0.24062734600315844
2417.83769774049	0.2398216508068836
2420.16037204408	0.24156012858138629
2422.48236023051	0.23838116545596802
2424.80366260228	0.2417256978932437
2427.12427946179	0.2454233586284652
2429.44421111134	0.2441705939524192
2431.76345785315	0.24432508758276886
2434.08201998932	0.24736604933351075
2436.39989782188	0.2419077594607744
2438.71709165273	0.24686934139793856
2441.0336017837	0.24486593655558428
2443.34942851653	0.24817182537417448
2445.66457215282	0.2509754279942458
2447.97903299412	0.24574350241506449
2450.29281134185	0.24653270535566602
2452.60590749736	0.24492665069289302
2454.91832176188	0.2513617833367083
2457.23005443656	0.24931423745711406
2459.54110582243	0.25032422642832064
2461.85147622045	0.24636163862525085
2464.16116593146	0.24877338848429864
2466.47017525621	0.2482711831301687
2468.77850449536	0.2485802512352602
2471.08615394947	0.24890581159602834
2473.39312391899	0.25029108022819296
2475.69941470429	0.24786825468764073
2478.00502660562	0.2516322078231176
2480.30995992316	0.2564999294228454
2482.61421495697	0.25529680320260034
2484.91779200702	0.2549877350975088
2487.22069137316	0.2515384283300734
2489.5229133552	0.2556390175078229
2491.8244582528	0.2568973604468156
2494.12532636553	0.2551257364721852
2496.42551799287	0.25865790873994154
2498.72503343421	0.2607164494566513
2501.02387298882	0.26005966962777943
2503.32203695588	0.25726706184482695
2505.61952563449	0.25877375875160574
2507.91633932361	0.2576092761500462
2510.21247832216	0.25833776495334226
2512.50794292891	0.26197479239564725
2514.80273344255	0.2573719978637678
2517.09685016167	0.2550981685350075
2519.39029338476	0.26034666721425104
2521.68306341022	0.2640499062124225
2523.97516053634	0.2614725870415173
2526.26658506132	0.26161608583475143
2528.55733728325	0.26490540155327946
2530.84741750012	0.2627087786174978
2533.13682600984	0.26738894123114043
2535.4255631102	0.2690446343497144
2537.7136290989	0.26187543463965307
2540.00102427354	0.2647674001785998
2542.28774893162	0.26363048551422125
2544.57380337053	0.26473983224142206
2546.85918788758	0.26351455465816487
2549.14390277997	0.26641759587861596
2551.4279483448	0.27045747091906003
2553.71132487906	0.26809535951581326
2555.99403267966	0.26937019471047924
2558.27607204341	0.2715281740275754
2560.55744326699	0.2667983729581318
2562.83814664702	0.26396162413793606
2565.11818247999	0.2676096464173566
2567.3975510623	0.2694088383291647
2569.67625269025	0.26852027763257225
2571.95428766003	0.26845406607670574
2574.23165626776	0.2631117070600258
2576.50835880942	0.2653744607072817
2578.78439558093	0.2672012205562708
2581.05976687806	0.26538553638878615
2583.33447299652	0.2676648631361042
2585.60851423191	0.2678525029665849
2587.88189087972	0.2681836415902997
2590.15460323534	0.2687465610817351
2592.42665159406	0.2737522840561425
2594.69803625108	0.2690942728055154
2596.9687575015	0.2725160116357698
2599.23881564029	0.2695081960851589
2601.50821096235	0.26731715141232726
2603.77694376245	0.27107002886629644
2606.0450143353	0.2692377715987495
2608.31242297548	0.2720027306001354
2610.57916997746	0.2718261664511625
2612.84525563562	0.27445320492225755
2615.11068024426	0.27658903287634157
2617.37544409753	0.2774113820170708
2619.63954748952	0.2757225426983691
2621.90299071421	0.2762026775338758
2624.16577406546	0.2740392816426141
2626.42789783705	0.2768981009814331
2628.68936232264	0.2827150974150653
2630.9501678158	0.27882421858641643
2633.21031460999	0.2776320872032869
2635.46980299857	0.27751623719161944
2637.72863327481	0.27822815289485003
2639.98680573185	0.28049098738649486
2642.24432066276	0.28104840945937576
2644.50117836048	0.2832559463878807
2646.75737911786	0.28143468395744936
2649.01292322765	0.28251088448452244
2651.26781098249	0.2814733275761348
2653.52204267492	0.28715232263508733
2655.77561859738	0.28301308983865237
2658.0285390422	0.28826166936228814
2660.28080430161	0.2838575094980016
2662.53241466774	0.28591055279615685
2664.78337043263	0.29043614093505427
2667.03367188817	0.2940510978587393
2669.2833193262	0.2855242782980833
2671.53231303844	0.29034236144201003
2673.78065331648	0.29217461870955697
2676.02834045184	0.29436566338238856
2678.27537473592	0.2892716583334947
2680.52175646002	0.2890895159215751
2682.76748591535	0.29562950373994235
2685.01256339298	0.292047693016385
2687.25698918391	0.29465815838741793
2689.50076357901	0.28761046779636296
2691.74388686909	0.2915013466250118
2693.9863593448	0.2893599404079812
2696.22818129672	0.29088321041482545
2698.46935301532	0.2892109441961893
2700.70987479096	0.28929372885211796
2702.94974691389	0.2857560591658039
2705.18896967428	0.28481228175046047
2707.42754336216	0.28297452706435583
2709.66546826749	0.2832614438064385
2711.90274468011	0.28415558276598085
2714.13937288974	0.28366437224896646
2716.37535318602	0.28534213588616036
2718.61068585848	0.28402307880985894
2720.84537119652	0.27829436445071654
2723.07940948947	0.28408929036572544
2725.31280102654	0.2842327891589596
2727.54554609682	0.2802370551557621
2729.77764498933	0.2771078113305337
2732.00909799294	0.283675367086082
2734.23990539644	0.2827150974150653
2736.47006748853	0.281545117394948
2738.69958455777	0.2778253052967143
2740.92845689263	0.2790229340984015
2743.15668478147	0.2838354389793816
2745.38426851257	0.27873593651192996
2747.61120837406	0.2838685851795093
2749.83750465399	0.27928228290330315
2752.0631576403	0.2835925824301533
2754.28816762083	0.28339394776255705
2756.51253488329	0.283449164481308
2758.73625971532	0.2849778510623179
2760.95934240442	0.28634104917586256
2763.18178323801	0.2833221579437439
2765.40358250338	0.28762696005203625
2767.62474048773	0.2804964848050526
2769.84525747814	0.281539539131998
2772.06513376159	0.2821190317234989
2774.28436962496	0.28237296395423495
2776.50296535501	0.28855416436731746
2778.7209212384	0.28431007639633055
2780.93823756168	0.2860651272708987
2783.15491461129	0.28407279811005215
2785.37095267358	0.28600441313359
2787.58635203477	0.2904747845537397
2789.80111298097	0.2813905429202061
2792.01523579822	0.29040307557931877
2794.2287207724	0.2847460701945973
2796.44156818932	0.2881292462505584
2798.65377833468	0.28746139074017885
2800.86535149404	0.2884768771299465
2803.07628795289	0.2862638427828838
2805.28658799659	0.2902981395603779
2807.4962519104	0.2872848265912059
2809.70527997946	0.28508828449981655
2811.91367248883	0.28766560367072175
2814.12142972342	0.29058513714684947
2816.32855196807	0.2819534624116415
2818.53503950749	0.28966900851307603
2820.74089262628	0.28867009522337383
2822.94611160894	0.29093834628918425
2825.15069673987	0.28971314955031924
2827.35464830333	0.2866114736622719
2829.55796658351	0.2884603848742732
2831.76065186445	0.2887252310977326
2833.96270443012	0.28790296280139227
2836.16412456437	0.2841665776030964
2838.3649125509	0.287207539353835
2840.56506867336	0.28886872989096674
2842.76459321526	0.29370888355351676
2844.96348645999	0.2892605826519903
2847.16174869086	0.28794160642007777
2849.35938019105	0.2948844418365841
2851.55638124363	0.29419459665197345
2853.75275213157	0.2951880125231178
2855.94849313772	0.29543078822795726
2858.14360454483	0.29802476134331685
2860.33808663553	0.2960654975382058
2862.53193969234	0.2913192042130922
2864.72516399768	0.296540134955158
2866.91775983385	0.29640213358047834
2869.10972748304	0.29954245308721117
2871.30106722733	0.29561293063987687
2873.4917793487	0.3003648022279404
2875.68186412899	0.2997080223990686
2877.87132184997	0.3040846143261741
2880.06015279325	0.30496209934126206
2882.24835724039	0.29955352876871894
2884.43593547278	0.30604379728689296
2886.62288777173	0.3015679284481854
2888.80921441843	0.3080637752293094
2890.99491569397	0.3048076057109124
2893.1799918793	0.30521595072760593
2895.36444325529	0.3030414791548398
2897.54827010269	0.303008413799101
2899.73147270213	0.3037369026023971
2901.91405133412	0.3040680412261119
2904.09600627909	0.3006959408516552
2906.27733781731	0.30554708935132074
2908.45804622899	0.30589480107510103
2910.63813179418	0.3052711674463569
2912.81759479286	0.30416739898210277
2914.99643550486	0.3025447712192676
2917.17465420994	0.30668400401570256
2919.3522511877	0.3079202764360753
2921.52922671765	0.3090185474817683
2923.7055810792	0.3060658678055162
2925.88131455162	0.3052435995091759
2928.05642741408	0.3093386104239787
2930.23091994566	0.3082789829969678
2932.40479242528	0.3077878533243456
2934.57804513178	0.3066343655599016
2936.75067834387	0.3041287553634173
2938.92269234017	0.3032953305411837
2941.09408739916	0.3107294573190933
2943.26486379921	0.3112040947360422
2945.4350218186	0.3084611254088907
2947.60456173546	0.30679443745320123
2949.77348382783	0.30860462420212487
2951.94178837363	0.3056630202073771
2954.10947565068	0.3101609595647079
2956.27654593666	0.3055360945142052
2958.44299950915	0.30735177868168995
2960.60883664562	0.30590587675660547
2962.77405762341	0.30120364362434293
2964.93866271975	0.3056188791701339
2967.10265221178	0.30812998678517595
2969.26602637648	0.31197672457658154
2971.42878549076	0.3061983717616348
2973.59092983139	0.3130529251036546
2975.75245967501	0.3092723988681122
2977.9133752982	0.3080637752293094
2980.07367697736	0.3083341997157188
2982.23336498882	0.3109778112868794
2984.39243960877	0.30559123038856395
2986.5509011133	0.3106853162818501
2988.70874977837	0.3134502752832326
2990.86598587984	0.30968082472919795
2993.02260969344	0.3122582247444953
2995.17862149478	0.30849427160901843
2997.33402155938	0.30625350763599357
2999.48881016262	0.30937175662410643
3001.64298757978	0.3088529781699109
3003.796554086	0.3111598728544101
3005.94950995633	0.3115682987154958
3008.10185546569	0.3078761353988321
3010.25359088888	0.31214229388843895
3012.40471650059	0.3080582778107516
3014.5552325754	0.3089633307630207
3016.70513938776	0.3097801824851921
3018.85443721201	0.3080858457479327
3021.00312632236	0.308726052476739
3023.15120699292	0.3057292317632436
3025.29867949769	0.30780992384296557
3027.44554411052	0.30884748075135315
3029.59180110516	0.3058010215820568
3031.73745075527	0.30964218111051245
3033.88249333434	0.30881983196978324
3036.02692911578	0.30687164384617993
3038.17075837287	0.30425018363803147
3040.31398137877	0.30710342471390384
3042.45659840653	0.3073407838445744
3044.59860972907	0.30711999781396604
3046.7400156192	0.3078761353988321
3048.88081634961	0.3044819645057554
3051.02101219287	0.30755049419367503
3053.16060342144	0.30444332088706993
3055.29959030765	0.3084997690275762
3057.43797312371	0.30863219213930587
3059.57575214172	0.3071531440140937
3061.71292763366	0.3048076057109124
3063.84949987139	0.3048903903668411
3065.98546912665	0.30502831089712856
3068.12083567105	0.3098850376597408
3070.2555997761	0.30785956229876654
3072.38976171319	0.30617072298006487
3074.52332175356	0.30469167485485604
3076.65628016837	0.30223570311417275
3078.78863722863	0.30737942746325986
3080.92039320526	0.30045308430242684
3083.05154836902	0.30106014483110877
3085.1821029906	0.3046143876174851
3087.31205734051	0.3038196872583258
3089.44141168921	0.3057071612446204
3091.57016630696	0.3030911984550297
3093.69832146398	0.3078043455800189
3095.82587743032	0.3062093665987503
3097.9528344759	0.3065957219412161
3100.07919287056	0.30246748398189666
3102.204952884	0.305519521414143
3104.33011478579	0.30667300917858703
3106.45467884538	0.30875362041392007
3108.57864533212	0.30843905489026746
3110.70201451522	0.306021726768273
3112.82478666378	0.3090902564561926
3114.94696204676	0.30906818593756935
3117.06854093301	0.3064025846921777
3119.18952359127	0.3026275558751963
3121.30991029013	0.304713745373476
3123.4297012981	0.30412317710047065
3125.54889688352	0.3072193555699602
3127.66749731464	0.3064577205665364
3129.78550285957	0.30088907810069365
3131.90291378633	0.30438810416831896
3134.01973036277	0.3046475338176128
3136.13595285665	0.3015292848294999
3138.2515815356	0.2991009618703899
3140.36661666714	0.3003757970650559
3142.48105851863	0.2999784468854779
3144.59490735734	0.3014134348178358
3146.70816345041	0.29787576513152164
3148.82082706486	0.3015679284481854
3150.93289846758	0.2982786127296607
3153.04437792532	0.29945966843128247
3155.15526570475	0.29698720443492926
3157.26556207238	0.3022026377584373
3159.37526729461	0.2924009021587231
3161.48438163771	0.2982124011737942
3163.59290536784	0.29447601597549833
3165.70083875102	0.29665606581121445
3167.80818205315	0.2947740892434743
3169.91493554002	0.2935046706229739
3172.02109947727	0.29767704961953656
3174.12667413044	0.29609306547538683
3176.23165976493	0.29519900736023336
3178.33605664602	0.29458644941299694
3180.43986503887	0.30192663500908123
3182.54308520852	0.29785919203145944
3184.64571741986	0.29724655323983085
3186.74776193769	0.2941890183890268
3188.84921902664	0.2974562635889315
3190.95008895128	0.29773226633828753
3193.05037197599	0.29329496027387325
3195.15006836504	0.2985490372160668
3197.24917838262	0.3020370684465799
3199.34770229274	0.3004144406837414
3201.44564035931	0.2967112016855732
3203.5429928461	0.30021022775319856
3205.63976001677	0.3000998751600921
3207.73594213484	0.2992886017008673
3209.83153946372	0.2960102808194581
3211.92655226669	0.2993548132567338
3214.02098080688	0.3025944905194575
3216.11482534732	0.3000391610227834
3218.20808615091	0.30065729723296974
3220.30076348041	0.3003757970650559
3222.39285759847	0.3006959408516552
3224.4843687676	0.2952045856231833
3226.57529725019	0.2976053406451156
3228.66564330851	0.29954795050576893
3230.75540720468	0.29342746422999516
3232.8445892007	0.29675534272281645
3234.93318955847	0.29525422407898433
3237.02120853974	0.2989077437769626
3239.10864640612	0.29652356185509254
3241.19550341911	0.294856873899403
3243.28177984009	0.2978812625500794
3245.36747593029	0.29596064236365716
3247.45259195083	0.2939021016469441
3249.53712816268	0.2927099702638146
3251.62108482672	0.2901988626487759
3253.70446220366	0.2934053937113719
3255.78726055411	0.2891557274774383
3257.86948013853	0.2897352200689392
3259.95112121728	0.28607612210801425
3262.03218405055	0.2895089366197764
3264.11266889845	0.28488407156927364
3266.19257602092	0.2869591853860489
3268.27190567779	0.287963676938701
3270.35065812876	0.2826875294778842
3272.4288336334	0.2857064207100029
3274.50643245114	0.2843155738148883
3276.5834548413	0.2844646508710724
3278.65990106305	0.2839679429355002
3280.73577137545	0.28321730276919527
3282.81106603742	0.28552977571664107
3284.88578530774	0.2865452621064054
3286.95992944508	0.2796907087643889
3289.03349870796	0.2891281595402606
3291.1064933548	0.2839016505352448
3293.17891364384	0.28830581039953135
3295.25075983324	0.2850109972624456
3297.322032181	0.2830628091388423
3299.39273094501	0.28316766431339424
3301.462856383	0.2811974056711677
3303.53240875259	0.2811366915338622
3305.60138831128	0.28677154555557155
3307.6697953164	0.2890619479843941
3309.73763002519	0.2892771557520525
3311.80489269472	0.28481228175046047
3313.87158358198	0.28706953797915863
3315.93770294378	0.28838859505546005
3318.00325103681	0.2861534093453852
3320.06822811764	0.2852924974303594
3322.13263444272	0.28402307880985894
3324.19647026832	0.2845363598454967
3326.25973585064	0.28614241450826966
3328.32243144568	0.28899015816558093
3330.38455730938	0.28804088333167976
3332.44611369749	0.28740067660287344
3334.50710086564	0.28456950604562437
3336.56751906936	0.2885873105674452
3338.62736856401	0.2876821767707872
3340.68664960483	0.28699782900473436
3342.74536244693	0.28594919641484234
3344.80350734528	0.289994649718233
3346.86108455472	0.28959729953865176
3348.91809432997	0.28421071864033964
3350.97453692559	0.2816057506878645
3353.03041259603	0.2841169391472954
3355.08572159559	0.2848067843319027
3357.14046417844	0.2804633386049249
3359.19464059863	0.28488407156927364
3361.24825111005	0.28042469498623945
3363.30129596648	0.27398956234242416
3365.35377542155	0.27948649583384605
3367.40568972878	0.2799169922135517
3369.45703914152	0.2845805008827399
3371.507823913	0.27762658978472915
3373.55804429633	0.2795527073897092
3375.60770054446	0.27812329772030137
3377.65679291024	0.27657803803922604
3379.70532164635	0.27845993376257394
3381.75328700534	0.276147541659517
3383.80068923965	0.27310108249022064
3385.84752860155	0.27414413681716604
3387.89380534321	0.2723283718052924
3389.93951971664	0.27699745873742726
3391.98467197371	0.2743042087104657
3394.02926236618	0.2753914040746543
3396.07329114566	0.2744311344036376
3398.1167585636	0.26912184074269313
3400.15966487137	0.27404477906117186
3402.20201032014	0.27185931265129015
3404.24379516099	0.272240089730806
3406.28501964484	0.2690280612496489
3408.3256840225	0.27676009960675674
3410.3657885446	0.2729133618153511
3412.40533346167	0.27066168384960293
3414.44431902408	0.2690224829867022
3416.48274548209	0.2694088383291647
3418.5206130858	0.26473425397847206
3420.55792208516	0.2697399769528795
3422.59467273003	0.2711693866222906
3424.63086527009	0.2686085597070587
3426.6664999549	0.268928703493658
3428.70157703386	0.2663513034783606
3430.73609675628	0.27108110454780415
3432.77005937129	0.2640499062124225
3434.80346512789	0.27126324695972376
3436.83631427494	0.26610852777352445
3438.86860706119	0.2684595634952635
3440.90034373521	0.26530275173285744
3442.93152454546	0.26886798935634926
3444.96214974025	0.26363048551422125
3446.99221956775	0.262383218256733
3449.021734276	0.2633876289649929
3451.05069411289	0.26171536274635343
3453.07909932619	0.26108623169905154
3455.1069501635	0.2613014394667099
3457.1342468723	0.2597727528857001
3459.16098969993	0.26012038376508817
3461.1871788936	0.2563950742482967
3463.21281470035	0.257487847875432
3465.23789736712	0.2554403019958378
3467.26242714067	0.2570132104584831
3469.28640426765	0.2515218552300079
3471.30982899455	0.2531389047298964
3473.33270156774	0.24935288107579953
3475.35502223343	0.2530009033552201
3477.3767912377	0.25193577850965143
3479.39800882649	0.24851403967939703
3481.41867524559	0.2520185631655801
3483.43879074066	0.24903281813358918
3485.45835555721	0.24860232175388347
3487.47736994062	0.24812218691837348
3489.49583413611	0.2477413289944688
3491.51374838879	0.2443195901642111
3493.53111294359	0.24188019152359336
3495.54792804533	0.24052806909155644
3497.56419393867	0.23882265667278924
3499.57991086814	0.2411792706574783
