1000.07700129088	0.0479356946613746
1002.83416209528	0.045597638754860864
1005.59045264208	0.043651522907632676
1008.34587328813	0.0437167665299051
1011.10042439014	0.04425229995726059
1013.85410630472	0.044004144596319475
1016.60691938837	0.041757544559144
1019.35886399746	0.042854727995795316
1022.10994048823	0.04397802801438697
1024.86014921684	0.04392579485051413
1027.60949053928	0.04056900091828775
1030.35796481149	0.042854727995795316
1033.10557238924	0.03843997333238304
1035.85231362819	0.04021637922960095
1038.5981888839	0.03919754553875498
1041.34319851182	0.03518764572789451
1044.08734286727	0.03650686794355444
1046.83062230544	0.03486114062114805
1049.57303718143	0.03475667429341021
1052.31458785021	0.03347657911807452
1055.05527466665	0.03709463453478277
1057.79509798549	0.0372775462734593
1060.53405816134	0.035997451098131454
1063.27215554874	0.03696405162511242
1066.00939050209	0.03557949012204673
1068.74576337565	0.03580152890105535
1071.48127452361	0.03623259600068082
1074.21592430002	0.03478279087534271
1076.94971305882	0.03618036283680798
1079.68264115384	0.036911818461247414
1082.41470893879	0.037081624076383185
1085.14591676728	0.036676673558698046
1087.8762649928	0.034038229127370354
1090.60575396871	0.034443179645055486
1093.33438404827	0.0350439566946834
1096.06215558464	0.034168907702181874
1098.78906893086	0.035736285278790754
1101.51512443981	0.035892984770393606
1104.24032246435	0.035122402105622084
1106.96466335716	0.03373784060255639
1109.68814747081	0.034286384488319305
1112.41077515779	0.034691335006004444
1115.13254677044	0.035070073276623745
1117.85346266104	0.034025218668970764
1120.57352318169	0.03298026839618445
1123.29272868445	0.0358407516065286
1126.01107952121	0.03542279063043604
1128.72857604378	0.03608890696746972
1131.44521860385	0.03488725720308055
1134.16100755301	0.03676812942803631
1136.87594324271	0.033502695700014865
1139.59002602433	0.036663567435165134
1142.3032562491	0.032758229617175845
1145.01563426818	0.03488725720308055
1147.72716043257	0.040490651172482406
1150.43783509322	0.0376562845440786
1153.14765860091	0.036559101107427286
1155.85663130634	0.037969779192425474
1158.56475356012	0.03650686794355444
1161.27202571271	0.035879878646860694
1163.97844811448	0.03648075136162194
1166.68402111569	0.037212206986061376
1169.38874506649	0.03623259600068082
1172.09262031694	0.03620647941874048
1174.79564721695	0.03623259600068082
1177.49782611635	0.03533133476109778
1180.19915736486	0.035070073276623745
1182.89964131208	0.035670945991385
1185.59927830751	0.033006384978124796
1188.29806870054	0.03414279112024153
1190.99601284046	0.033110851305862644
1193.69311107643	0.03335910233193709
1196.38936375753	0.03500482965435132
1199.08477123271	0.03446929622699583
1201.77933385082	0.03401211254543785
1204.47305196061	0.03258842400203223
1207.1659259107	0.03565783986785208
1209.85795604964	0.037199100862520616
1212.54914272585	0.037486478928934995
1215.23948628763	0.035514246499774305
1217.92898708319	0.038792595021069846
1220.61764546064	0.0395893899329072
1223.30546176798	0.03778686745374895
1225.99243635308	0.03841385675045054
1228.67856956373	0.036781139886435894
1231.36386174761	0.03595832405779937
1234.04831325228	0.036271723041012914
1236.73192442522	0.036546090649027696
1239.41469561377	0.037199100862520616
1242.09662716519	0.03715997382218853
1244.77771942662	0.0376301679621461
1247.45797274511	0.0387142452752645
1250.13738746759	0.036950945501579506
1252.81596394089	0.03730366285539964
1255.49370251175	0.0387142452752645
1258.17060352676	0.037564828674740335
1260.84666733246	0.037486478928934995
1263.52189427525	0.03769550724955186
1266.19628470144	0.03793055648696006
1268.86983895722	0.039706962384177966
1271.5425573887	0.038270167717239435
1274.21444034186	0.037055411829317354
1276.8854881626	0.03815259526596867
1279.55570119671	0.03930201186649283
1282.22507978985	0.039053856505543875
1284.89362428759	0.038257157258839845
1287.56133503543	0.037747740413416865
1290.22821237872	0.038531429201721305
1292.89425666274	0.043364144841218304
1295.55946823263	0.04226696140456698
1298.22384743346	0.04241065043777809
1300.88739461019	0.04310288335674427
1303.55011010766	0.040582011376687335
1306.21199427063	0.03978531212998331
1308.87304744373	0.03684647917384166
1311.53326997152	0.03637628503388409
1314.19266219843	0.036519974067095194
1316.8512244688	0.03778686745374895
1319.50895712687	0.036689779682230965
1322.16586051676	0.03645463477968944
1324.82193498252	0.036559101107427286
1327.47718086806	0.03710774065832353
1330.1315985172	0.03672890672257089
1332.78518827369	0.038374634044977284
1335.43795048114	0.03939346773583109
1338.08988548307	0.03699016820704492
1340.74099362289	0.03712075111672311
1343.39127524392	0.0392367682442204
1346.04073068939	0.03571016869685041
1348.6893603024	0.037042401370917764
1351.33716442597	0.039706962384177966
1353.98414340301	0.037747740413416865
1356.63029757632	0.036546090649027696
1359.27562728863	0.03817871184790117
1361.92013288252	0.03556647966364715
1364.56381470053	0.03580152890105535
1367.20667308505	0.038492206496255885
1369.84870837838	0.03597133451619895
1372.48992092274	0.035631723285911736
1375.13031106023	0.03618036283680798
1377.76987913284	0.03483502403920771
1380.40862548251	0.036911818461247414
1383.04655045101	0.03401211254543785
1385.68365438006	0.03449541280892833
1388.31993761126	0.03606279038553722
1390.95540048612	0.03491337378501306
1393.59004334605	0.0341165788731757
1396.22386653233	0.0346129852601991
1398.85687038619	0.033763957184488894
1401.48905524873	0.03571016869685041
1404.12042146094	0.03859667282399373
1406.75096936375	0.036559101107427286
1409.38069929796	0.035775412319122846
1412.00961160428	0.0365983238128927
1414.63770662332	0.038635895529459154
1417.26498469557	0.036036673803604716
1419.89144616146	0.035344440884638534
1422.51709136132	0.0376562845440786
1425.14192063532	0.03431250107025181
1427.76593432361	0.03493949036694556
1430.3891327662	0.03479580133374229
1433.01151630299	0.0338815296357675
1435.63308527382	0.03661133427129229
1438.2538400184	0.0326798798713705
1440.87378087637	0.035122402105622084
1443.49290818722	0.035906090893926525
1446.1112222904	0.03687259575577416
1448.72872352524	0.03470434546440403
1451.34541223097	0.036663567435165134
1453.96128874671	0.038622789405926235
1456.5763534115	0.03683337305030874
1459.19060656429	0.03582764548298785
1461.8040485439	0.03663745085323263
1464.41667968907	0.03644152865615652
1467.02850033846	0.036284829164545826
1469.63951083061	0.03581463502458826
1472.24971150397	0.035644829409452496
1474.8591026969	0.03321541329873382
1477.46768474763	0.03500482965435132
1480.07545799434	0.037839100617621794
1482.68242277508	0.03522686843335993
1485.28857942782	0.03710774065832353
1487.89392829042	0.03407745183284361
1490.49846970065	0.034691335006004444
1493.10220399619	0.03185696837760064
1495.70513151461	0.03555337354011423
1498.30725259339	0.0330586181419898
1500.90856756992	0.033920656676099586
1503.50907678146	0.036128129672942974
1506.10878056524	0.03333289008487126
1508.70767925832	0.03342434595420952
1511.30577319772	0.033502695700014865
1513.90306272032	0.029963085694245294
1516.49954816295	0.03237949134655654
1519.09522986229	0.034168907702181874
1521.69010815498	0.031935318123405984
1524.28418337751	0.032875802068446605
1526.87745586632	0.0326798798713705
1529.46992595773	0.03312395742939556
1532.06159398796	0.03175250204986279
1534.65246029316	0.03318929671680132
1537.24252520935	0.0320006574108039
1539.83178907249	0.033280656920998415
1542.42025221841	0.030381046670330016
1545.00791498287	0.03368560743869139
1547.59477770152	0.033398229372277016
1550.18084070993	0.033398229372277016
1552.76610434356	0.03373784060255639
1555.35056893777	0.03373784060255639
1557.93423482785	0.03556647966364715
1560.51710234896	0.03542279063043604
1563.0991718362	0.03766939066761152
1565.68044362457	0.03648075136162194
1568.26091804893	0.03554036308171465
1570.84059544411	0.036650556976765544
1573.41947614481	0.03631094574647833
1575.99756048562	0.03990288458125408
1578.57484880108	0.04161395119107406
1581.15134142559	0.039184439415222067
1583.72703869349	0.03859667282399373
1586.301940939	0.04178375680620983
1588.87604849628	0.041117544804042824
1591.44936169934	0.043377250964759057
1594.02188088215	0.04254123334744844
1596.59360637855	0.045858900239342734
1599.16453852232	0.05134472175747382
1601.73467764709	0.052807633006344855
1604.30402408647	0.05322559398242958
1606.87257817391	0.05549831060153756
1609.44034024281	0.05134472175747382
1612.00731062644	0.0441609397530635
1614.57348965801	0.04406948388372524
1617.13887767062	0.04239763997937851
1619.70347499726	0.03817871184790117
1622.26728197086	0.04075181699183095
1624.83029892423	0.03891016747234061
1627.39252619012	0.039850651417389076
1629.95396410112	0.040595117500220254
1632.5146129898	0.041404922870457196
1635.07447318858	0.04149637873979546
1637.63354502984	0.04008570065479727
1640.19182884582	0.035879878646860694
1642.74932496868	0.035109295982089166
1645.3060337305	0.03522686843335993
1647.86195546325	0.03373784060255639
1650.41709049882	0.03162191914019244
1652.971439169	0.03134755153217765
1655.52500180548	0.030093668603915644
1658.07777873987	0.03239250180495613
1660.62977030368	0.03273211303524334
1663.18097682833	0.03309784084746306
1665.73139864514	0.03281046278104869
1668.28103608534	0.031569590311186266
1670.82988948008	0.03269289032977008
1673.37795916039	0.030994929843490848
1675.92524545724	0.03188308495953314
1678.47174870147	0.03286269594491369
1681.01746922386	0.029727940791695925
1683.56240735508	0.03426026790637896
1686.10656342572	0.032235802313353275
1688.64993776626	0.030472502539668277
1691.19253070709	0.029270852775279115
1693.73434257853	0.030942696679625844
1696.27537371078	0.02750755300159412
1698.81562443395	0.02833036883023065
1701.35509507809	0.030485512998067864
1703.89378597311	0.029662697169431335
1706.43169744886	0.031125512753161198
1708.96882983509	0.031177745917034042
1711.50518346144	0.03185696837760064
1714.0407586575	0.03320230717520091
1716.57555575272	0.03518764572789451
1719.10957507649	0.035631723285911736
1721.64281695809	0.035213762309827014
1724.17528172671	0.03399910208703826
1726.70696971146	0.03439094648119048
1729.23788124135	0.03371172402062389
1731.7680166453	0.03360725769288604
1734.29737625213	0.03529211205563236
1736.82596039057	0.03316318013486098
1739.35376938927	0.03318929671680132
1741.88080357677	0.032614540583972576
1744.40706328154	0.03184395791920105
1746.93254883193	0.03338521891387743
1749.45726055623	0.030485512998067864
1751.9811987826	0.030263474219059252
1754.50436383915	0.030159007891321404
1757.02675605387	0.030877357392220084
1759.54837575466	0.032470851550761466
1762.06922326934	0.029192407364340436
1764.58929892564	0.03213124032048209
1767.10860305118	0.029701824209763424
1769.6271359735	0.029897746406839534
1772.14489802005	0.03139988036117598
1774.66188951817	0.031008035967023766
1777.17811079515	0.026972019574230795
1779.69356217815	0.030942696679625844
1782.20824399425	0.030420269375795436
1784.72215657043	0.029336096397543705
1787.23530023361	0.02835648541216315
1789.74767531057	0.030119785185848146
1792.25928212804	0.026671535384283504
1794.77012101264	0.03116473545863446
1797.2801922909	0.02915328032400051
1799.78949628926	0.02802998030541669
1802.29803333406	0.029832502784567103
1804.80580375158	0.029754057373628427
1807.31280786797	0.02874832980631537
1809.81904600929	0.03257541354363265
1812.32451850154	0.030772891064482236
1814.82922567061	0.029309979815611203
1817.33316784231	0.02915328032400051
1819.83634534233	0.029205513487873355
1822.33875849629	0.027912407854145928
1824.84040762973	0.028265125207958222
1827.34129306808	0.02941444614334905
1829.84141513667	0.03160881301665168
1832.34077416077	0.02757279662385871
1834.83937046553	0.02872221322438287
1837.33720437602	0.02853939715083968
1839.83427621723	0.02763813591126447
1842.33058631404	0.02682833054102753
1844.82613499125	0.02802998030541669
1847.32092257355	0.028447941281501413
1849.81494938558	0.0282259025024928
1852.30821575184	0.02685444712296003
1854.80072199677	0.02817366933861996
1857.29246844473	0.027363863968383015
1859.78345541994	0.029375319103016963
1862.27368324658	0.029309979815611203
1864.76315224871	0.03138677423764307
1867.2518627503	0.027455224172587948
1869.73981507524	0.027520563459993708
1872.22700954733	0.028709202765983287
1874.71344649027	0.02993696911230495
1877.19912622768	0.026423380023334553
1879.68404908308	0.029009591290797245
1882.16821537988	0.026318913695596705
1884.65162544145	0.027886291272205585
1887.13427959102	0.029009591290797245
1889.61617815175	0.026998136156163297
1892.0973214467	0.028434835157968498
1894.57770979887	0.0303679405467971
1897.05734353113	0.027520563459993708
1899.53622296628	0.02741609713225586
1902.014348427	0.027990757599943433
1904.49172023593	0.028852891799186552
1906.96833871558	0.02876143592984829
1909.44420418839	0.02934920252107662
1911.91931697668	0.02886590225758614
1914.39367740272	0.028082213469281695
1916.86728578865	0.028487163986974675
1919.34014245654	0.030668424736744387
1921.81224772838	0.0289573581269244
1924.28360192604	0.02835648541216315
1926.75420537132	0.0289573581269244
1929.22405838593	0.02802998030541669
1931.69316129147	0.028121436174754953
1934.16151440948	0.02757279662385871
1936.62911806136	0.028278135666357805
1939.09597256848	0.029636580587490993
1941.56207825207	0.02665852492588392
1944.0274354333	0.03115162933510154
1946.49204443322	0.02691978641036579
1948.95590557284	0.02537852541568941
1951.41901917301	0.027794835402867323
1953.88138555454	0.027272408099044753
1956.34300503813	0.02842182469956891
1958.8038779444	0.030485512998067864
1961.26400459387	0.030250463760659665
1963.72338530697	0.029610368340425162
1966.18202040403	0.02855240760923926
1968.63991020531	0.02741609713225586
1971.09705503097	0.026802213959087186
1973.55345520107	0.027402991008715103
1976.0091110356	0.026580175180078575
1978.46402285444	0.029806290537501272
1980.91819097737	0.028082213469281695
1983.3716157241	0.027716485657069818
1985.82429741427	0.027925513977678843
1988.27623636736	0.026906680286825035
1990.72743290284	0.029244736193338772
1993.17788734002	0.028983474708864743
1995.62759999817	0.026697747631349338
1998.07657119644	0.030668424736744387
2000.5248012539	0.029571241300093074
2002.97229048952	0.027820951984807666
2005.41903922219	0.029897746406839534
2007.86504777071	0.028082213469281695
2010.31031645378	0.02886590225758614
2012.75484559	0.0273507578448501
2015.19863549792	0.028617746896645025
2017.64168649594	0.02780794152640808
2020.08399890242	0.030093668603915644
2022.5255730356	0.02741609713225586
2024.96640921365	0.028683086184050785
2027.40650775462	0.027873280813806002
2029.84586897649	0.027912407854145928
2032.28449319715	0.02958425175849266
2034.72238073438	0.02780794152640808
2037.15953190591	0.027951630559611345
2039.59594702932	0.029179396905940853
2042.03162642215	0.027990757599943433
2044.46657040182	0.0262666805317317
2046.90077928567	0.030289590800991754
2049.33425339095	0.027794835402867323
2051.76699303481	0.027363863968383015
2054.19899853433	0.030537746161932867
2056.63027020645	0.02872221322438287
2059.06080836809	0.029819396661034187
2061.49061333602	0.02800386372348419
2063.91968542694	0.028317358371831067
2066.34802495747	0.02836959153569607
2068.77563224411	0.02682833054102753
2071.20250760329	0.02842182469956891
2073.62865135136	0.029074930578203005
2076.05406380455	0.029806290537501272
2078.47874527901	0.027167941771306905
2080.9026960908	0.029140174200467595
2083.3259165559	0.02964959104589058
2085.74840699018	0.02780794152640808
2088.17016770944	0.028042990763816278
2090.59119902935	0.0273768744267826
2093.01150126553	0.02852629102730676
2095.43107473348	0.028826679552120718
2097.84991974864	0.028683086184050785
2100.26803662633	0.027990757599943433
2102.68542568178	0.02991085253037245
2105.10208723015	0.025482991743427257
2107.51802158648	0.028774446388247873
2109.93322906574	0.030550852285473624
2112.3477099828	0.028774446388247873
2114.76146465245	0.027690369075129475
2117.17449338937	0.027951630559611345
2119.58679650815	0.025652797358570865
2121.9983743233	0.028500174445374258
2124.40922714924	0.027664252493196973
2126.81935530029	0.027429107590655446
2129.22875909067	0.02802998030541669
2131.63743883452	0.028970368585323987
2134.04539484589	0.027651146369664058
2136.45262743874	0.02770347519867023
2138.85913692692	0.03075978494094932
2141.26492362422	0.030746774482549734
2143.6699878443	0.028905124963059397
2146.07432990076	0.028970368585323987
2148.47795010708	0.02748143641965378
2150.88084877667	0.02800386372348419
2153.28302622285	0.02853939715083968
2155.68448275883	0.027925513977678843
2158.08521869774	0.02780794152640808
2160.48523435261	0.02978017395556877
2162.88453003639	0.02802998030541669
2165.28310606193	0.027363863968383015
2167.68096274199	0.02665852492588392
2170.07810038922	0.028800562970188216
2172.47451931622	0.027389980550315517
2174.87021983546	0.027794835402867323
2177.26520225933	0.028265125207958222
2179.65946690013	0.028918135421458983
2182.05301407006	0.026279690990131284
2184.44584408123	0.024673186373190315
2186.83795724567	0.027860174690273083
2189.22935387531	0.027494446878053365
2191.62003428198	0.02682833054102753
2194.00999877743	0.027585902747391627
2196.39924767329	0.02685444712296003
2198.78778128115	0.02731163080451801
2201.17559991245	0.030002212734577382
2203.56270387857	0.027076485901968643
2205.94909349081	0.026318913695596705
2208.33476906033	0.026867457581359618
2210.71973089824	0.027990757599943433
2213.10397931554	0.02607075833465559
2215.48751462314	0.02813444663315454
2217.87033713186	0.02613609762206135
2220.25244715242	0.025783380268241216
2222.63384499546	0.028487163986974675
2225.01453097151	0.025757263686308714
2227.39450539101	0.027794835402867323
2229.77376856434	0.026449496605274892
2232.15232080173	0.024869108570266425
2234.53016241336	0.02770347519867023
2236.9072937093	0.0243335751429031
2239.28371499954	0.026710758089748925
2241.65942659396	0.02574425322790913
2244.03442880236	0.026619302220410663
2246.40872193443	0.02971493033329634
2248.78230629979	0.026749980795222183
2251.15518220795	0.026083768793055174
2253.52734996835	0.027128719065841488
2255.89880989029	0.025626680776630526
2258.26956228301	0.027402991008715103
2260.63960745567	0.025430758579554413
2263.00894571731	0.028970368585323987
2265.37757737688	0.025600564194698024
2267.74550274324	0.027664252493196973
2270.11272212517	0.02392862462521796
2272.47923583134	0.027194058353239407
2274.84504417031	0.026880563704892533
2277.2101474506	0.026162214203993853
2279.57454598058	0.029505902012687314
2281.93824006856	0.027337747386450513
2284.30123002275	0.0262666805317317
2286.66351615125	0.025861730014046562
2289.02509876208	0.026697747631349338
2291.38597816317	0.02774260223900232
2293.74615466236	0.027598913205791213
2296.10562856737	0.027363863968383015
2298.46440018585	0.024307458560970597
2300.82246982535	0.025691924398902954
2303.1798377933	0.02695891345069788
2305.5365043971	0.026736874671689267
2307.89246994399	0.02652794201621357
2310.24773474116	0.027716485657069818
2312.60229909566	0.0282259025024928
2314.95616331451	0.026358136401069963
2317.30932770456	0.026214447367858856
2319.66179257263	0.02570503052243587
2322.01355822542	0.024111536363894487
2324.36462496953	0.025287069546351147
2326.71499311146	0.027259301975511838
2329.06466295764	0.025887846595979064
2331.41363481439	0.02708959202550156
2333.76190898794	0.02802998030541669
2336.10948578441	0.025469885619894342
2338.45636550986	0.02514338051314004
2340.80254847022	0.026554058598146073
2343.14803497132	0.026554058598146073
2345.49282531895	0.02656706905654566
2347.83691981874	0.02622745782625844
2350.18031877626	0.025809496850173717
2352.52302249699	0.026554058598146073
2354.8650312863	0.02672386421328968
2357.20634544946	0.02731163080451801
2359.54696529166	0.02659318563847816
2361.88689111798	0.02839570811763641
2364.22612323341	0.025025808061869277
2366.56466194287	0.027259301975511838
2368.90250755114	0.02613609762206135
2371.23966036293	0.026488719310740313
2373.57612068286	0.026488719310740313
2375.91188881545	0.027194058353239407
2378.2469650651	0.024581730503852053
2380.58134973615	0.02498668102153719
2382.91504313282	0.025822602973706636
2385.24804555926	0.025678913940503367
2387.58035731949	0.02685444712296003
2389.91197871745	0.025326292251816568
2392.24291005701	0.02574425322790913
2394.57315164189	0.02750755300159412
2396.90270377577	0.025966292006917743
2399.23156676218	0.0243335751429031
2401.55974090461	0.026292797113664203
2403.88722650642	0.02540464199762191
2406.21402387086	0.025365419292156494
2408.54013330113	0.028382601994095653
2410.8655551003	0.02718095222970649
2413.19028957133	0.025038914185402193
2415.51433701713	0.025104157807674624
2417.83769774049	0.028108330051222038
2420.16037204408	0.026710758089748925
2422.48236023051	0.024516391216446293
2424.80366260228	0.02708959202550156
2427.12427946179	0.024673186373190315
2429.44421111134	0.02455561392191171
2431.76345785315	0.026684641507816423
2434.08201998932	0.02377192513360727
2436.39989782188	0.027324641262917598
2438.71709165273	0.024764642242528577
2441.0336017837	0.0262666805317317
2443.34942851653	0.02550910832535976
2445.66457215282	0.026736874671689267
2447.97903299412	0.028513280568907177
2450.29281134185	0.02793852443607843
2452.60590749736	0.02590095271951198
2454.91832176188	0.026776097377154685
2457.23005443656	0.02494745831606393
2459.54110582243	0.02724629151711225
2461.85147622045	0.026345030277537044
2464.16116593146	0.02537852541568941
2466.47017525621	0.02656706905654566
2468.77850449536	0.023275614411717202
2471.08615394947	0.025796486391774134
2473.39312391899	0.025391535874088995
2475.69941470429	0.026318913695596705
2478.00502660562	0.0252087198005458
2480.30995992316	0.02426823585549734
2482.61421495697	0.02550910832535976
2484.91779200702	0.024150759069359904
2487.22069137316	0.02590095271951198
2489.5229133552	0.024346681266436014
2491.8244582528	0.02583561343210622
2494.12532636553	0.026318913695596705
2496.42551799287	0.02459483662738497
2498.72503343421	0.02637114685946955
2501.02387298882	0.02492134173413143
2503.32203695588	0.02643648614687531
2505.61952563449	0.026149108080460934
2507.91633932361	0.0246861968315899
2510.21247832216	0.02646260272880781
2512.50794292891	0.02466008024964956
2514.80273344255	0.027886291272205585
2517.09685016167	0.022805420271767473
2519.39029338476	0.02488211902866601
2521.68306341022	0.02531318612828365
2523.97516053634	0.025496002201826844
2526.26658506132	0.022635614656623865
2528.55733728325	0.024216002691632335
2530.84741750012	0.027520563459993708
2533.13682600984	0.02633201981913746
2535.4255631102	0.026109981040121008
2537.7136290989	0.02540464199762191
2540.00102427354	0.027389980550315517
2542.28774893162	0.02652794201621357
2544.57380337053	0.024842991988326082
2546.85918788758	0.024438041470640947
2549.14390277997	0.024189886109699833
2551.4279483448	0.025770369809841633
2553.71132487906	0.026514835892672815
2555.99403267966	0.025326292251816568
2558.27607204341	0.025809496850173717
2560.55744326699	0.02387639146134512
2562.83814664702	0.02550910832535976
2565.11818247999	0.02400707003615664
2567.3975510623	0.025979302465317326
2569.67625269025	0.023902508043285458
2571.95428766003	0.026932796868765378
2574.23165626776	0.02422910881516525
2576.50835880942	0.022635614656623865
2578.78439558093	0.024973574898004273
2581.05976687806	0.02314493583691352
2583.33447299652	0.02594017542498524
2585.60851423191	0.023654352682336503
2587.88189087972	0.0262666805317317
2590.15460323534	0.025561341489232604
2592.42665159406	0.02305357563270859
2594.69803625108	0.025417652456021497
2596.9687575015	0.024346681266436014
2599.23881564029	0.02583561343210622
2601.50821096235	0.025130370054740454
2603.77694376245	0.02301435292724317
2606.0450143353	0.02488211902866601
2608.31242297548	0.025221730258945387
2610.57916997746	0.02381114783908053
2612.84525563562	0.02387639146134512
2615.11068024426	0.026736874671689267
2617.37544409753	0.023915614166818377
2619.63954748952	0.02698503003263038
2621.90299071421	0.023380080739455047
2624.16577406546	0.023785031257148027
2626.42789783705	0.023915614166818377
2628.68936232264	0.026201341244325937
2630.9501678158	0.025796486391774134
2633.21031460999	0.023915614166818377
2635.46980299857	0.02459483662738497
2637.72863327481	0.023131925378513933
2639.98680573185	0.02383726442101303
2642.24432066276	0.024346681266436014
2644.50117836048	0.026083768793055174
2646.75737911786	0.022139208269600467
2649.01292322765	0.02377192513360727
2651.26781098249	0.023027459050776085
2653.52204267492	0.025626680776630526
2655.77561859738	0.02323639170625178
2658.0285390422	0.025953185883384824
2660.28080430161	0.02533930271021615
2662.53241466774	0.025417652456021497
2664.78337043263	0.024372797848376357
2667.03367188817	0.024777652700928163
2669.2833193262	0.026175224662393436
2671.53231303844	0.026697747631349338
2673.78065331648	0.023118819254981018
2676.02834045184	0.025861730014046562
2678.27537473592	0.02488211902866601
2680.52175646002	0.02540464199762191
2682.76748591535	0.026736874671689267
2685.01256339298	0.027076485901968643
2687.25698918391	0.025091147349275037
2689.50076357901	0.026815224417486773
2691.74388686909	0.024764642242528577
2693.9863593448	0.0236021195184715
2696.22818129672	0.026488719310740313
2698.46935301532	0.025391535874088995
2700.70987479096	0.023471536608793312
2702.94974691389	0.0202323151278377
2705.18896967428	0.02392862462521796
2707.42754336216	0.022726974860828798
2709.66546826749	0.023628236100404
2711.90274468011	0.023001342468843583
2714.13937288974	0.024242119273564837
2716.37535318602	0.022857653435632477
2718.61068585848	0.023353964157522545
2720.84537119652	0.024777652700928163
2723.07940948947	0.023758914675207684
2725.31280102654	0.0202323151278377
2727.54554609682	0.021264159277091094
2729.77764498933	0.021904159032184428
2732.00909799294	0.0246861968315899
2734.23990539644	0.02223066413893873
2736.47006748853	0.020963675087143804
2738.69958455777	0.021878042450251926
2740.92845689263	0.024046197076488727
2743.15668478147	0.021238042695158593
2745.38426851257	0.02340619732139539
2747.61120837406	0.025091147349275037
2749.83750465399	0.021695130711575403
2752.0631576403	0.022413575877615253
2754.28816762083	0.02249192562341276
2756.51253488329	0.020976781210676722
2758.73625971532	0.024438041470640947
2760.95934240442	0.02268784782048887
2763.18178323801	0.021094353661947486
2765.40358250338	0.020650276103930262
2767.62474048773	0.020924548046803878
2769.84525747814	0.02449027463451379
2772.06513376159	0.022178430975065885
2774.28436962496	0.0225180422053531
2776.50296535501	0.022570275369218105
2778.7209212384	0.022152314393133383
2780.93823756168	0.021081247538414567
2783.15491461129	0.021264159277091094
2785.37095267358	0.022335130466676578
2787.58635203477	0.021721247293507905
2789.80111298097	0.022726974860828798
2792.01523579822	0.02268784782048887
2794.2287207724	0.019579209249211447
2796.44156818932	0.02127716973549068
2798.65377833468	0.02051959752911874
2800.86535149404	0.02206085852379512
2803.07628795289	0.02032367533204263
2805.28658799659	0.020375908495915473
2807.4962519104	0.022100081229260538
2809.70527997946	0.020793869472000195
2811.91367248883	0.02006250951270193
2814.12142972342	0.021786586580913665
2816.32855196807	0.01921348143699173
2818.53503950749	0.021120470243879988
2820.74089262628	0.021094353661947486
2822.94611160894	0.019226491895391315
2825.15069673987	0.023197264665919697
2827.35464830333	0.01930493730632999
2829.55796658351	0.021329402899355684
2831.76065186445	0.021198819989685334
2833.96270443012	0.019879597774025405
2836.16412456437	0.02392862462521796
2838.3649125509	0.020558820234591997
2840.56506867336	0.02153843121997255
2842.76459321526	0.02015386971689902
2844.96348645999	0.022113091687660125
2847.16174869086	0.01930493730632999
2849.35938019105	0.022596391951150607
2851.55638124363	0.022086975105727623
2853.75275213157	0.021068237080014984
2855.94849313772	0.020597947274924085
2858.14360454483	0.020597947274924085
2860.33808663553	0.02114658682582033
2862.53193969234	0.021512314638032208
2864.72516399768	0.023980953454224137
2866.91775983385	0.023523769772666157
2869.10972748304	0.024085419781961985
2871.30106722733	0.02301435292724317
2873.4917793487	0.020989791669076305
2875.68186412899	0.024385808306775943
2877.87132184997	0.024934447857664344
2880.06015279325	0.02533930271021615
2882.24835724039	0.025783380268241216
2884.43593547278	0.0232233812478522
2886.62288777173	0.023523769772666157
2888.80921441843	0.026096874916588093
2890.99491569397	0.027598913205791213
2893.1799918793	0.02594017542498524
2895.36444325529	0.025914058843044898
2897.54827010269	0.0243596917248356
2899.73147270213	0.025757263686308714
2901.91405133412	0.026606291762011076
2904.09600627909	0.024777652700928163
2906.27733781731	0.02682833054102753
2908.45804622899	0.024738525660588234
2910.63813179418	0.024908235610598514
2912.81759479286	0.026005419047249827
2914.99643550486	0.028056096887349193
2917.17465420994	0.028121436174754953
2919.3522511877	0.029989202276177795
2921.52922671765	0.027324641262917598
2923.7055810792	0.02912716374206801
2925.88131455162	0.027912407854145928
2928.05642741408	0.02767735861672989
2930.23091994566	0.028983474708864743
2932.40479242528	0.028082213469281695
2934.57804513178	0.02978017395556877
2936.75067834387	0.028800562970188216
2938.92269234017	0.029035707872729747
2941.09408739916	0.029662697169431335
2943.26486379921	0.026880563704892533
2945.4350218186	0.02754668004192621
2947.60456173546	0.027468330296120863
2949.77348382783	0.028787552511788633
2951.94178837363	0.02708959202550156
2954.10947565068	0.02557444761276552
2956.27654593666	0.028121436174754953
2958.44299950915	0.02839570811763641
2960.60883664562	0.02594017542498524
2962.77405762341	0.030785901522881822
2964.93866271975	0.029244736193338772
2967.10265221178	0.028787552511788633
2969.26602637648	0.026619302220410663
2971.42878549076	0.028617746896645025
2973.59092983139	0.02767735861672989
2975.75245967501	0.025065030767342535
2977.9133752982	0.02622745782625844
2980.07367697736	0.026201341244325937
2982.23336498882	0.0246861968315899
2984.39243960877	0.024020080494556225
2986.5509011133	0.02485600244672567
2988.70874977837	0.024777652700928163
2990.86598587984	0.021917169490584015
2993.02260969344	0.02381114783908053
2995.17862149478	0.022726974860828798
2997.33402155938	0.02314493583691352
2999.48881016262	0.022779303689827134
3001.64298757978	0.023066586091108173
3003.796554086	0.02113348070227957
3005.94950995633	0.02008862609463443
3008.10185546569	0.02144697535063429
3010.25359088888	0.021081247538414567
3012.40471650059	0.020558820234591997
3014.5552325754	0.0202323151278377
3016.70513938776	0.022766197566294215
3018.85443721201	0.019331053888262492
3021.00312632236	0.020506587070719156
3023.15120699292	0.021094353661947486
3025.29867949769	0.01882163704283951
3027.44554411052	0.02041513120138089
3029.59180110516	0.020206102880771865
3031.73745075527	0.02054571411105124
3033.88249333434	0.02045435390685415
3036.02692911578	0.02462095320931747
3038.17075837287	0.02288377001756498
3040.31398137877	0.0216690141296429
3042.45659840653	0.021564547801905053
3044.59860972907	0.020075519971101515
3046.7400156192	0.02054571411105124
3048.88081634961	0.019683675576949295
3051.02101219287	0.02091144192327096
3053.16060342144	0.020375908495915473
3055.29959030765	0.017763676311653608
3057.43797312371	0.022400469754074497
3059.57575214172	0.021381636063228526
3061.71292763366	0.02177348045738075
3063.84949987139	0.021042120498082482
3065.98546912665	0.02127716973549068
3068.12083567105	0.022008625359922276
3070.2555997761	0.023785031257148027
3072.38976171319	0.021760469998981163
3074.52332175356	0.021198819989685334
3076.65628016837	0.020010180683695755
3078.78863722863	0.021081247538414567
3080.92039320526	0.018534258976425133
3083.05154836902	0.0190305696983152
3085.1821029906	0.017450181663306735
3087.31205734051	0.017228142884298123
3089.44141168921	0.017750570188120693
3091.57016630696	0.015608532143816396
3093.69832146398	0.015621542602215982
3095.82587743032	0.016979987523349168
3097.9528344759	0.015451736987072372
3100.07919287056	0.016379114808587922
3102.204952884	0.015321154077402024
3104.33011478579	0.015778337758960006
3106.45467884538	0.013975815279801754
3108.57864533212	0.01635299822665542
3110.70201451522	0.017254259466230625
3112.82478666378	0.016091736742173547
3114.94696204676	0.016731832162408054
3117.06854093301	0.015295037495469522
3119.18952359127	0.013714553795327723
3121.30991029013	0.014223970640750707
3123.4297012981	0.01392358211593675
3125.54889688352	0.013257465778903072
3127.66749731464	0.013453387975979182
3129.78550285957	0.013871348952063906
3131.90291378633	0.012891737966683353
3134.01973036277	0.012029699432581406
3136.13595285665	0.013766882624326057
3138.2515815356	0.012983193836021615
3140.36661666714	0.013061543581826962
3142.48105851863	0.011716204784226691
3144.59490735734	0.011246010644276966
3146.70816345041	0.013257465778903072
3148.82082706486	0.01310067062215905
3150.93289846758	0.011128438192998361
3153.04437792532	0.011402710135879818
3155.15526570475	0.01283950480281835
3157.26556207238	0.013257465778903072
3159.37526729461	0.01214717621871884
3161.48438163771	0.013401154812114178
3163.59290536784	0.012800282097345092
3165.70083875102	0.010984749159795094
3167.80818205315	0.012669699187674742
3169.91493554002	0.01359707700919029
3172.02109947727	0.011089215487532942
3174.12667413044	0.012591349441869395
3176.23165976493	0.010514555019837528
3178.33605664602	0.010749604257245726
3180.43986503887	0.012943971130556198
3182.54308520852	0.0118860103993703
3184.64571741986	0.009234459844509687
3186.74776193769	0.011899020857769886
3188.84921902664	0.010592904765642874
3190.95008895128	0.0118860103993703
3193.05037197599	0.012630476482209323
3195.15006836504	0.013583970885649532
3197.24917838262	0.010906399413989748
3199.34770229274	0.009547954492856562
3201.44564035931	0.012630476482209323
3203.5429928461	0.013871348952063906
3205.63976001677	0.013388048688573422
3207.73594213484	0.01110232161106586
3209.83153946372	0.010201060371490654
3211.92655226669	0.011350476972014814
3214.02098080688	0.010214070829890239
3216.11482534732	0.012003582850641065
3218.20808615091	0.011520282587150581
3220.30076348041	0.010409993026966349
3222.39285759847	0.013192126491497312
3224.4843687676	0.01169008820229419
3226.57529725019	0.011807660653564953
3228.66564330851	0.010083487920219888
3230.75540720468	0.010370865986634262
3232.8445892007	0.009639410362194824
3234.93318955847	0.009312905255448364
3237.02120853974	0.01106309890560044
3239.10864640612	0.00843776059780566
3241.19550341911	0.011154554774938702
3243.28177984009	0.008868827697423299
3245.36747593029	0.010814943544651486
3247.45259195083	0.011246010644276966
3249.53712816268	0.008476983303271079
3251.62108482672	0.0091953328041776
3253.70446220366	0.007954460334315178
3255.78726055411	0.011755331824566619
3257.86948013853	0.010619021347575376
3259.95112121728	0.009038537647433577
3262.03218405055	0.008777371828085037
3264.11266889845	0.00896018790162823
3266.19257602092	0.0073536832846872605
3268.27190567779	0.008281061106194969
3270.35065812876	0.009051643770966494
3272.4288336334	0.008385527433932815
3274.50643245114	0.00485892788656283
3276.5834548413	0.009965915468941284
3278.65990106305	0.007079315676672473
3280.73577137545	0.009378148877712954
3282.81106603742	0.00771941109690698
3284.88578530774	0.008777371828085037
3286.95992944508	0.007863004464976914
3289.03349870796	0.007183877669543652
3291.1064933548	0.0062695103064355304
3293.17891364384	0.008346304728467398
3295.25075983324	0.007484266194357611
3297.322032181	0.0068572768976638615
3299.39273094501	0.006543877914450318
3301.462856383	0.006556888372849903
3303.53240875259	0.007575722063695873
3305.60138831128	0.006778927151858515
3307.6697953164	0.005394461313926157
3309.73763002519	0.006648344242188166
3311.80489269472	0.00696183889053504
3313.87158358198	0.007784654719171569
3315.93770294378	0.007627955227568717
3318.00325103681	0.005002616919773937
3320.06822811764	0.008646693253281356
3322.13263444272	0.005681743715207199
3324.19647026832	0.007118538382137891
3326.25973585064	0.00975698281346559
3328.32243144568	0.008072032785585942
3330.38455730938	0.006452422045112055
3332.44611369749	0.0066613547005877505
3334.50710086564	0.006191160560630184
3336.56751906936	0.006517761332509976
3338.62736856401	0.007627955227568717
3340.68664960483	0.00824183840072955
3342.74536244693	0.008607566212949268
3344.80350734528	0.007654071809501219
3346.86108455472	0.0069357223086025386
3348.91809432997	0.006295626888368032
3350.97453692559	0.006374072299306709
3353.03041259603	0.007693294514966637
3355.08572159559	0.00830717768813531
3357.14046417844	0.006752810569926013
3359.19464059863	0.005995238363554074
3361.24825111005	0.005538150347129424
3363.30129596648	0.00594300519968123
3365.35377542155	0.004310288335674427
3367.40568972878	0.0051724225349175455
3369.45703914152	0.005969121781621572
3371.507823913	0.006596111078315321
3373.55804429633	0.005590383511002268
3375.60770054446	0.006870383021196778
3377.65679291024	0.005381355190393241
3379.70532164635	0.005107083247511785
3381.75328700534	0.005211549575249633
3383.80068923965	0.005250772280715051
3385.84752860155	0.006152033520298097
3387.89380534321	0.0045976664020888
3389.93951971664	0.006543877914450318
3391.98467197371	0.004440966910478108
3394.02926236618	0.0036180554167082484
3396.07329114566	0.006191160560630184
3398.1167585636	0.005394461313926157
3400.15966487137	0.005028733501706439
3402.20201032014	0.002063783963632282
3404.24379516099	0.005472811059731504
3406.28501964484	0.0040882495566579745
3408.3256840225	0.003774850573444431
3410.3657885446	0.0026254339729281113
3412.40533346167	0.0034743663834971416
3414.44431902408	0.005995238363554074
3416.48274548209	0.0036833947041061683
3418.5206130858	0.004806694722697826
3420.55792208516	0.004623782984021302
3422.59467273003	0.003905433483122621
3424.63086527009	0.0014106780849981906
3426.6664999549	0.004845821763029914
3428.70157703386	0.0034874725070300583
3430.73609675628	0.003827083737317275
3432.77005937129	0.00613892739675734
3434.80346512789	0.0037356278679790125
3436.83631427494	0.0039707727705205415
3438.86860706119	0.00249475539811659
3440.90034373521	0.004036016392792971
3442.93152454546	0.0042841717537340845
3444.96214974025	0.0041666949675966515
3446.99221956775	0.004036016392792971
3449.021734276	0.0048719383449624155
3451.05069411289	0.0028082500464634646
3453.07909932619	0.00216825029137013
3455.1069501635	0.0025078615216495067
3457.1342468723	0.0035789283763683205
3459.16098969993	0.0024817449397170044
3461.1871788936	0.0027690273409980465
3463.21281470035	0.0016719395694800615
3465.23789736712	0.001502133954336453
3467.26242714067	0.002246600037175476
3469.28640426765	0.00134533879759243
3471.30982899455	0.0009012612395752056
3473.33270156774	0.0016849500278796469
3475.35502223343	0.002429511775852001
3477.3767912377	0.0017632997736849929
3479.39800882649	0.0013192222156599282
3481.41867524559	0.002390289070378742
3483.43879074066	0.0022074729968355484
3485.45835555721	0.0018678617665561718
3487.47736994062	0.002756016882598461
3489.49583413611	0.0002220387790086122
3491.51374838879	0.0032784441864210315
3493.53111294359	0.0016197064056072174
3495.54792804533	0.0
3497.56419393867	0.001123300018583818
3499.57991086814	0.001606600282074301
