1000.07700129088	0.0033055687351081545
1002.83416209528	0.0049621481493113745
1005.59045264208	0.0003782304157276114
1008.34587328813	0.0013842778918177366
1011.10042439014	0.0021104337522240917
1013.85410630472	0.0
1016.60691938837	0.004697436720228718
1019.35886399746	0.003479586859584993
1022.10994048823	0.006467424316797419
1024.86014921684	0.007201170270502061
1027.60949053928	0.006543103641225875
1030.35796481149	0.002980358168189073
1033.10557238924	0.003857761873177408
1035.85231362819	0.003154320890526175
1038.5981888839	0.0013389035384426887
1041.34319851182	0.005484091718462416
1044.08734286727	0.003729173504210814
1046.83062230544	0.0022238973367293097
1049.57303718143	0.008086219470923878
1052.31458785021	0.004357045966713064
1055.05527466665	0.009122516515932216
1057.79509798549	0.005219324887240023
1060.53405816134	0.00992429629862729
1063.27215554874	0.011028682574761257
1066.00939050209	0.008040789715409093
1068.74576337565	0.011202645297098359
1071.48127452361	0.0107790405279957
1074.21592430002	0.008857749684705282
1076.94971305882	0.010658042252331931
1079.68264115384	0.011210235390396645
1082.41470893879	0.012458334819954042
1085.14591676728	0.010582418330038671
1087.8762649928	0.009364568469399486
1090.60575396871	0.01108164702143459
1093.33438404827	0.011785088004081283
1096.06215558464	0.013328203833783827
1098.78906893086	0.01419807284760907
1101.51512443981	0.019084597074631726
1104.24032246435	0.016300971908674612
1106.96466335716	0.016157258755255723
1109.68814747081	0.014682232156687892
1112.41077515779	0.018608027858855732
1115.13254677044	0.020998353226763595
1117.85346266104	0.020816800411128208
1120.57352318169	0.018494564274350516
1123.29272868445	0.016611113093276595
1126.01107952121	0.018388690783143584
1128.72857604378	0.020884889642258375
1131.44521860385	0.02235991624082621
1134.16100755301	0.021981685825094056
1136.87594324271	0.02383494283939404
1139.59002602433	0.022132989071815774
1142.3032562491	0.025809198129357794
1145.01563426818	0.024288797177414913
1147.72716043257	0.025710859329309412
1150.43783509322	0.02814655905059232
1153.14765860091	0.029447622926823052
1155.85663130634	0.02624792768291729
1158.56475356012	0.0244703499930503
1161.27202571271	0.02676987125207287
1163.97844811448	0.026202553329546782
1166.68402111569	0.026958958758866808
1169.38874506649	0.025136006715624774
1172.09262031694	0.028343236650684545
1174.79564721695	0.028494484495266526
1177.49782611635	0.028744126542032084
1180.19915736486	0.03248842483070427
1182.89964131208	0.03052170423190361
1185.59927830751	0.030597383556332066
1188.29806870054	0.029825797940410927
1190.99601284046	0.03425846782941725
1193.69311107643	0.03577133409019704
1196.38936375753	0.03496949890536223
1199.08477123271	0.035029998043194115
1201.77933385082	0.03528717478112276
1204.47305196061	0.03588479767470226
1207.1659259107	0.03660336344181033
1209.85795604964	0.03912981186983879
1212.54914272585	0.03857008404061553
1215.23948628763	0.04114949691531733
1217.92898708319	0.04036278651493935
1220.61764546064	0.04758667166320108
1223.30546176798	0.040748551621830054
1225.99243635308	0.045340059448712104
1228.67856956373	0.04338092894320519
1231.36386174761	0.046020840955743415
1234.04831325228	0.04300269852747758
1236.73192442522	0.04331283971207502
1239.41469561377	0.04541573877314056
1242.09662716519	0.044553404450473864
1244.77771942662	0.047647170801032965
1247.45797274511	0.04685292570949644
1250.13738746759	0.04357760654330196
1252.81596394089	0.046671372893856505
1255.49370251175	0.04670921255607301
1258.17060352676	0.05154277233642233
1260.84666733246	0.0492054114151878
1263.52189427525	0.048282577954689224
1266.19628470144	0.049220536199644636
1268.86983895722	0.04726140569414226
1271.5425573887	0.05427343305570611
1274.21444034186	0.05047617032036058
1276.8854881626	0.05185285811888457
1279.55570119671	0.053781739055473274
1282.22507978985	0.04820689863025623
1284.89362428759	0.05628552800788636
1287.56133503543	0.05574845965427394
1290.22821237872	0.05876660208254431
1292.89425666274	0.05770759015978086
1295.55946823263	0.05848671046686055
1298.22384743346	0.05997686184988521
1300.88739461019	0.05702680865274955
1303.55011010766	0.06004495108101538
1306.21199427063	0.05899352925155475
1308.87304744373	0.062336937648879404
1311.53326997152	0.06044584097236292
1314.19266219843	0.06178474451081015
1316.8512244688	0.06330514546275302
1319.50895712687	0.060559304556868136
1322.16586051676	0.0680101168741403
1324.82193498252	0.06094506966375884
1327.47718086806	0.06235206243333624
1330.1315985172	0.06742767416715283
1332.78518827369	0.06748058321168643
1335.43795048114	0.06561225681506934
1338.08988548307	0.06949267816386669
1340.74099362289	0.07068781314675074
1343.39127524392	0.06860768436558005
1346.04073068939	0.07185275396285633
1348.6893603024	0.06773022525845653
1351.33716442597	0.06866818350341194
1353.98414340301	0.07019617454865311
1356.63029757632	0.06804036644305397
1359.27562728863	0.06589968312191166
1361.92013288252	0.07147452354712872
1364.56381470053	0.0678815285051737
1367.20667308505	0.06809327548758756
1369.84870837838	0.06988603336405566
1372.48992092274	0.06545336347504935
1375.13031106023	0.06435656729221366
1377.76987913284	0.06602827149087825
1380.40862548251	0.06369091056963919
1383.04655045101	0.06403889141645767
1385.68365438006	0.06864546862565682
1388.31993761126	0.06504493889254326
1390.95540048612	0.06738983450494088
1393.59004334605	0.06639891181330758
1396.22386653233	0.06792690285854876
1398.85687038619	0.07053656530216876
1401.48905524873	0.07121734680920007
1404.12042146094	0.07216283974531858
1406.75096936375	0.06860768436558005
1409.38069929796	0.06858496948782494
1412.00961160428	0.07030204803986004
1414.63770662332	0.07506751858907919
1417.26498469557	0.07329747559037075
1419.89144616146	0.07151989790049923
1422.51709136132	0.07145180866936905
1425.14192063532	0.07555162249601373
1427.76593432361	0.07482546663561192
1430.3891327662	0.07309326329911545
1433.01151630299	0.07381188446836325
1435.63308527382	0.07659550963432035
1438.2538400184	0.07951531326253782
1440.87378087637	0.07792682307946476
1443.49290818722	0.08299484471998761
1446.1112222904	0.08020362946072766
1448.72872352524	0.08182995930601722
1451.34541223097	0.07797219743283981
1453.96128874671	0.07829746340189862
1456.5763534115	0.0780629461395899
1459.19060656429	0.0792807960002291
1461.8040485439	0.07912195806234883
1464.41667968907	0.0827527927665158
1467.02850033846	0.07898577960008848
1469.63951083061	0.081716495721512
1472.24971150397	0.08391767818048619
1474.8591026969	0.084242944149545
1477.46768474763	0.08486322651874442
1480.07545799434	0.08195854767497927
1482.68242277508	0.08230652852179775
1485.28857942782	0.08528683128784709
1487.89392829042	0.08283600678210734
1490.49846970065	0.0800372568316934
1493.10220399619	0.07973465033824996
1495.70513151461	0.08314614796670479
1498.30725259339	0.08033980792299254
1500.90856756992	0.08623991431726388
1503.50907678146	0.08535492051897725
1506.10878056524	0.08601298714825344
1508.70767925832	0.0853624552101358
1511.30577319772	0.08736696006901777
1513.90306272032	0.08559697247244907
1516.49954816295	0.0833881999201766
1519.09522986229	0.08877395283859517
1521.69010815498	0.08732158571564272
1524.28418337751	0.08828979352951635
1526.87745586632	0.08832763319173285
1529.46992595773	0.09091463615973293
1532.06159398796	0.09046831651287061
1534.65246029316	0.09146677389566245
1537.24252520935	0.0920189670337317
1539.83178907249	0.09503710946199755
1542.42025221841	0.0968827763829947
1545.00791498287	0.0953548407398978
1547.59477770152	0.09670881366065759
1550.18084070993	0.0960658718158428
1552.76610434356	0.10168608659443035
1555.35056893777	0.10244249202375037
1557.93423482785	0.10611875648343214
1560.51710234896	0.10397048306899154
1563.0991718362	0.10133057105645786
1565.68044362457	0.10969662674092577
1568.26091804893	0.10651964637477966
1570.84059544411	0.10985546467880604
1573.41947614481	0.11276014352256665
1575.99756048562	0.1104908718324623
1578.57484880108	0.11330474656733762
1581.15134142559	0.11195077364657328
1583.72703869349	0.1169734209337211
1586.301940939	0.12161030311397365
1588.87604849628	0.12807013733747277
1591.44936169934	0.12815335135306433
1594.02188088215	0.1324347179953444
1596.59360637855	0.1290761848135629
1599.16453852232	0.12738182113928292
1601.73467764709	0.1306797997810928
1604.30402408647	0.13111093924135855
1606.87257817391	0.1231534189436762
1609.44034024281	0.12386445001962117
1612.00731062644	0.12210953180536957
1614.57348965801	0.11631529890230517
1617.13887767062	0.11540005553510488
1619.70347499726	0.11272989395365297
1622.26728197086	0.11418220567446115
1624.83029892423	0.11042278260133212
1627.39252619012	0.1114742044307973
1629.95396410112	0.11223060986011732
1632.5146129898	0.1103093190168269
1635.07447318858	0.11347117459851618
1637.63354502984	0.11160279279975935
1640.19182884582	0.10866032969592197
1642.74932496868	0.10865273960262369
1645.3060337305	0.10798708288004921
1647.86195546325	0.10853174132695992
1650.41709049882	0.10779799537325528
1652.971439169	0.10839556286469504
1655.52500180548	0.10677682311270832
1658.07777873987	0.10670873388157814
1660.62977030368	0.10521858249854894
1663.18097682833	0.11270717907589331
1665.73139864514	0.10628512911247094
1668.28103608534	0.10727605180410424
1670.82988948008	0.10622462997463906
1673.37795916039	0.11014289098564835
1675.92524545724	0.10676923301941003
1678.47174870147	0.10691300157496865
1681.01746922386	0.10939402024748687
1683.56240735508	0.10739710548190774
1686.10656342572	0.1034485394998405
1688.64993776626	0.10850902644920025
1691.19253070709	0.10564218726765613
1693.73434257853	0.10956044827866543
1696.27537371078	0.1047268884983161
1698.81562443395	0.10549088402093441
1701.35509507809	0.1049084413139515
1703.89378597311	0.10732901625077756
1706.43169744886	0.11020344552561998
1708.96882983509	0.101943263332359
1711.50518346144	0.10646668192810634
1714.0407586575	0.11318374829167385
1716.57555575272	0.11052865609253905
1719.10957507649	0.11082367249267966
1721.64281695809	0.106489396805866
1724.17528172671	0.10815351091122777
1726.70696971146	0.1102714793546104
1729.23788124135	0.11568748184194719
1731.7680166453	0.11344092502959796
1734.29737625213	0.11300973016719701
1736.82596039057	0.11046062226354862
1739.35376938927	0.11372081664528173
1741.88080357677	0.11216257603112689
1744.40706328154	0.11532443161281615
1746.93254883193	0.11223060986011732
1749.45726055623	0.11514287879717623
1751.9811987826	0.11243487755351238
1754.50436383915	0.1126315551536046
1757.02675605387	0.11407633218325876
1759.54837575466	0.11673136898024927
1762.06922326934	0.11540759022626343
1764.58929892564	0.11834251863894225
1767.10860305118	0.11380397525873354
1769.6271359735	0.11497645076599768
1772.14489802005	0.11749536450287212
1774.66188951817	0.10993867869439758
1777.17811079515	0.1170187952870916
1779.69356217815	0.11979488576189017
1782.20824399425	0.11031690911012519
1784.72215657043	0.11699608040933647
1787.23530023361	0.11519584324384956
1789.74767531057	0.1160203379043043
1792.25928212804	0.11369810176752661
1794.77012101264	0.11571019671970231
1797.2801922909	0.11504453999713239
1799.78949628926	0.11457556087465014
1802.29803333406	0.1185165367634191
1804.80580375158	0.12035461359111796
1807.31280786797	0.11884180273247791
1809.81904600929	0.11869803417691474
1812.32451850154	0.11717763322497186
1814.82922567061	0.11904601502372868
1817.33316784231	0.11265421462921998
1819.83634534233	0.1203243640222043
1822.33875849629	0.11288114179823042
1824.84040762973	0.11578582064199558
1827.34129306808	0.11608083704213618
1829.84141513667	0.11560426782635565
1832.34077416077	0.11678433342692261
1834.83937046553	0.1136602621053101
1837.33720437602	0.1155513587818266
1839.83427621723	0.11590687431979908
1842.33058631404	0.11801725266988343
1844.82613499125	0.11546055467293675
1847.32092257355	0.11463606001248203
1849.81494938558	0.12043029291555096
1852.30821575184	0.11394774381429217
1854.80072199677	0.11591440901095763
1857.29246844473	0.11741968517843913
1859.78345541994	0.11636072865781995
1862.27368324658	0.11590687431979908
1864.76315224871	0.1173213463783953
1867.2518627503	0.11914435382377707
1869.73981507524	0.11795675353205155
1872.22700954733	0.12062691511350344
1874.71344649027	0.11942424543946084
1877.19912622768	0.1144772220746063
1879.68404908308	0.12231374409662488
1882.16821537988	0.12207169214315307
1884.65162544145	0.12501421064913018
1887.13427959102	0.12043029291555096
1889.61617815175	0.11862241025462603
1892.0973214467	0.12046807717562318
1894.57770979887	0.12074796879130695
1897.05734353113	0.12170105182072374
1899.53622296628	0.12159517832951681
1902.014348427	0.12137578585166492
1904.49172023593	0.12042270282224814
1906.96833871558	0.12017306077548258
1909.44420418839	0.1204075780377913
1911.91931697668	0.12173889148294025
1914.39367740272	0.1216480873740504
1916.86728578865	0.12085384228251388
1919.34014245654	0.11982513533080837
1921.81224772838	0.12167080225180553
1924.28360192604	0.12049832674454139
1926.75420537132	0.12236670854329822
1929.22405838593	0.12467381989561453
1931.69316129147	0.12223812017433162
1934.16151440948	0.12388710949523656
1936.62911806136	0.11810805677877327
1939.09597256848	0.12203390788308084
1941.56207825207	0.12359214849723568
1944.0274354333	0.12198847812756607
1946.49204443322	0.12490828175578352
1948.95590557284	0.12338034611268663
1951.41901917301	0.12456789100226787
1953.88138555454	0.1224575126521835
1956.34300503813	0.12361480797285561
1958.8038779444	0.12639089844765417
1961.26400459387	0.12323657755712346
1963.72338530697	0.12235158375883684
1966.18202040403	0.12143634039163655
1968.63991020531	0.12515033370925532
1971.09705503097	0.11909897947040202
1973.55345520107	0.12540756584931917
1976.0091110356	0.12559665335611764
1978.46402285444	0.12657245126328956
1980.91819097737	0.12639843313881272
1983.3716157241	0.1329566061623557
1985.82429741427	0.126723699107867
1988.27623636736	0.1286904197066722
1990.72743290284	0.1314513299948742
1993.17788734002	0.13136058128812408
1995.62759999817	0.12935602102710694
1998.07657119644	0.12927291781579942
2000.5248012539	0.12712464440135882
2002.97229048952	0.1299007348761574
2005.41903922219	0.1310883351678829
2007.86504777071	0.13314574907129392
2010.31031645378	0.13543020094799485
2012.75484559	0.13125465239477743
2015.19863549792	0.13367528273374324
2017.64168649594	0.13785072048268118
2020.08399890242	0.13160268864373564
2022.5255730356	0.13097487158337767
2024.96640921365	0.1332743928423957
2027.40650775462	0.13241200311758927
2029.84586897649	0.13173875630171653
2032.28449319715	0.13411395688516753
2034.72238073438	0.13373578187157512
2037.15953190591	0.12974937622729593
2039.59594702932	0.12856183133771015
2042.03162642215	0.12828952981532465
2044.46657040182	0.13313821438013537
2046.90077928567	0.1343258146718609
2049.33425339095	0.13056633619658758
2051.76699303481	0.13604283782175625
2054.19899853433	0.13054362131883246
2056.63027020645	0.13466620542537652
2059.06080836809	0.1307327642277661
2061.49061333602	0.13456781122318842
2063.91968542694	0.13373578187157512
2066.34802495747	0.13298685573127392
2068.77563224411	0.13415938664068233
2071.20250760329	0.1353545216235664
2073.62865135136	0.1320262934128383
2076.05406380455	0.13314574907129392
2078.47874527901	0.13591430485493392
2080.9026960908	0.13316846394904902
2083.3259165559	0.13653458722413336
2085.74840699018	0.13567219749932238
2088.17016770944	0.13475695413212208
2090.59119902935	0.13338785642690093
2093.01150126553	0.13623951542184848
2095.43107473348	0.13936353134132123
2097.84991974864	0.13707919026889978
2100.26803662633	0.14030913508171922
2102.68542568178	0.13669336975986934
2105.10208723015	0.14099745127990906
2107.51802158648	0.13969638740367835
2109.93322906574	0.13816086166727862
2112.3477099828	0.14125462801783772
2114.76146465245	0.14120166357116437
2117.17449338937	0.13635297900635368
2119.58679650815	0.14175391211137336
2121.9983743233	0.13814568148068204
2124.40922714924	0.1419656590937827
2126.81935530029	0.13841050371404873
2129.22875909067	0.14351636501678353
2131.63743883452	0.1386752151431314
2134.04539484589	0.14189762526479227
2136.45262743874	0.14279015375423743
2138.85913692692	0.1456645276269401
2141.26492362422	0.1434634005701102
2143.6699878443	0.14045284823514265
2146.07432990076	0.1412394478312366
2148.47795010708	0.14075534392430206
2150.88084877667	0.14432567949063715
2153.28302622285	0.13984010055710178
2155.68448275883	0.1448400329664899
2158.08521869774	0.14713955422550792
2160.48523435261	0.14201862354045602
2162.88453003639	0.14674630982960296
2165.28310606193	0.14255569189406844
2167.68096274199	0.14686730810526671
2170.07810038922	0.14816837198149746
2172.47451931622	0.14780526635022215
2174.87021983546	0.14541499638445401
2177.26520225933	0.14406096806154994
2179.65946690013	0.14490817759975982
2182.05301407006	0.1445298917818879
2184.44584408123	0.14483249827533135
2186.83795724567	0.1501198569915618
2189.22935387531	0.14695052212085374
2191.62003428198	0.14750265985678326
2194.00999877743	0.14979464642464274
2196.39924767329	0.14809269265706446
2198.78778128115	0.14451482239957084
2201.17559991245	0.14651173716514995
2203.56270387857	0.14578563670688788
2205.94909349081	0.14579317139804643
2208.33476906033	0.15092174757853635
2210.71973089824	0.15036949903832736
2213.10397931554	0.14837258427274824
2215.48751462314	0.14850111723957055
2217.87033713186	0.14715473441210905
2220.25244715242	0.1460881323960473
2222.63384499546	0.1517689571167462
2225.01453097151	0.1474043764588746
2227.39450539101	0.14822887111932934
2229.77376856434	0.15350869514440124
2232.15232080173	0.15143610105438912
2234.53016241336	0.15133017216104244
2236.9072937093	0.1503241800870966
2239.28371499954	0.15147388531446587
2241.65942659396	0.14754808961229804
2244.03442880236	0.14864483039299398
2246.40872193443	0.14627727530498097
2248.78230629979	0.14875075928634066
2251.15518220795	0.1474043764588746
2253.52734996835	0.14649666778283285
2255.89880989029	0.14689002298302184
2258.26956228301	0.14788094567465515
2260.63960745567	0.14477199913749947
2263.00894571731	0.1462318455494662
2265.37757737688	0.14647395290507773
2267.74550274324	0.1478430506102989
2270.11272212517	0.14636048932057252
2272.47923583134	0.14878100885525433
2274.84504417031	0.14400046892371807
2277.2101474506	0.14761612344128847
2279.57454598058	0.14670841476524674
2281.93824006856	0.14794144481248703
2284.30123002275	0.14738919627227803
2286.66351615125	0.14471903469082614
2289.02509876208	0.1492197938109581
2291.38597816317	0.1489171873175192
2293.74615466236	0.14819862155041114
2296.10562856737	0.14892472200867773
2298.46440018585	0.15054346176066447
2300.82246982535	0.14284311820091078
2303.1798377933	0.14822133642817079
2305.5365043971	0.15073260466960267
2307.89246994399	0.14829690494831976
2310.24773474116	0.1505208576871888
2312.60229909566	0.1489399021952743
2314.95616331451	0.14764637301020214
2317.30932770456	0.15089149800962268
2319.66179257263	0.14672359495184328
2322.01355822542	0.1508460682541079
2324.36462496953	0.15107299542311833
2326.71499311146	0.15170834717463486
2329.06466295764	0.14866001057959055
2331.41363481439	0.15115620943870534
2333.76190898794	0.15129238790097022
2336.10948578441	0.15176131162130818
2338.45636550986	0.14777501678130847
2340.80254847022	0.15130745728328732
2343.14803497132	0.15013503717815838
2345.49282531895	0.1495222895001175
2347.83691981874	0.14977946623804617
2350.18031877626	0.1498173613024024
2352.52302249699	0.14670088007408819
2354.8650312863	0.1508309988717908
2357.20634544946	0.14924250868871775
2359.54696529166	0.14931807720886672
2361.88689111798	0.1513983167943169
2364.22612323341	0.14906843516209664
2366.56466194287	0.15275987980837952
2368.90250755114	0.14757833918121172
2371.23966036293	0.1491743640554433
2373.57612068286	0.1489171873175192
2375.91188881545	0.14713955422550792
2378.2469650651	0.1494390754845305
2380.58134973615	0.15302459123746218
2382.91504313282	0.15044517836276036
2385.24804555926	0.1504981428094337
2387.58035731949	0.151178924316465
2389.91197871745	0.1501652867470766
2392.24291005701	0.1488264386107691
2394.57315164189	0.1466630958140114
2396.90270377577	0.1459141696737102
2399.23156676218	0.14694287662541572
2401.55974090461	0.14897015176419254
2403.88722650642	0.15082335337634825
2406.21402387086	0.1555737545432503
2408.54013330113	0.1494390754845305
2410.8655551003	0.153864155280234
2413.19028957133	0.14870544033510533
2415.51433701713	0.14772205233463515
2417.83769774049	0.14677655939851664
2420.16037204408	0.1515873488989711
2422.48236023051	0.14924250868871775
2424.80366260228	0.15344066131541081
2427.12427946179	0.1515268497611392
2429.44421111134	0.15155709933005287
2431.76345785315	0.1542424410981059
2434.08201998932	0.15480222432947344
2436.39989782188	0.15147388531446587
2438.71709165273	0.14938622184213665
2441.0336017837	0.1549232226051372
2443.34942851653	0.15434836999145254
2445.66457215282	0.15275223431293694
2447.97903299412	0.15586871554125117
2450.29281134185	0.15061914108509747
2452.60590749736	0.15654196235712392
2454.91832176188	0.15154956463889432
2457.23005443656	0.15155709933005287
2459.54110582243	0.15272198474402326
2461.85147622045	0.15659492680379725
2464.16116593146	0.14976439685572907
2466.47017525621	0.15006700334916795
2468.77850449536	0.15214713213033865
2471.08615394947	0.15395501479126358
2473.39312391899	0.15226059571484385
2475.69941470429	0.1502485007626636
2478.00502660562	0.14984007618015752
2480.30995992316	0.151103244992032
2482.61421495697	0.15279766406845172
2484.91779200702	0.14762365813244702
2487.22069137316	0.1518597058234963
2489.5229133552	0.15160252908556768
2491.8244582528	0.1519202049613282
2494.12532636553	0.15357672897339167
2496.42551799287	0.15841034415588073
2498.72503343421	0.1568521035417259
2501.02387298882	0.1535843744688297
2503.32203695588	0.1529035929617984
2505.61952563449	0.15144363574554767
2507.91633932361	0.15350869514440124
2510.21247832216	0.15224541552824275
2512.50794292891	0.15272951943518182
2514.80273344255	0.1557930362168227
2517.09685016167	0.15428776004933667
2519.39029338476	0.153864155280234
2521.68306341022	0.15361462403774792
2523.97516053634	0.16212439287563926
2526.26658506132	0.15729077769314567
2528.55733728325	0.15399279905133578
2530.84741750012	0.1526464162238743
2533.13682600984	0.15285062851512507
2535.4255631102	0.1575479544310743
2537.7136290989	0.16016526237013234
2540.00102427354	0.1576160990643442
2542.28774893162	0.15480222432947344
2544.57380337053	0.1568066737862111
2546.85918788758	0.16048293824589288
2549.14390277997	0.16106532555073605
2551.4279483448	0.15713199515740967
2553.71132487906	0.1570865654018949
2555.99403267966	0.1559519295568427
2558.27607204341	0.1596962278455149
2560.55744326699	0.15549807521882184
2562.83814664702	0.1584708432937126
2565.11818247999	0.16091407770615407
2567.3975510623	0.15757066930882943
2569.67625269025	0.15623935586368504
2571.95428766003	0.15899273146072393
2574.23165626776	0.15682185397280768
2576.50835880942	0.15695038693963
2578.78439558093	0.15755559992651233
2581.05976687806	0.16114853956632308
2583.33447299652	0.15560400411216851
2585.60851423191	0.16013501280121867
2587.88189087972	0.16012736730577612
2590.15460323534	0.16027108045919955
2592.42665159406	0.16041479361261843
2594.69803625108	0.1589549472006517
2596.9687575015	0.1606341860904703
2599.23881564029	0.16058122164379698
2601.50821096235	0.16268406530272278
2603.77694376245	0.1595373345054949
2606.0450143353	0.15971894272327003
2608.31242297548	0.1579413096312633
2610.57916997746	0.15959794444760625
2612.84525563562	0.15782784604675806
2615.11068024426	0.16602747370004745
2617.37544409753	0.16090654301499555
2619.63954748952	0.16375066731878454
2621.90299071421	0.16084604387716364
2624.16577406546	0.1630926006895129
2626.42789783705	0.16255553233590048
2628.68936232264	0.1624496034425538
2630.9501678158	0.16484751890376448
2633.21031460999	0.16184450125995548
2635.46980299857	0.16712432528502738
2637.72863327481	0.16502901631726014
2639.98680573185	0.16287320821166099
2642.24432066276	0.16356916990528889
2644.50117836048	0.17324382415715062
2646.75737911786	0.16327409810300852
2649.01292322765	0.1716099042185628
2651.26781098249	0.16939359697513176
2653.52204267492	0.1731303605726454
2655.77561859738	0.17660230193679236
2658.0285390422	0.1721847568322474
2660.28080430161	0.17820597230646198
2662.53241466774	0.17672330021245614
2664.78337043263	0.17885650424457963
2667.03367188817	0.18526331861926115
2669.2833193262	0.18598952988180723
2671.53231303844	0.19030868078416407
2673.78065331648	0.191798887569333
2676.02834045184	0.19976405336245337
2678.27537473592	0.19551293628908697
2680.52175646002	0.19462029699536235
2682.76748591535	0.19674585553204782
2685.01256339298	0.19921933951340295
2687.25698918391	0.1949001886110461
2689.50076357901	0.19402272950392258
2691.74388686909	0.19167788929366925
2693.9863593448	0.19241916993853242
2696.22818129672	0.18749480604929328
2698.46935301532	0.18452203797439795
2700.70987479096	0.1852709641147037
2702.94974691389	0.1823284456087266
2705.18896967428	0.17672330021245614
2707.42754336216	0.17461292186237176
2709.66546826749	0.17437846000220278
2711.90274468011	0.17595930468983328
2714.13937288974	0.1698928810686674
2716.37535318602	0.16990041575982595
2718.61068585848	0.1716779380475532
2720.84537119652	0.16900024177494277
2723.07940948947	0.16777485722314048
2725.31280102654	0.16987016619090775
2727.54554609682	0.16710914509842628
2729.77764498933	0.16925741851286688
2732.00909799294	0.16692764768493062
2734.23990539644	0.1672528582518497
2736.47006748853	0.16820599668340624
2738.69958455777	0.1676462134520387
2740.92845689263	0.16220760689122626
2743.15668478147	0.16408352338114163
2745.38426851257	0.16633761488464943
2747.61120837406	0.16961298945298364
2749.83750465399	0.1672377888695326
2752.0631576403	0.1690229566526979
2754.28816762083	0.16412884233237696
2756.51253488329	0.16660997180917464
2758.73625971532	0.16608043814672077
2760.95934240442	0.16508198076393346
2763.18178323801	0.1684556387301718
2765.40358250338	0.16316816920966187
2767.62474048773	0.16864478163911
2769.84525747814	0.16425748610347873
2772.06513376159	0.16315309982734477
2774.28436962496	0.16555854997970948
2776.50296535501	0.16729075331620594
2778.7209212384	0.1648853031638367
2780.93823756168	0.16345570632078366
2783.15491461129	0.16787314062104913
2785.37095267358	0.16916666980612133
2787.58635203477	0.16372795244102942
2789.80111298097	0.16223785646014446
2792.01523579822	0.16592919030214334
2794.2287207724	0.16602747370004745
2796.44156818932	0.1639473449188813
2798.65377833468	0.16656454205365986
2800.86535149404	0.16251010258038567
2803.07628795289	0.16089889751955752
2805.28658799659	0.1621621771357115
2807.4962519104	0.16440119925690216
2809.70527997946	0.16288838839825756
2811.91367248883	0.16316816920966187
2814.12142972342	0.16210167799787958
2816.32855196807	0.16369016818095264
2818.53503950749	0.16249503319806857
2820.74089262628	0.16007440285910277
2822.94611160894	0.16238910430472192
2825.15069673987	0.1589700165829688
2827.35464830333	0.15808502278468217
2829.55796658351	0.16154942945767062
2831.76065186445	0.16100482641290417
2833.96270443012	0.15931040733648447
2836.16412456437	0.15856912669162126
2838.3649125509	0.1626084967825738
2840.56506867336	0.1622756407202167
2842.76459321526	0.16224539115130301
2844.96348645999	0.15955251469209147
2847.16174869086	0.16356152440985086
2849.35938019105	0.16351620545861553
2851.55638124363	0.1614057163042517
2853.75275213157	0.16070233072374476
2855.94849313772	0.16254799764474193
2858.14360454483	0.16274467524483868
2860.33808663553	0.15996093927459756
2862.53193969234	0.16097457684398597
2864.72516399768	0.16138311223077606
2866.91775983385	0.163115315567268
2869.10972748304	0.1614738609375216
2871.30106722733	0.16025601107688245
2873.4917793487	0.16536187237961725
2875.68186412899	0.1621773573223126
2877.87132184997	0.16364473842543786
2880.06015279325	0.16573251270204656
2882.24835724039	0.16629983062457265
2884.43593547278	0.16791103568540536
2886.62288777173	0.1668596138559402
2888.80921441843	0.1644239141346573
2890.99491569397	0.16832699495907
2893.1799918793	0.1646129462393115
2895.36444325529	0.1641440225189735
2897.54827010269	0.16741175159186972
2899.73147270213	0.16579301183987846
2901.91405133412	0.1658610456688689
2904.09600627909	0.1642045216568054
2906.27733781731	0.16054343738372476
2908.45804622899	0.16321359896517665
2910.63813179418	0.1677294274676257
2912.81759479286	0.16462059173475405
2914.99643550486	0.1625403521493039
2917.17465420994	0.16443144882581584
2919.3522511877	0.16480962383940825
2921.52922671765	0.16181425169103728
2923.7055810792	0.16788078611648716
2925.88131455162	0.16235885473580824
2928.05642741408	0.1667914692226703
2930.23091994566	0.1632060642740181
2932.40479242528	0.15983240630777523
2934.57804513178	0.16126964864627086
2936.75067834387	0.15850109286263084
2938.92269234017	0.16051318781480656
2941.09408739916	0.1636826334897941
2943.26486379921	0.15900037695616648
2945.4350218186	0.1628277784561462
2947.60456173546	0.15952979981433635
2949.77348382783	0.16068715053714364
2951.94178837363	0.15607292783250648
2954.10947565068	0.15984747569009233
2956.27654593666	0.15865234070720827
2958.44299950915	0.15934076770968214
2960.60883664562	0.15614107246577638
2962.77405762341	0.15819095167802885
2964.93866271975	0.16424995141232018
2967.10265221178	0.1573286727575019
2969.26602637648	0.1577219171534114
2971.42878549076	0.15495347217405087
2973.59092983139	0.15692767206187488
2975.75245967501	0.1580245236468503
2977.9133752982	0.1613754667353335
2980.07367697736	0.15594439486568415
2982.23336498882	0.1536448736066616
2984.39243960877	0.1546130814205352
2986.5509011133	0.15301705654630363
2988.70874977837	0.15573253707899082
2990.86598587984	0.15381130163784015
2993.02260969344	0.15114867474754679
2995.17862149478	0.15093681696085345
2997.33402155938	0.15271445005286471
2999.48881016262	0.15328930266654936
3001.64298757978	0.15306237549753893
3003.796554086	0.15248752288385428
3005.94950995633	0.15409872794468246
3008.10185546569	0.1501502173647595
3010.25359088888	0.1519579892214004
3012.40471650059	0.15254802202168616
3014.5552325754	0.14835740408615167
3016.70513938776	0.15204120323699197
3018.85443721201	0.14833480001267602
3021.00312632236	0.14465853555299427
3023.15120699292	0.14810787284366558
3025.29867949769	0.14561167398455077
3027.44554411052	0.14701102125868562
3029.59180110516	0.14709423527427717
3031.73745075527	0.1519579892214004
3033.88249333434	0.15046024774507746
3036.02692911578	0.1504224634850007
3038.17075837287	0.14629999018274065
3040.31398137877	0.1452788179221937
3042.45659840653	0.1445753215374027
3044.59860972907	0.14769933745687547
3046.7400156192	0.1498324306847195
3048.88081634961	0.14916682936428477
3051.02101219287	0.1444013588150656
3053.16060342144	0.14754808961229804
3055.29959030765	0.14628480999613952
3057.43797312371	0.1443332141817957
3059.57575214172	0.14804726290154968
3061.71292763366	0.14238172917173134
3063.84949987139	0.14353143439910063
3065.98546912665	0.13991577988153023
3068.12083567105	0.14552081447352122
3070.2555997761	0.14699584107208905
3072.38976171319	0.1449837461199088
3074.52332175356	0.1413151271556696
3076.65628016837	0.14117894869340472
3078.78863722863	0.14117141400224617
3080.92039320526	0.14293386690765633
3083.05154836902	0.14352389970794208
3085.1821029906	0.14218505157163458
3087.31205734051	0.14031666977287777
3089.44141168921	0.13678411846661945
3091.57016630696	0.14202615823161457
3093.69832146398	0.1431002949388349
3095.82587743032	0.1428204033231511
3097.9528344759	0.14124709332667917
3100.07919287056	0.14151933944692038
3102.204952884	0.14182194594036382
3104.33011478579	0.1384860722341977
3106.45467884538	0.1424497630007218
3108.57864533212	0.1381078972206053
3110.70201451522	0.13987788481717398
3112.82478666378	0.14208665736944645
3114.94696204676	0.14007456241727076
3117.06854093301	0.1392349983744989
3119.18952359127	0.13918203392782558
3121.30991029013	0.1398930650037751
3123.4297012981	0.1348704177166273
3125.54889688352	0.1389475720676566
3127.66749731464	0.139560208941418
3129.78550285957	0.14008974260386733
3131.90291378633	0.13868274983428994
3134.01973036277	0.13198839834848208
3136.13595285665	0.13623198073068993
3138.2515815356	0.13397777842290265
3140.36661666714	0.13374331656273367
3142.48105851863	0.13379628100940702
3144.59490735734	0.13378110082281044
3146.70816345041	0.13369035211606034
3148.82082706486	0.13447706251643832
3150.93289846758	0.13198086365732353
3153.04437792532	0.13214729168850206
3155.15526570475	0.1329037525199664
3157.26556207238	0.13130761684145076
3159.37526729461	0.1320413627951554
3161.48438163771	0.12689771723234838
3163.59290536784	0.1306495502121791
3165.70083875102	0.1296208432604736
3167.80818205315	0.13027890988974525
3169.91493554002	0.12966616221170438
3172.02109947727	0.1332894622247128
3174.12667413044	0.133947528853989
3176.23165976493	0.13114883430571478
3178.33605664602	0.12871313458443187
3180.43986503887	0.13371306699382
3182.54308520852	0.13409124200740788
3184.64571741986	0.12967380770714695
3186.74776193769	0.13221532551749252
3188.84921902664	0.13058151638318868
3190.95008895128	0.13135304659696556
3193.05037197599	0.12900809558243273
3195.15006836504	0.12992333894963304
3197.24917838262	0.1299990182740615
3199.34770229274	0.12926527232035684
3201.44564035931	0.1315950431482931
3203.5429928461	0.1292501475359
3205.63976001677	0.13209432724182874
3207.73594213484	0.13000655296522004
3209.83153946372	0.12695062627687745
3211.92655226669	0.1319581487795684
3214.02098080688	0.13397777842290265
3216.11482534732	0.1339324594716719
3218.20808615091	0.1315194746281441
3220.30076348041	0.13108068967244033
3222.39285759847	0.12888709730676898
3224.4843687676	0.12968887708946406
3226.57529725019	0.12804747786185738
3228.66564330851	0.1282138504908962
3230.75540720468	0.12897784601351453
3232.8445892007	0.12831977938424288
3234.93318955847	0.12680691312345854
3237.02120853974	0.1292198979669818
3239.10864640612	0.12737423104598464
3241.19550341911	0.1281079769996893
3243.28177984009	0.12408378709533331
3245.36747593029	0.12778271103063046
3247.45259195083	0.12745744506157164
3249.53712816268	0.12047566726892146
3251.62108482672	0.12325929243487858
3253.70446220366	0.12403841274195827
3255.78726055411	0.12027898966882924
3257.86948013853	0.1213833759449632
3259.95112121728	0.1214438750827951
3262.03218405055	0.12283568766577592
3264.11266889845	0.11957549328403827
3266.19257602092	0.12235158375883684
3268.27190567779	0.11964358251517299
3270.35065812876	0.1174424000561988
3272.4288336334	0.11763907765629102
3274.50643245114	0.11769204210296436
3276.5834548413	0.11179193570869303
3278.65990106305	0.11265421462921998
3280.73577137545	0.11381910004319037
3282.81106603742	0.11838794839445704
3284.88578530774	0.11622455019555507
3286.95992944508	0.1140536173054991
3289.03349870796	0.11583119499536608
3291.1064933548	0.11316862350721701
3293.17891364384	0.11356951339856455
3295.25075983324	0.1158387850886689
3297.322032181	0.11288873189153324
3299.39273094501	0.11446963198130347
3301.462856383	0.10736685591298953
3303.53240875259	0.11442425762793296
3305.60138831128	0.11148179452409558
3307.6697953164	0.11717009853381331
3309.73763002519	0.11503694990382955
3311.80489269472	0.10925789718736627
3313.87158358198	0.11433350892118287
3315.93770294378	0.10904609480281267
3318.00325103681	0.11345604981405934
3320.06822811764	0.11030172892352862
3322.13263444272	0.11294923102936513
3324.19647026832	0.11142883007742224
3326.25973585064	0.11421245524337936
3328.32243144568	0.11198855790665005
3330.38455730938	0.11178434561539474
3332.44611369749	0.11177675552209645
3334.50710086564	0.11063458498588573
3336.56751906936	0.10757860289540339
3338.62736856401	0.10738951538860946
3340.68664960483	0.11137586563074892
3342.74536244693	0.1113002417084602
3344.80350734528	0.10720796257296952
3346.86108455472	0.10791899364891905
3348.91809432997	0.10920493274069294
3350.97453692559	0.10533963617635698
3353.03041259603	0.10303252482403613
3355.08572159559	0.1003093987959109
3357.14046417844	0.10001438239577029
3359.19464059863	0.0999538832579384
3361.24825111005	0.10049095161154628
3363.30129596648	0.09736688028993377
3365.35377542155	0.10088425140959553
3367.40568972878	0.09499932520192078
3369.45703914152	0.10049095161154628
3371.507823913	0.09690549126075436
3373.55804429633	0.09969670652000975
3375.60770054446	0.10104314474961554
3377.65679291024	0.09981770479567352
3379.70532164635	0.09477993272406889
3381.75328700534	0.09539262499997003
3383.80068923965	0.09086920640421815
3385.84752860155	0.09300988972536045
3387.89380534321	0.09271487332521985
3389.93951971664	0.09218539506491026
3391.98467197371	0.08981024988359897
3394.02926236618	0.09574060584678397
3396.07329114566	0.09470430880178017
3398.1167585636	0.08925046665223142
3400.15966487137	0.09316119297208217
3402.20201032014	0.09046078182171206
3404.24379516099	0.09076333291301576
3406.28501964484	0.08885711145204243
3408.3256840225	0.08946226903678503
3410.3657885446	0.08532461554792385
3412.40533346167	0.08575581041032479
3414.44431902408	0.08833522328503113
3416.48274548209	0.08689044625537698
3418.5206130858	0.08511281316337024
3420.55792208516	0.08549104357910241
3422.59467273003	0.08312343308894966
3424.63086527009	0.08457580021190211
3426.6664999549	0.08423540945838645
3428.70157703386	0.08353950316689378
3430.73609675628	0.08648955636402944
3432.77005937129	0.08157278256809311
3434.80346512789	0.08295700505777111
3436.83631427494	0.08112646292123078
3438.86860706119	0.07894040524671343
3440.90034373521	0.08297971993552623
3442.93152454546	0.08198126255273894
3444.96214974025	0.08013559563173724
3446.99221956775	0.08102058943002385
3449.021734276	0.07825962373968212
3451.05069411289	0.07449266597539456
3453.07909932619	0.07764693146378099
3455.1069501635	0.07576342488056734
3457.1342468723	0.07515832269796903
3459.16098969993	0.07520369705133953
3461.1871788936	0.07495405500457397
3463.21281470035	0.06943971371719335
3465.23789736712	0.07044576119327893
3467.26242714067	0.07067268836228936
3469.28640426765	0.06908419817921632
3471.30982899455	0.06916741219480786
3473.33270156774	0.06932625013268813
3475.35502223343	0.0648331365079942
3477.3767912377	0.06575596996849277
3479.39800882649	0.0653247751060873
3481.41867524559	0.06377412458523074
3483.43879074066	0.06695110495137684
3485.45835555721	0.06499197444586992
3487.47736994062	0.06250331027791368
3489.49583413611	0.06363041143180731
3491.51374838879	0.06086944574147012
3493.53111294359	0.06051393020349309
3495.54792804533	0.06254874003342846
3497.56419393867	0.06073332268134498
3499.57991086814	0.05691334506824433
