1000.07700129088	0.02264109238376696
1002.83416209528	0.022095670745187253
1005.59045264208	0.020571358101928644
1008.34587328813	0.019452552363291978
1011.10042439014	0.01939662744034587
1013.85410630472	0.01960639711467743
1016.60691938837	0.019368664978877015
1019.35886399746	0.019900156600020643
1022.10994048823	0.02149432418366144
1024.86014921684	0.020431545794567574
1027.60949053928	0.020683207947812463
1030.35796481149	0.01806815445398274
1033.10557238924	0.019144965287109378
1035.85231362819	0.01750870037136186
1038.5981888839	0.015858505438186656
1041.34319851182	0.015606843284941769
1044.08734286727	0.015425036072087462
1046.83062230544	0.015802580515240548
1049.57303718143	0.015397073610610212
1052.31458785021	0.016655691656599553
1055.05527466665	0.01562077330237785
1057.79509798549	0.015089384107830917
1060.53405816134	0.015816612959273325
1063.27215554874	0.01687939134836719
1066.00939050209	0.01686546133093111
1068.74576337565	0.0156487357638551
1071.48127452361	0.014348225238952428
1074.21592430002	0.013886690984787684
1076.94971305882	0.013439189174655714
1079.68264115384	0.014040535736173133
1082.41470893879	0.013956648351766566
1085.14591676728	0.014627849853666173
1087.8762649928	0.014040535736173133
1090.60575396871	0.014082530641683159
1093.33438404827	0.015229196415191985
1096.06215558464	0.013718916215957758
1098.78906893086	0.01346715163612457
1101.51512443981	0.013565071464572307
1104.24032246435	0.014138455564620872
1106.96466335716	0.014264337854545861
1109.68814747081	0.014502069990346273
1112.41077515779	0.013928685890289314
1115.13254677044	0.013523076559062281
1117.85346266104	0.01423637539306861
1120.57352318169	0.013187527021410825
1123.29272868445	0.013718916215957758
1126.01107952121	0.012530153110350604
1128.72857604378	0.014669844759167803
1131.44521860385	0.012642105382831118
1134.16100755301	0.015299153782162475
1136.87594324271	0.014306230333450796
1139.59002602433	0.015075454090394838
1142.3032562491	0.015075454090394838
1145.01563426818	0.01619415740243481
1147.72716043257	0.018054122009949963
1150.43783509322	0.018347779068688088
1153.14765860091	0.01759269018237352
1155.85663130634	0.017970234625535
1158.56475356012	0.015914532787721064
1161.27202571271	0.01500549672342435
1163.97844811448	0.014557994913283986
1166.68402111569	0.014697807220645055
1169.38874506649	0.01427826787198194
1172.09262031694	0.01615226492352987
1174.79564721695	0.014054568180214303
1177.49782611635	0.012823912595693819
1180.19915736486	0.015075454090394838
1182.89964131208	0.015145309030777024
1185.59927830751	0.014474107528877418
1188.29806870054	0.014404150161898535
1190.99601284046	0.013565071464572307
1193.69311107643	0.013886690984787684
1196.38936375753	0.014208310505003059
1199.08477123271	0.013145532115909195
1201.77933385082	0.014180348043534203
1204.47305196061	0.014222342949035835
1207.1659259107	0.014320262777483573
1209.85795604964	0.014809657066528873
1212.54914272585	0.014711839664677831
1215.23948628763	0.013551039020539533
1217.92898708319	0.015425036072087462
1220.61764546064	0.016068275112518213
1223.30546176798	0.016040312651040962
1225.99243635308	0.015480960995025175
1228.67856956373	0.01549499343905795
1231.36386174761	0.014697807220645055
1234.04831325228	0.014348225238952428
1236.73192442522	0.01423637539306861
1239.41469561377	0.013257381961793012
1242.09662716519	0.015243228859224762
1244.77771942662	0.015271191320693617
1247.45797274511	0.01499146427938318
1250.13738746759	0.01549499343905795
1252.81596394089	0.015662768207887874
1255.49370251175	0.014795727049092792
1258.17060352676	0.01626411476941369
1260.84666733246	0.016837498869462255
1263.52189427525	0.016473884443745247
1266.19628470144	0.014921609339009387
1268.86983895722	0.017830422318182326
1271.5425573887	0.017187080851146484
1274.21444034186	0.01571869313082559
1276.8854881626	0.01787231479708726
1279.55570119671	0.016306007248318627
1282.22507978985	0.017858384779651182
1284.89362428759	0.01750870037136186
1287.56133503543	0.01734092560254033
1290.22821237872	0.018445698897135824
1292.89425666274	0.019997974001871685
1295.55946823263	0.022403360247966547
1298.22384743346	0.020934972527645652
1300.88739461019	0.020095893830319424
1303.55011010766	0.015690730669356733
1306.21199427063	0.01704726854379381
1308.87304744373	0.014809657066528873
1311.53326997152	0.014208310505003059
1314.19266219843	0.014627849853666173
1316.8512244688	0.01336923180767683
1319.50895712687	0.01289376753606761
1322.16586051676	0.014054568180214303
1324.82193498252	0.011970801454334816
1327.47718086806	0.013830766061841577
1330.1315985172	0.01364895884898727
1332.78518827369	0.014767764587615542
1335.43795048114	0.012949692459013718
1338.08988548307	0.013159462133345274
1340.74099362289	0.01499146427938318
1343.39127524392	0.013802803600372721
1346.04073068939	0.014557994913283986
1348.6893603024	0.013537109003103452
1351.33716442597	0.01292172999754486
1353.98414340301	0.013746878677435008
1356.63029757632	0.014516000007782354
1359.27562728863	0.012194603572699149
1361.92013288252	0.014026605718737054
1364.56381470053	0.011719139301089929
1367.20667308505	0.011705106857057153
1369.84870837838	0.012516223092914523
1372.48992092274	0.011872881625887078
1375.13031106023	0.010614263579897736
1377.76987913284	0.010642226041366594
1380.40862548251	0.012823912595693819
1383.04655045101	0.010474451272536668
1385.68365438006	0.011117792739572509
1388.31993761126	0.012194603572699149
1390.95540048612	0.013229419500324156
1393.59004334605	0.013425259157219633
1396.22386653233	0.011803026685504892
1398.85687038619	0.012362378341520678
1401.48905524873	0.013383264251709607
1404.12042146094	0.014767764587615542
1406.75096936375	0.014963501817914324
1409.38069929796	0.014348225238952428
1412.00961160428	0.014753732143582766
1414.63770662332	0.012572148015852236
1417.26498469557	0.01391465344625654
1419.89144616146	0.011942838992857566
1422.51709136132	0.012082651300218634
1425.14192063532	0.009355645533908396
1427.76593432361	0.01083806569826207
1430.3891327662	0.011355524875372922
1433.01151630299	0.012460298169968418
1435.63308527382	0.012418303264466786
1438.2538400184	0.0123484483240846
1440.87378087637	0.01391465344625654
1443.49290818722	0.013565071464572307
1446.1112222904	0.012600110477329486
1448.72872352524	0.015466928550992399
1451.34541223097	0.014124423120588096
1453.96128874671	0.013565071464572307
1456.5763534115	0.01499146427938318
1459.19060656429	0.015229196415191985
1461.8040485439	0.014012573274704277
1464.41667968907	0.014292300316014717
1467.02850033846	0.013593033926041163
1469.63951083061	0.015033459184893206
1472.24971150397	0.013509146541626202
1474.8591026969	0.013439189174655714
1477.46768474763	0.013355301790240751
1480.07545799434	0.01364895884898727
1482.68242277508	0.01562077330237785
1485.28857942782	0.014320262777483573
1487.89392829042	0.013299376867294644
1490.49846970065	0.011313529969862896
1493.10220399619	0.01166311195155552
1495.70513151461	0.011830989146973747
1498.30725259339	0.011523299644194452
1500.90856756992	0.012306453418582967
1503.50907678146	0.011327562413904067
1506.10878056524	0.01148130473869282
1508.70767925832	0.011733069318526008
1511.30577319772	0.011509369626758373
1513.90306272032	0.01166311195155552
1516.49954816295	0.010460521255100589
1519.09522986229	0.01050241373401392
1521.69010815498	0.00992902963395696
1524.28418337751	0.010530376195482775
1526.87745586632	0.011341492431340146
1529.46992595773	0.011243572602892408
1532.06159398796	0.011705106857057153
1534.65246029316	0.010166761769757372
1537.24252520935	0.010656258485399368
1539.83178907249	0.010292644059682362
1542.42025221841	0.009313753054995067
1545.00791498287	0.011495337182725596
1547.59477770152	0.009984954556903066
1550.18084070993	0.009873104711019248
1552.76610434356	0.00992902963395696
1555.35056893777	0.010642226041366594
1557.93423482785	0.010642226041366594
1560.51710234896	0.011061765390029706
1563.0991718362	0.010740145869814331
1565.68044362457	0.01022268669270348
1568.26091804893	0.011509369626758373
1570.84059544411	0.011956871436898737
1573.41947614481	0.011691074413024376
1575.99756048562	0.011788994241472115
1578.57484880108	0.014082530641683159
1581.15134142559	0.013047612287461456
1583.72703869349	0.01299168736451535
1586.301940939	0.013495114097593425
1588.87604849628	0.013145532115909195
1591.44936169934	0.014781694605051621
1594.02188088215	0.017424812986955293
1596.59360637855	0.020725202853314095
1599.16453852232	0.02301863682692844
1601.73467764709	0.0268924107933442
1604.30402408647	0.0316611883800239
1606.87257817391	0.028780337862328215
1609.44034024281	0.0279971840879397
1612.00731062644	0.021885901070855696
1614.57348965801	0.01904704545866164
1617.13887767062	0.018110046932887675
1619.70347499726	0.016375964615297507
1622.26728197086	0.01626411476941369
1624.83029892423	0.0156487357638551
1627.39252619012	0.018054122009949963
1629.95396410112	0.019802236771572904
1632.5146129898	0.02199785334333621
1635.07447318858	0.02136854432034154
1637.63354502984	0.020837052699197913
1640.19182884582	0.017285000679594223
1642.74932496868	0.012502190648881749
1645.3060337305	0.011816956702940971
1647.86195546325	0.011705106857057153
1650.41709049882	0.011047835372593627
1652.971439169	0.010138799308288517
1655.52500180548	0.010796070792752044
1658.07777873987	0.00974722242109426
1660.62977030368	0.010628296023930513
1663.18097682833	0.011453342277223964
1665.73139864514	0.011383487336841778
1668.28103608534	0.010474451272536668
1670.82988948008	0.011061765390029706
1673.37795916039	0.009495560267857767
1675.92524545724	0.010068944367914725
1678.47174870147	0.010054911923873555
1681.01746922386	0.00848860437510492
1683.56240735508	0.009551485190803873
1686.10656342572	0.010908023065240953
1688.64993776626	0.01054440863951555
1691.19253070709	0.009439635344920054
1693.73434257853	0.010614263579897736
1696.27537371078	0.010012917018371923
1698.81562443395	0.010935985526709808
1701.35509507809	0.010446488811067812
1703.89378597311	0.010628296023930513
1706.43169744886	0.011523299644194452
1708.96882983509	0.011928908975421485
1711.50518346144	0.012530153110350604
1714.0407586575	0.01297775734707927
1716.57555575272	0.014963501817914324
1719.10957507649	0.015047389202329285
1721.64281695809	0.016529809366682958
1724.17528172671	0.017732502489734587
1726.70696971146	0.017480737909893004
1729.23788124135	0.017410882969519214
1731.7680166453	0.015956425266634395
1734.29737625213	0.01563480574641902
1736.82596039057	0.0130196498259926
1739.35376938927	0.012865805074598755
1741.88080357677	0.013075574748930311
1744.40706328154	0.011509369626758373
1746.93254883193	0.011719139301089929
1749.45726055623	0.012614142921362263
1751.9811987826	0.011299599952426815
1754.50436383915	0.010866028159730926
1757.02675605387	0.010768108331283187
1759.54837575466	0.009271758149493435
1762.06922326934	0.009523522729326623
1764.58929892564	0.009901067172488105
1767.10860305118	0.009159908303609616
1769.6271359735	0.010096906829383582
1772.14489802005	0.009369677977941172
1774.66188951817	0.010026949462404698
1777.17811079515	0.008264904683337283
1779.69356217815	0.009733292403658179
1782.20824399425	0.009187870765078472
1784.72215657043	0.00839078697326227
1787.23530023361	0.010488483716577839
1789.74767531057	0.009887137155052024
1792.25928212804	0.009061988475161877
1794.77012101264	0.009817179788073142
1797.2801922909	0.009215833226547327
1799.78949628926	0.009551485190803873
1802.29803333406	0.008376754529221101
1804.80580375158	0.010530376195482775
1807.31280786797	0.008460641913636062
1809.81904600929	0.009831212232105918
1812.32451850154	0.009355645533908396
1814.82922567061	0.009425602900878884
1817.33316784231	0.008236942221868427
1819.83634534233	0.008922176167809203
1822.33875849629	0.009327683072431146
1824.84040762973	0.009369677977941172
1827.34129306808	0.009048058457725798
1829.84141513667	0.00867041158796762
1832.34077416077	0.008264904683337283
1834.83937046553	0.009048058457725798
1837.33720437602	0.009677367480720468
1839.83427621723	0.007999210086068013
1842.33058631404	0.007188093850210642
1844.82613499125	0.008334759623719469
1847.32092257355	0.008027172547536869
1849.81494938558	0.009943062077989737
1852.30821575184	0.00959337766970881
1854.80072199677	0.008614486665029907
1857.29246844473	0.007341938601604487
1859.78345541994	0.008796293877884213
1862.27368324658	0.010334638965183994
1864.76315224871	0.00959337766970881
1867.2518627503	0.008754298972382581
1869.73981507524	0.008922176167809203
1872.22700954733	0.008614486665029907
1874.71344649027	0.008181017298930714
1877.19912622768	0.009705329942189323
1879.68404908308	0.00976125486513543
1882.16821537988	0.008348792067752244
1884.65162544145	0.010334638965183994
1887.13427959102	0.0077194830447575745
1889.61617815175	0.008628519109062684
1892.0973214467	0.00896406864671414
1894.57770979887	0.008446711896199983
1897.05734353113	0.008236942221868427
1899.53622296628	0.010166761769757372
1902.014348427	0.008376754529221101
1904.49172023593	0.00929972061096229
1906.96833871558	0.009201903209111248
1909.44420418839	0.008460641913636062
1911.91931697668	0.00959337766970881
1914.39367740272	0.00851656683658217
1916.86728578865	0.008600556647593828
1919.34014245654	0.008502636819146089
1921.81224772838	0.008097027487919056
1924.28360192604	0.007999210086068013
1926.75420537132	0.00977518488257151
1929.22405838593	0.007831332890641392
1931.69316129147	0.008055135009005725
1934.16151440948	0.008474674357668839
1936.62911806136	0.009257828132057354
1939.09597256848	0.008153054837453464
1941.56207825207	0.007132168927272931
1944.0274354333	0.007621563216309836
1946.49204443322	0.00822290977783565
1948.95590557284	0.008502636819146089
1951.41901917301	0.008922176167809203
1953.88138555454	0.009243795688024577
1956.34300503813	0.008782363860448134
1958.8038779444	0.00836282451178502
1961.26400459387	0.007495680926393241
1963.72338530697	0.007775407967703681
1966.18202040403	0.008348792067752244
1968.63991020531	0.00851656683658217
1971.09705503097	0.007985177642035237
1973.55345520107	0.008726336510913726
1976.0091110356	0.008544529298051025
1978.46402285444	0.008628519109062684
1980.91819097737	0.008306797162250612
1983.3716157241	0.008097027487919056
1985.82429741427	0.007761477950267601
1988.27623636736	0.008153054837453464
1990.72743290284	0.0077894404117364565
1993.17788734002	0.008446711896199983
1995.62759999817	0.0074397560034471346
1998.07657119644	0.009341715516472317
2000.5248012539	0.008236942221868427
2002.97229048952	0.007775407967703681
2005.41903922219	0.007971247624599158
2007.86504777071	0.009020095996256942
2010.31031645378	0.00710420646579568
2012.75484559	0.009411672883442804
2015.19863549792	0.007677488139255942
2017.64168649594	0.007355868619040567
2020.08399890242	0.008614486665029907
2022.5255730356	0.009411672883442804
2024.96640921365	0.007775407967703681
2027.40650775462	0.007244018773156748
2029.84586897649	0.008432679452167207
2032.28449319715	0.007062211560294048
2034.72238073438	0.008712406493477647
2037.15953190591	0.008810326321925384
2039.59594702932	0.008306797162250612
2042.03162642215	0.008111059931951832
2044.46657040182	0.008013140103504093
2046.90077928567	0.007649525677778692
2049.33425339095	0.006922399252941374
2051.76699303481	0.00896406864671414
2054.19899853433	0.007565638293372124
2056.63027020645	0.008922176167809203
2059.06080836809	0.008194947316366795
2061.49061333602	0.008055135009005725
2063.91968542694	0.00839078697326227
2066.34802495747	0.008013140103504093
2068.77563224411	0.007859295352110248
2071.20250760329	0.008083097470482976
2073.62865135136	0.00774744550622643
2076.05406380455	0.008530599280614946
2078.47874527901	0.008194947316366795
2080.9026960908	0.00867041158796762
2083.3259165559	0.008474674357668839
2085.74840699018	0.008418749434731128
2088.17016770944	0.008111059931951832
2090.59119902935	0.008950138629278058
2093.01150126553	0.007551708275936044
2095.43107473348	0.00711813648323176
2097.84991974864	0.006922399252941374
2100.26803662633	0.007943285163121906
2102.68542568178	0.008236942221868427
2105.10208723015	0.008712406493477647
2107.51802158648	0.007845365334674169
2109.93322906574	0.008446711896199983
2112.3477099828	0.008502636819146089
2114.76146465245	0.008544529298051025
2117.17449338937	0.007943285163121906
2119.58679650815	0.007467718464924385
2121.9983743233	0.007257948790592828
2124.40922714924	0.007048179116261272
2126.81935530029	0.00914587585957684
2129.22875909067	0.007915220275056355
2131.63743883452	0.008768331416415358
2134.04539484589	0.007859295352110248
2136.45262743874	0.00729994369609446
2138.85913692692	0.008684444032000395
2141.26492362422	0.007034249098825192
2143.6699878443	0.008558561742083802
2146.07432990076	0.006684667117132567
2148.47795010708	0.007257948790592828
2150.88084877667	0.006754522057514752
2153.28302622285	0.00851656683658217
2155.68448275883	0.007537675831894873
2158.08521869774	0.007915220275056355
2160.48523435261	0.008013140103504093
2162.88453003639	0.007901290257620274
2165.28310606193	0.00883828878339424
2167.68096274199	0.008908143723768032
2170.07810038922	0.007677488139255942
2172.47451931622	0.007048179116261272
2174.87021983546	0.007202023867646722
2177.26520225933	0.00773351548879035
2179.65946690013	0.007565638293372124
2182.05301407006	0.007845365334674169
2184.44584408123	0.007859295352110248
2186.83795724567	0.0058735508812835895
2189.22935387531	0.007481750908957162
2191.62003428198	0.007481750908957162
2194.00999877743	0.007285911252061685
2196.39924767329	0.008166984854889543
2198.78778128115	0.008558561742083802
2201.17559991245	0.007621563216309836
2203.56270387857	0.008111059931951832
2205.94909349081	0.007160131388741786
2208.33476906033	0.0075097133704260174
2210.71973089824	0.006754522057514752
2213.10397931554	0.006740592040078673
2215.48751462314	0.008684444032000395
2217.87033713186	0.007132168927272931
2220.25244715242	0.0077894404117364565
2222.63384499546	0.007202023867646722
2225.01453097151	0.006810446980452464
2227.39450539101	0.006265127768469453
2229.77376856434	0.00774744550622643
2232.15232080173	0.007216056311679498
2234.53016241336	0.0075796707374048995
2236.9072937093	0.007495680926393241
2239.28371499954	0.008083097470482976
2241.65942659396	0.006586747288684828
2244.03442880236	0.007705450600724798
2246.40872193443	0.007873327796151419
2248.78230629979	0.00773351548879035
2251.15518220795	0.005901513342752446
2253.52734996835	0.006908366808900203
2255.89880989029	0.007383831080509423
2258.26956228301	0.007649525677778692
2260.63960745567	0.007188093850210642
2263.00894571731	0.0076355956603426116
2265.37757737688	0.005370021721608818
2267.74550274324	0.006390907631789351
2270.11272212517	0.007425825986011055
2272.47923583134	0.006880404347431347
2274.84504417031	0.006866371903398571
2277.2101474506	0.006978324175879086
2279.57454598058	0.006964291731846309
2281.93824006856	0.007523745814458793
2284.30123002275	0.007495680926393241
2286.66351615125	0.006404940075830522
2289.02509876208	0.007495680926393241
2291.38597816317	0.006726559596045897
2293.74615466236	0.00648882746023709
2296.10562856737	0.006656602229067015
2298.46440018585	0.007244018773156748
2300.82246982535	0.007174061406177866
2303.1798377933	0.00711813648323176
2305.5365043971	0.005174284491310037
2307.89246994399	0.006768554501547529
2310.24773474116	0.007160131388741786
2312.60229909566	0.00647489744280101
2314.95616331451	0.008236942221868427
2317.30932770456	0.006866371903398571
2319.66179257263	0.006167207940021714
2322.01355822542	0.006600677306120908
2324.36462496953	0.00647489744280101
2326.71499311146	0.007341938601604487
2329.06466295764	0.0077194830447575745
2331.41363481439	0.008880181262299176
2333.76190898794	0.006321052691415559
2336.10948578441	0.006279057785905533
2338.45636550986	0.00773351548879035
2340.80254847022	0.007090174021762903
2343.14803497132	0.007313976140127237
2345.49282531895	0.007062211560294048
2347.83691981874	0.007985177642035237
2350.18031877626	0.006824479424493635
2352.52302249699	0.007160131388741786
2354.8650312863	0.0075097133704260174
2357.20634544946	0.006223132862967821
2359.54696529166	0.007523745814458793
2361.88689111798	0.006978324175879086
2364.22612323341	0.0078033704291725365
2366.56466194287	0.008069065026441806
2368.90250755114	0.006153175495988939
2371.23966036293	0.007216056311679498
2373.57612068286	0.007607633198873756
2375.91188881545	0.007607633198873756
2378.2469650651	0.006125213034520082
2380.58134973615	0.006656602229067015
2382.91504313282	0.0075936007548409795
2385.24804555926	0.007257948790592828
2387.58035731949	0.007174061406177866
2389.91197871745	0.006614709750162078
2392.24291005701	0.006418870093266601
2394.57315164189	0.007957215180557987
2396.90270377577	0.007034249098825192
2399.23156676218	0.006530822365747116
2401.55974090461	0.007453788447488305
2403.88722650642	0.006586747288684828
2406.21402387086	0.007621563216309836
2408.54013330113	0.007160131388741786
2410.8655551003	0.006321052691415559
2413.19028957133	0.006376977614353271
2415.51433701713	0.006726559596045897
2417.83769774049	0.0074397560034471346
2420.16037204408	0.007090174021762903
2422.48236023051	0.006139245478552859
2424.80366260228	0.006446832554735458
2427.12427946179	0.006754522057514752
2429.44421111134	0.006838409441929715
2431.76345785315	0.006908366808900203
2434.08201998932	0.007957215180557987
2436.39989782188	0.006460864998768233
2438.71709165273	0.007369901063073343
2441.0336017837	0.007817402873205313
2443.34942851653	0.007495680926393241
2445.66457215282	0.006125213034520082
2447.97903299412	0.007495680926393241
2450.29281134185	0.006712629578609817
2452.60590749736	0.007831332890641392
2454.91832176188	0.006460864998768233
2457.23005443656	0.006279057785905533
2459.54110582243	0.007677488139255942
2461.85147622045	0.006404940075830522
2464.16116593146	0.007146098944709011
2466.47017525621	0.006656602229067015
2468.77850449536	0.0058735508812835895
2471.08615394947	0.006069288111573976
2473.39312391899	0.006027293206072344
2475.69941470429	0.006754522057514752
2478.00502660562	0.005467941550056556
2480.30995992316	0.006992254193315166
2482.61421495697	0.007020216654784021
2484.91779200702	0.007467718464924385
2487.22069137316	0.005901513342752446
2489.5229133552	0.0075936007548409795
2491.8244582528	0.007090174021762903
2494.12532636553	0.006838409441929715
2496.42551799287	0.0076355956603426116
2498.72503343421	0.006782484518983609
2501.02387298882	0.007453788447488305
2503.32203695588	0.006013363188636264
2505.61952563449	0.00729994369609446
2507.91633932361	0.006600677306120908
2510.21247832216	0.0074397560034471346
2512.50794292891	0.0062930902299467035
2514.80273344255	0.006195170401498965
2517.09685016167	0.006712629578609817
2519.39029338476	0.006027293206072344
2521.68306341022	0.006964291731846309
2523.97516053634	0.007649525677778692
2526.26658506132	0.007523745814458793
2528.55733728325	0.006978324175879086
2530.84741750012	0.006712629578609817
2533.13682600984	0.007146098944709011
2535.4255631102	0.007523745814458793
2537.7136290989	0.006334982708851639
2540.00102427354	0.006866371903398571
2542.28774893162	0.007244018773156748
2544.57380337053	0.006824479424493635
2546.85918788758	0.006167207940021714
2549.14390277997	0.006195170401498965
2551.4279483448	0.006894436791464123
2553.71132487906	0.006936329270377454
2555.99403267966	0.007537675831894873
2558.27607204341	0.007229986329115578
2560.55744326699	0.006712629578609817
2562.83814664702	0.006726559596045897
2565.11818247999	0.006964291731846309
2567.3975510623	0.006992254193315166
2569.67625269025	0.0075936007548409795
2571.95428766003	0.006642672211630935
2574.23165626776	0.0058035935143047074
2576.50835880942	0.0053979841830776734
2578.78439558093	0.006376977614353271
2581.05976687806	0.006153175495988939
2583.33447299652	0.006349015152884416
2585.60851423191	0.006712629578609817
2587.88189087972	0.005915443360188526
2590.15460323534	0.006432902537299378
2592.42665159406	0.006572714844652052
2594.69803625108	0.006838409441929715
2596.9687575015	0.007285911252061685
2599.23881564029	0.005831555975773563
2601.50821096235	0.00711813648323176
2603.77694376245	0.006167207940021714
2606.0450143353	0.006684667117132567
2608.31242297548	0.006181137957457794
2610.57916997746	0.004768675160083003
2612.84525563562	0.006418870093266601
2615.11068024426	0.006251095324436677
2617.37544409753	0.005747668591358601
2619.63954748952	0.006614709750162078
2621.90299071421	0.006279057785905533
2624.16577406546	0.00711813648323176
2626.42789783705	0.006195170401498965
2628.68936232264	0.007607633198873756
2630.9501678158	0.006139245478552859
2633.21031460999	0.006167207940021714
2635.46980299857	0.0060833205556151465
2637.72863327481	0.006181137957457794
2639.98680573185	0.005761598608794681
2642.24432066276	0.006223132862967821
2644.50117836048	0.006125213034520082
2646.75737911786	0.005747668591358601
2649.01292322765	0.005523866472994268
2651.26781098249	0.00667063467309979
2653.52204267492	0.006614709750162078
2655.77561859738	0.006321052691415559
2658.0285390422	0.0060833205556151465
2660.28080430161	0.007188093850210642
2662.53241466774	0.006782484518983609
2664.78337043263	0.006824479424493635
2667.03367188817	0.005244241858288919
2669.2833193262	0.005705673685856969
2671.53231303844	0.006922399252941374
2673.78065331648	0.006013363188636264
2676.02834045184	0.0063070202473827835
2678.27537473592	0.007355868619040567
2680.52175646002	0.007090174021762903
2682.76748591535	0.006530822365747116
2685.01256339298	0.006768554501547529
2687.25698918391	0.005579791395940375
2689.50076357901	0.005495904011525412
2691.74388686909	0.006251095324436677
2693.9863593448	0.006586747288684828
2696.22818129672	0.006390907631789351
2698.46935301532	0.00647489744280101
2700.70987479096	0.006628639767598158
2702.94974691389	0.006852441885962491
2705.18896967428	0.005943405821657382
2707.42754336216	0.004810670065584635
2709.66546826749	0.006978324175879086
2711.90274468011	0.006810446980452464
2714.13937288974	0.005565861378504295
2716.37535318602	0.006432902537299378
2718.61068585848	0.0058455884198063395
2720.84537119652	0.006824479424493635
2723.07940948947	0.0060972505730512265
2725.31280102654	0.006153175495988939
2727.54554609682	0.006558784827215972
2729.77764498933	0.00648882746023709
2732.00909799294	0.006530822365747116
2734.23990539644	0.007565638293372124
2736.47006748853	0.005551828934463124
2738.69958455777	0.006978324175879086
2740.92845689263	0.007216056311679498
2743.15668478147	0.006530822365747116
2745.38426851257	0.0057197061298897445
2747.61120837406	0.006125213034520082
2749.83750465399	0.006125213034520082
2752.0631576403	0.0060833205556151465
2754.28816762083	0.00651678992171434
2756.51253488329	0.0075097133704260174
2758.73625971532	0.0060972505730512265
2760.95934240442	0.005775631052835851
2763.18178323801	0.0058035935143047074
2765.40358250338	0.006530822365747116
2767.62474048773	0.006726559596045897
2769.84525747814	0.005985400727167408
2772.06513376159	0.006950361714410229
2774.28436962496	0.006768554501547529
2776.50296535501	0.006209100418935045
2778.7209212384	0.005146322029841181
2780.93823756168	0.007048179116261272
2783.15491461129	0.00667063467309979
2785.37095267358	0.006684667117132567
2787.58635203477	0.0060833205556151465
2789.80111298097	0.005523866472994268
2792.01523579822	0.005160252047277261
2794.2287207724	0.005272204319757775
2796.44156818932	0.00667063467309979
2798.65377833468	0.005523866472994268
2800.86535149404	0.006404940075830522
2803.07628795289	0.0058874808987196695
2805.28658799659	0.0056777112243881125
2807.4962519104	0.006894436791464123
2809.70527997946	0.006768554501547529
2811.91367248883	0.005481973994089332
2814.12142972342	0.005831555975773563
2816.32855196807	0.006418870093266601
2818.53503950749	0.006167207940021714
2820.74089262628	0.0055938238399731504
2822.94611160894	0.005104327124331154
2825.15069673987	0.005551828934463124
2827.35464830333	0.005901513342752446
2829.55796658351	0.00541201662711045
2831.76065186445	0.0052162793968116685
2833.96270443012	0.006209100418935045
2836.16412456437	0.006055358094137896
2838.3649125509	0.006600677306120908
2840.56506867336	0.007621563216309836
2842.76459321526	0.007202023867646722
2844.96348645999	0.006027293206072344
2847.16174869086	0.006390907631789351
2849.35938019105	0.006572714844652052
2851.55638124363	0.006432902537299378
2853.75275213157	0.006712629578609817
2855.94849313772	0.0059294758042213016
2858.14360454483	0.007831332890641392
2860.33808663553	0.007132168927272931
2862.53193969234	0.006810446980452464
2864.72516399768	0.0077194830447575745
2866.91775983385	0.00773351548879035
2869.10972748304	0.00911791339809959
2871.30106722733	0.008978101090746916
2873.4917793487	0.009831212232105918
2875.68186412899	0.00896406864671414
2877.87132184997	0.009215833226547327
2880.06015279325	0.009509490285293846
2882.24835724039	0.010278714042246282
2884.43593547278	0.009984954556903066
2886.62288777173	0.010306676503715138
2888.80921441843	0.010628296023930513
2890.99491569397	0.010949915544145887
2893.1799918793	0.012124646205720267
2895.36444325529	0.012614142921362263
2897.54827010269	0.011369454892809001
2899.73147270213	0.011900844087355934
2901.91405133412	0.013844798505882747
2904.09600627909	0.013593033926041163
2906.27733781731	0.012194603572699149
2908.45804622899	0.013984610813235421
2910.63813179418	0.013425259157219633
2912.81759479286	0.014068498197650384
2914.99643550486	0.01671161657954566
2917.17465420994	0.015942495249198316
2919.3522511877	0.015327116243639725
2921.52922671765	0.016795503963960623
2923.7055810792	0.01806815445398274
2925.88131455162	0.01608230755655099
2928.05642741408	0.017159118389677628
2930.23091994566	0.017466807892456925
2932.40479242528	0.018040191992513884
2934.57804513178	0.018977088091682758
2936.75067834387	0.01861347366596575
2938.92269234017	0.018487693802645852
2941.09408739916	0.017802459856705075
2943.26486379921	0.017578657738340744
2945.4350218186	0.0176066201998096
2947.60456173546	0.01787231479708726
2949.77348382783	0.017998197087003856
2951.94178837363	0.01739685052547804
2954.10947565068	0.017103193466739917
2956.27654593666	0.017998197087003856
2958.44299950915	0.01880931332286123
2960.60883664562	0.01762065264385077
2962.77405762341	0.018683431032944633
2964.93866271975	0.017928239720024972
2967.10265221178	0.01808208447141882
2969.26602637648	0.018207966761335414
2971.42878549076	0.017368888064009186
2973.59092983139	0.015662768207887874
2975.75245967501	0.015816612959273325
2977.9133752982	0.016306007248318627
2980.07367697736	0.01454396246925121
2982.23336498882	0.014557994913283986
2984.39243960877	0.01360706637007394
2986.5509011133	0.014795727049092792
2988.70874977837	0.015341148687672501
2990.86598587984	0.013746878677435008
2993.02260969344	0.014152385582056951
2995.17862149478	0.012040758821305304
2997.33402155938	0.012879837518631532
2999.48881016262	0.011816956702940971
3001.64298757978	0.010810103236793213
3003.796554086	0.011998763915803672
3005.94950995633	0.010166761769757372
3008.10185546569	0.011313529969862896
3010.25359088888	0.01054440863951555
3012.40471650059	0.010180794213798543
3014.5552325754	0.009691297498156547
3016.70513938776	0.009565415208239954
3018.85443721201	0.009705329942189323
3021.00312632236	0.008236942221868427
3023.15120699292	0.009551485190803873
3025.29867949769	0.00883828878339424
3027.44554411052	0.009984954556903066
3029.59180110516	0.011145755201041364
3031.73745075527	0.01220853359013523
3033.88249333434	0.011537332088235623
3036.02692911578	0.01427826787198194
3038.17075837287	0.014683877203208974
3040.31398137877	0.01571869313082559
3042.45659840653	0.013159462133345274
3044.59860972907	0.011089830278095259
3046.7400156192	0.012250528495636862
3048.88081634961	0.011886914069919853
3051.02101219287	0.011607187028609415
3053.16060342144	0.009439635344920054
3055.29959030765	0.010180794213798543
3057.43797312371	0.01085199571569815
3059.57575214172	0.010963947988178664
3061.71292763366	0.011565294549704478
3063.84949987139	0.011733069318526008
3065.98546912665	0.012054688838741385
3068.12083567105	0.011886914069919853
3070.2555997761	0.013243451944356933
3072.38976171319	0.011593257011173334
3074.52332175356	0.010963947988178664
3076.65628016837	0.010726215852378252
3078.78863722863	0.010656258485399368
3080.92039320526	0.008124989949387911
3083.05154836902	0.007859295352110248
3085.1821029906	0.006544752383183196
3087.31205734051	0.008278834700773362
3089.44141168921	0.006698597134568646
3091.57016630696	0.006992254193315166
3093.69832146398	0.007551708275936044
3095.82587743032	0.005761598608794681
3097.9528344759	0.007425825986011055
3100.07919287056	0.005467941550056556
3102.204952884	0.007495680926393241
3104.33011478579	0.006684667117132567
3106.45467884538	0.008013140103504093
3108.57864533212	0.007174061406177866
3110.70201451522	0.006460864998768233
3112.82478666378	0.0077894404117364565
3114.94696204676	0.006125213034520082
3117.06854093301	0.004894557449999597
3119.18952359127	0.004614932835294249
3121.30991029013	0.004824702509625806
3123.4297012981	0.004698820219700817
3125.54889688352	0.005062434645426219
3127.66749731464	0.005957438265690157
3129.78550285957	0.004475018101336484
3131.90291378633	0.004195393486631135
3134.01973036277	0.004111403675619477
3136.13595285665	0.004139366137088333
3138.2515815356	0.003957661350822328
3140.36661666714	0.004027516291204515
3142.48105851863	0.005467941550056556
3144.59490735734	0.00434913581141989
3146.70816345041	0.0035100571140936625
3148.82082706486	0.004572937929784223
3150.93289846758	0.0035240895581264385
3153.04437792532	0.0031604751324094318
3155.15526570475	0.0040135862737684345
3157.26556207238	0.004237285965536072
3159.37526729461	0.0029507054580778748
3161.48438163771	0.00327232497829325
3163.59290536784	0.004558905485751446
3165.70083875102	0.0034122397122426204
3167.80818205315	0.0031465451149733517
3169.91493554002	0.0025731610149163932
3172.02109947727	0.0035100571140936625
3174.12667413044	0.003314319883794882
3176.23165976493	0.003789784155404102
3178.33605664602	0.0034261697296787005
3180.43986503887	0.004866594988530742
3182.54308520852	0.0026430159552985797
3184.64571741986	0.003775854137968022
3186.74776193769	0.004139366137088333
3188.84921902664	0.004950482372945704
3190.95008895128	0.004181361042589965
3193.05037197599	0.0040974736581833975
3195.15006836504	0.0037338592324579955
3197.24917838262	0.0026430159552985797
3199.34770229274	0.004195393486631135
3201.44564035931	0.003649971848043033
3203.5429928461	0.003607976942541401
3205.63976001677	0.0033842772507737644
3207.73594213484	0.0038736715398106697
3209.83153946372	0.004461088083900404
3211.92655226669	0.00478270760411578
3214.02098080688	0.0032024700379110634
3216.11482534732	0.004558905485751446
3218.20808615091	0.004237285965536072
3220.30076348041	0.0033563147893049083
3222.39285759847	0.0032024700379110634
3224.4843687676	0.003286357422326026
3226.57529725019	0.0032443625168159995
3228.66564330851	0.0034122397122426204
3230.75540720468	0.003580014481072545
3232.8445892007	0.004167431025153885
3234.93318955847	0.0033982072682098444
3237.02120853974	0.002727005766310238
3239.10864640612	0.002810893150716806
3241.19550341911	0.0037058967709891395
3243.28177984009	0.004279280871037704
3245.36747593029	0.0023773213580209162
3247.45259195083	0.0038597415223745896
3249.53712816268	0.003342282345263738
3251.62108482672	0.003286357422326026
3253.70446220366	0.0024052838194897723
3255.78726055411	0.00279686070668403
3257.86948013853	0.0030345928424844425
3259.95112121728	0.0026430159552985797
3262.03218405055	0.004600900391253078
3264.11266889845	0.003622009386574177
3266.19257602092	0.003006630381015587
3268.27190567779	0.0030486252865256133
3270.35065812876	0.003090517765430549
3272.4288336334	0.0035660844636364653
3274.50643245114	0.0032024700379110634
3276.5834548413	0.0014823177377569774
3278.65990106305	0.003635939404010257
3280.73577137545	0.00279686070668403
3282.81106603742	0.0033982072682098444
3284.88578530774	0.0023633913405848367
3286.95992944508	0.0037058967709891395
3289.03349870796	0.003454132191147556
3291.1064933548	0.002531166109414761
3293.17891364384	0.003132512670932181
3295.25075983324	0.0030765877479944693
3297.322032181	0.002810893150716806
3299.39273094501	0.0032304324993799195
3301.462856383	0.0021955141451582157
3303.53240875259	0.002069734281838317
3305.60138831128	0.002740935783746318
3307.6697953164	0.0020976967433155675
3309.73763002519	0.0023913538020536923
3311.80489269472	0.003831779060905734
3313.87158358198	0.0037058967709891395
3315.93770294378	0.0026570483993313557
3318.00325103681	0.002768898245215174
3320.06822811764	0.002559128570883617
3322.13263444272	0.003496127096657583
3324.19647026832	0.0025870910323524733
3326.25973585064	0.0035100571140936625
3328.32243144568	0.0032164000553471434
3330.38455730938	0.0034122397122426204
3332.44611369749	0.0026011234763852493
3334.50710086564	0.0023773213580209162
3336.56751906936	0.003174507576442208
3338.62736856401	0.00325839496085717
3340.68664960483	0.0026570483993313557
3342.74536244693	0.002531166109414761
3344.80350734528	0.003342282345263738
3346.86108455472	0.0023913538020536923
3348.91809432997	0.0026709784167674357
3350.97453692559	0.002223476606635466
3353.03041259603	0.002251439068104322
3355.08572159559	0.002740935783746318
3357.14046417844	0.0019577820093578027
3359.19464059863	0.003622009386574177
3361.24825111005	0.0016221300451096517
3363.30129596648	0.001426392814810871
3365.35377542155	0.00046143182756804946
3367.40568972878	0.002768898245215174
3369.45703914152	0.0021955141451582157
3371.507823913	0.002768898245215174
3373.55804429633	0.002754968227779094
3375.60770054446	0.0029367754406417947
3377.65679291024	0.0014823177377569774
3379.70532164635	0.003118582653496101
3381.75328700534	0.0023213964350832046
3383.80068923965	0.0026990433048329878
3385.84752860155	0.001748012335026246
3387.89380534321	0.0015382426606946893
3389.93951971664	0.0013005105248942766
3391.98467197371	0.0008950036202639391
3394.02926236618	0.0023213964350832046
3396.07329114566	0.00279686070668403
3398.1167585636	0.0026570483993313557
3400.15966487137	0.002419316263530943
3402.20201032014	0.0024052838194897723
3404.24379516099	0.0016361624891424278
3406.28501964484	0.002069734281838317
3408.3256840225	0.0023913538020536923
3410.3657885446	0.0019718144533905787
3412.40533346167	0.0017061198561213102
3414.44431902408	0.002279503956169874
3416.48274548209	0.0024892736305014308
3418.5206130858	0.000908933637700019
3420.55792208516	0.0015522751047274653
3422.59467273003	0.001370467891873159
3424.63086527009	0.0018039372579723525
3426.6664999549	0.0013145429689270527
3428.70157703386	0.0016501949331752038
3430.73609675628	0.0022934339736059538
3432.77005937129	0.001384397909309239
3434.80346512789	0.0011047732945954959
3436.83631427494	0.0020976967433155675
3438.86860706119	0.0026709784167674357
3440.90034373521	0.003594046925105321
3442.93152454546	0.0017900072405362725
3444.96214974025	0.002237509050668242
3446.99221956775	0.0016641249506112836
3449.021734276	0.0021116267607516476
3451.05069411289	0.0
3453.07909932619	0.002055701837805541
3455.1069501635	0.002223476606635466
3457.1342468723	0.0021675516836893597
3459.16098969993	0.0010768108331266398
3461.1871788936	0.002013706932303909
3463.21281470035	0.0014823177377569774
3465.23789736712	0.0016501949331752038
3467.26242714067	0.002251439068104322
3469.28640426765	0.0023213964350832046
3471.30982899455	0.0016361624891424278
3473.33270156774	0.0012025906964465382
3475.35502223343	0.0011466657735004317
3477.3767912377	0.0026290859378624997
3479.39800882649	0.0013564354478319885
3481.41867524559	0.0015522751047274653
3483.43879074066	0.0015941675836407957
3485.45835555721	0.0023493588965520606
3487.47736994062	0.0023773213580209162
3489.49583413611	0.0012306555845120902
3491.51374838879	0.0016781573946524542
3493.53111294359	0.0019857444708266587
3495.54792804533	0.0011327357560643517
3497.56419393867	0.0010068534661477574
3499.57991086814	0.0010627783890938638
