1000.07700129088	0.03522381710875718
1002.83416209528	0.03566416089170866
1005.59045264208	0.0394066607467861
1008.34587328813	0.03723665272692103
1011.10042439014	0.03803334097312043
1013.85410630472	0.03183773849875397
1016.60691938837	0.036219754198329596
1019.35886399746	0.03835835845058872
1022.10994048823	0.03631411906481263
1024.86014921684	0.037152730189037496
1027.60949053928	0.035559276914812386
1030.35796481149	0.03631411906481263
1033.10557238924	0.03457385893565321
1035.85231362819	0.035003683608191456
1038.5981888839	0.0383373970115697
1041.34319851182	0.03402870795762548
1044.08734286727	0.03566416089170866
1046.83062230544	0.03792853377805047
1049.57303718143	0.03736242136101001
1052.31458785021	0.038798625451713885
1055.05527466665	0.03754063198354399
1057.79509798549	0.04116788231495197
1060.53405816134	0.03706888443298027
1063.27215554874	0.038400281328614186
1066.00939050209	0.03976308199185404
1068.74576337565	0.03649232968734661
1071.48127452361	0.03598910158734434
1074.21592430002	0.03965827479678408
1076.94971305882	0.04075901908143275
1079.68264115384	0.03793897610664368
1082.41470893879	0.036408407149463064
1085.14591676728	0.036513291126359336
1087.8762649928	0.04115736320453244
1090.60575396871	0.038138148168196676
1093.33438404827	0.03977360110227986
1096.06215558464	0.03878810634129436
1098.78906893086	0.03913408525776909
1101.51512443981	0.03930185355171615
1104.24032246435	0.04050740503143476
1106.96466335716	0.03807526385115219
1109.68814747081	0.040234829542417756
1112.41077515779	0.038295397351717914
1115.13254677044	0.036618098321429295
1117.85346266104	0.03937518019734755
1120.57352318169	0.03646084913790806
1123.29272868445	0.03998321549241977
1126.01107952121	0.03891395175720966
1128.72857604378	0.04060176989791151
1131.44521860385	0.04168155274354744
1134.16100755301	0.03805430241213945
1136.87594324271	0.04108395977706843
1139.59002602433	0.040025138370451525
1142.3032562491	0.04082190339847724
1145.01563426818	0.04213233885509842
1147.72716043257	0.044658768120031424
1150.43783509322	0.04269837449031256
1153.14765860091	0.04512007334200193
1155.85663130634	0.04386207987383203
1158.56475356012	0.04498378559749343
1161.27202571271	0.04417657824087451
1163.97844811448	0.04125172807100919
1166.68402111569	0.04287658511284653
1169.38874506649	0.04454344181453565
1172.09262031694	0.043400774651861526
1174.79564721695	0.04603208789369081
1177.49782611635	0.04667160373819528
1180.19915736486	0.04558130178213982
1182.89964131208	0.04563374377059111
1185.59927830751	0.04572810863706785
1188.29806870054	0.05095925457130045
1190.99601284046	0.0441136171420037
1193.69311107643	0.048002923852002874
1196.38936375753	0.04323308313974708
1199.08477123271	0.04898834183116206
1201.77933385082	0.048223057352568606
1204.47305196061	0.045990165015665344
1207.1659259107	0.04995279837130222
1209.85795604964	0.05026729673834469
1212.54914272585	0.04877872744101586
1215.23948628763	0.048390825646509365
1217.92898708319	0.0492714364305923
1220.61764546064	0.05116886896144036
1223.30546176798	0.05120034951087891
1225.99243635308	0.04890449607510484
1228.67856956373	0.05043506503228545
1231.36386174761	0.051410040682851425
1234.04831325228	0.04963830000425974
1236.73192442522	0.05089629347242964
1239.41469561377	0.050183450982287464
1242.09662716519	0.05062379476524524
1244.77771942662	0.051808384805951124
1247.45797274511	0.052605073052150515
1250.13738746759	0.052175325161438586
1252.81596394089	0.05370581733679918
1255.49370251175	0.053401838080176234
1258.17060352676	0.05384210508130139
1260.84666733246	0.05602263221158599
1263.52189427525	0.0528462447735553
1266.19628470144	0.05435577550989686
1268.86983895722	0.052867206212568026
1271.5425573887	0.05760564315721788
1274.21444034186	0.05278328367468449
1276.8854881626	0.056232323383558505
1279.55570119671	0.05426148742524643
1282.22507978985	0.055246905404399325
1284.89362428759	0.05671451326271543
1287.56133503543	0.058947482381445
1290.22821237872	0.062522290724408
1292.89425666274	0.060802992034267596
1295.55946823263	0.060844991694125675
1298.22384743346	0.06137962356172758
1300.88739461019	0.05890555950341954
1303.55011010766	0.06123281670679955
1306.21199427063	0.05777333466933233
1308.87304744373	0.058632984014402534
1311.53326997152	0.05999578467764868
1314.19266219843	0.06100224087764691
1316.8512244688	0.06325609465356291
1319.50895712687	0.05864350312482835
1322.16586051676	0.05812975591440656
1324.82193498252	0.061222374378206344
1327.47718086806	0.06150539219581656
1330.1315985172	0.05926198074848748
1332.78518827369	0.063046480263423
1335.43795048114	0.0623860029798995
1338.08988548307	0.05910473156496624
1340.74099362289	0.05963936343257444
1343.39127524392	0.06593984988384347
1346.04073068939	0.06261665559088475
1348.6893603024	0.06374880364313935
1351.33716442597	0.06352867014257992
1353.98414340301	0.06452460723215234
1356.63029757632	0.06353918925299944
1359.27562728863	0.06075062682764263
1361.92013288252	0.06319321033651841
1364.56381470053	0.06022643728863393
1367.20667308505	0.05979661261609568
1369.84870837838	0.06389561049806738
1372.48992092274	0.061400585000746605
1375.13031106023	0.061851371112291297
1377.76987913284	0.06196669741778706
1380.40862548251	0.05777333466933233
1383.04655045101	0.06283678909145048
1385.68365438006	0.06257473271285928
1388.31993761126	0.05706049217919015
1390.95540048612	0.05955551767651722
1393.59004334605	0.060027265227080934
1396.22386653233	0.06223927290679778
1398.85687038619	0.0580773907077816
1401.48905524873	0.061096528962297336
1404.12042146094	0.06617050249482873
1406.75096936375	0.06408426344920085
1409.38069929796	0.06334001719144644
1412.00961160428	0.06335045952003965
1414.63770662332	0.061914255429335784
1417.26498469557	0.0630569225920162
1419.89144616146	0.06034176359412341
1422.51709136132	0.06474474073271806
1425.14192063532	0.06492295135525203
1427.76593432361	0.06469229874426677
1430.3891327662	0.06598177276187522
1433.01151630299	0.06562535151680099
1435.63308527382	0.06302551882440396
1438.2538400184	0.06429395462116708
1440.87378087637	0.06569875494426501
1443.49290818722	0.06911623732188045
1446.1112222904	0.06562535151680099
1448.72872352524	0.06761714891413209
1451.34541223097	0.06569875494426501
1453.96128874671	0.06526893027173306
1456.5763534115	0.06467133730525404
1459.19060656429	0.06774299433004109
1461.8040485439	0.0666317309349729
1464.41667968907	0.0651745654052563
1467.02850033846	0.0684872405877955
1469.63951083061	0.06462941442722858
1472.24971150397	0.06462941442722858
1474.8591026969	0.06548906377229878
1477.46768474763	0.07216693290765476
1480.07545799434	0.0657616392613095
1482.68242277508	0.06679949922891366
1485.28857942782	0.06768003323117029
1487.89392829042	0.0637173998755334
1490.49846970065	0.06578260070032223
1493.10220399619	0.0654261794552543
1495.70513151461	0.06519552684426903
1498.30725259339	0.06585600412778625
1500.90856756992	0.06531085314975851
1503.50907678146	0.06698815218004714
1506.10878056524	0.06830902996525523
1508.70767925832	0.06793164728117457
1511.30577319772	0.06591888844483074
1513.90306272032	0.06819370365976575
1516.49954816295	0.07091938176807808
1519.09522986229	0.06685186443553863
1521.69010815498	0.06705103649708534
1524.28418337751	0.07047911476694661
1526.87745586632	0.06742849596299862
1529.46992595773	0.06595029221243667
1532.06159398796	0.06823570331962384
1534.65246029316	0.07356121412032687
1537.24252520935	0.072324182091176
1539.83178907249	0.07035326935103133
1542.42025221841	0.0666317309349729
1545.00791498287	0.0719887222851145
1547.59477770152	0.06990248323948664
1550.18084070993	0.07195724173568224
1552.76610434356	0.0727225262142757
1555.35056893777	0.07216693290765476
1557.93423482785	0.07029038503399312
1560.51710234896	0.0768948507418851
1563.0991718362	0.07311042800878219
1565.68044362457	0.07588847132371318
1568.26091804893	0.0753013974676537
1570.84059544411	0.07624489256878111
1573.41947614481	0.07766013522047226
1575.99756048562	0.07514414828413246
1578.57484880108	0.0786245917606187
1581.15134142559	0.07771257720892354
1583.72703869349	0.07683196642484061
1586.301940939	0.07656991004624941
1588.87604849628	0.07717794534131533
1591.44936169934	0.0770311384863873
1594.02188088215	0.07863511087103824
1596.59360637855	0.08197926660300968
1599.16453852232	0.0845162149783685
1601.73467764709	0.09033443476865428
1604.30402408647	0.08955863117964132
1606.87257817391	0.08872002005541016
1609.44034024281	0.08662333868118278
1612.00731062644	0.08049062052385453
1614.57348965801	0.07966245172822288
1617.13887767062	0.08189542084695246
1619.70347499726	0.07958904830075886
1622.26728197086	0.07589891365230639
1624.83029892423	0.07821572852709319
1627.39252619012	0.07614008537371117
1629.95396410112	0.07892864779906797
1632.5146129898	0.08128738555188654
1635.07447318858	0.07903345499413793
1637.63354502984	0.07492401478357302
1640.19182884582	0.08029144846230783
1642.74932496868	0.07556345384625118
1645.3060337305	0.07650694894737861
1647.86195546325	0.07897057067709344
1650.41709049882	0.07859318799300648
1652.971439169	0.0753013974676537
1655.52500180548	0.07407488454892235
1658.07777873987	0.0739909620110388
1660.62977030368	0.07585699077427463
1663.18097682833	0.0797462974842801
1665.73139864514	0.07706261903582586
1668.28103608534	0.07691581218089782
1670.82988948008	0.07298458259286689
1673.37795916039	0.0763706612028701
1675.92524545724	0.0770206961577941
1678.47174870147	0.07792219159906974
1681.01746922386	0.07533287801709225
1683.56240735508	0.07779642296498077
1686.10656342572	0.07405392310990962
1688.64993776626	0.07393859680441384
1691.19253070709	0.07846734257709748
1693.73434257853	0.07356121412032687
1696.27537371078	0.07442078668357076
1698.81562443395	0.07187339597962503
1701.35509507809	0.07474580416103276
1703.89378597311	0.07403296167089059
1706.43169744886	0.07414821119456004
1708.96882983509	0.07349825302145607
1711.50518346144	0.07615052770230438
1714.0407586575	0.07645458374075365
1716.57555575272	0.0776182123424468
1719.10957507649	0.07811092133202324
1721.64281695809	0.08157040336949047
1724.17528172671	0.07817380564906773
1726.70696971146	0.07648598750835958
1729.23788124135	0.07717794534131533
1731.7680166453	0.07720934910892757
1734.29737625213	0.08071075402442025
1736.82596039057	0.08084704176892876
1739.35376938927	0.07745044404850603
1741.88080357677	0.0760981624956857
1744.40706328154	0.0790753778721634
1746.93254883193	0.07588847132371318
1749.45726055623	0.07673760155836386
1751.9811987826	0.0734458878148374
1754.50436383915	0.07770205809850401
1757.02675605387	0.07688440841329189
1759.54837575466	0.07309990889835637
1762.06922326934	0.07584654844568142
1764.58929892564	0.0792745499337164
1767.10860305118	0.07833105483258897
1769.6271359735	0.07727223342596577
1772.14489802005	0.07658035237484262
1774.66188951817	0.07976725892329284
1777.17811079515	0.07793271070948926
1779.69356217815	0.07937943391061267
1782.20824399425	0.07914878129962741
1784.72215657043	0.07792219159906974
1787.23530023361	0.07671664011934483
1789.74767531057	0.07767065433089808
1792.25928212804	0.07986162378976958
1794.77012101264	0.08088896464695423
1797.2801922909	0.07518607116216422
1799.78949628926	0.0776182123424468
1802.29803333406	0.07785930728202525
1804.80580375158	0.07445226723300931
1807.31280786797	0.07894960923808071
1809.81904600929	0.07713594568146355
1812.32451850154	0.07972533604526737
1814.82922567061	0.07707306136441906
1817.33316784231	0.0795471254227271
1819.83634534233	0.0786141494320255
1822.33875849629	0.0801341992787866
1824.84040762973	0.07713594568146355
1827.34129306808	0.07779642296498077
1829.84141513667	0.07855118833315469
1832.34077416077	0.0775657703539955
1834.83937046553	0.07630777688582562
1837.33720437602	0.0811930206854035
1839.83427621723	0.07627637311821966
1842.33058631404	0.07805847934357195
1844.82613499125	0.07382327049892436
1847.32092257355	0.07935839568977361
1849.81494938558	0.07768109665949129
1852.30821575184	0.0783520162716017
1854.80072199677	0.07677952443638933
1857.29246844473	0.07644406463033411
1859.78345541994	0.08418075517230701
1862.27368324658	0.07976725892329284
1864.76315224871	0.08323726007117958
1867.2518627503	0.07897057067709344
1869.73981507524	0.08100429095245
1872.22700954733	0.08031240990132056
1874.71344649027	0.07932699192216768
1877.19912622768	0.08072127313483979
1879.68404908308	0.08326866383879182
1882.16821537988	0.08160188391892902
1884.65162544145	0.0836565656332983
1887.13427959102	0.08222036154258815
1889.61617815175	0.0817276525530117
1892.0973214467	0.07977777803371236
1894.57770979887	0.08056402395131855
1897.05734353113	0.07918018506723964
1899.53622296628	0.08292276170413711
1902.014348427	0.0828598773870989
1904.49172023593	0.08340495158329403
1906.96833871558	0.07998739242385856
1909.44420418839	0.08126642411286751
1911.91931697668	0.0802809293518883
1914.39367740272	0.08305904944864562
1916.86728578865	0.08204215092005417
1919.34014245654	0.08274455108160314
1921.81224772838	0.08018664126723787
1924.28360192604	0.08325822151019861
1926.75420537132	0.07892864779906797
1929.22405838593	0.0839081796832963
1931.69316129147	0.08062690826836304
1934.16151440948	0.07893909012766118
1936.62911806136	0.08106717526949449
1939.09597256848	0.08230420729864536
1941.56207825207	0.08182201741948844
1944.0274354333	0.08103577150188226
1946.49204443322	0.08317437575414138
1948.95590557284	0.08034389045075911
1951.41901917301	0.08154944193047772
1953.88138555454	0.08631935942456613
1956.34300503813	0.08237761072610938
1958.8038779444	0.08036485188977184
1961.26400459387	0.081329308429912
1963.72338530697	0.08097288718484406
1966.18202040403	0.07944231822765715
1968.63991020531	0.0801446416073798
1971.09705503097	0.08110917492934627
1973.55345520107	0.08018664126723787
1976.0091110356	0.08011323783977387
1978.46402285444	0.08254537902005643
1980.91819097737	0.08122442445301573
1983.3716157241	0.07891812868864216
1985.82429741427	0.08248241792118563
1988.27623636736	0.08064786970737577
1990.72743290284	0.08008175729033531
1993.17788734002	0.0806688311463948
1995.62759999817	0.08082608032991603
1998.07657119644	0.08380337248822634
2000.5248012539	0.08232516873766439
2002.97229048952	0.08587901564160837
2005.41903922219	0.0831219337656901
2007.86504777071	0.0829856460211816
2010.31031645378	0.08691687560921253
2012.75484559	0.08379285337780051
2015.19863549792	0.08473634847892794
2017.64168649594	0.087430546037808
2020.08399890242	0.08387669913385774
2022.5255730356	0.08570080501907439
2024.96640921365	0.08904496075104584
2027.40650775462	0.0867596264256913
2029.84586897649	0.08653949292512557
2032.28449319715	0.08471538703991521
2034.72238073438	0.08775556351527
2037.15953190591	0.08880386581146738
2039.59594702932	0.08505084684597042
2042.03162642215	0.08557503638498541
2044.46657040182	0.08375093049977506
2046.90077928567	0.08519765370089845
2049.33425339095	0.0882167919554142
2051.76699303481	0.08847884833400538
2054.19899853433	0.08644512805864882
2056.63027020645	0.08379285337780051
2059.06080836809	0.08778696728287594
2061.49061333602	0.08839500257794816
2063.91968542694	0.08505084684597042
2066.34802495747	0.08577420844653841
2068.77563224411	0.08501936629653815
2071.20250760329	0.08586857331301516
2073.62865135136	0.08665481923062134
2076.05406380455	0.08878290437245465
2078.47874527901	0.08496700108991319
2080.9026960908	0.0858999770806211
2083.3259165559	0.08688539505978027
2085.74840699018	0.08861513607851389
2088.17016770944	0.08916028705654161
2090.59119902935	0.08794421646639718
2093.01150126553	0.08600486105752365
2095.43107473348	0.08814338852795017
2097.84991974864	0.08860469374992068
2100.26803662633	0.08671770354766584
2102.68542568178	0.09035539620766703
2105.10208723015	0.08576368933611259
2107.51802158648	0.09108920013682192
2109.93322906574	0.08803858133287393
2112.3477099828	0.08697975992625702
2114.76146465245	0.08607818770315506
2117.17449338937	0.08745150747682073
2119.58679650815	0.09257784621597707
2121.9983743233	0.08708464390315329
2124.40922714924	0.09129889130879444
2126.81935530029	0.0876926024163992
2129.22875909067	0.08943286254555233
2131.63743883452	0.08896111499498861
2134.04539484589	0.08951670830160956
2136.45262743874	0.09163435111484966
2138.85913692692	0.09009333982907583
2141.26492362422	0.09054412594062052
2143.6699878443	0.0862983979855471
2146.07432990076	0.087430546037808
2148.47795010708	0.09122548788133043
2150.88084877667	0.0891393256175226
2153.28302622285	0.09145614049231568
2155.68448275883	0.08842648312738041
2158.08521869774	0.09165531255386239
2160.48523435261	0.090533606830201
2162.88453003639	0.0878288901609077
2165.28310606193	0.08984172577907155
2167.68096274199	0.08987312954668379
2170.07810038922	0.08977884146203335
2172.47451931622	0.08900303787302037
2174.87021983546	0.08957959261865404
2177.26520225933	0.09124644932034316
2179.65946690013	0.0882167919554142
2182.05301407006	0.09281894115555554
2184.44584408123	0.0876926024163992
2186.83795724567	0.09254636566654482
2189.22935387531	0.09151902480936018
2191.62003428198	0.09300767088851533
2194.00999877743	0.08561695926301717
2196.39924767329	0.08598389961850464
2198.78778128115	0.0896739574851308
2201.17559991245	0.09200129147034342
2203.56270387857	0.09019814702414579
2205.94909349081	0.09209557955499384
2208.33476906033	0.09011430126808856
2210.71973089824	0.09018762791372625
2213.10397931554	0.09155050535879243
2215.48751462314	0.0945906050523209
2217.87033713186	0.09003037873020503
2220.25244715242	0.09108920013682192
2222.63384499546	0.08897163410540815
2225.01453097151	0.09001993640161182
2227.39450539101	0.09109971924724146
2229.77376856434	0.09057552970823275
2232.15232080173	0.09202225290935614
2234.53016241336	0.09010378215766904
2236.9072937093	0.09336409213358327
2239.28371499954	0.0928504217049941
2241.65942659396	0.08625639832569533
2244.03442880236	0.08951670830160956
2246.40872193443	0.094181818600628
2248.78230629979	0.08984172577907155
2251.15518220795	0.09375199392808975
2253.52734996835	0.09273509539949831
2255.89880989029	0.09071181745273496
2258.26956228301	0.09107875780822872
2260.63960745567	0.08697975992625702
2263.00894571731	0.0927875373879496
2265.37757737688	0.09077470176977945
2267.74550274324	0.0853653452130129
2270.11272212517	0.09046020340273697
2272.47923583134	0.08485167478442371
2274.84504417031	0.08976832235160753
2277.2101474506	0.090208589352739
2279.57454598058	0.09061745258625821
2281.93824006856	0.087556391453717
2284.30123002275	0.0890764413004844
2286.66351615125	0.0866338577916086
2289.02509876208	0.09169723543189415
2291.38597816317	0.09187544605442811
2293.74615466236	0.087682160087806
2296.10562856737	0.09326972726710651
2298.46440018585	0.08949574686259681
2300.82246982535	0.08900303787302037
2303.1798377933	0.09385680112315971
2305.5365043971	0.09157146679780516
2307.89246994399	0.08819583051639517
2310.24773474116	0.08725233541526774
2312.60229909566	0.09043924196372424
2314.95616331451	0.09250444278851307
2317.30932770456	0.08934901678949511
2319.66179257263	0.09073277889175399
2322.01355822542	0.09082714375823074
2324.36462496953	0.09258836532639661
2326.71499311146	0.08979980290104608
2329.06466295764	0.09121504555273723
2331.41363481439	0.09661388299907797
2333.76190898794	0.09395116598964275
2336.10948578441	0.09671876697598053
2338.45636550986	0.0917391583099196
2340.80254847022	0.09454868217428915
2343.14803497132	0.09204321434836887
2345.49282531895	0.08910784506809033
2347.83691981874	0.09293426746105131
2350.18031877626	0.09126741075935589
2352.52302249699	0.09151902480936018
2354.8650312863	0.09441239442978065
2357.20634544946	0.08837404113893543
2359.54696529166	0.09299715177808951
2361.88689111798	0.0885522517614694
2364.22612323341	0.09221090586048332
2366.56466194287	0.09289234458301955
2368.90250755114	0.09189640749344084
2371.23966036293	0.0935213413171045
2373.57612068286	0.0896739574851308
2375.91188881545	0.09103683493020326
2378.2469650651	0.09019814702414579
2380.58134973615	0.08798613934442893
2382.91504313282	0.0917391583099196
2385.24804555926	0.08943286254555233
2387.58035731949	0.09121504555273723
2389.91197871745	0.08945382398456507
2392.24291005701	0.08944338165597186
2394.57315164189	0.08777652495428273
2396.90270377577	0.09289234458301955
2399.23156676218	0.09158190912639837
2401.55974090461	0.09058604881865227
2403.88722650642	0.08906592219005857
2406.21402387086	0.08824827250484645
2408.54013330113	0.0891498447279484
2410.8655551003	0.08453717641738123
2413.19028957133	0.09178108118795136
2415.51433701713	0.08694835615865108
2417.83769774049	0.08723137397625501
2420.16037204408	0.08956915029006084
2422.48236023051	0.09273509539949831
2424.80366260228	0.08905547986146536
2427.12427946179	0.08903451842245264
2429.44421111134	0.09006185927963728
2431.76345785315	0.08778696728287594
2434.08201998932	0.09062797169667774
2436.39989782188	0.09183352317640266
2438.71709165273	0.08930709391146964
2441.0336017837	0.09056508737963954
2443.34942851653	0.0939825697572487
2445.66457215282	0.09368910961104526
2447.97903299412	0.0891393256175226
2450.29281134185	0.0894119011065396
2452.60590749736	0.08885630779991867
2454.91832176188	0.08910784506809033
2457.23005443656	0.09046020340273697
2459.54110582243	0.08691687560921253
2461.85147622045	0.08971588036316255
2464.16116593146	0.08662333868118278
2466.47017525621	0.08723137397625501
2468.77850449536	0.08674910731527177
2471.08615394947	0.09296574801048357
2473.39312391899	0.0901352627071013
2475.69941470429	0.09065937546428997
2478.00502660562	0.08810146564991841
2480.30995992316	0.08758779522132924
2482.61421495697	0.08653949292512557
2484.91779200702	0.08968447659555032
2487.22069137316	0.08997801352358006
2489.5229133552	0.09064893313569676
2491.8244582528	0.08982076434005883
2494.12532636553	0.09018762791372625
2496.42551799287	0.09018762791372625
2498.72503343421	0.090208589352739
2501.02387298882	0.09429706812429117
2503.32203695588	0.08608870681358088
2505.61952563449	0.09290286369343909
2507.91633932361	0.09259880765498982
2510.21247832216	0.0900723783900568
2512.50794292891	0.09130933363738765
2514.80273344255	0.09038687675709928
2517.09685016167	0.09317536240062978
2519.39029338476	0.09034487709724749
2521.68306341022	0.09006185927963728
2523.97516053634	0.09049168395217552
2526.26658506132	0.09396160831823595
2528.55733728325	0.09299715177808951
2530.84741750012	0.08935945911808832
2533.13682600984	0.09177063885935816
2535.4255631102	0.09264073053302158
2537.7136290989	0.09632034607105452
2540.00102427354	0.09046020340273697
2542.28774893162	0.09073277889175399
2544.57380337053	0.09130933363738765
2546.85918788758	0.09196981092090487
2549.14390277997	0.09038687675709928
2551.4279483448	0.09437047155175518
2553.71132487906	0.09025058901259707
2555.99403267966	0.09201173379893662
2558.27607204341	0.0894223434351328
2560.55744326699	0.09485273821273842
2562.83814664702	0.0937833976956957
2565.11818247999	0.09008282071865001
2567.3975510623	0.09035539620766703
2569.67625269025	0.09149806337034115
2571.95428766003	0.08981024522963929
2574.23165626776	0.09178108118795136
2576.50835880942	0.08877238526203513
2578.78439558093	0.08627735976470806
2581.05976687806	0.09042879963513104
2583.33447299652	0.0878288901609077
2585.60851423191	0.08541778720146417
2587.88189087972	0.08817486907738244
2590.15460323534	0.08972639947358207
2592.42665159406	0.09213757921485191
2594.69803625108	0.08955863117964132
2596.9687575015	0.09476881567485487
2599.23881564029	0.08985216810766476
2601.50821096235	0.08916028705654161
2603.77694376245	0.0874934303548462
2606.0450143353	0.08876194293344192
2608.31242297548	0.0896739574851308
2610.57916997746	0.0897473609125948
2612.84525563562	0.09046020340273697
2615.11068024426	0.09052308771978147
2617.37544409753	0.08746202658724025
2619.63954748952	0.08792325502738445
2621.90299071421	0.0891393256175226
2624.16577406546	0.09050212628076873
2626.42789783705	0.08977884146203335
2628.68936232264	0.08679110697512984
2630.9501678158	0.09170775454231367
2633.21031460999	0.09215854065386465
2635.46980299857	0.08719989342682274
2637.72863327481	0.08380337248822634
2639.98680573185	0.08716848965921052
2642.24432066276	0.08996749441316053
2644.50117836048	0.08588953475202789
2646.75737911786	0.0837824110492073
2649.01292322765	0.08874098149442289
2651.26781098249	0.08574272789709986
2653.52204267492	0.0827969162882281
2655.77561859738	0.0870950862317465
2658.0285390422	0.08388721824428355
2660.28080430161	0.08672814587625904
2662.53241466774	0.08717893198780373
2664.78337043263	0.0890135569834399
2667.03367188817	0.0876297180993547
2669.2833193262	0.08472590615033473
2671.53231303844	0.08702168280428249
2673.78065331648	0.09017718558513306
2676.02834045184	0.0866338577916086
2678.27537473592	0.08671770354766584
2680.52175646002	0.08487263622343645
2682.76748591535	0.08547015240808914
2685.01256339298	0.08824827250484645
2687.25698918391	0.08407587119541074
2689.50076357901	0.0853653452130129
2691.74388686909	0.08827967627245238
2693.9863593448	0.08356220076681527
2696.22818129672	0.08305904944864562
2698.46935301532	0.08851032888343764
2700.70987479096	0.08425415859977102
2702.94974691389	0.0827864739596349
2705.18896967428	0.08513469260202763
2707.42754336216	0.0836461233047051
2709.66546826749	0.080731715463433
2711.90274468011	0.08174861399202443
2714.13937288974	0.08100429095245
2716.37535318602	0.08579516988555114
2718.61068585848	0.07976725892329284
2720.84537119652	0.07932699192216768
2723.07940948947	0.08269210909315186
2725.31280102654	0.08148655761343324
2727.54554609682	0.0797462974842801
2729.77764498933	0.0786245917606187
2732.00909799294	0.0801341992787866
2734.23990539644	0.07688440841329189
2736.47006748853	0.07790123016005071
2738.69958455777	0.07897057067709344
2740.92845689263	0.07796419125892153
2743.15668478147	0.08306949177723882
2745.38426851257	0.07833105483258897
2747.61120837406	0.0769682541693491
2749.83750465399	0.07791174927047653
2752.0631576403	0.08035433277935232
2754.28816762083	0.07947372199526309
2756.51253488329	0.07538524322371092
2758.73625971532	0.07692633129131736
2760.95934240442	0.07572070302977242
2763.18178323801	0.07593039420173865
2765.40358250338	0.07521755171159647
2767.62474048773	0.07357165644892008
2769.84525747814	0.07713594568146355
2772.06513376159	0.07630777688582562
2774.28436962496	0.07436842147695209
2776.50296535501	0.0741796917439923
2778.7209212384	0.07485061135610901
2780.93823756168	0.07525947458962823
2783.15491461129	0.07340396493680564
2785.37095267358	0.07837297771061442
2787.58635203477	0.0772198682193471
2789.80111298097	0.07454663209948606
2792.01523579822	0.07303702458131818
2794.2287207724	0.07803751790455922
2796.44156818932	0.07591995187314544
2798.65377833468	0.07465143929455602
2800.86535149404	0.0752385131506155
2803.07628795289	0.07619245058033614
2805.28658799659	0.07544820432258173
2807.4962519104	0.0727225262142757
2809.70527997946	0.07631829599624514
2811.91367248883	0.07025898126638089
2814.12142972342	0.07305798602033091
2816.32855196807	0.07363454076596457
2818.53503950749	0.07132824500159729
2820.74089262628	0.07439982524455803
2822.94611160894	0.07363454076596457
2825.15069673987	0.07103470807356756
2827.35464830333	0.0709299008784976
2829.55796658351	0.07346684925385014
2831.76065186445	0.06780587864708558
2833.96270443012	0.0723870664082142
2836.16412456437	0.0733200423989221
2838.3649125509	0.07199916461370771
2840.56506867336	0.07150645562413127
2842.76459321526	0.07249187360329044
2844.96348645999	0.07030090414441265
2847.16174869086	0.07044763421751436
2849.35938019105	0.07078309402356957
2851.55638124363	0.0731837546544136
2853.75275213157	0.07542716610174267
2855.94849313772	0.07306842834892412
2858.14360454483	0.07322567753244535
2860.33808663553	0.07162178192962704
2862.53193969234	0.07105566951258029
2864.72516399768	0.07408532687751555
2866.91775983385	0.07251283504230319
2869.10972748304	0.07246046983567822
2871.30106722733	0.07215641379722895
2873.4917793487	0.0727225262142757
2875.68186412899	0.06926304417680848
2877.87132184997	0.07360313699835863
2880.06015279325	0.0751126677347002
2882.24835724039	0.07334100383793483
2884.43593547278	0.07058392196201657
2886.62288777173	0.07560545350610297
2888.80921441843	0.07241847017582644
2890.99491569397	0.07420065318300503
2893.1799918793	0.07352973357089462
2895.36444325529	0.0727749682027207
2897.54827010269	0.07104522718398708
2899.73147270213	0.07498689910061122
2901.91405133412	0.07405392310990962
2904.09600627909	0.07099278519554209
2906.27733781731	0.07111855382962477
2908.45804622899	0.07604572050723442
2910.63813179418	0.07012269352187868
2912.81759479286	0.07283785251976518
2914.99643550486	0.07141209075765452
2917.17465420994	0.0713386873301905
2919.3522511877	0.07486113046652854
2921.52922671765	0.07431597948850081
2923.7055810792	0.07270156477525667
2925.88131455162	0.07157985905159528
2928.05642741408	0.07284829484835839
2930.23091994566	0.07247091216427143
2932.40479242528	0.07432642181709402
2934.57804513178	0.07370794419342859
2936.75067834387	0.07253379648131592
2938.92269234017	0.07604572050723442
2941.09408739916	0.07363454076596457
2943.26486379921	0.07606668194624715
2945.4350218186	0.07406436543850282
2947.60456173546	0.07606668194624715
2949.77348382783	0.07393859680441384
2951.94178837363	0.07131772589117777
2954.10947565068	0.07236610496920147
2956.27654593666	0.06791068584215554
2958.44299950915	0.06826710708722977
2960.60883664562	0.07153793617356982
2962.77405762341	0.0723975087368074
2964.93866271975	0.07303702458131818
2967.10265221178	0.07037423079005034
2969.26602637648	0.06850820202680823
2971.42878549076	0.06814133845314078
2973.59092983139	0.06607613762835197
2975.75245967501	0.07103470807356756
2977.9133752982	0.0706677677180738
2980.07367697736	0.07190479974723096
2982.23336498882	0.0670929593751171
2984.39243960877	0.06812037701412806
2986.5509011133	0.06544714089426702
2988.70874977837	0.06780587864708558
2990.86598587984	0.06448268435412687
2993.02260969344	0.06580356213934126
2995.17862149478	0.06721880479103239
2997.33402155938	0.06804697358666405
2999.48881016262	0.06352867014257992
3001.64298757978	0.06665269237398563
3003.796554086	0.06505923909976054
3005.94950995633	0.06074010771722311
3008.10185546569	0.06325609465356291
3010.25359088888	0.06402137913215636
3012.40471650059	0.0641786283156776
3014.5552325754	0.06432543517060563
3016.70513938776	0.061107048072716864
3018.85443721201	0.06440928092666286
3021.00312632236	0.061861813440884504
3023.15120699292	0.06263761702989748
3025.29867949769	0.06327705609257564
3027.44554411052	0.05939826849299599
3029.59180110516	0.06142154643975934
3031.73745075527	0.062050543173844286
3033.88249333434	0.060802992034267596
3036.02692911578	0.05974424740947701
3038.17075837287	0.06309884547004167
3040.31398137877	0.05899992436989629
3042.45659840653	0.06314076834807343
3044.59860972907	0.062186830918352795
3046.7400156192	0.05739595198525166
3048.88081634961	0.06088691457215114
3051.02101219287	0.05950307568806594
3053.16060342144	0.06253273305300121
3055.29959030765	0.05848625394130711
3057.43797312371	0.05754275884017969
3059.57575214172	0.059062808686940776
3061.71292763366	0.058926520942432274
3063.84949987139	0.056745993812147684
3065.98546912665	0.05859106113637706
3068.12083567105	0.05545651979454552
3070.2555997761	0.05898940525947676
3072.38976171319	0.05705004985059695
3074.52332175356	0.05535171259947557
3076.65628016837	0.055571846100035
3078.78863722863	0.054607389559894845
3080.92039320526	0.05566621096651805
3083.05154836902	0.05682983956820491
3085.1821029906	0.053391318969756706
3087.31205734051	0.054984772243981815
3089.44141168921	0.0517245390498939
3091.57016630696	0.055037214232433095
3093.69832146398	0.05303489772468247
3095.82587743032	0.05224865180707629
3097.9528344759	0.05376877843566999
3100.07919287056	0.05136804102299335
3102.204952884	0.05624276571215171
3104.33011478579	0.0533808766411635
3106.45467884538	0.05266803415102133
3108.57864533212	0.0525212272960933
3110.70201451522	0.05348568383623346
3112.82478666378	0.05085437059439788
3114.94696204676	0.04912462957566427
3117.06854093301	0.053538125824684736
3119.18952359127	0.0532550312252482
3121.30991029013	0.04983754884763905
3123.4297012981	0.0496068962366538
3125.54889688352	0.04764650260693493
3127.66749731464	0.050969696899893654
3129.78550285957	0.05287764854116123
3131.90291378633	0.053297030885106275
3134.01973036277	0.04616837563819931
3136.13595285665	0.04856903626904334
3138.2515815356	0.04885205408665355
3140.36661666714	0.0439040027518575
3142.48105851863	0.04721667793439669
3144.59490735734	0.049177071564115556
3146.70816345041	0.044868459291997655
3148.82082706486	0.04670300750580751
3150.93289846758	0.0433169288958043
3153.04437792532	0.046388509138765036
3155.15526570475	0.04521436142665236
3157.26556207238	0.04441767318045296
3159.37526729461	0.04328544834636575
3161.48438163771	0.04236291468425106
3163.59290536784	0.0441136171420037
3165.70083875102	0.044512038046929714
3167.80818205315	0.04306531484580003
3169.91493554002	0.040958191142985746
3172.02109947727	0.043012872857355035
3174.12667413044	0.04442811550904617
3176.23165976493	0.04100011402101121
3178.33605664602	0.04560226322115885
3180.43986503887	0.038442204206645944
3182.54308520852	0.04179687904903692
3184.64571741986	0.042058935427634406
3186.74776193769	0.041031594570449754
3188.84921902664	0.04190168624411317
3190.95008895128	0.041933090011719104
3193.05037197599	0.04045496304298348
3195.15006836504	0.042572605856223585
3197.24917838262	0.0410629983380557
3199.34770229274	0.042457279550734105
3201.44564035931	0.03842124276762692
3203.5429928461	0.04051784736002797
3205.63976001677	0.0428556236738338
3207.73594213484	0.042677413051293536
3209.83153946372	0.04175487938918514
3211.92655226669	0.04021386810340502
3214.02098080688	0.039228450124252134
3216.11482534732	0.042415356672702346
3218.20808615091	0.03815910960720941
3220.30076348041	0.039846927747911265
3222.39285759847	0.038966393745654644
3224.4843687676	0.038347839340162906
3226.57529725019	0.03688015470002678
3228.66564330851	0.03798089898467544
3230.75540720468	0.037697881167065225
3232.8445892007	0.03800186042368817
3234.93318955847	0.03932281499072888
3237.02120853974	0.038924394085802866
3239.10864640612	0.04036059817650673
3241.19550341911	0.03832687790115017
3243.28177984009	0.03619879275931686
3245.36747593029	0.0361673122098846
3247.45259195083	0.0362301965269228
3249.53712816268	0.03357792184608079
3251.62108482672	0.03608346645382738
3253.70446220366	0.03300136710044083
3255.78726055411	0.03412307282410852
3257.86948013853	0.035454469719742435
3259.95112121728	0.03343119177297908
3262.03218405055	0.033273942589457844
3264.11266889845	0.032194159743821914
3266.19257602092	0.03288604079495135
3268.27190567779	0.0298669025404419
3270.35065812876	0.031743373632270935
3272.4288336334	0.03304328997847259
3274.50643245114	0.03255058098889615
3276.5834548413	0.03419647625157254
3278.65990106305	0.03315861628396207
3280.73577137545	0.02989830630804784
3282.81106603742	0.03304328997847259
3284.88578530774	0.032194159743821914
3286.95992944508	0.03440616742353876
3289.03349870796	0.029762018563539334
3291.1064933548	0.0333054231388901
3293.17891364384	0.029992671174524588
3295.25075983324	0.029741057124526602
3297.322032181	0.03170145075424547
3299.39273094501	0.031177261215230474
3301.462856383	0.03020236234649711
3303.53240875259	0.028839484901424645
3305.60138831128	0.0302652466635416
3307.6697953164	0.030611148798190012
3309.73763002519	0.03262398441636016
3311.80489269472	0.03216267919438966
3313.87158358198	0.02660659256452138
3315.93770294378	0.02736135793269531
3318.00325103681	0.026921090931563856
3320.06822811764	0.028587947633252977
3322.13263444272	0.028420179339312214
3324.19647026832	0.031345029509171236
3326.25973585064	0.030464418725088302
3328.32243144568	0.028839484901424645
3330.38455730938	0.02729847361565082
3332.44611369749	0.029153983268467118
3334.50710086564	0.028357295022267723
3336.56751906936	0.025558213486497682
3338.62736856401	0.02626061364804665
3340.68664960483	0.02839921790029948
3342.74536244693	0.025526809718885452
3344.80350734528	0.02902821463438443
3346.86108455472	0.026721918870017153
3348.91809432997	0.0223818260484607
3350.97453692559	0.024981658740857723
3353.03041259603	0.025788866097482935
3355.08572159559	0.025495329169453195
3357.14046417844	0.022937419355081638
3359.19464059863	0.025820346646915193
3361.24825111005	0.02406964418916885
3363.30129596648	0.02242374892649246
3365.35377542155	0.02045291296818039
3367.40568972878	0.02409060562818158
3369.45703914152	0.02350353177212839
3371.507823913	0.020977025725362773
3373.55804429633	0.022769727842967193
3375.60770054446	0.019509417867052965
3377.65679291024	0.02272772818311541
3379.70532164635	0.019352168683531727
3381.75328700534	0.021165755458322562
3383.80068923965	0.019813397123675913
3385.84752860155	0.019635186501135653
3387.89380534321	0.017842561165363844
3389.93951971664	0.019624744172542445
3391.98467197371	0.017255487309304356
3394.02926236618	0.02176327164296896
3396.07329114566	0.019090035523107923
3398.1167585636	0.017748196298880803
3400.15966487137	0.019739993696211898
3402.20201032014	0.020798815102828803
3404.24379516099	0.017674792871416788
3406.28501964484	0.017559466565927308
3408.3256840225	0.01683618174719193
3410.3657885446	0.01913195840113968
3412.40533346167	0.01841911591099751
3414.44431902408	0.01494919154493708
3416.48274548209	0.015955570963108994
3418.5206130858	0.015536265400990271
3420.55792208516	0.015525746290570746
3422.59467273003	0.016133781585642964
3424.63086527009	0.0170143923697259
3426.6664999549	0.013167008537752186
3428.70157703386	0.017171641553247137
3430.73609675628	0.011175211140427382
3432.77005937129	0.013764524722404877
3434.80346512789	0.011909015069582286
3436.83631427494	0.013995177333390129
3438.86860706119	0.017863522604376576
3440.90034373521	0.01336618059930518
3442.93152454546	0.012244474875637493
3444.96214974025	0.00965508451183368
3446.99221956775	0.014561289750430589
3449.021734276	0.011804207874512331
3451.05069411289	0.008093111787047124
3453.07909932619	0.009948621439863421
3455.1069501635	0.01028408124591863
3457.1342468723	0.00999054431789518
3459.16098969993	0.009791372256342185
3461.1871788936	0.006667350024930169
3463.21281470035	0.010336523234369913
3465.23789736712	0.009036606888174547
3467.26242714067	0.00999054431789518
3469.28640426765	0.006562542829860214
3471.30982899455	0.005692451156196805
3473.33270156774	0.005776296912254027
3475.35502223343	0.006185160145773249
3477.3767912377	0.006887560307322214
3479.39800882649	0.005126338739156345
3481.41867524559	0.007065770929862477
3483.43879074066	0.0064891394023961985
3485.45835555721	0.00418284363802892
3487.47736994062	0.0031659451094374806
3489.49583413611	0.004098997881971698
3491.51374838879	0.004098997881971698
3493.53111294359	0.0027676009863377834
3495.54792804533	0.0010693405170364295
3497.56419393867	0.0006918810511231468
3499.57991086814	0.0
