1000.07700129088	0.03879283871617084
1002.83416209528	0.03745471367055083
1005.59045264208	0.03767135626477911
1008.34587328813	0.03555589406933184
1011.10042439014	0.03564503395623157
1013.85410630472	0.035606857816190336
1016.60691938837	0.034574608591892125
1019.35886399746	0.03660083756024587
1022.10994048823	0.03499510617353908
1024.86014921684	0.03252280440991151
1027.60949053928	0.036817573494667945
1030.35796481149	0.034880391073020135
1033.10557238924	0.03505885752720718
1035.85231362819	0.034090266316383275
1038.5981888839	0.0329306077249503
1041.34319851182	0.034791251186120406
1044.08734286727	0.03561955208280615
1046.83062230544	0.03533925147510356
1049.57303718143	0.03341485666026536
1052.31458785021	0.031477767578803696
1055.05527466665	0.031694410173039624
1057.79509798549	0.03507155179382299
1060.53405816134	0.0363969825728272
1063.27215554874	0.03525001824801004
1066.00939050209	0.03490596628663935
1068.74576337565	0.03490596628663935
1071.48127452361	0.03665189464729816
1074.21592430002	0.03437066026427966
1076.94971305882	0.035874464157269456
1079.68264115384	0.03402660830290897
1082.41470893879	0.035925427904127956
1085.14591676728	0.034969624300113654
1087.8762649928	0.031222855504340383
1090.60575396871	0.03145228570537827
1093.33438404827	0.0338226599752965
1096.06215558464	0.0331089808389359
1098.78906893086	0.03290512585151723
1101.51512443981	0.03517357262772612
1104.24032246435	0.03485490919959471
1106.96466335716	0.03324917781288792
1109.68814747081	0.034306908910611555
1112.41077515779	0.03393737507581544
1115.13254677044	0.033835447582106104
1117.85346266104	0.03198749838755182
1120.57352318169	0.035798018536993194
1123.29272868445	0.03583619467703443
1126.01107952121	0.03460009046531754
1128.72857604378	0.033529571760784305
1131.44521860385	0.035504930322481
1134.16100755301	0.033211001672846685
1136.87594324271	0.03423046329032764
1139.59002602433	0.03230616181568323
1142.3032562491	0.03266300138386353
1145.01563426818	0.0338226599752965
1147.72716043257	0.036129376231740416
1150.43783509322	0.03640967683944301
1153.14765860091	0.03667737652072357
1155.85663130634	0.036906713381567674
1158.56475356012	0.03289233824470762
1161.27202571271	0.03588725176408672
1163.97844811448	0.034306908910611555
1166.68402111569	0.03434517839084658
1169.38874506649	0.03499510617353908
1172.09262031694	0.03510982127405802
1174.79564721695	0.034064784442950205
1177.49782611635	0.035453873235428715
1180.19915736486	0.035606857816190336
1182.89964131208	0.03693219525499309
1185.59927830751	0.03804098343976901
1188.29806870054	0.03137584008509436
1190.99601284046	0.03549214271566374
1193.69311107643	0.033172732192604006
1196.38936375753	0.03372073248158716
1199.08477123271	0.03361880498787782
1201.77933385082	0.03360601738106822
1204.47305196061	0.03605293061145651
1207.1659259107	0.03392458746900584
1209.85795604964	0.034154017670043724
1212.54914272585	0.03660083756024587
1215.23948628763	0.03559407020937308
1217.92898708319	0.034217769023711826
1220.61764546064	0.037633180124737875
1223.30546176798	0.03300705334522657
1225.99243635308	0.03632053695254328
1228.67856956373	0.03598917925779605
1231.36386174761	0.0345491267184667
1234.04831325228	0.03347860801392581
1236.73192442522	0.03402660830290897
1239.41469561377	0.03186008902040941
1242.09662716519	0.033172732192604006
1244.77771942662	0.03414132340342791
1247.45797274511	0.03300705334522657
1250.13738746759	0.03360601738106822
1252.81596394089	0.0350205880469645
1255.49370251175	0.034663748478791855
1258.17060352676	0.03589994603070253
1260.84666733246	0.03661362516705548
1263.52189427525	0.035135303147491095
1266.19628470144	0.031732679653274656
1268.86983895722	0.03426873277057032
1271.5425573887	0.03494414242668824
1274.21444034186	0.03646073392649529
1276.8854881626	0.034536339111649446
1279.55570119671	0.03461278473193336
1282.22507978985	0.03629505507911786
1284.89362428759	0.03531376960167814
1287.56133503543	0.03708517983575472
1290.22821237872	0.03860167799536798
1292.89425666274	0.03748019554397625
1295.55946823263	0.039073232664067224
1298.22384743346	0.03807915957981025
1300.88739461019	0.035351945741719376
1303.55011010766	0.038244838427187684
1306.21199427063	0.033848141848721924
1308.87304744373	0.035453873235428715
1311.53326997152	0.036549873813387375
1314.19266219843	0.03536473334852898
1316.8512244688	0.038461481021415965
1319.50895712687	0.03723807107632255
1322.16586051676	0.03791348073244046
1324.82193498252	0.035976391650978795
1327.47718086806	0.035976391650978795
1330.1315985172	0.03471480556583649
1332.78518827369	0.033211001672846685
1335.43795048114	0.03600187352441187
1338.08988548307	0.039187947764586166
1340.74099362289	0.036244091332259365
1343.39127524392	0.03525001824801004
1346.04073068939	0.035186266894341935
1348.6893603024	0.03962123295305038
1351.33716442597	0.03335110530659726
1353.98414340301	0.03330014155973877
1356.63029757632	0.034791251186120406
1359.27562728863	0.03581071280360901
1361.92013288252	0.03595090977755337
1364.56381470053	0.034306908910611555
1367.20667308505	0.033733426748202976
1369.84870837838	0.03593821551093756
1372.48992092274	0.030407248874270452
1375.13031106023	0.033759001961822195
1377.76987913284	0.03143949809856866
1380.40862548251	0.0344853753647986
1383.04655045101	0.03460009046531754
1385.68365438006	0.034472587757989
1388.31993761126	0.033121768445753166
1390.95540048612	0.03165623403299074
1393.59004334605	0.03493144816007242
1396.22386653233	0.03582350041041862
1398.85687038619	0.03546666084223832
1401.48905524873	0.03476576931269498
1404.12042146094	0.03527550012143546
1406.75096936375	0.03621851611864015
1409.38069929796	0.037633180124737875
1412.00961160428	0.032956089598375725
1414.63770662332	0.03510982127405802
1417.26498469557	0.03152873132566219
1419.89144616146	0.03510982127405802
1422.51709136132	0.03215317723492161
1425.14192063532	0.03133757060485933
1427.76593432361	0.03471480556583649
1430.3891327662	0.036588143293630054
1433.01151630299	0.034001126429483546
1435.63308527382	0.0366391070404809
1438.2538400184	0.03642246444625261
1440.87378087637	0.03596369738436298
1443.49290818722	0.037467501277360434
1446.1112222904	0.036180339978598916
1448.72872352524	0.03553041219590642
1451.34541223097	0.03778607136529805
1453.96128874671	0.03699594660866119
1456.5763534115	0.03941728462543027
1459.19060656429	0.035351945741719376
1461.8040485439	0.03874187496931235
1464.41667968907	0.03791348073244046
1467.02850033846	0.03595090977755337
1469.63951083061	0.03865264174221883
1472.24971150397	0.036843055368101015
1474.8591026969	0.03561955208280615
1477.46768474763	0.03528828772824507
1480.07545799434	0.03596369738436298
1482.68242277508	0.03561955208280615
1485.28857942782	0.036804785887858335
1487.89392829042	0.033491302280541625
1490.49846970065	0.03395016268262505
1493.10220399619	0.03443441161794011
1495.70513151461	0.03393737507581544
1498.30725259339	0.03370794487477755
1500.90856756992	0.034357965997663845
1503.50907678146	0.03620582185202433
1506.10878056524	0.03718710732946405
1508.70767925832	0.03443441161794011
1511.30577319772	0.0350843394006326
1513.90306272032	0.0341922871502864
1516.49954816295	0.037684143871588714
1519.09522986229	0.03516078502091652
1521.69010815498	0.03677930401443291
1524.28418337751	0.03620582185202433
1526.87745586632	0.0341285357966183
1529.46992595773	0.03578523093017594
1532.06159398796	0.036702858394148996
1534.65246029316	0.03495693003349784
1537.24252520935	0.033644286861303246
1539.83178907249	0.03581071280360901
1542.42025221841	0.03490596628663935
1545.00791498287	0.03753115929083475
1547.59477770152	0.03753115929083475
1550.18084070993	0.03764587439135369
1552.76610434356	0.036103894358315
1555.35056893777	0.032815892624423706
1557.93423482785	0.038091947186627506
1560.51710234896	0.03589994603070253
1563.0991718362	0.03628226747230825
1565.68044362457	0.03445989349137318
1568.26091804893	0.038831108196405874
1570.84059544411	0.035186266894341935
1573.41947614481	0.03665189464729816
1575.99756048562	0.03541569709538748
1578.57484880108	0.03839782300794931
1581.15134142559	0.03619303424521473
1583.72703869349	0.0363969825728272
1586.301940939	0.036129376231740416
1588.87604849628	0.03691950098837728
1591.44936169934	0.03708517983575472
1594.02188088215	0.03946824837228876
1596.59360637855	0.03911150214430226
1599.16453852232	0.040780891544483354
1601.73467764709	0.045254127083426826
1604.30402408647	0.044285535872595275
1606.87257817391	0.04437476909968879
1609.44034024281	0.04159659151473943
1612.00731062644	0.03948103597909836
1614.57348965801	0.038410517274565126
1617.13887767062	0.036447946319678036
1619.70347499726	0.03858898372875217
1622.26728197086	0.03640967683944301
1624.83029892423	0.0370087342154708
1627.39252619012	0.03694498286181035
1629.95396410112	0.04019471511545896
1632.5146129898	0.038818320589596264
1635.07447318858	0.041316197566843044
1637.63354502984	0.03725085868313215
1640.19182884582	0.038410517274565126
1642.74932496868	0.03911150214430226
1645.3060337305	0.035199054501151544
1647.86195546325	0.03765866199816329
1650.41709049882	0.03573426718332509
1652.971439169	0.035696091043283855
1655.52500180548	0.03754394689764435
1658.07777873987	0.03722537680970673
1660.62977030368	0.03438344787108926
1663.18097682833	0.03731451669659881
1665.73139864514	0.03821935655376227
1668.28103608534	0.04098483987209582
1670.82988948008	0.038091947186627506
1673.37795916039	0.039939803040988
1675.92524545724	0.03572157291670928
1678.47174870147	0.03402660830290897
1681.01746922386	0.0353902152219544
1683.56240735508	0.03744201940393501
1686.10656342572	0.03615485810516584
1688.64993776626	0.03753115929083475
1691.19253070709	0.03744201940393501
1693.73434257853	0.037467501277360434
1696.27537371078	0.034625572338742965
1698.81562443395	0.03748019554397625
1701.35509507809	0.03460009046531754
1703.89378597311	0.03542839136200329
1706.43169744886	0.036906713381567674
1708.96882983509	0.03593821551093756
1711.50518346144	0.036575355686820445
1714.0407586575	0.03671555266076481
1716.57555575272	0.03688123150814225
1719.10957507649	0.03779885897211531
1721.64281695809	0.037148837849229024
1724.17528172671	0.03844878675480015
1726.70696971146	0.04004173053469734
1729.23788124135	0.03948103597909836
1731.7680166453	0.03799001969291817
1734.29737625213	0.039544787332766465
1736.82596039057	0.03830858978085579
1739.35376938927	0.037518465024218926
1741.88080357677	0.03661362516705548
1744.40706328154	0.036333231219159094
1746.93254883193	0.036702858394148996
1749.45726055623	0.03512260888087528
1751.9811987826	0.03805367770638483
1754.50436383915	0.03555589406933184
1757.02675605387	0.036894019114951854
1759.54837575466	0.036702858394148996
1762.06922326934	0.038168392806903775
1764.58929892564	0.03542839136200329
1767.10860305118	0.03792626833925007
1769.6271359735	0.03542839136200329
1772.14489802005	0.03614207049835624
1774.66188951817	0.034319696517421165
1777.17811079515	0.03573426718332509
1779.69356217815	0.03770962574502179
1782.20824399425	0.03748019554397625
1784.72215657043	0.03709787410237053
1787.23530023361	0.0344853753647986
1789.74767531057	0.04002903626808152
1792.25928212804	0.03662641277386508
1794.77012101264	0.03951930545934104
1797.2801922909	0.03424325089713725
1799.78949628926	0.034969624300113654
1802.29803333406	0.037161625456038634
1804.80580375158	0.03584898228384404
1807.31280786797	0.03699594660866119
1809.81904600929	0.03753115929083475
1812.32451850154	0.036549873813387375
1814.82922567061	0.038729180702696535
1817.33316784231	0.037467501277360434
1819.83634534233	0.033746214355012585
1822.33875849629	0.03691950098837728
1824.84040762973	0.03319821406602943
1827.34129306808	0.039034963183824545
1829.84141513667	0.03686853724152644
1832.34077416077	0.03625678559887518
1834.83937046553	0.03787530459239158
1837.33720437602	0.034357965997663845
1839.83427621723	0.03703421608890387
1842.33058631404	0.03299435907861076
1844.82613499125	0.03555589406933184
1847.32092257355	0.03589994603070253
1849.81494938558	0.036447946319678036
1852.30821575184	0.037046910355519685
1854.80072199677	0.03745471367055083
1857.29246844473	0.03764587439135369
1859.78345541994	0.03553041219590642
1862.27368324658	0.037059697962329295
1864.76315224871	0.03672834026757442
1867.2518627503	0.03653717954677156
1869.73981507524	0.03581071280360901
1872.22700954733	0.03821935655376227
1874.71344649027	0.03582350041041862
1877.19912622768	0.038168392806903775
1879.68404908308	0.039340839005154
1882.16821537988	0.037263552949747966
1884.65162544145	0.038091947186627506
1887.13427959102	0.034778463579310796
1889.61617815175	0.0370087342154708
1892.0973214467	0.03561955208280615
1894.57770979887	0.03600187352441187
1897.05734353113	0.0350843394006326
1899.53622296628	0.03844878675480015
1902.014348427	0.037837035112156546
1904.49172023593	0.03660083756024587
1906.96833871558	0.036371500699401774
1909.44420418839	0.03852523237508407
1911.91931697668	0.03643525205306222
1914.39367740272	0.039034963183824545
1916.86728578865	0.03691950098837728
1919.34014245654	0.03721258920288947
1921.81224772838	0.035874464157269456
1924.28360192604	0.03906044505725762
1926.75420537132	0.03790078646582465
1929.22405838593	0.03922612390462741
1931.69316129147	0.03773510761844721
1934.16151440948	0.03605293061145651
1936.62911806136	0.03640967683944301
1939.09597256848	0.033172732192604006
1941.56207825207	0.037684143871588714
1944.0274354333	0.03635871309258452
1946.49204443322	0.0350843394006326
1948.95590557284	0.03749298315078586
1951.41901917301	0.038155698540287955
1953.88138555454	0.03465105421217604
1956.34300503813	0.035772536663560124
1958.8038779444	0.03821935655376227
1961.26400459387	0.039289875258295505
1963.72338530697	0.03778607136529805
1966.18202040403	0.03735278617684149
1968.63991020531	0.03695767712842617
1971.09705503097	0.03699594660866119
1973.55345520107	0.03616755237178165
1976.0091110356	0.03886928433645476
1978.46402285444	0.037849822718966156
1980.91819097737	0.03890755381668979
1983.3716157241	0.03694498286181035
1985.82429741427	0.03671555266076481
1988.27623636736	0.03731451669659881
1990.72743290284	0.03661362516705548
1993.17788734002	0.038856590069838944
1995.62759999817	0.03586176989065364
1998.07657119644	0.037837035112156546
2000.5248012539	0.03878014444955503
2002.97229048952	0.03586176989065364
2005.41903922219	0.03675382214100749
2007.86504777071	0.04016923324202589
2010.31031645378	0.034969624300113654
2012.75484559	0.03767135626477911
2015.19863549792	0.039391802752004844
2017.64168649594	0.04052607281020618
2020.08399890242	0.03773510761844721
2022.5255730356	0.037378268050266915
2024.96640921365	0.03837234113452389
2027.40650775462	0.04173669514849765
2029.84586897649	0.04062800030391552
2032.28449319715	0.03874187496931235
2034.72238073438	0.039328144738538184
2037.15953190591	0.035798018536993194
2039.59594702932	0.038767356842745425
2042.03162642215	0.03804098343976901
2044.46657040182	0.04027116073573522
2046.90077928567	0.03722537680970673
2049.33425339095	0.03895851756354828
2051.76699303481	0.03888207194326437
2054.19899853433	0.0403094302159779
2056.63027020645	0.039073232664067224
2059.06080836809	0.039761429926994746
2061.49061333602	0.03981239367385324
2063.91968542694	0.036447946319678036
2066.34802495747	0.038831108196405874
2068.77563224411	0.03946824837228876
2071.20250760329	0.03820666228714645
2073.62865135136	0.03750567741740167
2076.05406380455	0.038818320589596264
2078.47874527901	0.038818320589596264
2080.9026960908	0.039034963183824545
2083.3259165559	0.03449806963141441
2085.74840699018	0.04062800030391552
2088.17016770944	0.038729180702696535
2090.59119902935	0.03807915957981025
2093.01150126553	0.03992710877437219
2095.43107473348	0.03693219525499309
2097.84991974864	0.04037308822944456
2100.26803662633	0.0370087342154708
2102.68542568178	0.03894582329693247
2105.10208723015	0.03943007223224752
2107.51802158648	0.035504930322481
2109.93322906574	0.03733999857003188
2112.3477099828	0.040105481888365435
2114.76146465245	0.036447946319678036
2117.17449338937	0.03642246444625261
2119.58679650815	0.04056424895024742
2121.9983743233	0.037161625456038634
2124.40922714924	0.040678964050774015
2126.81935530029	0.0383850354011397
2129.22875909067	0.03821935655376227
2131.63743883452	0.03860167799536798
2134.04539484589	0.03744201940393501
2136.45262743874	0.041112249239230576
2138.85913692692	0.03967219669990123
2141.26492362422	0.03852523237508407
2143.6699878443	0.03805367770638483
2146.07432990076	0.03902226891720873
2148.47795010708	0.03865264174221883
2150.88084877667	0.0383212840474716
2153.28302622285	0.03935362661196361
2155.68448275883	0.03640967683944301
2158.08521869774	0.03718710732946405
2160.48523435261	0.041150518719473256
2162.88453003639	0.03974864232018514
2165.28310606193	0.03948103597909836
2167.68096274199	0.03959575107961731
2170.07810038922	0.04036039396282875
2172.47451931622	0.03861446560217759
2174.87021983546	0.03890755381668979
2177.26520225933	0.03725085868313215
2179.65946690013	0.03853801998189368
2182.05301407006	0.0403094302159779
2184.44584408123	0.03827032030061311
2186.83795724567	0.04192785586930051
2189.22935387531	0.03983787554727866
2191.62003428198	0.038028195832959404
2194.00999877743	0.03769683813820453
2196.39924767329	0.040475109063355344
2198.78778128115	0.04088291237838648
2201.17559991245	0.03674103453419023
2203.56270387857	0.03988883929412951
2205.94909349081	0.035798018536993194
2208.33476906033	0.03750567741740167
2210.71973089824	0.038971305170357885
2213.10397931554	0.040997534138711635
2215.48751462314	0.03926439338487008
2217.87033713186	0.04079367915129296
2220.25244715242	0.03606562487807232
2222.63384499546	0.037620392517928265
2225.01453097151	0.037276340556557576
2227.39450539101	0.03731451669659881
2229.77376856434	0.03999076678783885
2232.15232080173	0.039289875258295505
2234.53016241336	0.04070444592419944
2236.9072937093	0.039939803040988
2239.28371499954	0.03965940909309162
2241.65942659396	0.03739105565707652
2244.03442880236	0.03886928433645476
2246.40872193443	0.03814291093347835
2248.78230629979	0.038244838427187684
2251.15518220795	0.039876145027513694
2253.52734996835	0.03917516015777656
2255.89880989029	0.03852523237508407
2258.26956228301	0.039328144738538184
2260.63960745567	0.03916246589116075
2263.00894571731	0.03754394689764435
2265.37757737688	0.03777337709868224
2267.74550274324	0.03640967683944301
2270.11272212517	0.03758221637787938
2272.47923583134	0.037684143871588714
2274.84504417031	0.03781155323873112
2277.2101474506	0.040220196988884384
2279.57454598058	0.03959575107961731
2281.93824006856	0.038983999436973706
2284.30123002275	0.0392770876514859
2286.66351615125	0.03953199972595686
2289.02509876208	0.03799001969291817
2291.38597816317	0.03917516015777656
2293.74615466236	0.03667737652072357
2296.10562856737	0.039200642031201986
2298.46440018585	0.039455554105672946
2300.82246982535	0.04242489241142517
2303.1798377933	0.03619303424521473
2305.5365043971	0.03991432116756258
2307.89246994399	0.03848696289484904
2310.24773474116	0.037837035112156546
2312.60229909566	0.04088291237838648
2314.95616331451	0.04134167944027611
2317.30932770456	0.0402456788623098
2319.66179257263	0.04052607281020618
2322.01355822542	0.03748019554397625
2324.36462496953	0.03900948131039912
2326.71499311146	0.03860167799536798
2329.06466295764	0.03799001969291817
2331.41363481439	0.040322124482593716
2333.76190898794	0.03936632087857942
2336.10948578441	0.038168392806903775
2338.45636550986	0.037021428482086616
2340.80254847022	0.03971046618014391
2343.14803497132	0.03801550156634359
2345.49282531895	0.042565089385369535
2347.83691981874	0.04144360693398545
2350.18031877626	0.03833407165428121
2352.52302249699	0.03810464145324332
2354.8650312863	0.040691751657583625
2357.20634544946	0.0402966426091683
2359.54696529166	0.0402328912555002
2361.88689111798	0.03953199972595686
2364.22612323341	0.04048780332997116
2366.56466194287	0.041469088807410875
2368.90250755114	0.041316197566843044
2371.23966036293	0.03957026920619189
2373.57612068286	0.03988883929412951
2375.91188881545	0.039238911511444666
2378.2469650651	0.03842330488137473
2380.58134973615	0.03748019554397625
2382.91504313282	0.039978072521223026
2385.24804555926	0.03916246589116075
2387.58035731949	0.03979960606703598
2389.91197871745	0.037378268050266915
2392.24291005701	0.03988883929412951
2394.57315164189	0.037938962605865885
2396.90270377577	0.04243768001823478
2399.23156676218	0.03948103597909836
2401.55974090461	0.039544787332766465
2403.88722650642	0.040678964050774015
2406.21402387086	0.0402328912555002
2408.54013330113	0.038193874680336845
2410.8655551003	0.03818118041372103
2413.19028957133	0.03894582329693247
2415.51433701713	0.039302662865105115
2417.83769774049	0.03879283871617084
2420.16037204408	0.037849822718966156
2422.48236023051	0.040118269495175045
2424.80366260228	0.0406025184304901
2427.12427946179	0.03899678704378331
2429.44421111134	0.03773510761844721
2431.76345785315	0.04034760635601914
2434.08201998932	0.0395829634728077
2436.39989782188	0.04051328520339658
2438.71709165273	0.03837234113452389
2441.0336017837	0.03756942877106977
2443.34942851653	0.03926439338487008
2445.66457215282	0.03925160577806048
2447.97903299412	0.036014661131221475
2450.29281134185	0.040080000014932365
2452.60590749736	0.039073232664067224
2454.91832176188	0.03731451669659881
2457.23005443656	0.038168392806903775
2459.54110582243	0.0408446428981438
2461.85147622045	0.0416220733881725
2464.16116593146	0.037378268050266915
2466.47017525621	0.04088291237838648
2468.77850449536	0.03858898372875217
2471.08615394947	0.03843599914799055
2473.39312391899	0.040118269495175045
2475.69941470429	0.039302662865105115
2478.00502660562	0.03609110675150539
2480.30995992316	0.040653482177340945
2482.61421495697	0.03917516015777656
2484.91779200702	0.039863357420704085
2487.22069137316	0.04019471511545896
2489.5229133552	0.037684143871588714
2491.8244582528	0.03800271395953399
2494.12532636553	0.040691751657583625
2496.42551799287	0.04038587583626182
2498.72503343421	0.03937910848538903
2501.02387298882	0.03865264174221883
2503.32203695588	0.039073232664067224
2505.61952563449	0.041137731112656
2507.91633932361	0.03912419641091807
2510.21247832216	0.037416537530509594
2512.50794292891	0.038461481021415965
2514.80273344255	0.039328144738538184
2517.09685016167	0.0403094302159779
2519.39029338476	0.039863357420704085
2521.68306341022	0.03895851756354828
2523.97516053634	0.042921928953549834
2526.26658506132	0.03902226891720873
2528.55733728325	0.03869091122246151
2530.84741750012	0.03972316044675972
2533.13682600984	0.04134167944027611
2535.4255631102	0.04098483987209582
2537.7136290989	0.03697046473523577
2540.00102427354	0.03999076678783885
2542.28774893162	0.04079367915129296
2544.57380337053	0.03925160577806048
2546.85918788758	0.03937910848538903
2549.14390277997	0.04028394834255248
2551.4279483448	0.03402660830290897
2553.71132487906	0.04132889183345886
2555.99403267966	0.03925160577806048
2558.27607204341	0.04118869485951449
2560.55744326699	0.038627159868793406
2562.83814664702	0.03800271395953399
2565.11818247999	0.03979960606703598
2567.3975510623	0.038066465313194436
2569.67625269025	0.0399525906477976
2571.95428766003	0.03937910848538903
2574.23165626776	0.04094657039185314
2576.50835880942	0.03788799885900739
2578.78439558093	0.03744201940393501
2581.05976687806	0.03821935655376227
2583.33447299652	0.03856350185532675
2585.60851423191	0.03786251698558197
2587.88189087972	0.03792626833925007
2590.15460323534	0.03583619467703443
2592.42665159406	0.03630774934573367
2594.69803625108	0.039965284914413424
2596.9687575015	0.03745471367055083
2599.23881564029	0.03646073392649529
2601.50821096235	0.037276340556557576
2603.77694376245	0.03677930401443291
2606.0450143353	0.03886928433645476
2608.31242297548	0.03653717954677156
2610.57916997746	0.03377169622843801
2612.84525563562	0.03926439338487008
2615.11068024426	0.037148837849229024
2617.37544409753	0.03902226891720873
2619.63954748952	0.03774780188506303
2621.90299071421	0.036804785887858335
2624.16577406546	0.037620392517928265
2626.42789783705	0.03652439193996195
2628.68936232264	0.040322124482593716
2630.9501678158	0.03653717954677156
2633.21031460999	0.038831108196405874
2635.46980299857	0.0363969825728272
2637.72863327481	0.036791998281048725
2639.98680573185	0.03516078502091652
2642.24432066276	0.036103894358315
2644.50117836048	0.03895851756354828
2646.75737911786	0.03804098343976901
2649.01292322765	0.03843599914799055
2651.26781098249	0.036333231219159094
2653.52204267492	0.03717431972265445
2655.77561859738	0.03671555266076481
2658.0285390422	0.03906044505725762
2660.28080430161	0.038856590069838944
2662.53241466774	0.03764587439135369
2664.78337043263	0.03926439338487008
2667.03367188817	0.03886928433645476
2669.2833193262	0.03516078502091652
2671.53231303844	0.03749298315078586
2673.78065331648	0.03754394689764435
2676.02834045184	0.03878014444955503
2678.27537473592	0.035772536663560124
2680.52175646002	0.03725085868313215
2682.76748591535	0.040220196988884384
2685.01256339298	0.03782434084554073
2687.25698918391	0.03525001824801004
2689.50076357901	0.04027116073573522
2691.74388686909	0.03476576931269498
2693.9863593448	0.03708517983575472
2696.22818129672	0.03504606992039757
2698.46935301532	0.03653717954677156
2700.70987479096	0.03521174876776736
2702.94974691389	0.03660083756024587
2705.18896967428	0.038168392806903775
2707.42754336216	0.03614207049835624
2709.66546826749	0.03403930256952478
2711.90274468011	0.03776058949187263
2714.13937288974	0.03807915957981025
2716.37535318602	0.0366391070404809
2718.61068585848	0.035351945741719376
2720.84537119652	0.035453873235428715
2723.07940948947	0.038499750501658644
2725.31280102654	0.03559407020937308
2727.54554609682	0.03615485810516584
2729.77764498933	0.036894019114951854
2732.00909799294	0.035772536663560124
2734.23990539644	0.032637519510438105
2736.47006748853	0.03674103453419023
2738.69958455777	0.03536473334852898
2740.92845689263	0.035670609169850785
2743.15668478147	0.036549873813387375
2745.38426851257	0.03561955208280615
2747.61120837406	0.03549214271566374
2749.83750465399	0.03721258920288947
2752.0631576403	0.0329306077249503
2754.28816762083	0.03583619467703443
2756.51253488329	0.03428142703718613
2758.73625971532	0.03790078646582465
2760.95934240442	0.03360601738106822
2763.18178323801	0.037301822429983
2765.40358250338	0.034103053923192884
2767.62474048773	0.034204981416902216
2769.84525747814	0.03438344787108926
2772.06513376159	0.03243357118281799
2774.28436962496	0.032943301991566115
2776.50296535501	0.033312929166556024
2778.7209212384	0.035708785309899675
2780.93823756168	0.0331599445857944
2783.15491461129	0.03581071280360901
2785.37095267358	0.03471480556583649
2787.58635203477	0.03370794487477755
2789.80111298097	0.03463826660535878
2792.01523579822	0.03481673305954583
2794.2287207724	0.03426873277057032
2796.44156818932	0.033185519799413615
2798.65377833468	0.034064784442950205
2800.86535149404	0.03495693003349784
2803.07628795289	0.033848141848721924
2805.28658799659	0.0341157481898087
2807.4962519104	0.03451085723822402
2809.70527997946	0.032127695361496185
2811.91367248883	0.032382607435967145
2814.12142972342	0.03179633766674896
2816.32855196807	0.03276492887757287
2818.53503950749	0.02979559057182064
2820.74089262628	0.03356784124101933
2822.94611160894	0.033759001961822195
2825.15069673987	0.031069964263772554
2827.35464830333	0.033312929166556024
2829.55796658351	0.03268848325728895
2831.76065186445	0.032293374208873626
2833.96270443012	0.03354226602740012
2836.16412456437	0.03244635878963525
2838.3649125509	0.03332562343317184
2840.56506867336	0.033759001961822195
2842.76459321526	0.03323648354627211
2844.96348645999	0.035135303147491095
2847.16174869086	0.03341485666026536
2849.35938019105	0.03499510617353908
2851.55638124363	0.030318108987370723
2853.75275213157	0.033631499254493644
2855.94849313772	0.030407248874270452
2858.14360454483	0.03547944844904793
2860.33808663553	0.03493144816007242
2862.53193969234	0.03095524916325361
2864.72516399768	0.034001126429483546
2866.91775983385	0.03242087691620218
2869.10972748304	0.03282868023124097
2871.30106722733	0.03287964397809181
2873.4917793487	0.033491302280541625
2875.68186412899	0.03372073248158716
2877.87132184997	0.03546666084223832
2880.06015279325	0.033631499254493644
2882.24835724039	0.034204981416902216
2884.43593547278	0.0350843394006326
2886.62288777173	0.033988338822673936
2888.80921441843	0.03602735539783729
2890.99491569397	0.03792626833925007
2893.1799918793	0.036549873813387375
2895.36444325529	0.03341485666026536
2897.54827010269	0.03853801998189368
2899.73147270213	0.032917820118133045
2901.91405133412	0.034663748478791855
2904.09600627909	0.03703421608890387
2906.27733781731	0.03482942732616164
2908.45804622899	0.03708517983575472
2910.63813179418	0.03688123150814225
2912.81759479286	0.03347860801392581
2914.99643550486	0.03526271251462585
2917.17465420994	0.03323648354627211
2919.3522511877	0.033274659686313345
2921.52922671765	0.03465105421217604
2923.7055810792	0.035657821563041175
2925.88131455162	0.03299435907861076
2928.05642741408	0.03449806963141441
2930.23091994566	0.03344033853369078
2932.40479242528	0.03621851611864015
2934.57804513178	0.0353774276151448
2936.75067834387	0.0344216240111305
2938.92269234017	0.036180339978598916
2941.09408739916	0.03215317723492161
2943.26486379921	0.03589994603070253
2945.4350218186	0.03588725176408672
2947.60456173546	0.03361880498787782
2949.77348382783	0.03439614213770508
2951.94178837363	0.034001126429483546
2954.10947565068	0.03095524916325361
2956.27654593666	0.035912733637512136
2958.44299950915	0.03486769680640432
2960.60883664562	0.03370794487477755
2962.77405762341	0.03449806963141441
2964.93866271975	0.03439614213770508
2967.10265221178	0.0332236959394625
2969.26602637648	0.03530098199486088
2971.42878549076	0.03495693003349784
2973.59092983139	0.034217769023711826
2975.75245967501	0.030203393886851778
2977.9133752982	0.03326196541969753
2980.07367697736	0.034217769023711826
2982.23336498882	0.034357965997663845
2984.39243960877	0.031261124984575415
2986.5509011133	0.032637519510438105
2988.70874977837	0.030343590860803796
2990.86598587984	0.0338226599752965
2993.02260969344	0.02931124829631179
2995.17862149478	0.033516784153974695
2997.33402155938	0.032038555474596456
2999.48881016262	0.028419196045957943
3001.64298757978	0.031184679364291496
3003.796554086	0.03029253377375151
3005.94950995633	0.02697914350662859
3008.10185546569	0.028049662211169484
3010.25359088888	0.031184679364291496
3012.40471650059	0.029515196623924256
3014.5552325754	0.030305321380561117
3016.70513938776	0.03078957031587617
3018.85443721201	0.030547445848222467
3021.00312632236	0.03171989204646505
3023.15120699292	0.029961269419198078
3025.29867949769	0.02950240901711465
3027.44554411052	0.030241570026893014
3029.59180110516	0.028419196045957943
3031.73745075527	0.029476927143681577
3033.88249333434	0.028342750425681677
3036.02692911578	0.030840534062734664
3038.17075837287	0.030254357633710274
3040.31398137877	0.030980731036679032
3042.45659840653	0.03117189175748189
3044.59860972907	0.028890750714657184
3046.7400156192	0.02711934048058061
3048.88081634961	0.028992678208366523
3051.02101219287	0.029489714750498837
3053.16060342144	0.029056429562034622
3055.29959030765	0.025704676474482886
3057.43797312371	0.028508429273051465
3059.57575214172	0.025258697019402858
3061.71292763366	0.025768427828150985
3063.84949987139	0.02912008757550893
3065.98546912665	0.02783301961693355
3068.12083567105	0.027323195467999283
3070.2555997761	0.02761628368251148
3072.38976171319	0.02695366163320317
3074.52332175356	0.030063196912907413
3076.65628016837	0.0293240359031214
3078.78863722863	0.025985070422379266
3080.92039320526	0.029642605991059015
3083.05154836902	0.02590862480209535
3085.1821029906	0.024315587682004376
3087.31205734051	0.024481266529381814
3089.44141168921	0.027374159214850126
3091.57016630696	0.02783301961693355
3093.69832146398	0.02524590941259325
3095.82587743032	0.02534793024649638
3097.9528344759	0.024736178603852774
3100.07919287056	0.022939286496343123
3102.204952884	0.024812624224136687
3104.33011478579	0.026405661344220014
3106.45467884538	0.025832179181811434
3108.57864533212	0.026775195179016126
3110.70201451522	0.026405661344220014
3112.82478666378	0.025551785233915054
3114.94696204676	0.023028426383242855
3117.06854093301	0.02398422998725715
3119.18952359127	0.025666500334441646
3121.30991029013	0.022913804622917703
3123.4297012981	0.023589214279035618
3125.54889688352	0.023742105519595796
3127.66749731464	0.021868767791809882
3129.78550285957	0.02301573211662704
3131.90291378633	0.02601055229580469
3134.01973036277	0.019128766346901752
3136.13595285665	0.024188178314869618
3138.2515815356	0.019931678710355866
3140.36661666714	0.021945213412093798
3142.48105851863	0.021805016438141783
3144.59490735734	0.023793069266454293
3146.70816345041	0.020441409519096346
3148.82082706486	0.021359036983069405
3150.93289846758	0.021384518856494828
3153.04437792532	0.02221281975317292
3155.15526570475	0.01897587510634157
3157.26556207238	0.021269803755975883
3159.37526729461	0.020339482025387007
3161.48438163771	0.01852980231106775
3163.59290536784	0.024978303071506475
3165.70083875102	0.02184328591838446
3167.80818205315	0.02124432188254281
3169.91493554002	0.021894249665235305
3172.02109947727	0.020658052113324627
3174.12667413044	0.02074728534041815
3176.23165976493	0.02203444663918732
3178.33605664602	0.020785554820660825
3180.43986503887	0.020696321593567303
3182.54308520852	0.020785554820660825
3184.64571741986	0.019625802889026413
3186.74776193769	0.021231534275733203
3188.84921902664	0.01796910775546878
3190.95008895128	0.018988569372957384
3193.05037197599	0.019651284762459486
3195.15006836504	0.020658052113324627
3197.24917838262	0.019077802600050906
3199.34770229274	0.020097357557725654
3201.44564035931	0.018440569083974227
3203.5429928461	0.021053161161739952
3205.63976001677	0.018007283895510016
3207.73594213484	0.01863172980477709
3209.83153946372	0.01944742977504081
3211.92655226669	0.01916703582714443
3214.02098080688	0.021728570817857867
3216.11482534732	0.01805824764236851
3218.20808615091	0.021040373554930346
3220.30076348041	0.018274983576790582
3222.39285759847	0.022200125486557108
3224.4843687676	0.0167329102035581
3226.57529725019	0.02074728534041815
3228.66564330851	0.01942194790160774
3230.75540720468	0.017013304151454484
3232.8445892007	0.018924911359483078
3234.93318955847	0.018708268765254797
3237.02120853974	0.01931992706770461
3239.10864640612	0.01931992706770461
3241.19550341911	0.01863172980477709
3243.28177984009	0.019383678421372712
3245.36747593029	0.017701501414382006
3247.45259195083	0.01794362588204336
3249.53712816268	0.016159428041149525
3251.62108482672	0.016350588761952382
3253.70446220366	0.015777106599543806
3255.78726055411	0.015165354956900199
3257.86948013853	0.016057500547440186
3259.95112121728	0.01686031957069286
3262.03218405055	0.016630982709848766
3264.11266889845	0.017573998707053454
3266.19257602092	0.014642929881536256
3268.27190567779	0.015713355245875704
3270.35065812876	0.016503480002520214
3272.4288336334	0.014145893339411592
3274.50643245114	0.015292857664228748
3276.5834548413	0.014885054349197608
3278.65990106305	0.016490785735904397
3280.73577137545	0.016414340115620485
3282.81106603742	0.014872266742388002
3284.88578530774	0.012667571319847212
3286.95992944508	0.014196857086270087
3289.03349870796	0.014451769160733397
3291.1064933548	0.016325106888526963
3293.17891364384	0.015139873083467125
3295.25075983324	0.014464463427349212
3297.322032181	0.017064267898312977
3299.39273094501	0.014489945300782283
3301.462856383	0.014043872505508464
3303.53240875259	0.01384001751808979
3305.60138831128	0.013750784290996267
3307.6697953164	0.014897748615813423
3309.73763002519	0.015624215358983624
3311.80489269472	0.01522910631056065
3313.87158358198	0.014196857086270087
3315.93770294378	0.014031178238892649
3318.00325103681	0.014477251034166468
3320.06822811764	0.015573158271931339
3322.13263444272	0.01386549939151521
3324.19647026832	0.013253747748871605
3326.25973585064	0.013789053771231297
3328.32243144568	0.014515427174207705
3330.38455730938	0.01636337636876199
3332.44611369749	0.01304989276145293
3334.50710086564	0.014107623859176565
3336.56751906936	0.014770339248678665
3338.62736856401	0.013572411177003014
3340.68664960483	0.013967426885224548
3342.74536244693	0.014438981553923789
3344.80350734528	0.012004855930345112
3346.86108455472	0.012680265586463027
3348.91809432997	0.011737249589258337
3350.97453692559	0.012845944433832813
3353.03041259603	0.01390376887175789
3355.08572159559	0.01484678486895493
3357.14046417844	0.008767911283506109
3359.19464059863	0.009774678634371248
3361.24825111005	0.010602979531056995
3363.30129596648	0.010348160796779828
3365.35377542155	0.010819715465479069
3367.40568972878	0.010641249011292023
3369.45703914152	0.011074534199756236
3371.507823913	0.009583517913568389
3373.55804429633	0.009150232725111828
3375.60770054446	0.010755964111818618
3377.65679291024	0.008258087134564189
3379.70532164635	0.008525786815844757
3381.75328700534	0.007697392578972868
3383.80068923965	0.009035517624592884
3385.84752860155	0.008767911283506109
3387.89380534321	0.007952304653436179
3389.93951971664	0.009787372900987064
3391.98467197371	0.008551268689277828
3394.02926236618	0.01062855474467621
3396.07329114566	0.00772287445239829
3398.1167585636	0.009366875319340108
3400.15966487137	0.009481590419859054
3402.20201032014	0.009175714598537249
3404.24379516099	0.009430533332814416
3406.28501964484	0.007863071426342655
3408.3256840225	0.00834732036165771
3410.3657885446	0.008806087423547345
3412.40533346167	0.008270874741381447
3414.44431902408	0.009685445407277726
3416.48274548209	0.006333785659919781
3418.5206130858	0.007735568719014104
3420.55792208516	0.006384749406778275
3422.59467273003	0.0066268738744319775
3424.63086527009	0.008627714309554092
3426.6664999549	0.007544407998211245
3428.70157703386	0.0039506237831919465
3430.73609675628	0.007366034884217993
3432.77005937129	0.008411071715325812
3434.80346512789	0.007518926124785824
3436.83631427494	0.010322678923354405
3438.86860706119	0.004575069692459017
3440.90034373521	0.00472805427322064
3442.93152454546	0.006282821913068937
3444.96214974025	0.006359267533352852
3446.99221956775	0.006818034595234837
3449.021734276	0.005747515890701596
3451.05069411289	0.0032369446468390023
3453.07909932619	0.008806087423547345
3455.1069501635	0.007149392289989712
3457.1342468723	0.005186821335102625
3459.16098969993	0.007302283530549893
3461.1871788936	0.0067161071015255
3463.21281470035	0.003835908682673002
3465.23789736712	0.005046624361158259
3467.26242714067	0.003708499315538243
3469.28640426765	0.0029438564323268058
3471.30982899455	0.004549587819033596
3473.33270156774	0.0005989640358339999
3475.35502223343	0.0023830685365340424
3477.3767912377	0.004154572110812062
3479.39800882649	0.0016184256533226052
3481.41867524559	0.0025742292573369017
3483.43879074066	0.003377141620783368
3485.45835555721	0.0022939286496343123
3487.47736994062	0.004294675744562636
3489.49583413611	0.003173286633364694
3491.51374838879	0.0
3493.53111294359	0.0025105712438625934
3495.54792804533	0.0020899803220218462
3497.56419393867	0.0015419800330386897
3499.57991086814	0.001172446198242578
