1000.07700129088	0.04290454816727629
1002.83416209528	0.04440596039500454
1005.59045264208	0.041212279242733234
1008.34587328813	0.04161943398315317
1011.10042439014	0.04150499451846147
1013.85410630472	0.04390971434493098
1016.60691938837	0.039761749708593225
1019.35886399746	0.04125048785879861
1022.10994048823	0.04144134455561343
1024.86014921684	0.0420011473767828
1027.60949053928	0.04099598119912812
1030.35796481149	0.04135225324596745
1033.10557238924	0.04057615238118532
1035.85231362819	0.041059631161983794
1038.5981888839	0.03766232604363023
1041.34319851182	0.038425752830889504
1044.08734286727	0.03968542566821469
1046.83062230544	0.03862937679697176
1049.57303718143	0.03929103819706219
1052.31458785021	0.03959642755031329
1055.05527466665	0.038998322921333956
1057.79509798549	0.03800592401294671
1060.53405816134	0.038425752830889504
1063.27215554874	0.03845128736942439
1066.00939050209	0.03950733624066731
1068.74576337565	0.03700075783528438
1071.48127452361	0.04011802175543256
1074.21592430002	0.03730614718853548
1076.94971305882	0.03817133936296359
1079.68264115384	0.03675901844488896
1082.41470893879	0.03799315674367163
1085.14591676728	0.03696254921922664
1087.8762649928	0.039392803584231036
1090.60575396871	0.03770053465968797
1093.33438404827	0.037484236616082856
1096.06215558464	0.03566476095758065
1098.78906893086	0.03861660952770432
1101.51512443981	0.03800592401294671
1104.24032246435	0.03757332792572883
1106.96466335716	0.039011090190601394
1109.68814747081	0.036326329165926506
1112.41077515779	0.03963454297463409
1115.13254677044	0.03621188970123481
1117.85346266104	0.038425752830889504
1120.57352318169	0.03565199368831321
1123.29272868445	0.037357029882123714
1126.01107952121	0.039863608287506645
1128.72857604378	0.03843852010015694
1131.44521860385	0.03753511930967109
1134.16100755301	0.03728061265000059
1136.87594324271	0.03679713386920212
1139.59002602433	0.03832398744372066
1142.3032562491	0.03777685870006651
1145.01563426818	0.03766232604363023
1147.72716043257	0.04182305794924306
1150.43783509322	0.04229386265251868
1153.14765860091	0.03982539967144891
1155.85663130634	0.0369116665256384
1158.56475356012	0.04060159372797562
1161.27202571271	0.03920194688741622
1163.97844811448	0.038095015322592685
1166.68402111569	0.03687345790958066
1169.38874506649	0.040283437105449446
1172.09262031694	0.03754788657893853
1174.79564721695	0.03703887325959754
1177.49782611635	0.038642144066239205
1180.19915736486	0.038133130746905844
1182.89964131208	0.037204288609622056
1185.59927830751	0.03762421061931707
1188.29806870054	0.039125622847037675
1190.99601284046	0.03728061265000059
1193.69311107643	0.03857849410339116
1196.38936375753	0.037064314606395476
1199.08477123271	0.038222222056551826
1201.77933385082	0.03772597600648591
1204.47305196061	0.03644086182236279
1207.1659259107	0.03740791257570431
1209.85795604964	0.037204288609622056
1212.54914272585	0.03826043067260956
1215.23948628763	0.03971086701500499
1217.92898708319	0.04070335911514446
1220.61764546064	0.04084333311837104
1223.30546176798	0.03968542566821469
1225.99243635308	0.03982539967144891
1228.67856956373	0.039405570853498474
1231.36386174761	0.03885844210985196
1234.04831325228	0.036173681085169426
1236.73192442522	0.04042341110868366
1239.41469561377	0.03878202487772884
1242.09662716519	0.03865481814376206
1244.77771942662	0.037395145306436874
1247.45797274511	0.04005446498432147
1250.13738746759	0.03949456897139987
1252.81596394089	0.03974907563107037
1255.49370251175	0.03985084101823921
1258.17060352676	0.038540285487325784
1260.84666733246	0.03985084101823921
1263.52189427525	0.04159399263636287
1266.19628470144	0.03730614718853548
1268.86983895722	0.037827741393654746
1271.5425573887	0.03957089301177841
1274.21444034186	0.04141590320881549
1276.8854881626	0.03833675471298811
1279.55570119671	0.04062703507476592
1282.22507978985	0.04205203007037104
1284.89362428759	0.03946912762460957
1287.56133503543	0.041212279242733234
1290.22821237872	0.04146678590240373
1292.89425666274	0.04427875366103776
1295.55946823263	0.04514394583546587
1298.22384743346	0.043235378867317695
1300.88739461019	0.04160675990563031
1303.55011010766	0.0422556540364533
1306.21199427063	0.040156230371490305
1308.87304744373	0.04060159372797562
1311.53326997152	0.03950733624066731
1314.19266219843	0.040779683155522994
1316.8512244688	0.040143463102222866
1319.50895712687	0.041657642599218545
1322.16586051676	0.04020711306507854
1324.82193498252	0.0411359552023547
1327.47718086806	0.04242106938647782
1330.1315985172	0.04023255441186884
1332.78518827369	0.041186837895942935
1335.43795048114	0.0425991588140252
1338.08988548307	0.04154310994278227
1340.74099362289	0.04270101739293862
1343.39127524392	0.04429142773856062
1346.04073068939	0.0411359552023547
1348.6893603024	0.041072305239506654
1351.33716442597	0.04196303195246964
1353.98414340301	0.03904929880666678
1356.63029757632	0.04044885245547396
1359.27562728863	0.03965998432142439
1361.92013288252	0.03818401344048645
1364.56381470053	0.037191614532099196
1367.20667308505	0.039265596850271894
1369.84870837838	0.03684801656278272
1372.48992092274	0.03868025949056
1375.13031106023	0.037395145306436874
1377.76987913284	0.03974907563107037
1380.40862548251	0.0369116665256384
1383.04655045101	0.03675901844488896
1385.68365438006	0.036199122431967365
1388.31993761126	0.03675901844488896
1390.95540048612	0.03995260640540804
1393.59004334605	0.03675901844488896
1396.22386653233	0.03917650554062591
1398.85687038619	0.037395145306436874
1401.48905524873	0.0408560071958939
1404.12042146094	0.0371407318385186
1406.75096936375	0.041670316676741405
1409.38069929796	0.039265596850271894
1412.00961160428	0.03621188970123481
1414.63770662332	0.03959642755031329
1417.26498469557	0.038667585413037144
1419.89144616146	0.03971086701500499
1422.51709136132	0.037089755953185775
1425.14192063532	0.038107689400115545
1427.76593432361	0.03738247122891401
1430.3891327662	0.03995260640540804
1433.01151630299	0.039418244931021335
1435.63308527382	0.03882023349378658
1438.2538400184	0.039112855577770236
1440.87378087637	0.042510160696123796
1443.49290818722	0.04067791776835416
1446.1112222904	0.03931647954385249
1448.72872352524	0.038527611409802924
1451.34541223097	0.041186837895942935
1453.96128874671	0.03856572683411608
1456.5763534115	0.03907474015345708
1459.19060656429	0.04095786577481496
1461.8040485439	0.038133130746905844
1464.41667968907	0.03815857209369614
1467.02850033846	0.037967715396881326
1469.63951083061	0.03950733624066731
1472.24971150397	0.04037252841509542
1474.8591026969	0.04024532168113629
1477.46768474763	0.03789139135650279
1480.07545799434	0.039698192937482134
1482.68242277508	0.042828224126897754
1485.28857942782	0.04011802175543256
1487.89392829042	0.03819678070976153
1490.49846970065	0.038502170063012625
1493.10220399619	0.03561387826400005
1495.70513151461	0.037369703959646575
1498.30725259339	0.03787871727897993
1500.90856756992	0.03946912762460957
1503.50907678146	0.037649651966107374
1506.10878056524	0.039736308361802926
1508.70767925832	0.036746251175613885
1511.30577319772	0.03794227405009103
1513.90306272032	0.039138296924560535
1516.49954816295	0.036161007007646566
1519.09522986229	0.039252829581004456
1521.69010815498	0.037089755953185775
1524.28418337751	0.04007990633111177
1526.87745586632	0.037217055878889495
1529.46992595773	0.03918917961814877
1532.06159398796	0.03818401344048645
1534.65246029316	0.03747146934681541
1537.24252520935	0.04070335911514446
1539.83178907249	0.04145401863313629
1542.42025221841	0.03908741423097994
1545.00791498287	0.042662808776873236
1547.59477770152	0.04324814613659277
1550.18084070993	0.04142857728633835
1552.76610434356	0.04170852529279915
1555.35056893777	0.04478767378863417
1557.93423482785	0.04571651592591033
1560.51710234896	0.04606002070348222
1563.0991718362	0.049444558552560705
1565.68044362457	0.05216743500155639
1568.26091804893	0.051353125520708885
1570.84059544411	0.05440683266974597
1573.41947614481	0.05645537364112837
1575.99756048562	0.06255011386167968
1578.57484880108	0.06092140170824772
1581.15134142559	0.06317356664570474
1583.72703869349	0.06335165607325212
1586.301940939	0.059432756749786916
1588.87604849628	0.053134485754897924
1591.44936169934	0.052701889667687685
1594.02188088215	0.05172216483681566
1596.59360637855	0.050169869915506815
1599.16453852232	0.05230740900478297
1601.73467764709	0.05307083579204225
1604.30402408647	0.05300727902093878
1606.87257817391	0.05069155731237067
1609.44034024281	0.0478287068601484
1612.00731062644	0.046212761975983875
1614.57348965801	0.04705251280361405
1617.13887767062	0.042382860770412444
1619.70347499726	0.04343900283340759
1622.26728197086	0.04044885245547396
1624.83029892423	0.0403852956843705
1627.39252619012	0.04187394064282367
1629.95396410112	0.04216656272680732
1632.5146129898	0.044329636354626
1635.07447318858	0.04285366547368805
1637.63354502984	0.04276457416404208
1640.19182884582	0.041046863892708715
1642.74932496868	0.040894215811959275
1645.3060337305	0.04037252841509542
1647.86195546325	0.037649651966107374
1650.41709049882	0.03958366028104585
1652.971439169	0.03745879526929256
1655.52500180548	0.03781506731613189
1658.07777873987	0.04062703507476592
1660.62977030368	0.03834942879051097
1663.18097682833	0.03614823973837913
1665.73139864514	0.038871116187374814
1668.28103608534	0.03787871727897993
1670.82988948008	0.037191614532099196
1673.37795916039	0.03815857209369614
1675.92524545724	0.03952001031819017
1678.47174870147	0.03694987514170378
1681.01746922386	0.03795504131935847
1683.56240735508	0.03638997912878218
1686.10656342572	0.03523216487037042
1688.64993776626	0.03860393545018146
1691.19253070709	0.03799315674367163
1693.73434257853	0.03738247122891401
1696.27537371078	0.03710252322245322
1698.81562443395	0.03683534248525986
1701.35509507809	0.034519620776691746
1703.89378597311	0.039125622847037675
1706.43169744886	0.03805680670652731
1708.96882983509	0.03627544647233827
1711.50518346144	0.0368862251788481
1714.0407586575	0.03832398744372066
1716.57555575272	0.03794227405009103
1719.10957507649	0.03758600200325169
1721.64281695809	0.04081789177158074
1724.17528172671	0.04056338511191024
1726.70696971146	0.039112855577770236
1729.23788124135	0.03857849410339116
1731.7680166453	0.040614267805498476
1734.29737625213	0.0405251764958525
1736.82596039057	0.039876282365029506
1739.35376938927	0.04007990633111177
1741.88080357677	0.03701343191280724
1744.40706328154	0.03879479214699628
1746.93254883193	0.0368862251788481
1749.45726055623	0.03701343191280724
1751.9811987826	0.03964731024390153
1754.50436383915	0.037509677962873154
1757.02675605387	0.03803136535973701
1759.54837575466	0.03692443379490584
1762.06922326934	0.03890932480343256
1764.58929892564	0.038362196059778406
1767.10860305118	0.036733577098091025
1769.6271359735	0.03848940279374518
1772.14489802005	0.035741084997959194
1774.66188951817	0.035295721641473876
1777.17811079515	0.040436178377951104
1779.69356217815	0.03579196769153979
1782.20824399425	0.037229729956412355
1784.72215657043	0.036631718519177604
1787.23530023361	0.03625000512554797
1789.74767531057	0.036619044441654744
1792.25928212804	0.035601110994724974
1794.77012101264	0.03790415862577787
1797.2801922909	0.03524483894789328
1799.78949628926	0.03762421061931707
1802.29803333406	0.035321162988264175
1804.80580375158	0.036186448354444505
1807.31280786797	0.03520672352357248
1809.81904600929	0.03654272040127621
1812.32451850154	0.03654272040127621
1814.82922567061	0.03598282438835461
1817.33316784231	0.03752244523214823
1819.83634534233	0.03756056065646139
1822.33875849629	0.03581740903833773
1824.84040762973	0.03784050866292219
1827.34129306808	0.035448462913975534
1829.84141513667	0.034685036126716265
1832.34077416077	0.037967715396881326
1834.83937046553	0.03758600200325169
1837.33720437602	0.03773874327575335
1839.83427621723	0.03495221686390962
1842.33058631404	0.03652995313200876
1844.82613499125	0.037331588535333415
1847.32092257355	0.03595738304156431
1849.81494938558	0.04094509850553988
1852.30821575184	0.03677169252241182
1854.80072199677	0.035715643651168895
1857.29246844473	0.03753511930967109
1859.78345541994	0.03768786058216511
1862.27368324658	0.03381975076054357
1864.76315224871	0.03682257521599242
1867.2518627503	0.03580473496081487
1869.73981507524	0.03609735704479853
1872.22700954733	0.034837684207465705
1874.71344649027	0.038107689400115545
1877.19912622768	0.03832398744372066
1879.68404908308	0.035715643651168895
1882.16821537988	0.03697531648849408
1884.65162544145	0.03859116818091402
1887.13427959102	0.03841307875336664
1889.61617815175	0.036173681085169426
1892.0973214467	0.03698799056601694
1894.57770979887	0.03450685350742431
1897.05734353113	0.03628821374161335
1899.53622296628	0.036033707081942846
1902.014348427	0.03570287638189381
1904.49172023593	0.03833675471298811
1906.96833871558	0.03798048266614877
1909.44420418839	0.03525760621716072
1911.91931697668	0.03590650034798371
1914.39367740272	0.038400311484099205
1916.86728578865	0.036161007007646566
1919.34014245654	0.03756056065646139
1921.81224772838	0.03744602800002511
1924.28360192604	0.03776418462254365
1926.75420537132	0.038960207497020796
1929.22405838593	0.037509677962873154
1931.69316129147	0.03621188970123481
1934.16151440948	0.03635186370446139
1936.62911806136	0.035448462913975534
1939.09597256848	0.03655539447879906
1941.56207825207	0.03627544647233827
1944.0274354333	0.03584285038512803
1946.49204443322	0.03780230004685681
1948.95590557284	0.03677169252241182
1951.41901917301	0.03694987514170378
1953.88138555454	0.035753759075482054
1956.34300503813	0.037077081875662915
1958.8038779444	0.03781506731613189
1961.26400459387	0.03711529049172066
1963.72338530697	0.036033707081942846
1966.18202040403	0.03834942879051097
1968.63991020531	0.03477403424461766
1971.09705503097	0.034863125554263644
1973.55345520107	0.036224563778757664
1976.0091110356	0.036199122431967365
1978.46402285444	0.036059148428733145
1980.91819097737	0.03505398225107846
1983.3716157241	0.037357029882123714
1985.82429741427	0.03411246603627181
1988.27623636736	0.038642144066239205
1990.72743290284	0.03952001031819017
1993.17788734002	0.03935459496817329
1995.62759999817	0.0368607838320578
1998.07657119644	0.03692443379490584
2000.5248012539	0.03637730505125932
2002.97229048952	0.039125622847037675
2005.41903922219	0.03565199368831321
2007.86504777071	0.03505398225107846
2010.31031645378	0.03857849410339116
2012.75484559	0.035461136991498395
2015.19863549792	0.03644086182236279
2017.64168649594	0.03730614718853548
2020.08399890242	0.037089755953185775
2022.5255730356	0.03728061265000059
2024.96640921365	0.03753511930967109
2027.40650775462	0.038502170063012625
2029.84586897649	0.03703887325959754
2032.28449319715	0.03675901844488896
2034.72238073438	0.03404881607341613
2037.15953190591	0.03694987514170378
2039.59594702932	0.03525760621716072
2042.03162642215	0.03672080982882358
2044.46657040182	0.036033707081942846
2046.90077928567	0.03767509331289767
2049.33425339095	0.037255171303210294
2051.76699303481	0.03790415862577787
2054.19899853433	0.0368607838320578
2056.63027020645	0.03981272559392605
2059.06080836809	0.03804403943725987
2061.49061333602	0.037967715396881326
2063.91968542694	0.03962186889711123
2066.34802495747	0.03865481814376206
2068.77563224411	0.038095015322592685
2071.20250760329	0.04010534767790971
2073.62865135136	0.03766232604363023
2076.05406380455	0.037217055878889495
2078.47874527901	0.03777685870006651
2080.9026960908	0.03551201968507899
2083.3259165559	0.036186448354444505
2085.74840699018	0.03762421061931707
2088.17016770944	0.03794227405009103
2090.59119902935	0.03726793857247773
2093.01150126553	0.03731882126605834
2095.43107473348	0.03521939760109534
2097.84991974864	0.03593194169477401
2100.26803662633	0.03768786058216511
2102.68542568178	0.03668260121276584
2105.10208723015	0.0371407318385186
2107.51802158648	0.03729337991926804
2109.93322906574	0.038082248053317606
2112.3477099828	0.038082248053317606
2114.76146465245	0.036173681085169426
2117.17449338937	0.04069059184587702
2119.58679650815	0.03871846810661774
2121.9983743233	0.03670804255955614
2124.40922714924	0.03829854609693036
2126.81935530029	0.0350413081735556
2129.22875909067	0.03684801656278272
2131.63743883452	0.03406158334268357
2134.04539484589	0.038120456669382984
2136.45262743874	0.04070335911514446
2138.85913692692	0.03954545166498811
2141.26492362422	0.0368607838320578
2143.6699878443	0.03728061265000059
2146.07432990076	0.03463415343312803
2148.47795010708	0.0368862251788481
2150.88084877667	0.03787871727897993
2153.28302622285	0.03668260121276584
2155.68448275883	0.03612279839158883
2158.08521869774	0.039405570853498474
2160.48523435261	0.038247663403342125
2162.88453003639	0.03789139135650279
2165.28310606193	0.03505398225107846
2167.68096274199	0.03604647435121029
2170.07810038922	0.03771330192896305
2172.47451931622	0.037077081875662915
2174.87021983546	0.0350413081735556
2177.26520225933	0.03547390426076583
2179.65946690013	0.03576652634474949
2182.05301407006	0.03702619918207468
2184.44584408123	0.03814589801617329
2186.83795724567	0.03712796456924352
2189.22935387531	0.037967715396881326
2191.62003428198	0.03668260121276584
2194.00999877743	0.038998322921333956
2196.39924767329	0.03453229485421461
2198.78778128115	0.0369371078724287
2201.17559991245	0.03817133936296359
2203.56270387857	0.03635186370446139
2205.94909349081	0.03789139135650279
2208.33476906033	0.03696254921922664
2210.71973089824	0.03784050866292219
2213.10397931554	0.03697531648849408
2215.48751462314	0.03668260121276584
2217.87033713186	0.0347613601670948
2220.25244715242	0.035461136991498395
2222.63384499546	0.035855617654395475
2225.01453097151	0.03655539447879906
2227.39450539101	0.036746251175613885
2229.77376856434	0.03756056065646139
2232.15232080173	0.03791683270330073
2234.53016241336	0.03785318274044505
2236.9072937093	0.03993993232788519
2239.28371499954	0.034570503470279984
2241.65942659396	0.035435695644708096
2244.03442880236	0.03692443379490584
2246.40872193443	0.03537204568185241
2248.78230629979	0.03640274639804963
2251.15518220795	0.03611003112232139
2253.52734996835	0.037255171303210294
2255.89880989029	0.03600826573515255
2258.26956228301	0.038069573975794746
2260.63960745567	0.03492677551711168
2263.00894571731	0.038222222056551826
2265.37757737688	0.03611003112232139
2267.74550274324	0.040143463102222866
2270.11272212517	0.03960910162783615
2272.47923583134	0.037929599972568166
2274.84504417031	0.036224563778757664
2277.2101474506	0.03740791257570431
2279.57454598058	0.0347613601670948
2281.93824006856	0.03549934560755614
2284.30123002275	0.037089755953185775
2286.66351615125	0.03640274639804963
2289.02509876208	0.03583017630760517
2291.38597816317	0.03834942879051097
2293.74615466236	0.038273104750132424
2296.10562856737	0.03742058665322717
2298.46440018585	0.038107689400115545
2300.82246982535	0.03869302675982744
2303.1798377933	0.0368862251788481
2305.5365043971	0.038095015322592685
2307.89246994399	0.03724249722568743
2310.24773474116	0.03920194688741622
2312.60229909566	0.03731882126605834
2314.95616331451	0.03664448578844504
2317.30932770456	0.03766232604363023
2319.66179257263	0.038362196059778406
2322.01355822542	0.038069573975794746
2324.36462496953	0.036568161748074146
2326.71499311146	0.039112855577770236
2329.06466295764	0.03834942879051097
2331.41363481439	0.038120456669382984
2333.76190898794	0.03799315674367163
2336.10948578441	0.03781506731613189
2338.45636550986	0.03819678070976153
2340.80254847022	0.038960207497020796
2343.14803497132	0.034405088120255466
2345.49282531895	0.03535937160432956
2347.83691981874	0.03770053465968797
2350.18031877626	0.03752244523214823
2352.52302249699	0.0351176322139265
2354.8650312863	0.036491744515951025
2357.20634544946	0.035893733078708634
2359.54696529166	0.036173681085169426
2361.88689111798	0.037331588535333415
2364.22612323341	0.03641542047557248
2366.56466194287	0.037064314606395476
2368.90250755114	0.03599559165762969
2371.23966036293	0.03780230004685681
2373.57612068286	0.03935459496817329
2375.91188881545	0.037255171303210294
2378.2469650651	0.03745879526929256
2380.58134973615	0.037064314606395476
2382.91504313282	0.03744602800002511
2385.24804555926	0.03672080982882358
2387.58035731949	0.03547390426076583
2389.91197871745	0.0387565835309309
2392.24291005701	0.03538481295111986
2394.57315164189	0.03753511930967109
2396.90270377577	0.03547390426076583
2399.23156676218	0.03689889925637096
2401.55974090461	0.037395145306436874
2403.88722650642	0.035155747638247296
2406.21402387086	0.035461136991498395
2408.54013330113	0.03753511930967109
2410.8655551003	0.03572831772869175
2413.19028957133	0.037929599972568166
2415.51433701713	0.03834942879051097
2417.83769774049	0.03525760621716072
2420.16037204408	0.035346604335062114
2422.48236023051	0.035715643651168895
2424.80366260228	0.03626277239481541
2427.12427946179	0.03614823973837913
2429.44421111134	0.036033707081942846
2431.76345785315	0.036619044441654744
2434.08201998932	0.033832518029811014
2436.39989782188	0.03780230004685681
2438.71709165273	0.03519395625430504
2441.0336017837	0.0366571598659679
2443.34942851653	0.03567743503510351
2445.66457215282	0.03715340591604146
2447.97903299412	0.03804403943725987
2450.29281134185	0.03652995313200876
2452.60590749736	0.03742058665322717
2454.91832176188	0.036186448354444505
2457.23005443656	0.03599559165762969
2459.54110582243	0.036199122431967365
2461.85147622045	0.035601110994724974
2464.16116593146	0.03551201968507899
2466.47017525621	0.037789625969333954
2468.77850449536	0.03598282438835461
2471.08615394947	0.038247663403342125
2473.39312391899	0.03567743503510351
2475.69941470429	0.033412596020115995
2478.00502660562	0.038069573975794746
2480.30995992316	0.035753759075482054
2482.61421495697	0.035346604335062114
2484.91779200702	0.03637730505125932
2487.22069137316	0.036186448354444505
2489.5229133552	0.035448462913975534
2491.8244582528	0.037191614532099196
2494.12532636553	0.03562655234152291
2496.42551799287	0.03580473496081487
2498.72503343421	0.03535937160432956
2501.02387298882	0.03742058665322717
2503.32203695588	0.03787871727897993
2505.61952563449	0.03485045147674078
2507.91633932361	0.03570287638189381
2510.21247832216	0.035575669647934675
2512.50794292891	0.03392160933945699
2514.80273344255	0.03761144335004199
2517.09685016167	0.03607191569800059
2519.39029338476	0.03339992194259314
2521.68306341022	0.034685036126716265
2523.97516053634	0.03547390426076583
2526.26658506132	0.03607191569800059
2528.55733728325	0.03453229485421461
2530.84741750012	0.03595738304156431
2533.13682600984	0.035855617654395475
2535.4255631102	0.03339992194259314
2537.7136290989	0.03487589282353108
2540.00102427354	0.03381975076054357
2542.28774893162	0.034481412160634
2544.57380337053	0.037217055878889495
2546.85918788758	0.037967715396881326
2549.14390277997	0.03444329673631321
2551.4279483448	0.034863125554263644
2553.71132487906	0.03322173932330118
2555.99403267966	0.034685036126716265
2558.27607204341	0.03385795937660131
2560.55744326699	0.037229729956412355
2562.83814664702	0.03664448578844504
2565.11818247999	0.03805680670652731
2567.3975510623	0.03612279839158883
2569.67625269025	0.034583177547802844
2571.95428766003	0.03395972476377015
2574.23165626776	0.03376886806695533
2576.50835880942	0.03600826573515255
2578.78439558093	0.034290555463819185
2581.05976687806	0.032674610579654664
2583.33447299652	0.03357801137014051
2585.60851423191	0.03381975076054357
2587.88189087972	0.03436687950419009
2590.15460323534	0.036339096435193945
2592.42665159406	0.03397249203303759
2594.69803625108	0.03404881607341613
2596.9687575015	0.035448462913975534
2599.23881564029	0.034519620776691746
2601.50821096235	0.03462138616386058
2603.77694376245	0.03411246603627181
2606.0450143353	0.03520672352357248
2608.31242297548	0.03425244003949839
2610.57916997746	0.03240742984246131
2612.84525563562	0.03401060745735839
2615.11068024426	0.0366571598659679
2617.37544409753	0.036580835825597
2619.63954748952	0.03505398225107846
2621.90299071421	0.0353975802203873
2624.16577406546	0.03566476095758065
2626.42789783705	0.03712796456924352
2628.68936232264	0.03567743503510351
2630.9501678158	0.034570503470279984
2633.21031460999	0.037598769272519136
2635.46980299857	0.03868025949056
2637.72863327481	0.03583017630760517
2639.98680573185	0.03644086182236279
2642.24432066276	0.03861660952770432
2644.50117836048	0.04039796976189336
2646.75737911786	0.03894744022774572
2649.01292322765	0.04315905482694679
2651.26781098249	0.04109774658629695
2653.52204267492	0.04098330712160526
2655.77561859738	0.04683621476000893
2658.0285390422	0.0475487588536876
2660.28080430161	0.04982627194619034
2662.53241466774	0.05015710264623938
2664.78337043263	0.051658514873967616
2667.03367188817	0.05457224801977049
2669.2833193262	0.053388992414568424
2671.53231303844	0.055921012166741654
2673.78065331648	0.056837087034758
2676.02834045184	0.05631539963789415
2678.27537473592	0.0557173882006594
2680.52175646002	0.05901283474009954
2682.76748591535	0.05553929877311202
2685.01256339298	0.054623130713358725
2687.25698918391	0.05494128733587726
2689.50076357901	0.05289274636450251
2691.74388686909	0.05052614196234615
2693.9863593448	0.04799412221016528
2696.22818129672	0.04669624075678235
2698.46935301532	0.047803265513350464
2700.70987479096	0.045703841848387466
2702.94974691389	0.04378250761097185
2705.18896967428	0.044329636354626
2707.42754336216	0.04271369147046147
2709.66546826749	0.041034189815185855
2711.90274468011	0.03731882126605834
2714.13937288974	0.03921471415668366
2716.37535318602	0.03834942879051097
2718.61068585848	0.03868025949056
2720.84537119652	0.03537204568185241
2723.07940948947	0.03524483894789328
2725.31280102654	0.032916443161794665
2727.54554609682	0.03432876407987693
2729.77764498933	0.032521962498897584
2732.00909799294	0.033641661332996196
2734.23990539644	0.033985166110560454
2736.47006748853	0.032509195229630146
2738.69958455777	0.03141503093407406
2740.92845689263	0.03145314635838722
2743.15668478147	0.030702486840395386
2745.38426851257	0.03230566445529247
2747.61120837406	0.03556290237866723
2749.83750465399	0.03034621479355605
2752.0631576403	0.03253472976816503
2754.28816762083	0.03303088262648636
2756.51253488329	0.031771302980905754
2758.73625971532	0.0350921908671362
2760.95934240442	0.03259828653927613
2763.18178323801	0.029213748690190004
2765.40358250338	0.03224201449243679
2767.62474048773	0.031898509714872535
2769.84525747814	0.030066266787095255
2772.06513376159	0.03024444940638721
2774.28436962496	0.029239190036987942
2776.50296535501	0.02963367069988502
2778.7209212384	0.031873068368074596
2780.93823756168	0.02935372269342422
2783.15491461129	0.029646344777407876
2785.37095267358	0.03109687431154788
2787.58635203477	0.0297736447031116
2789.80111298097	0.030180799443539172
2792.01523579822	0.02860306317543239
2794.2287207724	0.030104475403160632
2796.44156818932	0.029290165922313125
2798.65377833468	0.02932828134663392
2800.86535149404	0.028997450646584884
2803.07628795289	0.030664278224337645
2805.28658799659	0.028094049856099035
2807.4962519104	0.029722762009530997
2809.70527997946	0.02749603841885664
2811.91367248883	0.0276742210381486
2814.12142972342	0.02745792299454348
2816.32855196807	0.02763601242209086
2818.53503950749	0.027903193159284214
2820.74089262628	0.02794140177534196
2822.94611160894	0.028526739135053852
2825.15069673987	0.028284906552913852
2827.35464830333	0.026274574197596833
2829.55796658351	0.028081375778576174
2831.76065186445	0.02926463138377824
2833.96270443012	0.02855218048185179
2836.16412456437	0.027190742257350128
2838.3649125509	0.02851397186578641
2840.56506867336	0.02936648996269166
2842.76459321526	0.029939060053136117
2844.96348645999	0.02668172893801677
2847.16174869086	0.029481022619127942
2849.35938019105	0.030117149480683492
2851.55638124363	0.03000261682424721
2853.75275213157	0.029722762009530997
2855.94849313772	0.028882917990148606
2858.14360454483	0.028972009299794585
2860.33808663553	0.027610571075300558
2862.53193969234	0.0276487796913583
2864.72516399768	0.030638836877539707
2866.91775983385	0.02752147976565458
2869.10972748304	0.02871759583186867
2871.30106722733	0.029849968743490135
2873.4917793487	0.029824527396699836
2875.68186412899	0.030880576267942765
2877.87132184997	0.02957002073702934
2880.06015279325	0.02967187931594276
2882.24835724039	0.031020550271169345
2884.43593547278	0.032636495155333865
2886.62288777173	0.030906017614733064
2888.80921441843	0.030715160917918247
2890.99491569397	0.03216569045205825
2893.1799918793	0.030829693574354528
2895.36444325529	0.03212748183600051
2897.54827010269	0.031936625139185694
2899.73147270213	0.03328538928615686
2901.91405133412	0.031109641580815323
2904.09600627909	0.03144047228086436
2906.27733781731	0.030333447524288612
2908.45804622899	0.031198732890461302
2910.63813179418	0.029595462083819638
2912.81759479286	0.03297999993290576
2914.99643550486	0.030855134921152463
2917.17465420994	0.03254740384568789
2919.3522511877	0.034697710204239125
2921.52922671765	0.03416334872985241
2923.7055810792	0.0371661731853089
2925.88131455162	0.0315676790148235
2928.05642741408	0.034837684207465705
2930.23091994566	0.03220389906812363
2932.40479242528	0.031618561708411735
2934.57804513178	0.03374342672016503
2936.75067834387	0.031822185674494
2938.92269234017	0.032153016374535395
2941.09408739916	0.03313274120540742
2943.26486379921	0.03297999993290576
2945.4350218186	0.03141503093407406
2947.60456173546	0.031783977058428614
2949.77348382783	0.032636495155333865
2951.94178837363	0.03229289718602503
2954.10947565068	0.030931458961523363
2956.27654593666	0.033387154673325696
2958.44299950915	0.03309453258934204
2960.60883664562	0.03376886806695533
2962.77405762341	0.03140226366479898
2964.93866271975	0.034290555463819185
2967.10265221178	0.03231833853281533
2969.26602637648	0.032038483718099114
2971.42878549076	0.03360345271693081
2973.59092983139	0.03262372788606643
2975.75245967501	0.031058758887234722
2977.9133752982	0.0315422376680332
2980.07367697736	0.031122315658338184
2982.23336498882	0.030982341655111604
2984.39243960877	0.03170765301805772
2986.5509011133	0.027915960428551656
2988.70874977837	0.03180941840522655
2990.86598587984	0.029977175477449276
2993.02260969344	0.026109158847572315
2995.17862149478	0.028806593949770067
2997.33402155938	0.029302839999835982
2999.48881016262	0.03030800617749831
3001.64298757978	0.02963367069988502
3003.796554086	0.0273179489913169
3005.94950995633	0.02593106942002494
3008.10185546569	0.029544579390239037
3010.25359088888	0.028017725815720495
3012.40471650059	0.028272232475390992
3014.5552325754	0.02413703510831304
3016.70513938776	0.02385708710185224
3018.85443721201	0.02491313597309517
3021.00312632236	0.023806204408271643
3023.15120699292	0.025676562760354443
3025.29867949769	0.02857762182864209
3027.44554411052	0.026058276153984077
3029.59180110516	0.02595651076681524
3031.73745075527	0.025307616635999886
3033.88249333434	0.027381598954164945
3036.02692911578	0.027165207718815244
3038.17075837287	0.027076209600913847
3040.31398137877	0.02495134458916055
3042.45659840653	0.024544189848740613
3044.59860972907	0.025943743497547796
3046.7400156192	0.02677082024766275
3048.88081634961	0.02571477137641982
3051.02101219287	0.028030493084987937
3053.16060342144	0.025320290713522743
3055.29959030765	0.02495134458916055
3057.43797312371	0.024276915919802675
3059.57575214172	0.024633187966634374
3061.71292763366	0.02558747145070846
3063.84949987139	0.02392064387296334
3065.98546912665	0.026185482887950855
3068.12083567105	0.025333057982790185
3070.2555997761	0.02571477137641982
3072.38976171319	0.025053109976329386
3074.52332175356	0.025803769494321217
3076.65628016837	0.02640178093155597
3078.78863722863	0.02291547769530101
3080.92039320526	0.022279350833753098
3083.05154836902	0.023157217085704066
3085.1821029906	0.022444766183777616
3087.31205734051	0.02371711309862566
3089.44141168921	0.02201207690481516
3091.57016630696	0.022597414264527056
3093.69832146398	0.023055451698535227
3095.82587743032	0.023691671751835362
3097.9528344759	0.024340565882650718
3100.07919287056	0.0222539094869628
3102.204952884	0.022279350833753098
3104.33011478579	0.019658239771926246
3106.45467884538	0.021579480817597287
3108.57864533212	0.02201207690481516
3110.70201451522	0.020841495377135952
3112.82478666378	0.021261417386823328
3114.94696204676	0.020459781983506314
3117.06854093301	0.02114688473038705
3119.18952359127	0.020727055912444253
3121.30991029013	0.020587081909210037
3123.4297012981	0.01954370711548997
3125.54889688352	0.019887211893061862
3127.66749731464	0.021477715430428448
3129.78550285957	0.019174760991127773
3131.90291378633	0.02006539451235382
3134.01973036277	0.021783104783687182
3136.13595285665	0.01824591885385162
3138.2515815356	0.0201799271687901
3140.36661666714	0.017686022840930026
3142.48105851863	0.019085669681481794
3144.59490735734	0.02129962600288871
3146.70816345041	0.017902320884535146
3148.82082706486	0.01827136020064192
3150.93289846758	0.01848765824424704
3153.04437792532	0.01661720670041202
3155.15526570475	0.016948037400461056
3157.26556207238	0.017876879537744843
3159.37526729461	0.01837312558781076
3161.48438163771	0.015650249138815072
3163.59290536784	0.0166554153164774
3165.70083875102	0.018665747671794415
3167.80818205315	0.01655364992930856
3169.91493554002	0.016858946090815074
3172.02109947727	0.01549750786632105
3174.12667413044	0.01848765824424704
3176.23165976493	0.017126220019753013
3178.33605664602	0.01753337476017295
3180.43986503887	0.01744428345052697
3182.54308520852	0.018156827544205643
3184.64571741986	0.01746972479731727
3186.74776193769	0.017889646807012285
3188.84921902664	0.016057403879242645
3190.95008895128	0.01566292321633793
3193.05037197599	0.016311910538905502
3195.15006836504	0.01760969880055149
3197.24917838262	0.014288810914321045
3199.34770229274	0.016210051959992082
3201.44564035931	0.015548483751646231
3203.5429928461	0.01627370192284776
3205.63976001677	0.016121053842090685
3207.73594213484	0.017278868100502453
3209.83153946372	0.015790223142049288
3211.92655226669	0.015357627054831414
3214.02098080688	0.01651544131324318
3216.11482534732	0.016400908656806903
3218.20808615091	0.017686022840930026
3220.30076348041	0.015548483751646231
3222.39285759847	0.014924937775876597
3224.4843687676	0.016897154706872818
3226.57529725019	0.01572657317919361
3228.66564330851	0.015942871222798728
3230.75540720468	0.016362793232493743
3232.8445892007	0.014047071523925626
3234.93318955847	0.014008862907860247
3237.02120853974	0.016146495188888624
3239.10864640612	0.01669362393253514
3241.19550341911	0.017049802787629895
3243.28177984009	0.01454322438224696
3245.36747593029	0.017164335444066172
3247.45259195083	0.016299143269638064
3249.53712816268	0.0130673466930536
3251.62108482672	0.013461734164206094
3253.70446220366	0.014899496429078658
3255.78726055411	0.014937705045144037
3257.86948013853	0.014530550304724102
3259.95112121728	0.012749190070535061
3262.03218405055	0.014899496429078658
3264.11266889845	0.013296318814189214
3266.19257602092	0.013016370807728416
3268.27190567779	0.013105462117374397
3270.35065812876	0.013512616857794332
3272.4288336334	0.01190943924289725
3274.50643245114	0.013449060086683236
3276.5834548413	0.014237928220740444
3278.65990106305	0.01170581527681499
3280.73577137545	0.010382585668378706
3282.81106603742	0.013741682170666892
3284.88578530774	0.01115877972490542
3286.95992944508	0.012125737286502368
3289.03349870796	0.013003696730205558
3291.1064933548	0.012214828596148348
3293.17891364384	0.011298660536395055
3295.25075983324	0.014199719604675065
3297.322032181	0.012354802599382566
3299.39273094501	0.013016370807728416
3301.462856383	0.010764299062008343
3303.53240875259	0.010611650981258904
3305.60138831128	0.0110823624927823
3307.6697953164	0.011324101883185356
3309.73763002519	0.010420794284444085
3311.80489269472	0.012685633299423963
3313.87158358198	0.009631926150386876
3315.93770294378	0.011413193192831335
3318.00325103681	0.009593717534329135
3320.06822811764	0.010993364374888539
3322.13263444272	0.011807673855728411
3324.19647026832	0.011235103765283957
3326.25973585064	0.011756791162147812
3328.32243144568	0.010713416368427743
3330.38455730938	0.011362310499243097
3332.44611369749	0.011756791162147812
3334.50710086564	0.008015981266222353
3336.56751906936	0.009631926150386876
3338.62736856401	0.011871230626839509
3340.68664960483	0.010013639544016512
3342.74536244693	0.008626666780987604
3344.80350734528	0.010700649099152663
3346.86108455472	0.009593717534329135
3348.91809432997	0.009899106887580233
3350.97453692559	0.010916947142765419
3353.03041259603	0.010789740408798643
3355.08572159559	0.007456085253300758
3357.14046417844	0.009899106887580233
3359.19464059863	0.011451401808889075
3361.24825111005	0.006514569038501747
3363.30129596648	0.010255378934419569
3365.35377542155	0.010280820281209867
3367.40568972878	0.008906614787448402
3369.45703914152	0.010140846277983288
3371.507823913	0.008830290747069864
3373.55804429633	0.008410368737374848
3375.60770054446	0.008512227316295907
3377.65679291024	0.006769075698164607
3379.70532164635	0.007596059256534976
3381.75328700534	0.00816862934697943
3383.80068923965	0.00819407069376973
3385.84752860155	0.008741199437423883
3387.89380534321	0.007367087135406999
3389.93951971664	0.006730867082106866
3391.98467197371	0.008919382056715842
3394.02926236618	0.008384927390584548
3396.07329114566	0.0061965056077201534
3398.1167585636	0.006641775772460886
3400.15966487137	0.00712525455325936
3402.20201032014	0.004618676147876428
3404.24379516099	0.005076806773629184
3406.28501964484	0.007112580475736502
3408.3256840225	0.007761474606559494
3410.3657885446	0.00632371234168693
3412.40533346167	0.006361827766000089
3414.44431902408	0.0071380218225268015
3416.48274548209	0.0065908930788726484
3418.5206130858	0.0071380218225268015
3420.55792208516	0.005547518285152579
3422.59467273003	0.006807191122485404
3424.63086527009	0.006501801769226669
3426.6664999549	0.006934397856444543
3428.70157703386	0.00349897731377782
3430.73609675628	0.0063745950352675305
3432.77005937129	0.006959932394979425
3434.80346512789	0.0071507890917942435
3436.83631427494	0.002646552408617151
3438.86860706119	0.004631443417143869
3440.90034373521	0.006794517044962545
3442.93152454546	0.005242222123646063
3444.96214974025	0.0044278194510616094
3446.99221956775	0.005280337547966861
3449.021734276	0.005954673025580153
3451.05069411289	0.005382102935135699
3453.07909932619	0.004300612717094833
3455.1069501635	0.006005648910905335
3457.1342468723	0.005394870204403141
3459.16098969993	0.00542031155119344
3461.1871788936	0.005674818210863937
3463.21281470035	0.004275171370304533
3465.23789736712	0.003982549286320876
3467.26242714067	0.003511744583045261
3469.28640426765	0.00446602806711935
3471.30982899455	0.003880690707407456
3473.33270156774	0.0029009658765430657
3475.35502223343	0.004911391423604666
3477.3767912377	0.0018449170053001377
3479.39800882649	0.004491469413909651
3481.41867524559	0.004275171370304533
3483.43879074066	0.001997658277794159
3485.45835555721	0.004364262679950512
3487.47736994062	0.0018831256213578792
3489.49583413611	0.001246905568057746
3491.51374838879	0.0022266303989297736
3493.53111294359	0.003117263920148184
3495.54792804533	0.0009160748680163483
3497.56419393867	0.0013486709552265846
3499.57991086814	0.0
