1000.07700129088	0.0473749662968619
1002.83416209528	0.04642174993693707
1005.59045264208	0.04597099105255861
1008.34587328813	0.04340775980759437
1011.10042439014	0.043021341140704814
1013.85410630472	0.04244171314037047
1016.60691938837	0.04278945220436927
1019.35886399746	0.04141123191516476
1022.10994048823	0.04353653458305735
1024.86014921684	0.040110276491233395
1027.60949053928	0.039826877644715764
1030.35796481149	0.03931168420236323
1033.10557238924	0.037753084887013004
1035.85231362819	0.036465054110881356
1038.5981888839	0.03723789144466048
1041.34319851182	0.03717345688667867
1044.08734286727	0.03607863544399179
1046.83062230544	0.03431399648788999
1049.57303718143	0.03332219486557504
1052.31458785021	0.03297445580157624
1055.05527466665	0.035228533244931796
1057.79509798549	0.036014200886009984
1060.53405816134	0.0368643974255629
1063.27215554874	0.035640706866912404
1066.00939050209	0.034545885424225535
1068.74576337565	0.034674660199688505
1071.48127452361	0.03433975144298877
1074.21592430002	0.03257511248688697
1076.94971305882	0.03511258877676789
1079.68264115384	0.03136434657603619
1082.41470893879	0.03339945973085592
1085.14591676728	0.033335119513367026
1087.8762649928	0.03279407677543053
1090.60575396871	0.034326921135689706
1093.33438404827	0.03211142895472427
1096.06215558464	0.03397908773119026
1098.78906893086	0.034455695911152676
1101.51512443981	0.032562282179587905
1104.24032246435	0.02889130484413708
1106.96466335716	0.03412078715444521
1109.68814747081	0.035318722758004656
1112.41077515779	0.03243341306363202
1115.13254677044	0.03285851133340461
1117.85346266104	0.03242058275633295
1120.57352318169	0.033901822865909384
1123.29272868445	0.033038796019057404
1126.01107952121	0.032472092666515046
1128.72857604378	0.03373436848755565
1131.44521860385	0.03394050246880014
1134.16100755301	0.03285851133340461
1136.87594324271	0.03208567399962549
1139.59002602433	0.03218869381999741
1142.3032562491	0.03394050246880014
1145.01563426818	0.036065805136692726
1147.72716043257	0.03521560859713982
1150.43783509322	0.036465054110881356
1153.14765860091	0.03753412059847718
1155.85663130634	0.03422380697481714
1158.56475356012	0.03424956192991591
1161.27202571271	0.03351540419901983
1163.97844811448	0.03509975846946883
1166.68402111569	0.03323200535250219
1169.38874506649	0.03198265417925356
1172.09262031694	0.03387606791081833
1174.79564721695	0.03373436848755565
1177.49782611635	0.03238190315344219
1180.19915736486	0.03387606791081833
1182.89964131208	0.028981400016717025
1185.59927830751	0.03102943781932873
1188.29806870054	0.0345587157315246
1190.99601284046	0.0335926690643007
1193.69311107643	0.031351421928244215
1196.38936375753	0.03350247955122784
1199.08477123271	0.03131283666584637
1201.77933385082	0.032742566865240706
1204.47305196061	0.033038796019057404
1207.1659259107	0.031506045999291146
1209.85795604964	0.032407658108540974
1212.54914272585	0.03488079418092527
1215.23948628763	0.02987018181866005
1217.92898708319	0.03369568888467262
1220.61764546064	0.03453296077643355
1223.30546176798	0.037624310111550034
1225.99243635308	0.03761147980425097
1228.67856956373	0.035511932091449434
1231.36386174761	0.034455695911152676
1234.04831325228	0.03417229706463504
1236.73192442522	0.031106702684609605
1239.41469561377	0.03270388726235767
1242.09662716519	0.03570514142489421
1244.77771942662	0.032935776198685485
1247.45797274511	0.03227888333307027
1250.13738746759	0.033064550974148454
1252.81596394089	0.032845586685612625
1255.49370251175	0.03479060466785241
1258.17060352676	0.03441701630826192
1260.84666733246	0.034803434975151475
1263.52189427525	0.03790770895806767
1266.19628470144	0.03391474751370136
1268.86983895722	0.036349109642709716
1271.5425573887	0.03584684084814917
1274.21444034186	0.03462315028950641
1276.8854881626	0.03242058275633295
1279.55570119671	0.03500956895639597
1282.22507978985	0.03518985364204104
1284.89362428759	0.03583391620035718
1287.56133503543	0.0354604221812596
1290.22821237872	0.03767582002173213
1292.89425666274	0.037778934182596965
1295.55946823263	0.036568073931253275
1298.22384743346	0.04111500276134806
1300.88739461019	0.037340911265032396
1303.55011010766	0.03713487162428855
1306.21199427063	0.03369568888467262
1308.87304744373	0.03441701630826192
1311.53326997152	0.031209816845474442
1314.19266219843	0.033090305929247235
1316.8512244688	0.03218869381999741
1319.50895712687	0.03137717688333526
1322.16586051676	0.0329228515508935
1324.82193498252	0.03301304106396636
1327.47718086806	0.03153180095438993
1330.1315985172	0.03261379208977773
1332.78518827369	0.03497088935350521
1335.43795048114	0.03158331086457202
1338.08988548307	0.032845586685612625
1340.74099362289	0.03419805201972609
1343.39127524392	0.03325776030759323
1346.04073068939	0.03723789144466048
1348.6893603024	0.03388889821811741
1351.33716442597	0.03272964221744872
1353.98414340301	0.031815199800907565
1356.63029757632	0.03351540419901983
1359.27562728863	0.03300021075666729
1361.92013288252	0.033154740487221314
1364.56381470053	0.033811633352836525
1367.20667308505	0.027809313708749277
1369.84870837838	0.031428781134018
1372.48992092274	0.03395333277609921
1375.13031106023	0.030720284017720045
1377.76987913284	0.03151887630659021
1380.40862548251	0.03155755590948097
1383.04655045101	0.02831167684380274
1385.68365438006	0.030977927909146635
1388.31993761126	0.03068169875532993
1390.95540048612	0.03043697951169532
1393.59004334605	0.03242058275633295
1396.22386653233	0.030230845530458562
1398.85687038619	0.03202123944165141
1401.48905524873	0.03163482077476185
1404.12042146094	0.03296153115377653
1406.75096936375	0.03439126135317087
1409.38069929796	0.03424956192991591
1412.00961160428	0.03486786953313328
1414.63770662332	0.032845586685612625
1417.26498469557	0.032665301999959824
1419.89144616146	0.03415946675733597
1422.51709136132	0.030205090575367514
1425.14192063532	0.03272964221744872
1427.76593432361	0.031106702684609605
1430.3891327662	0.030230845530458562
1433.01151630299	0.0329228515508935
1435.63308527382	0.029779992305587193
1438.2538400184	0.034739094757670314
1440.87378087637	0.0300247115492218
1443.49290818722	0.03301304106396636
1446.1112222904	0.032162938864906364
1448.72872352524	0.03620741021945476
1451.34541223097	0.03484211457804224
1453.96128874671	0.03238190315344219
1456.5763534115	0.03388889821811741
1459.19060656429	0.033154740487221314
1461.8040485439	0.032098504306924555
1464.41667968907	0.03373436848755565
1467.02850033846	0.0334123843786479
1469.63951083061	0.033927577821000435
1472.24971150397	0.03245916801872307
1474.8591026969	0.037276571047543505
1477.46768474763	0.033438139333738945
1480.07545799434	0.03387606791081833
1482.68242277508	0.034455695911152676
1485.28857942782	0.0326781323072589
1487.89392829042	0.032034164089443394
1490.49846970065	0.033618424019391746
1493.10220399619	0.03141585648621829
1495.70513151461	0.032446337711424
1498.30725259339	0.031119627332401586
1500.90856756992	0.03205991904453444
1503.50907678146	0.03339945973085592
1506.10878056524	0.031003682864237683
1508.70767925832	0.029960371331732905
1511.30577319772	0.031750765242925756
1513.90306272032	0.032124259262023336
1516.49954816295	0.03176359555022482
1519.09522986229	0.027512990214439658
1521.69010815498	0.031158212594799433
1524.28418337751	0.028736680773090148
1526.87745586632	0.03263954704486878
1529.46992595773	0.03109387237731054
1532.06159398796	0.03118396754989048
1534.65246029316	0.03109387237731054
1537.24252520935	0.031351421928244215
1539.83178907249	0.033309270217783064
1542.42025221841	0.03222737342288817
1545.00791498287	0.032124259262023336
1547.59477770152	0.0296641421779162
1550.18084070993	0.031299912018054384
1552.76610434356	0.031969729531461585
1555.35056893777	0.03218869381999741
1557.93423482785	0.030887738396073776
1560.51710234896	0.032665301999959824
1563.0991718362	0.0304627344667941
1565.68044362457	0.032742566865240706
1568.26091804893	0.030977927909146635
1570.84059544411	0.03409503219935416
1573.41947614481	0.030398299908812293
1575.99756048562	0.03211142895472427
1578.57484880108	0.032343223550559165
1581.15134142559	0.034236731622616846
1583.72703869349	0.03217586351269834
1586.301940939	0.03305172066684939
1588.87604849628	0.03316766513502102
1591.44936169934	0.03503532391148702
1594.02188088215	0.03850016726570108
1596.59360637855	0.040664149536476686
1599.16453852232	0.043858518691965095
1601.73467764709	0.04572627180893173
1604.30402408647	0.047246191521391194
1606.87257817391	0.04572627180893173
1609.44034024281	0.043832763736874045
1612.00731062644	0.04147566647314657
1614.57348965801	0.034545885424225535
1617.13887767062	0.035666461822003455
1619.70347499726	0.03707043706630674
1622.26728197086	0.0375083656433784
1624.83029892423	0.0344427712633607
1627.39252619012	0.037250816092452455
1629.95396410112	0.037340911265032396
1632.5146129898	0.037006096848817845
1635.07447318858	0.04183633018493735
1637.63354502984	0.038178183156785596
1640.19182884582	0.036877227732861964
1642.74932496868	0.03412078715444521
1645.3060337305	0.034610225641706696
1647.86195546325	0.033309270217783064
1650.41709049882	0.03245916801872307
1652.971439169	0.029728482395405095
1655.52500180548	0.03388889821811741
1658.07777873987	0.032317468595468114
1660.62977030368	0.03204699439674246
1663.18097682833	0.03145453608910905
1665.73139864514	0.032691056955058605
1668.28103608534	0.028105542862565978
1670.82988948008	0.032253128377979216
1673.37795916039	0.03224020373018724
1675.92524545724	0.032562282179587905
1678.47174870147	0.03184095475599861
1681.01746922386	0.030321035043531418
1683.56240735508	0.02752591486223164
1686.10656342572	0.03248492297381411
1688.64993776626	0.029857351511360982
1691.19253070709	0.030720284017720045
1693.73434257853	0.02967697248521527
1696.27537371078	0.02965121753012422
1698.81562443395	0.03360559371209268
1701.35509507809	0.030475564774093168
1703.89378597311	0.02913602408777169
1706.43169744886	0.03288426628850339
1708.96882983509	0.033463894288837726
1711.50518346144	0.03409503219935416
1714.0407586575	0.03261379208977773
1716.57555575272	0.03357983875700163
1719.10957507649	0.034919379443323115
1721.64281695809	0.03645222380358228
1724.17528172671	0.03592410571343004
1726.70696971146	0.03562778221912043
1729.23788124135	0.03495805904620614
1731.7680166453	0.03605288048889301
1734.29737625213	0.034829189930250255
1736.82596039057	0.03366993392958158
1739.35376938927	0.033244930000294166
1741.88080357677	0.03400484268628131
1744.40706328154	0.03332219486557504
1746.93254883193	0.031815199800907565
1749.45726055623	0.029934616376641857
1751.9811987826	0.030849153133683662
1754.50436383915	0.03263954704486878
1757.02675605387	0.032626622397076796
1759.54837575466	0.030913493351164827
1762.06922326934	0.031235571800573222
1764.58929892564	0.03029528008844037
1767.10860305118	0.03133859162094515
1769.6271359735	0.031209816845474442
1772.14489802005	0.029419328593796413
1774.66188951817	0.030952172954055585
1777.17811079515	0.028157052772755806
1779.69356217815	0.03252360257670488
1782.20824399425	0.0329228515508935
1784.72215657043	0.030385375261020312
1787.23530023361	0.027474404952049544
1789.74767531057	0.03005056084480576
1792.25928212804	0.029921691728849877
1794.77012101264	0.030746038972811092
1797.2801922909	0.03137717688333526
1799.78949628926	0.03218869381999741
1802.29803333406	0.028994324664509005
1804.80580375158	0.03137717688333526
1807.31280786797	0.03251067792891289
1809.81904600929	0.030617264197348122
1812.32451850154	0.03218869381999741
1814.82922567061	0.030977927909146635
1817.33316784231	0.03104236246712844
1819.83634534233	0.03068169875532993
1822.33875849629	0.03226595868527828
1824.84040762973	0.031158212594799433
1827.34129306808	0.028775360375973176
1829.84141513667	0.030990758216445702
1832.34077416077	0.029251874215442678
1834.83937046553	0.030089146107203608
1837.33720437602	0.028646491260017292
1839.83427621723	0.030771793927909873
1842.33058631404	0.030630188845140103
1844.82613499125	0.02913602408777169
1847.32092257355	0.03105519277442751
1849.81494938558	0.029329233421216468
1852.30821575184	0.03005056084480576
1854.80072199677	0.0308104735307929
1857.29246844473	0.030205090575367514
1859.78345541994	0.029715652088106028
1862.27368324658	0.031480291044200095
1864.76315224871	0.031725010287834705
1867.2518627503	0.03102943781932873
1869.73981507524	0.033927577821000435
1872.22700954733	0.030771793927909873
1874.71344649027	0.03230463828816905
1877.19912622768	0.031299912018054384
1879.68404908308	0.03068169875532993
1882.16821537988	0.031145382287500366
1884.65162544145	0.031918219621279484
1887.13427959102	0.03235614819835114
1889.61617815175	0.029767161998288126
1892.0973214467	0.03226595868527828
1894.57770979887	0.03215001421711438
1897.05734353113	0.031725010287834705
1899.53622296628	0.031699255332735925
1902.014348427	0.030565754287166024
1904.49172023593	0.030127825710086636
1906.96833871558	0.027835068663840324
1909.44420418839	0.029174609350161803
1911.91931697668	0.03026952513334932
1914.39367740272	0.032497847621613826
1916.86728578865	0.035048154218786085
1919.34014245654	0.030965003261354655
1921.81224772838	0.03136434657603619
1924.28360192604	0.030308110395739437
1926.75420537132	0.02833743179890152
1929.22405838593	0.030784718575701853
1931.69316129147	0.030501319729184215
1934.16151440948	0.03106811742221949
1936.62911806136	0.029934616376641857
1939.09597256848	0.032098504306924555
1941.56207825207	0.033180495442320095
1944.0274354333	0.029316308773424487
1946.49204443322	0.030849153133683662
1948.95590557284	0.028801115331064223
1951.41901917301	0.03086198344098273
1953.88138555454	0.030192165927575534
1956.34300503813	0.032034164089443394
1958.8038779444	0.032098504306924555
1961.26400459387	0.032343223550559165
1963.72338530697	0.02833743179890152
1966.18202040403	0.030308110395739437
1968.63991020531	0.030784718575701853
1971.09705503097	0.030127825710086636
1973.55345520107	0.031815199800907565
1976.0091110356	0.0316605757298529
1978.46402285444	0.031325666973145434
1980.91819097737	0.031750765242925756
1983.3716157241	0.02952244275466125
1985.82429741427	0.030990758216445702
1988.27623636736	0.03365710362228251
1990.72743290284	0.03136434657603619
1993.17788734002	0.03347672459613679
1995.62759999817	0.029329233421216468
1998.07657119644	0.03139010153112724
2000.5248012539	0.03190529497347978
2002.97229048952	0.02963829288233224
2005.41903922219	0.03217586351269834
2007.86504777071	0.032343223550559165
2010.31031645378	0.031158212594799433
2012.75484559	0.03208567399962549
2015.19863549792	0.03160906581966307
2017.64168649594	0.03139010153112724
2020.08399890242	0.03043697951169532
2022.5255730356	0.034494375514035704
2024.96640921365	0.033064550974148454
2027.40650775462	0.030849153133683662
2029.84586897649	0.032343223550559165
2032.28449319715	0.03149312135149917
2034.72238073438	0.031016607512029663
2037.15953190591	0.030617264197348122
2039.59594702932	0.02814422246545674
2042.03162642215	0.03276832182033175
2044.46657040182	0.02912309943997971
2046.90077928567	0.03043697951169532
2049.33425339095	0.029986126286831685
2051.76699303481	0.0345587157315246
2054.19899853433	0.030140656017385706
2056.63027020645	0.03263954704486878
2059.06080836809	0.03283275637831356
2061.49061333602	0.030192165927575534
2063.91968542694	0.03208567399962549
2066.34802495747	0.03043697951169532
2068.77563224411	0.02952244275466125
2071.20250760329	0.03167350037764488
2073.62865135136	0.03332219486557504
2076.05406380455	0.03243341306363202
2078.47874527901	0.034301166180590925
2080.9026960908	0.03283275637831356
2083.3259165559	0.031080947729518558
2085.74840699018	0.03220161846779712
2088.17016770944	0.03065594380023888
2090.59119902935	0.030977927909146635
2093.01150126553	0.0319568048836696
2095.43107473348	0.03217586351269834
2097.84991974864	0.03338662942355685
2100.26803662633	0.030475564774093168
2102.68542568178	0.03144161144131707
2105.10208723015	0.03243341306363202
2107.51802158648	0.033038796019057404
2109.93322906574	0.03413371180224493
2112.3477099828	0.02801535334949312
2114.76146465245	0.033360874468465807
2117.17449338937	0.032369072846143127
2119.58679650815	0.0323948278012419
2121.9983743233	0.031428781134018
2124.40922714924	0.029947446683940924
2126.81935530029	0.032781246468131464
2129.22875909067	0.02930347846612542
2131.63743883452	0.03218869381999741
2134.04539484589	0.030308110395739437
2136.45262743874	0.032034164089443394
2138.85913692692	0.031325666973145434
2141.26492362422	0.03276832182033175
2143.6699878443	0.03300021075666729
2146.07432990076	0.029998956594130752
2148.47795010708	0.031299912018054384
2150.88084877667	0.03162199046746278
2153.28302622285	0.03397908773119026
2155.68448275883	0.03406927724426312
2158.08521869774	0.03140302617891922
2160.48523435261	0.0326781323072589
2162.88453003639	0.032124259262023336
2165.28310606193	0.03145453608910905
2167.68096274199	0.033463894288837726
2170.07810038922	0.034674660199688505
2172.47451931622	0.03199548448655263
2174.87021983546	0.0316605757298529
2177.26520225933	0.03137717688333526
2179.65946690013	0.033038796019057404
2182.05301407006	0.029187533997953784
2184.44584408123	0.030333865350830484
2186.83795724567	0.030965003261354655
2189.22935387531	0.03224020373018724
2191.62003428198	0.0335926690643007
2194.00999877743	0.03021792088266658
2196.39924767329	0.031080947729518558
2198.78778128115	0.03145453608910905
2201.17559991245	0.0318924646661807
2203.56270387857	0.030630188845140103
2205.94909349081	0.03265237735216785
2208.33476906033	0.03164774542255383
2210.71973089824	0.031815199800907565
2213.10397931554	0.029792916953386903
2215.48751462314	0.033863143263026356
2217.87033713186	0.032871341640703676
2220.25244715242	0.031596235512364006
2222.63384499546	0.031171137242591414
2225.01453097151	0.029754237350496145
2227.39450539101	0.031080947729518558
2229.77376856434	0.03065594380023888
2232.15232080173	0.029097344484880928
2234.53016241336	0.032626622397076796
2236.9072937093	0.033438139333738945
2239.28371499954	0.033927577821000435
2241.65942659396	0.031480291044200095
2244.03442880236	0.030578584594465094
2246.40872193443	0.031003682864237683
2248.78230629979	0.031789444845808784
2251.15518220795	0.03298728610887531
2253.52734996835	0.032871341640703676
2255.89880989029	0.03238190315344219
2258.26956228301	0.03265237735216785
2260.63960745567	0.033309270217783064
2263.00894571731	0.03141585648621829
2265.37757737688	0.03243341306363202
2267.74550274324	0.03204699439674246
2270.11272212517	0.03289709659580246
2272.47923583134	0.030913493351164827
2274.84504417031	0.03068169875532993
2277.2101474506	0.030501319729184215
2279.57454598058	0.03124840210787229
2281.93824006856	0.03251067792891289
2284.30123002275	0.031918219621279484
2286.66351615125	0.03119689219768246
2289.02509876208	0.03104236246712844
2291.38597816317	0.029702727440314047
2293.74615466236	0.029187533997953784
2296.10562856737	0.034739094757670314
2298.46440018585	0.03248492297381411
2300.82246982535	0.03272964221744872
2303.1798377933	0.03226595868527828
2305.5365043971	0.033180495442320095
2307.89246994399	0.03283275637831356
2310.24773474116	0.03263954704486878
2312.60229909566	0.033489649243928776
2314.95616331451	0.032716811910149655
2317.30932770456	0.03345096964103802
2319.66179257263	0.031119627332401586
2322.01355822542	0.030063391152104827
2324.36462496953	0.03401776733407329
2326.71499311146	0.03248492297381411
2329.06466295764	0.030230845530458562
2331.41363481439	0.03082339817858488
2333.76190898794	0.03387606791081833
2336.10948578441	0.03453296077643355
2338.45636550986	0.028981400016717025
2340.80254847022	0.03397908773119026
2343.14803497132	0.03285851133340461
2345.49282531895	0.03285851133340461
2347.83691981874	0.030617264197348122
2350.18031877626	0.02927772351102664
2352.52302249699	0.03144161144131707
2354.8650312863	0.03350247955122784
2357.20634544946	0.03140302617891922
2359.54696529166	0.030887738396073776
2361.88689111798	0.03193104992857855
2364.22612323341	0.03379880304553746
2366.56466194287	0.031119627332401586
2368.90250755114	0.032162938864906364
2371.23966036293	0.032317468595468114
2373.57612068286	0.031943974576370535
2375.91188881545	0.03235614819835114
2378.2469650651	0.032626622397076796
2380.58134973615	0.03122264715277351
2382.91504313282	0.033682858577373555
2385.24804555926	0.03543457288567564
2387.58035731949	0.03168633068494395
2389.91197871745	0.03412078715444521
2392.24291005701	0.03350247955122784
2394.57315164189	0.032162938864906364
2396.90270377577	0.031351421928244215
2399.23156676218	0.032072749351833504
2401.55974090461	0.031016607512029663
2403.88722650642	0.031209816845474442
2406.21402387086	0.03484211457804224
2408.54013330113	0.03199548448655263
2410.8655551003	0.03065594380023888
2413.19028957133	0.03220161846779712
2415.51433701713	0.03342521468594697
2417.83769774049	0.030900663043865757
2420.16037204408	0.02965121753012422
2422.48236023051	0.03144161144131707
2424.80366260228	0.02958678297214241
2427.12427946179	0.030449809818994387
2429.44421111134	0.030475564774093168
2431.76345785315	0.030398299908812293
2434.08201998932	0.030733208665512025
2436.39989782188	0.03154463126168899
2438.71709165273	0.03327068495539295
2441.0336017837	0.030836228485883948
2443.34942851653	0.030900663043865757
2445.66457215282	0.028994324664509005
2447.97903299412	0.03028235544064839
2450.29281134185	0.029148854395070756
2452.60590749736	0.02965121753012422
2454.91832176188	0.03379880304553746
2457.23005443656	0.03252360257670488
2459.54110582243	0.029483763151770488
2461.85147622045	0.032588037134686686
2464.16116593146	0.030552829639366313
2466.47017525621	0.031158212594799433
2468.77850449536	0.031235571800573222
2471.08615394947	0.031106702684609605
2473.39312391899	0.03369568888467262
2475.69941470429	0.02965121753012422
2478.00502660562	0.032034164089443394
2480.30995992316	0.031969729531461585
2482.61421495697	0.03230463828816905
2484.91779200702	0.03042405486390334
2487.22069137316	0.032034164089443394
2489.5229133552	0.03163482077476185
2491.8244582528	0.031209816845474442
2494.12532636553	0.029857351511360982
2496.42551799287	0.02927772351102664
2498.72503343421	0.029573952664843344
2501.02387298882	0.028942814754326907
2503.32203695588	0.030578584594465094
2505.61952563449	0.03043697951169532
2507.91633932361	0.031480291044200095
2510.21247832216	0.0323948278012419
2512.50794292891	0.031145382287500366
2514.80273344255	0.030385375261020312
2517.09685016167	0.0304627344667941
2519.39029338476	0.03305172066684939
2521.68306341022	0.029792916953386903
2523.97516053634	0.033438139333738945
2526.26658506132	0.029599707619942125
2528.55733728325	0.03064301915243917
2530.84741750012	0.03109387237731054
2533.13682600984	0.030630188845140103
2535.4255631102	0.03387606791081833
2537.7136290989	0.03141585648621829
2540.00102427354	0.030501319729184215
2542.28774893162	0.03127415706296334
2544.57380337053	0.030758963620610806
2546.85918788758	0.02850488617724752
2549.14390277997	0.029393573638697632
2551.4279483448	0.029921691728849877
2553.71132487906	0.031725010287834705
2555.99403267966	0.029986126286831685
2558.27607204341	0.03064301915243917
2560.55744326699	0.031750765242925756
2562.83814664702	0.028968569709417955
2565.11818247999	0.03314191017992224
2567.3975510623	0.031596235512364006
2569.67625269025	0.030771793927909873
2571.95428766003	0.031171137242591414
2574.23165626776	0.03162199046746278
2576.50835880942	0.030900663043865757
2578.78439558093	0.030449809818994387
2581.05976687806	0.0285306411323463
2583.33447299652	0.02952244275466125
2585.60851423191	0.026392413816654005
2587.88189087972	0.027036476374970156
2590.15460323534	0.030733208665512025
2592.42665159406	0.027409970394067736
2594.69803625108	0.03242058275633295
2596.9687575015	0.03126132675566427
2599.23881564029	0.028775360375973176
2601.50821096235	0.028092618214773997
2603.77694376245	0.03021792088266658
2606.0450143353	0.03260086744198575
2608.31242297548	0.029045834574698833
2610.57916997746	0.029110269132680642
2612.84525563562	0.025851465419210427
2615.11068024426	0.027976768087103008
2617.37544409753	0.02950951810686927
2619.63954748952	0.029779992305587193
2621.90299071421	0.030771793927909873
2624.16577406546	0.03042405486390334
2626.42789783705	0.028801115331064223
2628.68936232264	0.02883970059346207
2630.9501678158	0.03302596571175834
2633.21031460999	0.02907158952978988
2635.46980299857	0.031789444845808784
2637.72863327481	0.029483763151770488
2639.98680573185	0.030114901062294655
2642.24432066276	0.03127415706296334
2644.50117836048	0.03140302617891922
2646.75737911786	0.03007631579990454
2649.01292322765	0.02874960542088213
2651.26781098249	0.030720284017720045
2653.52204267492	0.027667614285494323
2655.77561859738	0.027796389060957296
2658.0285390422	0.028968569709417955
2660.28080430161	0.031699255332735925
2662.53241466774	0.029779992305587193
2664.78337043263	0.029805747260685973
2667.03367188817	0.02963829288233224
2669.2833193262	0.030514244376976196
2671.53231303844	0.027281195618604762
2673.78065331648	0.028710925817991367
2676.02834045184	0.029007154971808072
2678.27537473592	0.029354988376307515
2680.52175646002	0.02891705979923586
2682.76748591535	0.0329228515508935
2685.01256339298	0.029599707619942125
2687.25698918391	0.027770634105866245
2689.50076357901	0.0279123335291212
2691.74388686909	0.02890413515143615
2693.9863593448	0.029483763151770488
2696.22818129672	0.0300247115492218
2698.46935301532	0.027216761060622954
2700.70987479096	0.029174609350161803
2702.94974691389	0.027062231330061203
2705.18896967428	0.029960371331732905
2707.42754336216	0.026443923726843833
2709.66546826749	0.030926417998956807
2711.90274468011	0.027242516015714
2714.13937288974	0.02813129781765703
2716.37535318602	0.02806686325968295
2718.61068585848	0.0290586648819979
2720.84537119652	0.02768044459279339
2723.07940948947	0.025580896879991856
2725.31280102654	0.028272997240919712
2727.54554609682	0.026817512086434327
2729.77764498933	0.02989593677375883
2732.00909799294	0.029007154971808072
2734.23990539644	0.030127825710086636
2736.47006748853	0.02944508354888746
2738.69958455777	0.02920036430525285
2740.92845689263	0.02833743179890152
2743.15668478147	0.02958678297214241
2745.38426851257	0.027796389060957296
2747.61120837406	0.02806686325968295
2749.83750465399	0.024911173707077572
2752.0631576403	0.02814422246545674
2754.28816762083	0.029342063728515538
2756.51253488329	0.028736680773090148
2758.73625971532	0.03060433954955614
2760.95934240442	0.028054032952383883
2763.18178323801	0.02813129781765703
2765.40358250338	0.027332705528786857
2767.62474048773	0.02640533846445372
2769.84525747814	0.026044674752655206
2772.06513376159	0.02961253792724119
2774.28436962496	0.02630222430358115
2776.50296535501	0.028633660952718222
2778.7209212384	0.02789940888132922
2780.93823756168	0.029045834574698833
2783.15491461129	0.029883106466459763
2785.37095267358	0.027036476374970156
2787.58635203477	0.02614769457302713
2789.80111298097	0.02874960542088213
2792.01523579822	0.02690760725901427
2794.2287207724	0.02750015990714059
2796.44156818932	0.026431093419544766
2798.65377833468	0.02710081659245905
2800.86535149404	0.025490801707411914
2803.07628795289	0.02831167684380274
2805.28658799659	0.02640533846445372
2807.4962519104	0.023790502968799008
2809.70527997946	0.027242516015714
2811.91367248883	0.025207402860894276
2814.12142972342	0.027512990214439658
2816.32855196807	0.026817512086434327
2818.53503950749	0.025619576482874884
2820.74089262628	0.02731978088099488
2822.94611160894	0.02784789897113939
2825.15069673987	0.025632501130674598
2827.35464830333	0.024885418751986525
2829.55796658351	0.02637958350935494
2831.76065186445	0.024988438572358447
2833.96270443012	0.027577424772421467
2836.16412456437	0.02617344952811818
2838.3649125509	0.02573552095104652
2840.56506867336	0.02789940888132922
2842.76459321526	0.026675812663171643
2844.96348645999	0.028556396087437347
2847.16174869086	0.027216761060622954
2849.35938019105	0.026418168771752785
2851.55638124363	0.02634090390647191
2853.75275213157	0.027281195618604762
2855.94849313772	0.027281195618604762
2858.14360454483	0.029251874215442678
2860.33808663553	0.028157052772755806
2862.53193969234	0.024833908841796697
2864.72516399768	0.02801535334949312
2866.91775983385	0.027036476374970156
2869.10972748304	0.03025660048554961
2871.30106722733	0.02891705979923586
2873.4917793487	0.029548197709752297
2875.68186412899	0.027822144016048343
2877.87132184997	0.02807978790747493
2880.06015279325	0.02922611926035163
2882.24835724039	0.029625462575033172
2884.43593547278	0.03151887630659021
2886.62288777173	0.027744879150767468
2888.80921441843	0.031596235512364006
2890.99491569397	0.02990886142155081
2893.1799918793	0.030011881241922733
2895.36444325529	0.031145382287500366
2897.54827010269	0.0285306411323463
2899.73147270213	0.02987018181866005
2901.91405133412	0.032034164089443394
2904.09600627909	0.028569226394736417
2906.27733781731	0.029367818683606585
2908.45804622899	0.03217586351269834
2910.63813179418	0.03163482077476185
2912.81759479286	0.033116060884338286
2914.99643550486	0.032742566865240706
2917.17465420994	0.03382455800062851
2919.3522511877	0.03342521468594697
2921.52922671765	0.03162199046746278
2923.7055810792	0.032446337711424
2925.88131455162	0.034919379443323115
2928.05642741408	0.03463598059680548
2930.23091994566	0.03450720582133477
2932.40479242528	0.03422380697481714
2934.57804513178	0.034520130469134484
2936.75067834387	0.03391474751370136
2938.92269234017	0.031596235512364006
2941.09408739916	0.033811633352836525
2943.26486379921	0.030630188845140103
2945.4350218186	0.03199548448655263
2947.60456173546	0.03137717688333526
2949.77348382783	0.03528004315511389
2951.94178837363	0.03506107886657806
2954.10947565068	0.03182803010820663
2956.27654593666	0.033180495442320095
2958.44299950915	0.03399201237898224
2960.60883664562	0.03553768704654048
2962.77405762341	0.03598844593091894
2964.93866271975	0.03385031295572729
2967.10265221178	0.03345096964103802
2969.26602637648	0.03199548448655263
2971.42878549076	0.031171137242591414
2973.59092983139	0.0308104735307929
2975.75245967501	0.031003682864237683
2977.9133752982	0.030926417998956807
2980.07367697736	0.027719124195676417
2982.23336498882	0.029187533997953784
2984.39243960877	0.029483763151770488
2986.5509011133	0.028955645061625977
2988.70874977837	0.02770619954788444
2990.86598587984	0.030449809818994387
2993.02260969344	0.030114901062294655
2995.17862149478	0.028543471439645366
2997.33402155938	0.027010721419879105
2999.48881016262	0.02968989713301498
3001.64298757978	0.024112581418207404
3003.796554086	0.023867862174572797
3005.94950995633	0.02502711817524148
3008.10185546569	0.026315148951380863
3010.25359088888	0.024614850212767957
3012.40471650059	0.02710081659245905
3014.5552325754	0.025039948482540545
3016.70513938776	0.0239966369500435
3018.85443721201	0.026740152880660537
3021.00312632236	0.023507198462782014
3023.15120699292	0.024550509995279062
3025.29867949769	0.025928730284491303
3027.44554411052	0.024035222212433614
3029.59180110516	0.023854937526780817
3031.73745075527	0.025619576482874884
3033.88249333434	0.026199204483209226
3036.02692911578	0.026353734213770977
3038.17075837287	0.027203930753323887
3040.31398137877	0.031879540018388726
3042.45659840653	0.026070429707746253
3044.59860972907	0.026598547797898497
3046.7400156192	0.02458909525767691
3048.88081634961	0.022850211256673886
3051.02101219287	0.02315936505828257
3053.16060342144	0.023880692481871864
3055.29959030765	0.02380342761659872
3057.43797312371	0.024254280841462358
3059.57575214172	0.022760116084093944
3061.71292763366	0.023635973238244987
3063.84949987139	0.024434565527115155
3065.98546912665	0.025194478213102296
3068.12083567105	0.027938088484212246
3070.2555997761	0.026740152880660537
3072.38976171319	0.025014193527449498
3074.52332175356	0.025039948482540545
3076.65628016837	0.022438037634685545
3078.78863722863	0.023481443507683237
3080.92039320526	0.022966155724837792
3083.05154836902	0.022850211256673886
3085.1821029906	0.020982552480200162
3087.31205734051	0.02064764372350043
3089.44141168921	0.02178114476907806
3091.57016630696	0.018870174460107293
3093.69832146398	0.019153478966124283
3095.82587743032	0.021291706281816578
3097.9528344759	0.021922844192333014
3100.07919287056	0.021755389813979283
3102.204952884	0.022515396840459334
3104.33011478579	0.020158205236238944
3106.45467884538	0.020943872877317134
3108.57864533212	0.01883149485721653
3110.70201451522	0.019475557415532682
3112.82478666378	0.02062188876840938
3114.94696204676	0.020106695326049116
3117.06854093301	0.018947439325380434
3119.18952359127	0.018998949235570262
3121.30991029013	0.017002421343140655
3123.4297012981	0.020029430460775974
3125.54889688352	0.018754229991935656
3127.66749731464	0.01920498887631411
3129.78550285957	0.01792988274797444
3131.90291378633	0.018007147613255316
3134.01973036277	0.017195630676585433
3136.13595285665	0.0168607219198857
3138.2515815356	0.020196884839121975
3140.36661666714	0.015624201053936145
3142.48105851863	0.020312734966792964
3144.59490735734	0.014065696079078836
3146.70816345041	0.016268263612252292
3148.82082706486	0.01631977352243439
3150.93289846758	0.015430991720491364
3153.04437792532	0.01592043020775285
3155.15526570475	0.015212027431955537
3157.26556207238	0.016603172368952025
3159.37526729461	0.016049299323708733
3161.48438163771	0.016113639541197627
3163.59290536784	0.01687364656767768
3165.70083875102	0.0150960829637839
3167.80818205315	0.017427519612920973
3169.91493554002	0.0150960829637839
3172.02109947727	0.015340802207418508
3174.12667413044	0.01647430325299614
3176.23165976493	0.016590247721160047
3178.33605664602	0.015044573053601804
3180.43986503887	0.01597203445843559
3182.54308520852	0.01610080923389856
3184.64571741986	0.01715704541419532
3186.74776193769	0.014310415322705713
3188.84921902664	0.01647430325299614
3190.95008895128	0.01652590750367115
3193.05037197599	0.015649956009027192
3195.15006836504	0.014941553233229881
3197.24917838262	0.016744871792214712
3199.34770229274	0.016409963035507246
3201.44564035931	0.01691232617056071
3203.5429928461	0.015443916368283345
3205.63976001677	0.015276461989929614
3207.73594213484	0.01631977352243439
3209.83153946372	0.015727220874308067
3211.92655226669	0.01767223885654785
3214.02098080688	0.015276461989929614
3216.11482534732	0.014761174207084168
3218.20808615091	0.017363085054939165
3220.30076348041	0.012854930168220327
3222.39285759847	0.0150960829637839
3224.4843687676	0.016036374675916752
3226.57529725019	0.0160621296310078
3228.66564330851	0.015984864765734658
3230.75540720468	0.014567964873639387
3232.8445892007	0.014258905412523616
3234.93318955847	0.016242508657153515
3237.02120853974	0.014722588944694052
3239.10864640612	0.013267103790208668
3241.19550341911	0.01498023283611291
3243.28177984009	0.014014186168889008
3245.36747593029	0.01631977352243439
3247.45259195083	0.01532797190011944
3249.53712816268	0.012893515430618174
3251.62108482672	0.014825608765065976
3253.70446220366	0.013099649411854935
3255.78726055411	0.012494266456429547
3257.86948013853	0.011592560006686809
3259.95112121728	0.012726061052264443
3262.03218405055	0.013215499539525926
3264.11266889845	0.012738985700056424
3266.19257602092	0.014593814169223349
3268.27190567779	0.011309255500662085
3270.35065812876	0.012816250565337299
3272.4288336334	0.013666352764397295
3274.50643245114	0.012584361629001757
3276.5834548413	0.012880685123319108
3278.65990106305	0.011682749519759665
3280.73577137545	0.013267103790208668
3282.81106603742	0.012120678096839053
3284.88578530774	0.011515295141405934
3286.95992944508	0.01218511265481313
3289.03349870796	0.011863034205412465
3291.1064933548	0.011708504474850714
3293.17891364384	0.013717862674579391
3295.25075983324	0.011644069916876637
3297.322032181	0.013086724764062954
3299.39273094501	0.009119518274795428
3301.462856383	0.012275302167885986
3303.53240875259	0.013537577988926592
3305.60138831128	0.009995375428946473
3307.6697953164	0.011875958853204445
3309.73763002519	0.012030488583766197
3311.80489269472	0.011270575897779057
3313.87158358198	0.012017658276467131
3315.93770294378	0.011747184077741474
3318.00325103681	0.011553974744296694
3320.06822811764	0.010420473698719061
3322.13263444272	0.01218511265481313
3324.19647026832	0.010278774275464109
3326.25973585064	0.011116046167217305
3328.32243144568	0.01240407694335669
3330.38455730938	0.009995375428946473
3332.44611369749	0.010742457807626813
3334.50710086564	0.009815090743293673
3336.56751906936	0.012777570962446538
3338.62736856401	0.008372435896107356
3340.68664960483	0.010085564942019329
3342.74536244693	0.009982545121647405
3344.80350734528	0.009570371499659065
3346.86108455472	0.010729627500327745
3348.91809432997	0.011296330852870105
3350.97453692559	0.009029328761722572
3353.03041259603	0.008913384293550935
3355.08572159559	0.009982545121647405
3357.14046417844	0.009905185915873615
3359.19464059863	0.008101961697381699
3361.24825111005	0.007728373337791207
3363.30129596648	0.008411115498990384
3365.35377542155	0.008192056869961642
3367.40568972878	0.010768212762725592
3369.45703914152	0.009080838671904668
3371.507823913	0.008179226562662576
3373.55804429633	0.009763580833103845
3375.60770054446	0.008578475536851203
3377.65679291024	0.008295171030826479
3379.70532164635	0.007187424940347627
3381.75328700534	0.008630079787533943
3383.80068923965	0.00726468980562077
3385.84752860155	0.008462625409180212
3387.89380534321	0.006118358452751801
3389.93951971664	0.009183952832769505
3391.98467197371	0.004302115245974992
3394.02926236618	0.0051651420928269685
3396.07329114566	0.009209707787868284
3398.1167585636	0.005049197624655332
3400.15966487137	0.009789335788202624
3402.20201032014	0.006517607426940429
3404.24379516099	0.0037096569383415832
3406.28501964484	0.006672231497987362
3408.3256840225	0.007689788075401091
3410.3657885446	0.004959102452083121
3412.40533346167	0.0070586501648769225
3414.44431902408	0.007625353517419282
3416.48274548209	0.0063115677861965815
3418.5206130858	0.005577315714807576
3420.55792208516	0.003052764072726367
3422.59467273003	0.005860714561325213
3424.63086527009	0.0062213782731237255
3426.6664999549	0.00672374140817719
3428.70157703386	0.004830233336119504
3430.73609675628	0.008243661120644383
3432.77005937129	0.009544522204075104
3434.80346512789	0.005126556830429121
3436.83631427494	0.004495324579419771
3438.86860706119	0.0060539238947699935
3440.90034373521	0.004804478381028456
3442.93152454546	0.0035679575150788993
3444.96214974025	0.006479022164542582
3446.99221956775	0.0037354118934326314
3449.021734276	0.007960262274126747
3451.05069411289	0.0051136321826371406
3453.07909932619	0.00416051016320522
3455.1069501635	0.0045340041823028
3457.1342468723	0.0029238949567627504
3459.16098969993	0.005139387137728189
3461.1871788936	0.004134660867621259
3463.21281470035	0.003851356361596536
3465.23789736712	0.0037482422007316988
3467.26242714067	0.0030270091176353192
3469.28640426765	0.0024731360723920267
3471.30982899455	0.002588986200063018
3473.33270156774	0.0020480378026117058
3475.35502223343	0.0008501021990599964
3477.3767912377	0.0034005031367251672
3479.39800882649	0.004263529983577144
3481.41867524559	0.0028723850465806546
3483.43879074066	0.001107746090486585
3485.45835555721	0.001403975244303289
3487.47736994062	0.0022284168287574186
3489.49583413611	0.0012365208659495567
3491.51374838879	0.002653420758044826
3493.53111294359	0.00012886911596361674
3495.54792804533	0.003619467425268727
3497.56419393867	0.0
3499.57991086814	0.00014169942326268417
