1000.07700129088	0.02891017264314149
1002.83416209528	0.026085772007394085
1005.59045264208	0.023994183559408477
1008.34587328813	0.023554496246754597
1011.10042439014	0.022009052913924864
1013.85410630472	0.020490248426258992
1016.60691938837	0.02035705420039169
1019.35886399746	0.020237130608017587
1022.10994048823	0.020410331890743406
1024.86014921684	0.0199040962542526
1027.60949053928	0.01761257010017586
1030.35796481149	0.017705854847378102
1033.10557238924	0.014841447154780177
1035.85231362819	0.01492136369030376
1038.5981888839	0.013442566259496405
1041.34319851182	0.013082893060551559
1044.08734286727	0.013509212161526781
1046.83062230544	0.011684012165267786
1049.57303718143	0.01184384523631495
1052.31458785021	0.011097762415067946
1055.05527466665	0.012216886646938452
1057.79509798549	0.012829775242310154
1060.53405816134	0.01243009498651479
1063.27215554874	0.01237681729616307
1066.00939050209	0.013189448441247002
1068.74576337565	0.013002976525035974
1071.48127452361	0.010751359849624302
1074.21592430002	0.012176977168265388
1076.94971305882	0.011710651010447645
1079.68264115384	0.010818005751654678
1082.41470893879	0.012456733831686651
1085.14591676728	0.01052488087655476
1087.8762649928	0.0116040956297522
1090.60575396871	0.010165207677609913
1093.33438404827	0.011297602542965628
1096.06215558464	0.011630734474924062
1098.78906893086	0.01052488087655476
1101.51512443981	0.011457533192198242
1104.24032246435	0.010684811525779377
1106.96466335716	0.011404255501854518
1109.68814747081	0.011270963697793766
1112.41077515779	0.011910491138345327
1115.13254677044	0.011817206391143089
1117.85346266104	0.01155072036121503
1120.57352318169	0.011204415373956837
1123.29272868445	0.011470803825691447
1126.01107952121	0.011031214091231017
1128.72857604378	0.01143089434702638
1131.44521860385	0.010298401903477219
1134.16100755301	0.00964560382944045
1136.87594324271	0.01237681729616307
1139.59002602433	0.012136970111414869
1142.3032562491	0.010631533835435653
1145.01563426818	0.012057053575891288
1147.72716043257	0.01313617075090328
1150.43783509322	0.013509212161526781
1153.14765860091	0.012909691777833736
1155.85663130634	0.01298960831334932
1158.56475356012	0.013042886003701041
1161.27202571271	0.012496643310351718
1163.97844811448	0.012216886646938452
1166.68402111569	0.01237681729616307
1169.38874506649	0.011910491138345327
1172.09262031694	0.010365047805507595
1174.79564721695	0.010311770115163871
1177.49782611635	0.011870484081486811
1180.19915736486	0.010764728061302959
1182.89964131208	0.011630734474924062
1185.59927830751	0.01167064395358913
1188.29806870054	0.01201704651904077
1190.99601284046	0.010311770115163871
1193.69311107643	0.01172392164394085
1196.38936375753	0.01067144331410072
1199.08477123271	0.011337609599824142
1201.77933385082	0.010738089216131097
1204.47305196061	0.011044484724724222
1207.1659259107	0.011204415373956837
1209.85795604964	0.01037841601718625
1212.54914272585	0.011617366263245407
1215.23948628763	0.010684811525779377
1217.92898708319	0.012483372676858513
1220.61764546064	0.012869684720975222
1223.30546176798	0.014135371390391688
1225.99243635308	0.012403456141342929
1228.67856956373	0.011577456784572343
1231.36386174761	0.011390887290167866
1234.04831325228	0.010897922287170264
1236.73192442522	0.012496643310351718
1239.41469561377	0.010924561132350123
1242.09662716519	0.010391686650679457
1244.77771942662	0.012456733831686651
1247.45797274511	0.013189448441247002
1250.13738746759	0.014468405744156676
1252.81596394089	0.01260329626924061
1255.49370251175	0.01272312228342926
1258.17060352676	0.012576657424060752
1260.84666733246	0.012896323566147082
1263.52189427525	0.012523282155531577
1266.19628470144	0.011897122926658673
1268.86983895722	0.013642406387394087
1271.5425573887	0.011883852293165468
1274.21444034186	0.012789768185451638
1276.8854881626	0.012470004465179856
1279.55570119671	0.013229455498105518
1282.22507978985	0.013962170107665869
1284.89362428759	0.014188649080735413
1287.56133503543	0.014854815366458834
1290.22821237872	0.015694085356714627
1292.89425666274	0.015440967538473222
1295.55946823263	0.01618705035971223
1298.22384743346	0.014614968181710633
1300.88739461019	0.015067926127849721
1303.55011010766	0.014188649080735413
1306.21199427063	0.013908892417322145
1308.87304744373	0.011910491138345327
1311.53326997152	0.011017845879552362
1314.19266219843	0.01298960831334932
1316.8512244688	0.011990407673860911
1319.50895712687	0.012350080872805758
1322.16586051676	0.011577456784572343
1324.82193498252	0.01113776947192646
1327.47718086806	0.012136970111414869
1330.1315985172	0.012470004465179856
1332.78518827369	0.012869684720975222
1335.43795048114	0.013242726131598723
1338.08988548307	0.01272312228342926
1340.74099362289	0.013469205104668267
1343.39127524392	0.0134292956260032
1346.04073068939	0.013269364976770585
1348.6893603024	0.012363449084484413
1351.33716442597	0.012150240744908076
1353.98414340301	0.01237681729616307
1356.63029757632	0.011124401260247805
1359.27562728863	0.011337609599824142
1361.92013288252	0.010471603186203039
1364.56381470053	0.009778895633493205
1367.20667308505	0.010205214734468428
1369.84870837838	0.00935247895434053
1372.48992092274	0.011124401260247805
1375.13031106023	0.011151040105419665
1377.76987913284	0.011817206391143089
1380.40862548251	0.009832173323844926
1383.04655045101	0.01023185357964029
1385.68365438006	0.010032013451742608
1388.31993761126	0.01005865229691447
1390.95540048612	0.009485770758393285
1393.59004334605	0.010032013451742608
1396.22386653233	0.011310970754652282
1398.85687038619	0.01184384523631495
1401.48905524873	0.011763928700791368
1404.12042146094	0.011590727418065548
1406.75096936375	0.012656573959584333
1409.38069929796	0.011937129983517187
1412.00961160428	0.011857213447993606
1414.63770662332	0.013042886003701041
1417.26498469557	0.012070324209384493
1419.89144616146	0.011404255501854518
1422.51709136132	0.009419124856370906
1425.14192063532	0.009485770758393285
1427.76593432361	0.010591526778577139
1430.3891327662	0.011164408317098322
1433.01151630299	0.008566486654428457
1435.63308527382	0.010764728061302959
1438.2538400184	0.009805534478673064
1440.87378087637	0.010178575889288569
1443.49290818722	0.010751359849624302
1446.1112222904	0.01237681729616307
1448.72872352524	0.011191047162270184
1451.34541223097	0.012136970111414869
1453.96128874671	0.012416726774836134
1456.5763534115	0.011404255501854518
1459.19060656429	0.01172392164394085
1461.8040485439	0.01125769306430056
1464.41667968907	0.010538249088233415
1467.02850033846	0.012003775885547565
1469.63951083061	0.011524081516043169
1472.24971150397	0.010298401903477219
1474.8591026969	0.011564088572893686
1477.46768474763	0.011457533192198242
1480.07545799434	0.011004575246059155
1482.68242277508	0.011310970754652282
1485.28857942782	0.011830574602821744
1487.89392829042	0.010644804468928858
1490.49846970065	0.010431693707537971
1493.10220399619	0.009925360492861713
1495.70513151461	0.01055151972172662
1498.30725259339	0.009232652940151881
1500.90856756992	0.010858012808505197
1503.50907678146	0.009152638826442848
1506.10878056524	0.010484971397881694
1508.70767925832	0.009618964984268587
1511.30577319772	0.010165207677609913
1513.90306272032	0.009552319082238211
1516.49954816295	0.00964560382944045
1519.09522986229	0.009951999338033575
1521.69010815498	0.008832972684356517
1524.28418337751	0.00964560382944045
1526.87745586632	0.008273361779328537
1529.46992595773	0.01008529114208633
1532.06159398796	0.008126799341782577
1534.65246029316	0.008979535121902478
1537.24252520935	0.010098561775579537
1539.83178907249	0.010151839465931256
1542.42025221841	0.009872082802509993
1545.00791498287	0.011124401260247805
1547.59477770152	0.011937129983517187
1550.18084070993	0.010884651653677059
1552.76610434356	0.011897122926658673
1555.35056893777	0.012536650367210234
1557.93423482785	0.013415927414324543
1560.51710234896	0.015028016649184654
1563.0991718362	0.015361051002949641
1565.68044362457	0.018625138951342927
1568.26091804893	0.018838249712733814
1570.84059544411	0.023421302020887293
1573.41947614481	0.026871861885491607
1575.99756048562	0.030975219824140688
1578.57484880108	0.03912865801109513
1581.15134142559	0.0435785160933813
1583.72703869349	0.04920067851968825
1586.301940939	0.048840907742557955
1588.87604849628	0.04734883967825739
1591.44936169934	0.04083403199315747
1594.02188088215	0.033333294302062354
1596.59360637855	0.03158810841952039
1599.16453852232	0.0277111318757554
1601.73467764709	0.027338090465131897
1604.30402408647	0.026219063811454838
1606.87257817391	0.023794343431510795
1609.44034024281	0.021209692402334137
1612.00731062644	0.018864888557905676
1614.57348965801	0.01703968856165468
1617.13887767062	0.014881454211630696
1619.70347499726	0.014521683434508397
1622.26728197086	0.013842246515291768
1624.83029892423	0.01494800253547562
1627.39252619012	0.014814808309608315
1629.95396410112	0.018158812793517186
1632.5146129898	0.018292007019384493
1635.07447318858	0.017212889844380498
1637.63354502984	0.015814008949096726
1640.19182884582	0.014202017292422065
1642.74932496868	0.012709851649936054
1645.3060337305	0.011817206391143089
1647.86195546325	0.00964560382944045
1650.41709049882	0.009658972041119106
1652.971439169	0.010804735118161473
1655.52500180548	0.00917937524980016
1658.07777873987	0.00852647959757794
1660.62977030368	0.009632333195947244
1663.18097682833	0.007820403833189452
1665.73139864514	0.008313368836187053
1668.28103608534	0.00823345230066347
1670.82988948008	0.008433292428561152
1673.37795916039	0.009245923573645086
1675.92524545724	0.008166806398633094
1678.47174870147	0.009685610886290967
1681.01746922386	0.008126799341782577
1683.56240735508	0.009605694350775382
1686.10656342572	0.009339208320847324
1688.64993776626	0.007434091789072743
1691.19253070709	0.008872882163021584
1693.73434257853	0.008779694994004796
1696.27537371078	0.008340007681358915
1698.81562443395	0.00847320190722622
1701.35509507809	0.00888625037470024
1703.89378597311	0.009432493068049563
1706.43169744886	0.007327438830191849
1708.96882983509	0.009858812169016788
1711.50518346144	0.010138568832438051
1714.0407586575	0.012043685364212632
1716.57555575272	0.010871283441998402
1719.10957507649	0.013535851006698643
1721.64281695809	0.01284304587580336
1724.17528172671	0.014721523562406079
1726.70696971146	0.012816407030631497
1729.23788124135	0.012736490495107916
1731.7680166453	0.0104982420313749
1734.29737625213	0.012336810239312553
1736.82596039057	0.01055151972172662
1739.35376938927	0.01225689370378897
1741.88080357677	0.009658972041119106
1744.40706328154	0.010338408960335733
1746.93254883193	0.009618964984268587
1749.45726055623	0.009032812812254199
1751.9811987826	0.008872882163021584
1754.50436383915	0.008686410246802558
1757.02675605387	0.00788704973521183
1759.54837575466	0.008832972684356517
1762.06922326934	0.008393285371702638
1764.58929892564	0.007713848452494007
1767.10860305118	0.00976552742181455
1769.6271359735	0.007900320368705036
1772.14489802005	0.0083000006245004
1774.66188951817	0.007727119085987213
1777.17811079515	0.006834571405379698
1779.69356217815	0.0077937649880095924
1782.20824399425	0.00798033448241407
1784.72215657043	0.008166806398633094
1787.23530023361	0.007873681523533174
1789.74767531057	0.008180174610311751
1792.25928212804	0.0064481617830775394
1794.77012101264	0.007900320368705036
1797.2801922909	0.008393285371702638
1799.78949628926	0.006554717163772984
1802.29803333406	0.009099361136091126
1804.80580375158	0.007593924860111911
1807.31280786797	0.006581453587130296
1809.81904600929	0.006528078318601122
1812.32451850154	0.008513208964084735
1814.82922567061	0.00691448794090328
1817.33316784231	0.00788704973521183
1819.83634534233	0.0077804943545163865
1822.33875849629	0.006967765631247003
1824.84040762973	0.008579854866107114
1827.34129306808	0.008166806398633094
1829.84141513667	0.007620563705291769
1832.34077416077	0.007367445887042367
1834.83937046553	0.007140966913972823
1837.33720437602	0.0072741611398401285
1839.83427621723	0.006594724220623501
1842.33058631404	0.006674640756147083
1844.82613499125	0.007620563705291769
1847.32092257355	0.006927758574396485
1849.81494938558	0.007500640112909672
1852.30821575184	0.008006973327593928
1854.80072199677	0.007487369479416467
1857.29246844473	0.007407452943900882
1859.78345541994	0.00835327831485212
1862.27368324658	0.006794564348521183
1864.76315224871	0.008246722934156677
1867.2518627503	0.007580654226618705
1869.73981507524	0.008459931273733014
1872.22700954733	0.007873681523533174
1874.71344649027	0.00788704973521183
1877.19912622768	0.008673042035123901
1879.68404908308	0.008326639469680258
1882.16821537988	0.007194244604316547
1884.65162544145	0.00632823819070344
1887.13427959102	0.007633931916970426
1889.61617815175	0.007593924860111911
1892.0973214467	0.00806025101793765
1894.57770979887	0.007194244604316547
1897.05734353113	0.008406653583389292
1899.53622296628	0.007087689223621103
1902.014348427	0.007100959857114309
1904.49172023593	0.00776712614283773
1906.96833871558	0.006874480884044765
1909.44420418839	0.006834571405379698
1911.91931697668	0.00798033448241407
1914.39367740272	0.007460730634244605
1916.86728578865	0.007220883449496405
1919.34014245654	0.008633132556458836
1921.81224772838	0.007847042678361314
1924.28360192604	0.0072741611398401285
1926.75420537132	0.007247522294668267
1929.22405838593	0.007140966913972823
1931.69316129147	0.007074321011942447
1934.16151440948	0.006794564348521183
1936.62911806136	0.007713848452494007
1939.09597256848	0.007593924860111911
1941.56207825207	0.00703441153327738
1944.0274354333	0.007167605759144685
1946.49204443322	0.007287529351518785
1948.95590557284	0.007833772044868107
1951.41901917301	0.008779694994004796
1953.88138555454	0.007753757931159074
1956.34300503813	0.006701279601318945
1958.8038779444	0.007873681523533174
1961.26400459387	0.0077804943545163865
1963.72338530697	0.007820403833189452
1966.18202040403	0.008499840752398081
1968.63991020531	0.008499840752398081
1971.09705503097	0.007154237547466029
1973.55345520107	0.007567286014940049
1976.0091110356	0.007447362422565949
1978.46402285444	0.0067279184464988035
1980.91819097737	0.008140167553461232
1983.3716157241	0.00776712614283773
1985.82429741427	0.005888648456235012
1988.27623636736	0.0073007999850119906
1990.72743290284	0.008220084088984815
1993.17788734002	0.007593924860111911
1995.62759999817	0.006608092432310154
1998.07657119644	0.007220883449496405
2000.5248012539	0.008619764344780179
2002.97229048952	0.007354077675363711
2005.41903922219	0.007620563705291769
2007.86504777071	0.007847042678361314
2010.31031645378	0.007700480240807354
2012.75484559	0.008846243317849722
2015.19863549792	0.0072741611398401285
2017.64168649594	0.007074321011942447
2020.08399890242	0.008779694994004796
2022.5255730356	0.00791368858039169
2024.96640921365	0.007061050378449242
2027.40650775462	0.008380014738209433
2029.84586897649	0.0073007999850119906
2032.28449319715	0.007287529351518785
2034.72238073438	0.007447362422565949
2037.15953190591	0.00686121025055156
2039.59594702932	0.007833772044868107
2042.03162642215	0.007287529351518785
2044.46657040182	0.0072608905063469235
2046.90077928567	0.00864640318995204
2049.33425339095	0.006674640756147083
2051.76699303481	0.006794564348521183
2054.19899853433	0.005515607045619507
2056.63027020645	0.006661370122653878
2059.06080836809	0.006594724220623501
2061.49061333602	0.0075140083245963255
2063.91968542694	0.006887849095723421
2066.34802495747	0.007953598059056757
2068.77563224411	0.006181773331334932
2071.20250760329	0.007687209607314149
2073.62865135136	0.007220883449496405
2076.05406380455	0.00686121025055156
2078.47874527901	0.006368245247553958
2080.9026960908	0.007247522294668267
2083.3259165559	0.006634731277482016
2085.74840699018	0.00686121025055156
2088.17016770944	0.005502238833932854
2090.59119902935	0.0072076128160032
2093.01150126553	0.007660570762142287
2095.43107473348	0.006608092432310154
2097.84991974864	0.00823345230066347
2100.26803662633	0.006847842038872904
2102.68542568178	0.006594724220623501
2105.10208723015	0.007154237547466029
2107.51802158648	0.008153438186954439
2109.93322906574	0.007633931916970426
2112.3477099828	0.007247522294668267
2114.76146465245	0.007021043321598724
2117.17449338937	0.0064748006282494015
2119.58679650815	0.006501439473421263
2121.9983743233	0.008086889863109513
2124.40922714924	0.006381613459232614
2126.81935530029	0.008673042035123901
2129.22875909067	0.006967765631247003
2131.63743883452	0.007900320368705036
2134.04539484589	0.007633931916970426
2136.45262743874	0.007287529351518785
2138.85913692692	0.008153438186954439
2141.26492362422	0.006807932560207837
2143.6699878443	0.007966966270735412
2146.07432990076	0.006874480884044765
2148.47795010708	0.00656808537545164
2150.88084877667	0.007820403833189452
2153.28302622285	0.008126799341782577
2155.68448275883	0.007367445887042367
2158.08521869774	0.0064481617830775394
2160.48523435261	0.008046882806258995
2162.88453003639	0.005742086018689051
2165.28310606193	0.007993605115907274
2167.68096274199	0.007100959857114309
2170.07810038922	0.00788704973521183
2172.47451931622	0.00627496050035172
2174.87021983546	0.006901119729216627
2177.26520225933	0.006541446530279778
2179.65946690013	0.0077804943545163865
2182.05301407006	0.007220883449496405
2184.44584408123	0.006954397419568347
2186.83795724567	0.0064881688399280575
2189.22935387531	0.00691448794090328
2191.62003428198	0.00747400126773781
2194.00999877743	0.006874480884044765
2196.39924767329	0.006807932560207837
2198.78778128115	0.006954397419568347
2201.17559991245	0.007314168196698644
2203.56270387857	0.00686121025055156
2205.94909349081	0.007140966913972823
2208.33476906033	0.006648001910975221
2210.71973089824	0.008459931273733014
2213.10397931554	0.00776712614283773
2215.48751462314	0.005355676396386892
2217.87033713186	0.0072076128160032
2220.25244715242	0.007061050378449242
2222.63384499546	0.006941126786075141
2225.01453097151	0.006368245247553958
2227.39450539101	0.006794564348521183
2229.77376856434	0.0069944044764188645
2232.15232080173	0.005995203836930456
2234.53016241336	0.007527278958089531
2236.9072937093	0.006674640756147083
2239.28371499954	0.008726319725475622
2241.65942659396	0.006168405119656276
2244.03442880236	0.0064615299947561955
2246.40872193443	0.005875280244556356
2248.78230629979	0.006394884092725819
2251.15518220795	0.007633931916970426
2253.52734996835	0.006794564348521183
2255.89880989029	0.006541446530279778
2258.26956228301	0.00823345230066347
2260.63960745567	0.006781293715027978
2263.00894571731	0.008366646526530776
2265.37757737688	0.007926959213884895
2267.74550274324	0.006767925503349322
2270.11272212517	0.007647202550463631
2272.47923583134	0.007114328068800962
2274.84504417031	0.006967765631247003
2277.2101474506	0.006794564348521183
2279.57454598058	0.007660570762142287
2281.93824006856	0.006901119729216627
2284.30123002275	0.006648001910975221
2286.66351615125	0.006434891149584334
2289.02509876208	0.005995203836930456
2291.38597816317	0.005315766917721825
2293.74615466236	0.006794564348521183
2296.10562856737	0.006128398062805758
2298.46440018585	0.006021842682110315
2300.82246982535	0.006141766274484414
2303.1798377933	0.0067545572916706655
2305.5365043971	0.007021043321598724
2307.89246994399	0.006821203193701042
2310.24773474116	0.007527278958089531
2312.60229909566	0.007180973970823341
2314.95616331451	0.007460730634244605
2317.30932770456	0.006847842038872904
2319.66179257263	0.005995203836930456
2322.01355822542	0.006554717163772984
2324.36462496953	0.007833772044868107
2326.71499311146	0.006501439473421263
2329.06466295764	0.006794564348521183
2331.41363481439	0.0064748006282494015
2333.76190898794	0.00686121025055156
2336.10948578441	0.005995203836930456
2338.45636550986	0.007687209607314149
2340.80254847022	0.006941126786075141
2343.14803497132	0.0073007999850119906
2345.49282531895	0.006794564348521183
2347.83691981874	0.00686121025055156
2350.18031877626	0.007394084732214229
2352.52302249699	0.0059551967800799376
2354.8650312863	0.007966966270735412
2357.20634544946	0.0069811338429256594
2359.54696529166	0.007820403833189452
2361.88689111798	0.007127598702294167
2364.22612323341	0.007047682166770586
2366.56466194287	0.006035210893788971
2368.90250755114	0.0064881688399280575
2371.23966036293	0.006594724220623501
2373.57612068286	0.0075140083245963255
2375.91188881545	0.0069811338429256594
2378.2469650651	0.006927758574396485
2380.58134973615	0.0067545572916706655
2382.91504313282	0.008033612172765789
2385.24804555926	0.00662136306580336
2387.58035731949	0.006208412176514791
2389.91197871745	0.007340807041870506
2392.24291005701	0.007553917803261393
2394.57315164189	0.005808731920719427
2396.90270377577	0.0072342516611750615
2399.23156676218	0.007633931916970426
2401.55974090461	0.007061050378449242
2403.88722650642	0.007407452943900882
2406.21402387086	0.0064748006282494015
2408.54013330113	0.007620563705291769
2410.8655551003	0.007061050378449242
2413.19028957133	0.007567286014940049
2415.51433701713	0.007380814098721023
2417.83769774049	0.007993605115907274
2420.16037204408	0.007727119085987213
2422.48236023051	0.008513208964084735
2424.80366260228	0.008153438186954439
2427.12427946179	0.008872882163021584
2429.44421111134	0.008486570118904876
2431.76345785315	0.009512409603573144
2434.08201998932	0.009618964984268587
2436.39989782188	0.008260091145835332
2438.71709165273	0.007966966270735412
2441.0336017837	0.009698881519784174
2443.34942851653	0.009339208320847324
2445.66457215282	0.009605694350775382
2447.97903299412	0.00979216626698641
2450.29281134185	0.008926159853373304
2452.60590749736	0.010045284085235813
2454.91832176188	0.011057852936402879
2457.23005443656	0.010644804468928858
2459.54110582243	0.009965367549712232
2461.85147622045	0.009592326139088728
2464.16116593146	0.00859312549960032
2466.47017525621	0.009019444600575542
2468.77850449536	0.009712249731470826
2471.08615394947	0.009139368192949643
2473.39312391899	0.008193445243804956
2475.69941470429	0.009525680237066349
2478.00502660562	0.007753757931159074
2480.30995992316	0.009232652940151881
2482.61421495697	0.00747400126773781
2484.91779200702	0.0064481617830775394
2487.22069137316	0.00798033448241407
2489.5229133552	0.007700480240807354
2491.8244582528	0.00859312549960032
2494.12532636553	0.007100959857114309
2496.42551799287	0.007580654226618705
2498.72503343421	0.008872882163021584
2501.02387298882	0.007460730634244605
2503.32203695588	0.008513208964084735
2505.61952563449	0.007500640112909672
2507.91633932361	0.007460730634244605
2510.21247832216	0.008193445243804956
2512.50794292891	0.008726319725475622
2514.80273344255	0.0072741611398401285
2517.09685016167	0.007527278958089531
2519.39029338476	0.0075140083245963255
2521.68306341022	0.007553917803261393
2523.97516053634	0.008046882806258995
2526.26658506132	0.007380814098721023
2528.55733728325	0.0073007999850119906
2530.84741750012	0.0075406471697681875
2533.13682600984	0.007647202550463631
2535.4255631102	0.007753757931159074
2537.7136290989	0.007580654226618705
2540.00102427354	0.0070077726881055185
2542.28774893162	0.007407452943900882
2544.57380337053	0.008086889863109513
2546.85918788758	0.007394084732214229
2549.14390277997	0.006368245247553958
2551.4279483448	0.008100160496602718
2553.71132487906	0.00852647959757794
2555.99403267966	0.008313368836187053
2558.27607204341	0.00703441153327738
2560.55744326699	0.007647202550463631
2562.83814664702	0.008566486654428457
2565.11818247999	0.007860410890039969
2567.3975510623	0.008220084088984815
2569.67625269025	0.006941126786075141
2571.95428766003	0.008046882806258995
2574.23165626776	0.007740487297665869
2576.50835880942	0.007687209607314149
2578.78439558093	0.0069811338429256594
2581.05976687806	0.007087689223621103
2583.33447299652	0.009552319082238211
2585.60851423191	0.008992805755395683
2587.88189087972	0.007367445887042367
2590.15460323534	0.00806025101793765
2592.42665159406	0.00888625037470024
2594.69803625108	0.00947240254671463
2596.9687575015	0.007833772044868107
2599.23881564029	0.009006173967082337
2601.50821096235	0.008992805755395683
2603.77694376245	0.009192645883293365
2606.0450143353	0.009206014094980019
2608.31242297548	0.00864640318995204
2610.57916997746	0.010338408960335733
2612.84525563562	0.010738089216131097
2615.11068024426	0.01143089434702638
2617.37544409753	0.011297602542965628
2619.63954748952	0.012523282155531577
2621.90299071421	0.013522482795019986
2624.16577406546	0.013655774599072744
2626.42789783705	0.015227856777082336
2628.68936232264	0.017026417928161473
2630.9501678158	0.01789232676358913
2633.21031460999	0.020077297536970424
2635.46980299857	0.022621941509296563
2637.72863327481	0.023940808290871304
2639.98680573185	0.028364027527977616
2642.24432066276	0.029629616619208633
2644.50117836048	0.033946182897434056
2646.75737911786	0.03586466764088729
2649.01292322765	0.03990137967751399
2651.26781098249	0.04533707018760192
2653.52204267492	0.05037308044190248
2655.77561859738	0.05463627145159073
2658.0285390422	0.05783371349795364
2660.28080430161	0.062296842213733016
2662.53241466774	0.06440179887340527
2664.78337043263	0.06957100335357315
2667.03367188817	0.07202236257868905
2669.2833193262	0.07471356898856116
2671.53231303844	0.07370100013739408
2673.78065331648	0.07282172309027977
2676.02834045184	0.07236876514414069
2678.27537473592	0.06977084348147082
2680.52175646002	0.065201159384996
2682.76748591535	0.06160403708283773
2685.01256339298	0.05871299054506795
2687.25698918391	0.05450307722572342
2689.50076357901	0.050000039031278976
2691.74388686909	0.046336270827090326
2693.9863593448	0.04055427532973621
2696.22818129672	0.03852913762740208
2698.46935301532	0.03495875174860112
2700.70987479096	0.029536331872006397
2702.94974691389	0.02897681854516387
2705.18896967428	0.025166585481614708
2707.42754336216	0.02422066253247802
2709.66546826749	0.02204905997077538
2711.90274468011	0.019984012789768184
2714.13937288974	0.018038889201143087
2716.37535318602	0.017466007662621904
2718.61068585848	0.016000578443501202
2720.84537119652	0.013682413444244604
2723.07940948947	0.013762329979768187
2725.31280102654	0.012736490495107916
2727.54554609682	0.012176977168265388
2729.77764498933	0.011124401260247805
2732.00909799294	0.011590727418065548
2734.23990539644	0.010311770115163871
2736.47006748853	0.008606493711286974
2738.69958455777	0.011111130626754598
2740.92845689263	0.009365847166019186
2743.15668478147	0.009965367549712232
2745.38426851257	0.008566486654428457
2747.61120837406	0.00864640318995204
2749.83750465399	0.008433292428561152
2752.0631576403	0.008419924216882497
2754.28816762083	0.008673042035123901
2756.51253488329	0.008180174610311751
2758.73625971532	0.00686121025055156
2760.95934240442	0.008340007681358915
2763.18178323801	0.008220084088984815
2765.40358250338	0.00627496050035172
2767.62474048773	0.007354077675363711
2769.84525747814	0.006967765631247003
2772.06513376159	0.00703441153327738
2774.28436962496	0.008126799341782577
2776.50296535501	0.007314168196698644
2778.7209212384	0.007140966913972823
2780.93823756168	0.00662136306580336
2783.15491461129	0.005848641399384494
2785.37095267358	0.006661370122653878
2787.58635203477	0.005635530637993607
2789.80111298097	0.006301599345523581
2792.01523579822	0.006368245247553958
2794.2287207724	0.0064615299947561955
2796.44156818932	0.006847842038872904
2798.65377833468	0.005981933203437251
2800.86535149404	0.006581453587130296
2803.07628795289	0.00532903755121503
2805.28658799659	0.005728717807010395
2807.4962519104	0.0069811338429256594
2809.70527997946	0.005342405762893687
2811.91367248883	0.006235051021686653
2814.12142972342	0.006594724220623501
2816.32855196807	0.007100959857114309
2818.53503950749	0.005782093075539568
2820.74089262628	0.006581453587130296
2822.94611160894	0.006208412176514791
2825.15069673987	0.007100959857114309
2827.35464830333	0.004982732563948841
2829.55796658351	0.006048481527282176
2831.76065186445	0.005515607045619507
2833.96270443012	0.006514807685107917
2836.16412456437	0.005808731920719427
2838.3649125509	0.006714647813005598
2840.56506867336	0.006408252304412472
2842.76459321526	0.006115127429312552
2844.96348645999	0.005635530637993607
2847.16174869086	0.007047682166770586
2849.35938019105	0.005928557934908076
2851.55638124363	0.005768724863860912
2853.75275213157	0.00662136306580336
2855.94849313772	0.006035210893788971
2858.14360454483	0.0062216828100079965
2860.33808663553	0.006115127429312552
2862.53193969234	0.006248321655179858
2864.72516399768	0.00776712614283773
2866.91775983385	0.0075140083245963255
2869.10972748304	0.008486570118904876
2871.30106722733	0.008033612172765789
2873.4917793487	0.00776712614283773
2875.68186412899	0.007647202550463631
2877.87132184997	0.008380014738209433
2880.06015279325	0.008539847809256597
2882.24835724039	0.008713049091982417
2884.43593547278	0.007833772044868107
2886.62288777173	0.009166007038121505
2888.80921441843	0.008952798698545166
2890.99491569397	0.008899521008193445
2893.1799918793	0.00881960447267786
2895.36444325529	0.009006173967082337
2897.54827010269	0.012043685364212632
2899.73147270213	0.0104982420313749
2901.91405133412	0.00976552742181455
2904.09600627909	0.007847042678361314
2906.27733781731	0.011524081516043169
2908.45804622899	0.010338408960335733
2910.63813179418	0.009992006394884092
2912.81759479286	0.010218485367961633
2914.99643550486	0.011231054219128699
2917.17465420994	0.010724721004452441
2919.3522511877	0.012416726774836134
2921.52922671765	0.012096963054556355
2923.7055810792	0.011324241388145487
2925.88131455162	0.012243525492110314
2928.05642741408	0.011910491138345327
2930.23091994566	0.012443365620007996
2932.40479242528	0.012363449084484413
2934.57804513178	0.01231017139414069
2936.75067834387	0.011151040105419665
2938.92269234017	0.013096163694044764
2941.09408739916	0.012003775885547565
2943.26486379921	0.011017845879552362
2945.4350218186	0.01284304587580336
2947.60456173546	0.011524081516043169
2949.77348382783	0.012336810239312553
2951.94178837363	0.011630734474924062
2954.10947565068	0.011657373320095924
2956.27654593666	0.01357585806354916
2958.44299950915	0.012443365620007996
2960.60883664562	0.012470004465179856
2962.77405762341	0.012416726774836134
2964.93866271975	0.013762329979768187
2967.10265221178	0.013389288569144684
2969.26602637648	0.01369568407773781
2971.42878549076	0.013069524848872903
2973.59092983139	0.0126964834382494
2975.75245967501	0.011417526135347725
2977.9133752982	0.013176177807753797
2980.07367697736	0.011164408317098322
2982.23336498882	0.011284331909472423
2984.39243960877	0.011337609599824142
2986.5509011133	0.011124401260247805
2988.70874977837	0.010698082159272582
2990.86598587984	0.010045284085235813
2993.02260969344	0.010351679593828938
2995.17862149478	0.01023185357964029
2997.33402155938	0.009166007038121505
2999.48881016262	0.009459131913221423
3001.64298757978	0.007753757931159074
3003.796554086	0.008686410246802558
3005.94950995633	0.007900320368705036
3008.10185546569	0.007700480240807354
3010.25359088888	0.006608092432310154
3012.40471650059	0.006781293715027978
3014.5552325754	0.006381613459232614
3016.70513938776	0.006941126786075141
3018.85443721201	0.00791368858039169
3021.00312632236	0.008086889863109513
3023.15120699292	0.005542245890791369
3025.29867949769	0.0077804943545163865
3027.44554411052	0.0072741611398401285
3029.59180110516	0.008912889219880099
3031.73745075527	0.008699680880295763
3033.88249333434	0.009712249731470826
3036.02692911578	0.009579055505595523
3038.17075837287	0.010538249088233415
3040.31398137877	0.010325040748657076
3042.45659840653	0.01011192998726619
3044.59860972907	0.0094058542228777
3046.7400156192	0.0083000006245004
3048.88081634961	0.008686410246802558
3051.02101219287	0.008739687937154279
3053.16060342144	0.007607293071798564
3055.29959030765	0.008033612172765789
3057.43797312371	0.007487369479416467
3059.57575214172	0.006874480884044765
3061.71292763366	0.00835327831485212
3063.84949987139	0.007900320368705036
3065.98546912665	0.006834571405379698
3068.12083567105	0.008579854866107114
3070.2555997761	0.008459931273733014
3072.38976171319	0.008126799341782577
3074.52332175356	0.007154237547466029
3076.65628016837	0.008180174610311751
3078.78863722863	0.006088488584132694
3080.92039320526	0.007167605759144685
3083.05154836902	0.005742086018689051
3085.1821029906	0.006701279601318945
3087.31205734051	0.005422322298417269
3089.44141168921	0.0064481617830775394
3091.57016630696	0.0051558362684892105
3093.69832146398	0.006248321655179858
3095.82587743032	0.005089287944644284
3097.9528344759	0.005488968200439649
3100.07919287056	0.005901919089728217
3102.204952884	0.005235850382198243
3104.33011478579	0.005235850382198243
3106.45467884538	0.0056754401166586735
3108.57864533212	0.006261689866858514
3110.70201451522	0.005022642042621905
3112.82478666378	0.004636329998505198
3114.94696204676	0.004596322941646682
3117.06854093301	0.005315766917721825
3119.18952359127	0.005435690510095925
3121.30991029013	0.0031441643560191864
3123.4297012981	0.004609691153333336
3125.54889688352	0.0038502401204076756
3127.66749731464	0.004849440759896085
3129.78550285957	0.0036770388376818554
3131.90291378633	0.004489767560951239
3134.01973036277	0.00354384461181455
3136.13595285665	0.003956795501103119
3138.2515815356	0.0035571152453077555
3140.36661666714	0.004489767560951239
3142.48105851863	0.004556315884796165
3144.59490735734	0.004289927433053557
3146.70816345041	0.004649600631998403
3148.82082706486	0.0037569553732054372
3150.93289846758	0.0035172057666426884
3153.04437792532	0.003743684739712232
3155.15526570475	0.003876878965579537
3157.26556207238	0.0037969624300559553
3159.37526729461	0.002691206409872102
3161.48438163771	0.00412999678382894
3163.59290536784	0.0028111300022541992
3165.70083875102	0.003010970130151881
3167.80818205315	0.004409851025435654
3169.91493554002	0.0035704834569864115
3172.02109947727	0.003703677682853717
3174.12667413044	0.005209211537026382
3176.23165976493	0.003970163712781775
3178.33605664602	0.004076719093477219
3180.43986503887	0.0033706433290887298
3182.54308520852	0.004329836911726621
3184.64571741986	0.005249121015691449
3186.74776193769	0.002744484100223823
3188.84921902664	0.005209211537026382
3190.95008895128	0.004036809614812152
3193.05037197599	0.00401017076964029
3195.15006836504	0.004556315884796165
3197.24917838262	0.00383696948691447
3199.34770229274	0.003876878965579537
3201.44564035931	0.00354384461181455
3203.5429928461	0.003650399992509994
3205.63976001677	0.004223281531031178
3207.73594213484	0.003290726793565148
3209.83153946372	0.0048760796050679464
3211.92655226669	0.004156635629000801
3214.02098080688	0.0049027184502398085
3216.11482534732	0.0035971223021582736
3218.20808615091	0.005115926789824143
3220.30076348041	0.003996802557953637
3222.39285759847	0.005022642042621905
3224.4843687676	0.005555516524284574
3226.57529725019	0.005222482170519587
3228.66564330851	0.005635530637993607
3230.75540720468	0.005768724863860912
3232.8445892007	0.005715447173517189
3234.93318955847	0.005435690510095925
3237.02120853974	0.006674640756147083
3239.10864640612	0.006781293715027978
3241.19550341911	0.0059419261465867325
3243.28177984009	0.006155036907977619
3245.36747593029	0.006594724220623501
3247.45259195083	0.006235051021686653
3249.53712816268	0.005369044608065548
3251.62108482672	0.005089287944644284
3253.70446220366	0.00527575986086331
3255.78726055411	0.005315766917721825
3257.86948013853	0.004583052308153477
3259.95112121728	0.0049027184502398085
3262.03218405055	0.004156635629000801
3264.11266889845	0.003010970130151881
3266.19257602092	0.0027844911570743406
3268.27190567779	0.0040900873051558755
3270.35065812876	0.003290726793565148
3272.4288336334	0.0031441643560191864
3274.50643245114	0.002744484100223823
3276.5834548413	0.0029709630732933662
3278.65990106305	0.0027711229453956845
3280.73577137545	0.0022915261540767387
3282.81106603742	0.0036104905138449267
3284.88578530774	0.0029043171712629895
3286.95992944508	0.0031974420463629096
3289.03349870796	0.002184970773381295
3291.1064933548	0.0022781579423980826
3293.17891364384	0.0036904070493605115
3295.25075983324	0.002877678326091128
3297.322032181	0.003090886665667466
3299.39273094501	0.002744484100223823
3301.462856383	0.0029843312849720223
3303.53240875259	0.0016653669252118313
3305.60138831128	0.002331435632749803
3307.6697953164	0.003010970130151881
3309.73763002519	0.0022781579423980826
3311.80489269472	0.002518005127154279
3313.87158358198	0.00401017076964029
3315.93770294378	0.0016387280800399698
3318.00325103681	0.003503837554956035
3320.06822811764	0.002797761790567546
3322.13263444272	0.0028644076925979224
3324.19647026832	0.003157434989512392
3326.25973585064	0.002637928719528379
3328.32243144568	0.002877678326091128
3330.38455730938	0.0029309560164428486
3332.44611369749	0.0027711229453956845
3334.50710086564	0.0030642478204956046
3336.56751906936	0.0018652070531095133
3338.62736856401	0.002624560507849723
3340.68664960483	0.002264887308904877
3342.74536244693	0.002384810901278977
3344.80350734528	0.002264887308904877
3346.86108455472	0.0030642478204956046
3348.91809432997	0.002997601918465228
3350.97453692559	0.002051678969328539
3353.03041259603	0.002251519097226221
3355.08572159559	0.0029043171712629895
3357.14046417844	0.0024380885916306973
3359.19464059863	0.002837768847426061
3361.24825111005	0.0019051165317745804
3363.30129596648	0.0016786375587050368
3365.35377542155	0.0025979216626698643
3367.40568972878	0.002224880252054359
3369.45703914152	0.002304796787569944
3371.507823913	0.0031441643560191864
3373.55804429633	0.002184970773381295
3375.60770054446	0.002691206409872102
3377.65679291024	0.0016653669252118313
3379.70532164635	0.001758554094228619
3381.75328700534	0.002091686026179057
3383.80068923965	0.002464727436802559
3385.84752860155	0.0015720821780095932
3387.89380534321	0.003010970130151881
3389.93951971664	0.0005196038481774607
3391.98467197371	0.0013322349932613936
3394.02926236618	0.002184970773381295
3396.07329114566	0.0019184847434612336
3398.1167585636	0.0017319152490567573
3400.15966487137	0.0009725617943165477
3402.20201032014	0.002224880252054359
3404.24379516099	0.0020384083358353333
3406.28501964484	0.001278957302909673
3408.3256840225	0.002837768847426061
3410.3657885446	0.001318964359768188
3412.40533346167	0.0020384083358353333
3414.44431902408	0.001318964359768188
3416.48274548209	0.002025040124156677
3418.5206130858	0.0019051165317745804
3420.55792208516	0.0010524783298401297
3422.59467273003	0.0019451235886330954
3424.63086527009	0.0013055961480815347
3426.6664999549	0.002184970773381295
3428.70157703386	0.0020117694906634717
3430.73609675628	0.001931755376954439
3432.77005937129	0.0009591935826378915
3434.80346512789	0.002184970773381295
3436.83631427494	0.001278957302909673
3438.86860706119	0.0008526382019424479
3440.90034373521	0.001931755376954439
3442.93152454546	0.0026511993530215845
3444.96214974025	0.0008127287232773808
3446.99221956775	0.0008926452587929656
3449.021734276	0.002184970773381295
3451.05069411289	0.0011590337105355734
3453.07909932619	0.0015587139663309371
3455.1069501635	0.002757754733717028
3457.1342468723	0.002051678969328539
3459.16098969993	0.002131595504852121
3461.1871788936	0.0013456032049400496
3463.21281470035	0.0015854503896882493
3465.23789736712	0.001758554094228619
3467.26242714067	0.0009192841039728244
3469.28640426765	0.001239047824244606
3471.30982899455	0.0018385682079376517
3473.33270156774	0.0015454433328377316
3475.35502223343	0.0
3477.3767912377	0.0014255197404636317
3479.39800882649	0.0006261592288729043
3481.41867524559	0.0017452834607354134
3483.43879074066	0.0011590337105355734
3485.45835555721	0.0016653669252118313
3487.47736994062	0.0005862497501998401
3489.49583413611	0.0014921656424860112
3491.51374838879	0.0023714426896003205
3493.53111294359	0.0015454433328377316
3495.54792804533	0.0004929650029976019
3497.56419393867	0.0008660064136211041
3499.57991086814	0.0018385682079376517
