1000.07700129088	0.003981445339472981
1002.83416209528	0.0046005385533952415
1005.59045264208	0.004290991946434112
1008.34587328813	0.004023693711257728
1011.10042439014	0.0045161448546244334
1013.85410630472	0.00437538564520492
1016.60691938837	0.004361371551148091
1019.35886399746	0.004895968021492413
1022.10994048823	0.003643870544398193
1024.86014921684	0.004023693711257728
1027.60949053928	0.003545359706763426
1030.35796481149	0.00343283477507183
1033.10557238924	0.003953314106552194
1035.85231362819	0.0030529085633967208
1038.5981888839	0.0026730853965371863
1041.34319851182	0.003038894469339892
1044.08734286727	0.003939300012495365
1046.83062230544	0.0019555843897872886
1049.57303718143	0.003263944332723084
1052.31458785021	0.003010763236419104
1055.05527466665	0.0023916700224968436
1057.79509798549	0.0033765723092218096
1060.53405816134	0.0036297534055342346
1063.27215554874	0.003573490939684214
1066.00939050209	0.002096240554399672
1068.74576337565	0.0027293478623787613
1071.48127452361	0.0034890972409134056
1074.21592430002	0.0026870994905940147
1076.94971305882	0.0035031113349702344
1079.68264115384	0.0037141471042965975
1082.41470893879	0.004319123179354899
1085.14591676728	0.0028559899329343164
1087.8762649928	0.003643870544398193
1090.60575396871	0.0028981352599203782
1093.33438404827	0.0035031113349702344
1096.06215558464	0.0027856103282287823
1098.78906893086	0.003911168779566132
1101.51512443981	0.003010763236419104
1104.24032246435	0.004150335781821728
1106.96466335716	0.0031655365398954465
1109.68814747081	0.003263944332723084
1112.41077515779	0.0027293478623787613
1115.13254677044	0.0032920755656438714
1117.85346266104	0.0027152307235148027
1120.57352318169	0.0036157393114774057
1123.29272868445	0.003263944332723084
1126.01107952121	0.0031091710292467413
1128.72857604378	0.003784526709010577
1131.44521860385	0.003038894469339892
1134.16100755301	0.004262860713513324
1136.87594324271	0.002827858700013529
1139.59002602433	0.0037282642431690017
1142.3032562491	0.0034047035421510426
1145.01563426818	0.0036297534055342346
1147.72716043257	0.004023693711257728
1150.43783509322	0.003643870544398193
1153.14765860091	0.003024777330475933
1155.85663130634	0.0031936677728246795
1158.56475356012	0.003362455170357851
1161.27202571271	0.0036297534055342346
1163.97844811448	0.003672001777318981
1166.68402111569	0.004206598247663304
1169.38874506649	0.0031655365398954465
1172.09262031694	0.003967431245416152
1174.79564721695	0.0038407891748605976
1177.49782611635	0.003883037546645344
1180.19915736486	0.0036157393114774057
1182.89964131208	0.004488013621703646
1185.59927830751	0.00368601587137581
1188.29806870054	0.0033202067985731044
1190.99601284046	0.003784526709010577
1193.69311107643	0.004023693711257728
1196.38936375753	0.003939300012495365
1199.08477123271	0.004431751155853625
1201.77933385082	0.004502027715760475
1204.47305196061	0.003221799005745467
1207.1659259107	0.003911168779566132
1209.85795604964	0.004361371551148091
1212.54914272585	0.004122204548892495
1215.23948628763	0.002799727467092741
1217.92898708319	0.0037141471042965975
1220.61764546064	0.0037422783372258305
1223.30546176798	0.003911168779566132
1225.99243635308	0.003559373800820255
1228.67856956373	0.004403516878125707
1231.36386174761	0.004234729480584091
1234.04831325228	0.004262860713513324
1236.73192442522	0.005050741324968756
1239.41469561377	0.004023693711257728
1242.09662716519	0.004361371551148091
1244.77771942662	0.003883037546645344
1247.45797274511	0.003770409570146618
1250.13738746759	0.0035876080785481727
1252.81596394089	0.0033202067985731044
1255.49370251175	0.004403516878125707
1258.17060352676	0.004530158948681262
1260.84666733246	0.00462866978631603
1263.52189427525	0.005149252162603523
1266.19628470144	0.004192481108799344
1268.86983895722	0.0050788725578895435
1271.5425573887	0.005261777094295119
1274.21444034186	0.004924099254413201
1276.8854881626	0.0037986438478745358
1279.55570119671	0.005149252162603523
1282.22507978985	0.004572407320474454
1284.89362428759	0.005923015635194996
1287.56133503543	0.005374302025986715
1290.22821237872	0.0050788725578895435
1292.89425666274	0.004586421414531283
1295.55946823263	0.005711979865868633
1298.22384743346	0.004713063485086838
1300.88739461019	0.0048538226945063516
1303.55011010766	0.004445765249910454
1306.21199427063	0.005275894233159078
1308.87304744373	0.005641600261163098
1311.53326997152	0.006148168543393763
1314.19266219843	0.005332156699009098
1316.8512244688	0.005486930002485441
1319.50895712687	0.005824504797560228
1322.16586051676	0.004980361720254776
1324.82193498252	0.007329886415774004
1327.47718086806	0.005923015635194996
1330.1315985172	0.005768242331718653
1332.78518827369	0.005951146868124229
1335.43795048114	0.006978194481826811
1338.08988548307	0.006148168543393763
1340.74099362289	0.00792084839676703
1343.39127524392	0.007723826721497497
1346.04073068939	0.008145898260150223
1348.6893603024	0.0059371327740674
1351.33716442597	0.007161099018232387
1353.98414340301	0.008300671563635011
1356.63029757632	0.007245492717003195
1359.27562728863	0.006964180387769982
1361.92013288252	0.006767158712500448
1364.56381470053	0.006035540566886592
1367.20667308505	0.006640516641944893
1369.84870837838	0.0058104907035034
1372.48992092274	0.0058104907035034
1375.13031106023	0.006007409333965804
1377.76987913284	0.005332156699009098
1380.40862548251	0.005388419164850673
1383.04655045101	0.005782359470582612
1385.68365438006	0.0059371327740674
1388.31993761126	0.005149252162603523
1390.95540048612	0.006373218406776955
1393.59004334605	0.005233645861374331
1396.22386653233	0.005613469028233865
1398.85687038619	0.004699049391030009
1401.48905524873	0.005261777094295119
1404.12042146094	0.005261777094295119
1406.75096936375	0.004797457183857646
1409.38069929796	0.004895968021492413
1412.00961160428	0.005430564491836735
1414.63770662332	0.005909001541138167
1417.26498469557	0.005486930002485441
1419.89144616146	0.004924099254413201
1422.51709136132	0.006288824708006147
1425.14192063532	0.006288824708006147
1427.76593432361	0.004290991946434112
1430.3891327662	0.00455829018160205
1433.01151630299	0.004234729480584091
1435.63308527382	0.005135135023739564
1438.2538400184	0.005571323701256249
1440.87378087637	0.005205514628453543
1443.49290818722	0.005529075329471503
1446.1112222904	0.005641600261163098
1448.72872352524	0.0045161448546244334
1451.34541223097	0.004966347626197947
1453.96128874671	0.005627586167106269
1456.5763534115	0.0048538226945063516
1459.19060656429	0.004783443089800817
1461.8040485439	0.0048538226945063516
1464.41667968907	0.004502027715760475
1467.02850033846	0.004586421414531283
1469.63951083061	0.004699049391030009
1472.24971150397	0.005092989696761948
1474.8591026969	0.004895968021492413
1477.46768474763	0.0051632662566603515
1480.07545799434	0.005149252162603523
1482.68242277508	0.004741194718007625
1485.28857942782	0.005416550397779906
1487.89392829042	0.005416550397779906
1490.49846970065	0.00555720656239229
1493.10220399619	0.005261777094295119
1495.70513151461	0.005219528722510372
1498.30725259339	0.005782359470582612
1500.90856756992	0.004530158948681262
1503.50907678146	0.005993395239908975
1506.10878056524	0.005571323701256249
1508.70767925832	0.0051632662566603515
1511.30577319772	0.005838621936432632
1513.90306272032	0.005149252162603523
1516.49954816295	0.006190313870371379
1519.09522986229	0.005332156699009098
1521.69010815498	0.005515061235414674
1524.28418337751	0.005388419164850673
1526.87745586632	0.0050366241861047965
1529.46992595773	0.005824504797560228
1532.06159398796	0.005458695724757523
1534.65246029316	0.0050788725578895435
1537.24252520935	0.006345087173847722
1539.83178907249	0.006035540566886592
1542.42025221841	0.005894884402274208
1545.00791498287	0.005923015635194996
1547.59477770152	0.006978194481826811
1550.18084070993	0.006288824708006147
1552.76610434356	0.007456528486329558
1555.35056893777	0.0076254189286783045
1557.93423482785	0.008539838565882162
1560.51710234896	0.0074143831593519414
1563.0991718362	0.008385065262405818
1565.68044362457	0.01067832749206658
1568.26091804893	0.0116209814070068
1570.84059544411	0.012183709110280355
1573.41947614481	0.014870911645673054
1575.99756048562	0.016953138106015897
1578.57484880108	0.01866955549354759
1581.15134142559	0.019387056500297487
1583.72703869349	0.01813495902320327
1586.301940939	0.018852460029953166
1588.87604849628	0.017614376646915775
1591.44936169934	0.016221519960402043
1594.02188088215	0.013660959495564897
1596.59360637855	0.012774671091273383
1599.16453852232	0.010847217934415327
1601.73467764709	0.010748707096780559
1604.30402408647	0.009046303803305697
1606.87257817391	0.009060420942169654
1609.44034024281	0.00768168139451988
1612.00731062644	0.00869461186936695
1614.57348965801	0.007287741088787942
1617.13887767062	0.0073862519264227084
1619.70347499726	0.007203347390025578
1622.26728197086	0.0070907194135184076
1624.83029892423	0.007076705319461579
1627.39252619012	0.007315872321717175
1629.95396410112	0.006556122943174085
1632.5146129898	0.005951146868124229
1635.07447318858	0.006302838802062976
1637.63354502984	0.00493821639327716
1640.19182884582	0.004881953927435585
1642.74932496868	0.0048538226945063516
1645.3060337305	0.005121120929682735
1647.86195546325	0.0051632662566603515
1650.41709049882	0.005135135023739564
1652.971439169	0.004881953927435585
1655.52500180548	0.004473896482839687
1658.07777873987	0.003883037546645344
1660.62977030368	0.003939300012495365
1663.18097682833	0.005092989696761948
1665.73139864514	0.0048538226945063516
1668.28103608534	0.0046005385533952415
1670.82988948008	0.005388419164850673
1673.37795916039	0.003953314106552194
1675.92524545724	0.00399556247833694
1678.47174870147	0.0032780614715870425
1681.01746922386	0.00461455264745207
1683.56240735508	0.004417634016989667
1686.10656342572	0.0046005385533952415
1688.64993776626	0.004656801019236817
1691.19253070709	0.003925182873622961
1693.73434257853	0.0050366241861047965
1696.27537371078	0.004530158948681262
1698.81562443395	0.00468493225216605
1701.35509507809	0.0046427869251799885
1703.89378597311	0.0035312425678994674
1706.43169744886	0.004248846619456495
1708.96882983509	0.002701216629457974
1711.50518346144	0.004122204548892495
1714.0407586575	0.004206598247663304
1716.57555575272	0.004220715386527262
1719.10957507649	0.0037282642431690017
1721.64281695809	0.004431751155853625
1724.17528172671	0.004290991946434112
1726.70696971146	0.003474980102049447
1729.23788124135	0.0030670257022606794
1731.7680166453	0.004290991946434112
1734.29737625213	0.003545359706763426
1736.82596039057	0.003883037546645344
1739.35376938927	0.004220715386527262
1741.88080357677	0.003657884638455022
1744.40706328154	0.0036016221726050015
1746.93254883193	0.0037282642431690017
1749.45726055623	0.004164349875878557
1751.9811987826	0.0034047035421510426
1754.50436383915	0.003672001777318981
1757.02675605387	0.004389502784068878
1759.54837575466	0.004136218642949324
1762.06922326934	0.004502027715760475
1764.58929892564	0.0035312425678994674
1767.10860305118	0.00430510908529807
1769.6271359735	0.0035876080785481727
1772.14489802005	0.0028418727940703573
1774.66188951817	0.003883037546645344
1777.17811079515	0.004051824944186961
1779.69356217815	0.0038549063137245567
1782.20824399425	0.004206598247663304
1784.72215657043	0.004234729480584091
1787.23530023361	0.003672001777318981
1789.74767531057	0.002827858700013529
1792.25928212804	0.003756395476089789
1794.77012101264	0.003883037546645344
1797.2801922909	0.003151419401031488
1799.78949628926	0.003024777330475933
1802.29803333406	0.004445765249910454
1804.80580375158	0.004656801019236817
1807.31280786797	0.003460966007992618
1809.81904600929	0.003038894469339892
1812.32451850154	0.00461455264745207
1814.82922567061	0.0037422783372258305
1817.33316784231	0.0036297534055342346
1819.83634534233	0.0046709181581092215
1822.33875849629	0.004699049391030009
1824.84040762973	0.004122204548892495
1827.34129306808	0.004206598247663304
1829.84141513667	0.0038407891748605976
1832.34077416077	0.0036297534055342346
1834.83937046553	0.0022791450908052477
1837.33720437602	0.003221799005745467
1839.83427621723	0.003897051640702173
1842.33058631404	0.00343283477507183
1844.82613499125	0.0034890972409134056
1847.32092257355	0.004783443089800817
1849.81494938558	0.0027293478623787613
1852.30821575184	0.003967431245416152
1854.80072199677	0.004276977852377283
1857.29246844473	0.004023693711257728
1859.78345541994	0.0038549063137245567
1862.27368324658	0.00468493225216605
1864.76315224871	0.00437538564520492
1867.2518627503	0.00399556247833694
1869.73981507524	0.003672001777318981
1872.22700954733	0.003657884638455022
1874.71344649027	0.0036016221726050015
1877.19912622768	0.004206598247663304
1879.68404908308	0.0038549063137245567
1882.16821537988	0.004079956177107749
1884.65162544145	0.0038549063137245567
1887.13427959102	0.003883037546645344
1889.61617815175	0.0037001330102397686
1892.0973214467	0.00399556247833694
1894.57770979887	0.0034047035421510426
1897.05734353113	0.003981445339472981
1899.53622296628	0.0037422783372258305
1902.014348427	0.003643870544398193
1904.49172023593	0.0038126579419313646
1906.96833871558	0.00455829018160205
1909.44420418839	0.00455829018160205
1911.91931697668	0.004220715386527262
1914.39367740272	0.005304025466088311
1916.86728578865	0.004319123179354899
1919.34014245654	0.0047271806239507965
1921.81224772838	0.0034187176362078715
1924.28360192604	0.004192481108799344
1926.75420537132	0.0029545007705690835
1929.22405838593	0.003672001777318981
1931.69316129147	0.003672001777318981
1934.16151440948	0.0033905864032786385
1936.62911806136	0.004290991946434112
1939.09597256848	0.0037001330102397686
1941.56207825207	0.004544276087545221
1944.0274354333	0.0032920755656438714
1946.49204443322	0.0038267750808037688
1948.95590557284	0.003784526709010577
1951.41901917301	0.003545359706763426
1953.88138555454	0.0036016221726050015
1956.34300503813	0.004051824944186961
1958.8038779444	0.0038549063137245567
1961.26400459387	0.0031795506339522754
1963.72338530697	0.004150335781821728
1966.18202040403	0.0031795506339522754
1968.63991020531	0.004445765249910454
1971.09705503097	0.00455829018160205
1973.55345520107	0.002940383631705125
1976.0091110356	0.0030810397963175083
1978.46402285444	0.003868920407781385
1980.91819097737	0.0028841211658635494
1983.3716157241	0.003446848869128659
1985.82429741427	0.003334323937437063
1988.27623636736	0.0046005385533952415
1990.72743290284	0.004586421414531283
1993.17788734002	0.0038549063137245567
1995.62759999817	0.004910085160356372
1998.07657119644	0.003573490939684214
2000.5248012539	0.0046005385533952415
2002.97229048952	0.0028841211658635494
2005.41903922219	0.004009679617200899
2007.86504777071	0.0038549063137245567
2010.31031645378	0.0036016221726050015
2012.75484559	0.0035172284738426386
2015.19863549792	0.004234729480584091
2017.64168649594	0.003756395476089789
2020.08399890242	0.005022610092047968
2022.5255730356	0.003460966007992618
2024.96640921365	0.0026870994905940147
2027.40650775462	0.0038549063137245567
2029.84586897649	0.003939300012495365
2032.28449319715	0.0037986438478745358
2034.72238073438	0.005050741324968756
2037.15953190591	0.003559373800820255
2039.59594702932	0.004164349875878557
2042.03162642215	0.003953314106552194
2044.46657040182	0.00461455264745207
2046.90077928567	0.003263944332723084
2049.33425339095	0.0034047035421510426
2051.76699303481	0.004389502784068878
2054.19899853433	0.003967431245416152
2056.63027020645	0.0037141471042965975
2059.06080836809	0.002940383631705125
2061.49061333602	0.003770409570146618
2063.91968542694	0.0026168229306871653
2066.34802495747	0.004164349875878557
2068.77563224411	0.0025745745589024187
2071.20250760329	0.002827858700013529
2073.62865135136	0.0031795506339522754
2076.05406380455	0.004502027715760475
2078.47874527901	0.004530158948681262
2080.9026960908	0.003883037546645344
2083.3259165559	0.004009679617200899
2085.74840699018	0.003446848869128659
2088.17016770944	0.004572407320474454
2090.59119902935	0.0037001330102397686
2093.01150126553	0.003024777330475933
2095.43107473348	0.004164349875878557
2097.84991974864	0.003784526709010577
2100.26803662633	0.0037422783372258305
2102.68542568178	0.00368601587137581
2105.10208723015	0.003334323937437063
2107.51802158648	0.0029826320034983165
2109.93322906574	0.004122204548892495
2112.3477099828	0.0035172284738426386
2114.76146465245	0.003545359706763426
2117.17449338937	0.003953314106552194
2119.58679650815	0.003643870544398193
2121.9983743233	0.00406594208305092
2124.40922714924	0.0027152307235148027
2126.81935530029	0.003672001777318981
2129.22875909067	0.0032780614715870425
2131.63743883452	0.003672001777318981
2134.04539484589	0.004333240318218858
2136.45262743874	0.004234729480584091
2138.85913692692	0.004980361720254776
2141.26492362422	0.0033061927045162755
2143.6699878443	0.004248846619456495
2146.07432990076	0.003868920407781385
2148.47795010708	0.003897051640702173
2150.88084877667	0.0035876080785481727
2153.28302622285	0.003981445339472981
2155.68448275883	0.0037282642431690017
2158.08521869774	0.003545359706763426
2160.48523435261	0.00430510908529807
2162.88453003639	0.004023693711257728
2165.28310606193	0.003263944332723084
2167.68096274199	0.004544276087545221
2170.07810038922	0.0033765723092218096
2172.47451931622	0.00406594208305092
2174.87021983546	0.004797457183857646
2177.26520225933	0.0030810397963175083
2179.65946690013	0.004178467014742515
2182.05301407006	0.0035876080785481727
2184.44584408123	0.0031232881681107
2186.83795724567	0.003446848869128659
2189.22935387531	0.003868920407781385
2191.62003428198	0.003263944332723084
2194.00999877743	0.0036297534055342346
2196.39924767329	0.0038407891748605976
2198.78778128115	0.004572407320474454
2201.17559991245	0.0038407891748605976
2203.56270387857	0.0030810397963175083
2205.94909349081	0.003221799005745467
2208.33476906033	0.003911168779566132
2210.71973089824	0.004037810850130132
2213.10397931554	0.00455829018160205
2215.48751462314	0.0031936677728246795
2217.87033713186	0.0028841211658635494
2220.25244715242	0.003756395476089789
2222.63384499546	0.004389502784068878
2225.01453097151	0.0032920755656438714
2227.39450539101	0.0028418727940703573
2229.77376856434	0.0031232881681107
2232.15232080173	0.0030951569351899124
2234.53016241336	0.004445765249910454
2236.9072937093	0.004051824944186961
2239.28371499954	0.003784526709010577
2241.65942659396	0.0027434650012427204
2244.03442880236	0.003756395476089789
2246.40872193443	0.0045161448546244334
2248.78230629979	0.003672001777318981
2251.15518220795	0.0038267750808037688
2253.52734996835	0.003235813099802296
2255.89880989029	0.004136218642949324
2258.26956228301	0.004178467014742515
2260.63960745567	0.0046709181581092215
2263.00894571731	0.0035172284738426386
2265.37757737688	0.004319123179354899
2267.74550274324	0.004192481108799344
2270.11272212517	0.003010763236419104
2272.47923583134	0.0037001330102397686
2274.84504417031	0.00430510908529807
2277.2101474506	0.0032780614715870425
2279.57454598058	0.003981445339472981
2281.93824006856	0.0037282642431690017
2284.30123002275	0.0034047035421510426
2286.66351615125	0.004488013621703646
2289.02509876208	0.004136218642949324
2291.38597816317	0.004699049391030009
2293.74615466236	0.003967431245416152
2296.10562856737	0.004741194718007625
2298.46440018585	0.004445765249910454
2300.82246982535	0.003038894469339892
2303.1798377933	0.00368601587137581
2305.5365043971	0.003981445339472981
2307.89246994399	0.0029966460975551453
2310.24773474116	0.0035312425678994674
2312.60229909566	0.003263944332723084
2314.95616331451	0.0024620496272108232
2317.30932770456	0.0032920755656438714
2319.66179257263	0.0036297534055342346
2322.01355822542	0.00406594208305092
2324.36462496953	0.004206598247663304
2326.71499311146	0.003362455170357851
2329.06466295764	0.0037986438478745358
2331.41363481439	0.0034047035421510426
2333.76190898794	0.004079956177107749
2336.10948578441	0.0038549063137245567
2338.45636550986	0.003868920407781385
2340.80254847022	0.003953314106552194
2343.14803497132	0.0032920755656438714
2345.49282531895	0.003334323937437063
2347.83691981874	0.003981445339472981
2350.18031877626	0.004009679617200899
2352.52302249699	0.003024777330475933
2354.8650312863	0.003672001777318981
2357.20634544946	0.0037422783372258305
2359.54696529166	0.004488013621703646
2361.88689111798	0.0035876080785481727
2364.22612323341	0.0037986438478745358
2366.56466194287	0.004051824944186961
2368.90250755114	0.0038267750808037688
2371.23966036293	0.004431751155853625
2373.57612068286	0.00368601587137581
2375.91188881545	0.0046427869251799885
2378.2469650651	0.003474980102049447
2380.58134973615	0.003221799005745467
2382.91504313282	0.003643870544398193
2385.24804555926	0.0037422783372258305
2387.58035731949	0.004220715386527262
2389.91197871745	0.003939300012495365
2392.24291005701	0.004108087410028536
2394.57315164189	0.003573490939684214
2396.90270377577	0.003460966007992618
2399.23156676218	0.0035172284738426386
2401.55974090461	0.004136218642949324
2403.88722650642	0.0026449541636079533
2406.21402387086	0.005205514628453543
2408.54013330113	0.004122204548892495
2410.8655551003	0.004361371551148091
2413.19028957133	0.003784526709010577
2415.51433701713	0.0035172284738426386
2417.83769774049	0.00437538564520492
2420.16037204408	0.0033765723092218096
2422.48236023051	0.003446848869128659
2424.80366260228	0.00406594208305092
2427.12427946179	0.004488013621703646
2429.44421111134	0.0028418727940703573
2431.76345785315	0.004262860713513324
2434.08201998932	0.004445765249910454
2436.39989782188	0.004192481108799344
2438.71709165273	0.004389502784068878
2441.0336017837	0.0047271806239507965
2443.34942851653	0.003756395476089789
2445.66457215282	0.005008492953184009
2447.97903299412	0.004333240318218858
2450.29281134185	0.0049522304873339884
2452.60590749736	0.003897051640702173
2454.91832176188	0.004713063485086838
2457.23005443656	0.004347254412275687
2459.54110582243	0.005486930002485441
2461.85147622045	0.0046005385533952415
2464.16116593146	0.004333240318218858
2466.47017525621	0.004825588416778433
2468.77850449536	0.005332156699009098
2471.08615394947	0.004108087410028536
2473.39312391899	0.004459882388782858
2475.69941470429	0.004755311856871584
2478.00502660562	0.004094073315971707
2480.30995992316	0.004234729480584091
2482.61421495697	0.0037986438478745358
2484.91779200702	0.0037282642431690017
2487.22069137316	0.00399556247833694
2489.5229133552	0.004276977852377283
2491.8244582528	0.0038126579419313646
2494.12532636553	0.004108087410028536
2496.42551799287	0.003756395476089789
2498.72503343421	0.004656801019236817
2501.02387298882	0.003657884638455022
2503.32203695588	0.004417634016989667
2505.61952563449	0.0035876080785481727
2507.91633932361	0.004347254412275687
2510.21247832216	0.0036157393114774057
2512.50794292891	0.004572407320474454
2514.80273344255	0.0045161448546244334
2517.09685016167	0.004094073315971707
2519.39029338476	0.004262860713513324
2521.68306341022	0.00399556247833694
2523.97516053634	0.003939300012495365
2526.26658506132	0.005444681630700695
2528.55733728325	0.0051632662566603515
2530.84741750012	0.004136218642949324
2533.13682600984	0.003460966007992618
2535.4255631102	0.004108087410028536
2537.7136290989	0.004699049391030009
2540.00102427354	0.00399556247833694
2542.28774893162	0.004037810850130132
2544.57380337053	0.003137302262167529
2546.85918788758	0.003911168779566132
2549.14390277997	0.004361371551148091
2551.4279483448	0.00406594208305092
2553.71132487906	0.0031795506339522754
2555.99403267966	0.0037001330102397686
2558.27607204341	0.003235813099802296
2560.55744326699	0.004122204548892495
2562.83814664702	0.004769325950928413
2565.11818247999	0.0027152307235148027
2567.3975510623	0.004488013621703646
2569.67625269025	0.0028981352599203782
2571.95428766003	0.0052476599554311595
2574.23165626776	0.00461455264745207
2576.50835880942	0.0048115743227216045
2578.78439558093	0.004431751155853625
2581.05976687806	0.002940383631705125
2583.33447299652	0.0048115743227216045
2585.60851423191	0.0037141471042965975
2587.88189087972	0.003868920407781385
2590.15460323534	0.0036157393114774057
2592.42665159406	0.005008492953184009
2594.69803625108	0.00343283477507183
2596.9687575015	0.003868920407781385
2599.23881564029	0.004164349875878557
2601.50821096235	0.0046709181581092215
2603.77694376245	0.004178467014742515
2606.0450143353	0.004150335781821728
2608.31242297548	0.004895968021492413
2610.57916997746	0.0038267750808037688
2612.84525563562	0.004825588416778433
2615.11068024426	0.003868920407781385
2617.37544409753	0.0038267750808037688
2619.63954748952	0.0046709181581092215
2621.90299071421	0.004417634016989667
2624.16577406546	0.005149252162603523
2626.42789783705	0.00462866978631603
2628.68936232264	0.004150335781821728
2630.9501678158	0.005388419164850673
2633.21031460999	0.0052899083272159066
2635.46980299857	0.00531803956014514
2637.72863327481	0.005909001541138167
2639.98680573185	0.006457612105539318
2642.24432066276	0.007231478622946366
2644.50117836048	0.005585337795313078
2646.75737911786	0.006232562242156126
2649.01292322765	0.007569053418021154
2651.26781098249	0.0066546337808088525
2653.52204267492	0.0074143831593519414
2655.77561859738	0.00799112495667388
2658.0285390422	0.008328802796555798
2660.28080430161	0.009890446880611149
2662.53241466774	0.009102669313962846
2664.78337043263	0.012718408625431808
2667.03367188817	0.012619897787797039
2669.2833193262	0.012535504089026232
2671.53231303844	0.015166341113770226
2673.78065331648	0.015180458252634185
2676.02834045184	0.016953138106015897
2678.27537473592	0.019893624782528152
2680.52175646002	0.02061112578927805
2682.76748591535	0.02155377970421827
2685.01256339298	0.020681505393983585
2687.25698918391	0.024437900870073373
2689.50076357901	0.024634819500535778
2691.74388686909	0.02816616511323393
2693.9863593448	0.02761745150402565
2696.22818129672	0.02602767618704951
2698.46935301532	0.02761745150402565
2700.70987479096	0.025872902883564725
2702.94974691389	0.026280960328160623
2705.18896967428	0.022791863087247215
2707.42754336216	0.021764815473544634
2709.66546826749	0.018571147700719954
2711.90274468011	0.017544100087017372
2714.13937288974	0.01532111441724657
2716.37535318602	0.012774671091273383
2718.61068585848	0.013281136328696918
2720.84537119652	0.01160696731294997
2723.07940948947	0.011522470569372032
2725.31280102654	0.011325551938918073
2727.54554609682	0.010228124720493066
2729.77764498933	0.008230395003728162
2732.00909799294	0.007836454698004668
2734.23990539644	0.007132967785311599
2736.47006748853	0.006795289945429681
2738.69958455777	0.007020442853620003
2740.92845689263	0.007639433022735133
2743.15668478147	0.0064857433384685505
2745.38426851257	0.006795289945429681
2747.61120837406	0.005486930002485441
2749.83750465399	0.005529075329471503
2752.0631576403	0.00517738339552431
2754.28816762083	0.004389502784068878
2756.51253488329	0.004319123179354899
2758.73625971532	0.004276977852377283
2760.95934240442	0.00486783678856318
2763.18178323801	0.004572407320474454
2765.40358250338	0.004586421414531283
2767.62474048773	0.004136218642949324
2769.84525747814	0.004713063485086838
2772.06513376159	0.00461455264745207
2774.28436962496	0.0038407891748605976
2776.50296535501	0.005149252162603523
2778.7209212384	0.0035876080785481727
2780.93823756168	0.004459882388782858
2783.15491461129	0.003911168779566132
2785.37095267358	0.0034890972409134056
2787.58635203477	0.004136218642949324
2789.80111298097	0.004699049391030009
2792.01523579822	0.004431751155853625
2794.2287207724	0.003235813099802296
2796.44156818932	0.0031795506339522754
2798.65377833468	0.0037422783372258305
2800.86535149404	0.004220715386527262
2803.07628795289	0.0033905864032786385
2805.28658799659	0.004023693711257728
2807.4962519104	0.0037422783372258305
2809.70527997946	0.00455829018160205
2811.91367248883	0.0029545007705690835
2814.12142972342	0.0034187176362078715
2816.32855196807	0.003939300012495365
2818.53503950749	0.004361371551148091
2820.74089262628	0.00430510908529807
2822.94611160894	0.0035312425678994674
2825.15069673987	0.0036157393114774057
2827.35464830333	0.0028981352599203782
2829.55796658351	0.00243391839428159
2831.76065186445	0.004248846619456495
2833.96270443012	0.004009679617200899
2836.16412456437	0.004079956177107749
2838.3649125509	0.003024777330475933
2840.56506867336	0.0032076818668815084
2842.76459321526	0.0034047035421510426
2844.96348645999	0.003446848869128659
2847.16174869086	0.0027434650012427204
2849.35938019105	0.0036157393114774057
2851.55638124363	0.0024760637212676516
2853.75275213157	0.0032076818668815084
2855.94849313772	0.003348338031493892
2858.14360454483	0.004164349875878557
2860.33808663553	0.003010763236419104
2862.53193969234	0.004192481108799344
2864.72516399768	0.0033765723092218096
2866.91775983385	0.0034890972409134056
2869.10972748304	0.003263944332723084
2871.30106722733	0.0033061927045162755
2873.4917793487	0.0029545007705690835
2875.68186412899	0.0032920755656438714
2877.87132184997	0.002912252398784337
2880.06015279325	0.004502027715760475
2882.24835724039	0.004319123179354899
2884.43593547278	0.0033202067985731044
2886.62288777173	0.0030810397963175083
2888.80921441843	0.0036297534055342346
2890.99491569397	0.003137302262167529
2893.1799918793	0.0030670257022606794
2895.36444325529	0.0029685148646259123
2897.54827010269	0.0037986438478745358
2899.73147270213	0.003446848869128659
2901.91405133412	0.004079956177107749
2904.09600627909	0.0032780614715870425
2906.27733781731	0.003784526709010577
2908.45804622899	0.004417634016989667
2910.63813179418	0.00468493225216605
2912.81759479286	0.0025745745589024187
2914.99643550486	0.004530158948681262
2917.17465420994	0.0036297534055342346
2919.3522511877	0.003953314106552194
2921.52922671765	0.0037282642431690017
2923.7055810792	0.0032920755656438714
2925.88131455162	0.004122204548892495
2928.05642741408	0.003137302262167529
2930.23091994566	0.003474980102049447
2932.40479242528	0.003249930238666255
2934.57804513178	0.0036297534055342346
2936.75067834387	0.0033202067985731044
2938.92269234017	0.0037986438478745358
2941.09408739916	0.0032920755656438714
2943.26486379921	0.003770409570146618
2945.4350218186	0.003038894469339892
2947.60456173546	0.0029966460975551453
2949.77348382783	0.004136218642949324
2951.94178837363	0.00406594208305092
2954.10947565068	0.002658968257664782
2956.27654593666	0.0030670257022606794
2958.44299950915	0.0026449541636079533
2960.60883664562	0.0036016221726050015
2962.77405762341	0.004290991946434112
2964.93866271975	0.00399556247833694
2967.10265221178	0.003883037546645344
2969.26602637648	0.0031936677728246795
2971.42878549076	0.003573490939684214
2973.59092983139	0.0030529085633967208
2975.75245967501	0.002870004026991145
2977.9133752982	0.0035876080785481727
2980.07367697736	0.0028841211658635494
2982.23336498882	0.003362455170357851
2984.39243960877	0.0026730853965371863
2986.5509011133	0.0033061927045162755
2988.70874977837	0.0031655365398954465
2990.86598587984	0.003925182873622961
2993.02260969344	0.0027574790952995492
2995.17862149478	0.0025324292319163573
2997.33402155938	0.002447932488338419
2999.48881016262	0.0028981352599203782
3001.64298757978	0.003559373800820255
3003.796554086	0.0035031113349702344
3005.94950995633	0.003911168779566132
3008.10185546569	0.002799727467092741
3010.25359088888	0.003137302262167529
3012.40471650059	0.002419801255417631
3014.5552325754	0.0027434650012427204
3016.70513938776	0.0017585627145177542
3018.85443721201	0.0036016221726050015
3021.00312632236	0.002546443325973186
3023.15120699292	0.0031795506339522754
3025.29867949769	0.0029685148646259123
3027.44554411052	0.0024620496272108232
3029.59180110516	0.0024901808601316107
3031.73745075527	0.0029545007705690835
3033.88249333434	0.003249930238666255
3036.02692911578	0.001885204785073309
3038.17075837287	0.003446848869128659
3040.31398137877	0.0027715962341719534
3042.45659840653	0.0030951569351899124
3044.59860972907	0.003151419401031488
3046.7400156192	0.0032920755656438714
3048.88081634961	0.0030529085633967208
3051.02101219287	0.001547526945191391
3053.16060342144	0.002546443325973186
3055.29959030765	0.0033765723092218096
3057.43797312371	0.001983715622708076
3059.57575214172	0.0025041949541884396
3061.71292763366	0.0028841211658635494
3063.84949987139	0.0027715962341719534
3065.98546912665	0.0025745745589024187
3068.12083567105	0.0020681093214788846
3070.2555997761	0.003010763236419104
3072.38976171319	0.0024760637212676516
3074.52332175356	0.0026449541636079533
3076.65628016837	0.002194751392034439
3078.78863722863	0.0030951569351899124
3080.92039320526	0.003460966007992618
3083.05154836902	0.0028559899329343164
3085.1821029906	0.002588691697766378
3087.31205734051	0.0021525030202496926
3089.44141168921	0.0026730853965371863
3091.57016630696	0.0018710876462093501
3093.69832146398	0.0025324292319163573
3095.82587743032	0.00212437178732046
3097.9528344759	0.0028559899329343164
3100.07919287056	0.0031936677728246795
3102.204952884	0.0020399780885580966
3104.33011478579	0.0017304314815969665
3106.45467884538	0.003263944332723084
3108.57864533212	0.0014772503852845417
3110.70201451522	0.003334323937437063
3112.82478666378	0.0024620496272108232
3114.94696204676	0.0023635387895760557
3117.06854093301	0.0023213934625899942
3119.18952359127	0.0028418727940703573
3121.30991029013	0.001350608314728987
3123.4297012981	0.0029262664928411657
3125.54889688352	0.001772679853381713
3127.66749731464	0.0024057871613608023
3129.78550285957	0.0020681093214788846
3131.90291378633	0.003221799005745467
3134.01973036277	0.0026168229306871653
3136.13595285665	0.002940383631705125
3138.2515815356	0.001983715622708076
3140.36661666714	0.0019695984838441175
3142.48105851863	0.0021806342531704805
3144.59490735734	0.0026168229306871653
3146.70816345041	0.002222882624955227
3148.82082706486	0.001660051876882987
3150.93289846758	0.0019274531568665009
3153.04437792532	0.0023213934625899942
3155.15526570475	0.0017023002486677337
3157.26556207238	0.002335407556646823
3159.37526729461	0.0019555843897872886
3161.48438163771	0.0021525030202496926
3163.59290536784	0.0019555843897872886
3165.70083875102	0.002630837024743994
3167.80818205315	0.0015897753169761377
3169.91493554002	0.0021806342531704805
3172.02109947727	0.002222882624955227
3174.12667413044	0.003038894469339892
3176.23165976493	0.0025041949541884396
3178.33605664602	0.0009566680089970484
3180.43986503887	0.0011677037783234116
3182.54308520852	0.0023635387895760557
3184.64571741986	0.0024620496272108232
3186.74776193769	0.002236896719012056
3188.84921902664	0.0022791450908052477
3190.95008895128	0.0022791450908052477
3193.05037197599	0.0006189901691151305
3195.15006836504	0.0023213934625899942
3197.24917838262	0.0028841211658635494
3199.34770229274	0.0017445486204609253
3201.44564035931	0.0019274531568665009
3203.5429928461	0.0010833100795610484
3205.63976001677	0.0017164173875401378
3207.73594213484	0.0019555843897872886
3209.83153946372	0.0020399780885580966
3211.92655226669	0.0023635387895760557
3214.02098080688	0.0026168229306871653
3216.11482534732	0.0025745745589024187
3218.20808615091	0.0019414672509233297
3220.30076348041	0.001772679853381713
3222.39285759847	0.0020681093214788846
3224.4843687676	0.0022510138578844597
3226.57529725019	0.0026027057918232067
3228.66564330851	0.002701216629457974
3230.75540720468	0.0018289423192317338
3232.8445892007	0.0019274531568665009
3234.93318955847	0.002011846855628864
3237.02120853974	0.003038894469339892
3239.10864640612	0.0026730853965371863
3241.19550341911	0.004094073315971707
3243.28177984009	0.002912252398784337
3245.36747593029	0.002222882624955227
3247.45259195083	0.0030670257022606794
3249.53712816268	0.003010763236419104
3251.62108482672	0.0025745745589024187
3253.70446220366	0.003249930238666255
3255.78726055411	0.003235813099802296
3257.86948013853	0.0034187176362078715
3259.95112121728	0.003545359706763426
3262.03218405055	0.002025860949685693
3264.11266889845	0.0016460377828261582
3266.19257602092	0.0027152307235148027
3268.27190567779	0.0027715962341719534
3270.35065812876	0.0010410617077678567
3272.4288336334	0.0020539921826149255
3274.50643245114	0.001674169015746946
3276.5834548413	0.0014068707805790074
3278.65990106305	0.0018570735521525213
3280.73577137545	0.0011958350112526443
3282.81106603742	0.00156164408405535
3284.88578530774	0.0010551788466318156
3286.95992944508	0.002799727467092741
3289.03349870796	0.001449016107556624
3291.1064933548	0.0014068707805790074
3293.17891364384	0.000900405543155473
3295.25075983324	0.0016319206439621993
3297.322032181	0.0017023002486677337
3299.39273094501	0.001449016107556624
3301.462856383	0.0013083599429442403
3303.53240875259	0.0013224770818081992
3305.60138831128	0.00156164408405535
3307.6697953164	0.001223966244173432
3309.73763002519	0.0016319206439621993
3311.80489269472	0.0013787395476497746
3313.87158358198	0.0011817178723802402
3315.93770294378	0.002236896719012056
3318.00325103681	0.0021525030202496926
3320.06822811764	0.0009706821030538772
3322.13263444272	0.0019133360179940967
3324.19647026832	0.0019555843897872886
3326.25973585064	0.0016037894110329666
3328.32243144568	0.00156164408405535
3330.38455730938	0.0012520974770942198
3332.44611369749	0.0017445486204609253
3334.50710086564	0.002025860949685693
3336.56751906936	0.00156164408405535
3338.62736856401	0.0006612385409083222
3340.68664960483	0.0010410617077678567
3342.74536244693	0.0009425508701330895
3344.80350734528	0.001336491175865028
3346.86108455472	0.0011817178723802402
3348.91809432997	0.0022931591848620765
3350.97453692559	0.002307276323726035
3353.03041259603	0.0017445486204609253
3355.08572159559	0.0015053816182137745
3357.14046417844	0.0005908589361943427
3359.19464059863	0.00156164408405535
3361.24825111005	0.0013083599429442403
3363.30129596648	0.002025860949685693
3365.35377542155	0.0002531810963124248
3367.40568972878	0.001997729716764905
3369.45703914152	0.00032356070101795904
3371.507823913	0.002096240554399672
3373.55804429633	0.0007315151008067264
3375.60770054446	0.0011535866394594527
3377.65679291024	0.0013927536417066035
3379.70532164635	7.027655990684936e-05
3381.75328700534	0.0012802287100150075
3383.80068923965	0.0015335128511345622
3385.84752860155	0.0013224770818081992
3387.89380534321	0.0015897753169761377
3389.93951971664	0.0005345964703443222
3391.98467197371	0.0008441430773054524
3394.02926236618	0.0013787395476497746
3396.07329114566	0.0011535866394594527
3398.1167585636	0.002011846855628864
3400.15966487137	0.00156164408405535
3402.20201032014	0.001012930474847069
3404.24379516099	0.0008300259384414935
3406.28501964484	0.0014208848746358363
3408.3256840225	0.0014068707805790074
3410.3657885446	0.0008722743102346853
3412.40533346167	0.0015756581781121788
3414.44431902408	0.0009144196372123018
3416.48274548209	0.001237980338230261
3418.5206130858	0.001125455406538665
3420.55792208516	0.0009988133359831101
3422.59467273003	0.001547526945191391
3424.63086527009	0.0008300259384414935
3426.6664999549	0.0017585627145177542
3428.70157703386	0.001336491175865028
3430.73609675628	0.0007315151008067264
3432.77005937129	0.0014912644793413706
3434.80346512789	0.001547526945191391
3436.83631427494	0.0008722743102346853
3438.86860706119	0.0006189901691151305
3440.90034373521	0.0016319206439621993
3442.93152454546	0.0010410617077678567
3444.96214974025	0.0005767417973303839
3446.99221956775	0.0014772503852845417
3449.021734276	0.0016882861546109048
3451.05069411289	0.0009425508701330895
3453.07909932619	0.0017585627145177542
3455.1069501635	0.00047833400450274677
3457.1342468723	0.0010269445689038979
3459.16098969993	0.0
3461.1871788936	0.0002531810963124248
3463.21281470035	0.0006612385409083222
3465.23789736712	0.001547526945191391
3467.26242714067	0.0009847992419262813
3469.28640426765	0.0007456322396706853
3471.30982899455	0.0010833100795610484
3473.33270156774	0.000900405543155473
3475.35502223343	0.0011395725454026238
3477.3767912377	0.0005064652374235345
3479.39800882649	0.001336491175865028
3481.41867524559	0.00014065616462082884
3483.43879074066	0.0004502027715819591
3485.45835555721	0.0010973241736178772
3487.47736994062	2.8131232929232874e-05
3489.49583413611	0.000759646333727514
3491.51374838879	7.027655990684936e-05
3493.53111294359	0.0008159087995775347
3495.54792804533	0.00047833400450274677
3497.56419393867	0.0005204793314803632
3499.57991086814	0.0006471214020359181
