1000.07700129088	0.02390667463674513
1002.83416209528	0.0225985418421629
1005.59045264208	0.021360121773049412
1008.34587328813	0.02166628701768859
1011.10042439014	0.01973206464326287
1013.85410630472	0.01967631484672532
1016.60691938837	0.021680148027432573
1019.35886399746	0.020845226028736123
1022.10994048823	0.022083748017036817
1024.86014921684	0.021193178140981664
1027.60949053928	0.02035825614228521
1030.35796481149	0.02076175421270225
1033.10557238924	0.018465718716287004
1035.85231362819	0.018159553471647827
1038.5981888839	0.017449890156591614
1041.34319851182	0.015807870097882235
1044.08734286727	0.016656755025509878
1046.83062230544	0.016475848464510938
1049.57303718143	0.016489709474254925
1052.31458785021	0.01533476122117531
1055.05527466665	0.016448024525835766
1057.79509798549	0.0156269635368833
1060.53405816134	0.015362585159850483
1063.27215554874	0.015042558905467322
1066.00939050209	0.017909138023554556
1068.74576337565	0.016823698657569275
1071.48127452361	0.01481986547686202
1074.21592430002	0.017491677024206332
1076.94971305882	0.014221497916514855
1079.68264115384	0.015460019904815549
1082.41470893879	0.013957119539490394
1085.14591676728	0.016058387465162714
1087.8762649928	0.016267117964836826
1090.60575396871	0.01569657434317319
1093.33438404827	0.013024762795828877
1096.06215558464	0.014583311038512733
1098.78906893086	0.015195641527791088
1101.51512443981	0.014680745783477797
1104.24032246435	0.013136160469725133
1106.96466335716	0.015682611414233646
1109.68814747081	0.015042558905467322
1112.41077515779	0.014193673977839681
1115.13254677044	0.014917300221827084
1117.85346266104	0.015362585159850483
1120.57352318169	0.013525797530398185
1123.29272868445	0.01392929560081522
1126.01107952121	0.013623130356176042
1128.72857604378	0.012816032296154765
1131.44521860385	0.013456186724108294
1134.16100755301	0.012760384418796063
1136.87594324271	0.014249321855198381
1139.59002602433	0.014082378223130633
1142.3032562491	0.015682611414233646
1145.01563426818	0.01736641834056609
1147.72716043257	0.020399941090712723
1150.43783509322	0.01973206464326287
1153.14765860091	0.01932846465365863
1155.85663130634	0.0172968075342762
1158.56475356012	0.0161278963522654
1161.27202571271	0.01621147008748648
1163.97844811448	0.015543491720849423
1166.68402111569	0.016114035342521413
1169.38874506649	0.015167817589115914
1172.09262031694	0.01551566778217425
1174.79564721695	0.0149590870894418
1177.49782611635	0.014597273967443923
1180.19915736486	0.016253155035905638
1182.89964131208	0.016545357351613624
1185.59927830751	0.015306937282500136
1188.29806870054	0.015112067792570008
1190.99601284046	0.015473880914559533
1193.69311107643	0.015084243853894834
1196.38936375753	0.015640926465814487
1199.08477123271	0.015863517975232586
1201.77933385082	0.0153487241501065
1204.47305196061	0.014666782854546607
1207.1659259107	0.013957119539490394
1209.85795604964	0.014694606793221782
1212.54914272585	0.015056419915211307
1215.23948628763	0.015988776658872824
1217.92898708319	0.016587144219219987
1220.61764546064	0.018855355776960056
1223.30546176798	0.017909138023554556
1225.99243635308	0.016364450790614684
1228.67856956373	0.017853490146195857
1231.36386174761	0.0153487241501065
1234.04831325228	0.01616968321987176
1236.73192442522	0.014806004467118036
1239.41469561377	0.014764217599511673
1242.09662716519	0.014416367406444985
1244.77771942662	0.01589134191390776
1247.45797274511	0.015863517975232586
1250.13738746759	0.015571315659524597
1252.81596394089	0.018479681645218196
1255.49370251175	0.01726898359560103
1258.17060352676	0.01726898359560103
1260.84666733246	0.017978646910648887
1263.52189427525	0.018048257716938777
1266.19628470144	0.018841392848028868
1268.86983895722	0.018048257716938777
1271.5425573887	0.01736641834056609
1274.21444034186	0.019537195153332743
1276.8854881626	0.018855355776960056
1279.55570119671	0.01905012334770298
1282.22507978985	0.01905012334770298
1284.89362428759	0.01952333414358876
1287.56133503543	0.02033033028442283
1290.22821237872	0.02033033028442283
1292.89425666274	0.02129051096675952
1295.55946823263	0.024546727145511454
1298.22384743346	0.022904707086802076
1300.88739461019	0.022417635281163962
1303.55011010766	0.018284812155288065
1306.21199427063	0.018187377410323002
1308.87304744373	0.01664279209657869
1311.53326997152	0.016058387465162714
1314.19266219843	0.01472253265108416
1316.8512244688	0.015056419915211307
1319.50895712687	0.015404372027465201
1322.16586051676	0.01298307784740972
1324.82193498252	0.013219632285759007
1327.47718086806	0.01470856972215297
1330.1315985172	0.015195641527791088
1332.78518827369	0.01526515041488542
1335.43795048114	0.014597273967443923
1338.08988548307	0.014694606793221782
1340.74099362289	0.01483382840579321
1343.39127524392	0.015404372027465201
1346.04073068939	0.015543491720849423
1348.6893603024	0.015014734966792148
1351.33716442597	0.014374580538838621
1353.98414340301	0.01507038284415085
1356.63029757632	0.013303104101792881
1359.27562728863	0.013289243092048897
1361.92013288252	0.014485876293547669
1364.56381470053	0.012676912602770542
1367.20667308505	0.01246818210309643
1369.84870837838	0.011744555859109026
1372.48992092274	0.01412416509074535
1375.13031106023	0.013984943478165568
1377.76987913284	0.01180030565564658
1380.40862548251	0.011688907981750325
1383.04655045101	0.012509968970702794
1385.68365438006	0.013623130356176042
1388.31993761126	0.011841990604074091
1390.95540048612	0.012635227654343032
1393.59004334605	0.012009036155320693
1396.22386653233	0.014346756600163445
1398.85687038619	0.014694606793221782
1401.48905524873	0.015682611414233646
1404.12042146094	0.014165850039164507
1406.75096936375	0.0177420924722996
1409.38069929796	0.01793696196222973
1412.00961160428	0.01827095114554408
1414.63770662332	0.016002739587812367
1417.26498469557	0.015098206782826024
1419.89144616146	0.013581445407748532
1422.51709136132	0.014847689415537194
1425.14192063532	0.013344890969399245
1427.76593432361	0.012454321093352445
1430.3891327662	0.012802171286410782
1433.01151630299	0.014221497916514855
1435.63308527382	0.01291346704111983
1438.2538400184	0.013539658540142168
1440.87378087637	0.013678880152713596
1443.49290818722	0.014861652344476737
1446.1112222904	0.014082378223130633
1448.72872352524	0.016378413719545876
1451.34541223097	0.014625097906119097
1453.96128874671	0.0161278963522654
1456.5763534115	0.01621147008748648
1459.19060656429	0.01680983764782529
1461.8040485439	0.017491677024206332
1464.41667968907	0.01533476122117531
1467.02850033846	0.016378413719545876
1469.63951083061	0.015432195966140375
1472.24971150397	0.015112067792570008
1474.8591026969	0.013915434591071236
1477.46768474763	0.01596095272019765
1480.07545799434	0.015390409098534012
1482.68242277508	0.015487843843499076
1485.28857942782	0.016684578964185053
1487.89392829042	0.015710435352917173
1490.49846970065	0.013024762795828877
1493.10220399619	0.012496006041771604
1495.70513151461	0.01128540991133329
1498.30725259339	0.013567482478817342
1500.90856756992	0.011841990604074091
1503.50907678146	0.013303104101792881
1506.10878056524	0.011772379797784201
1508.70767925832	0.01152196434969093
1511.30577319772	0.012217766654994806
1513.90306272032	0.01128540991133329
1516.49954816295	0.01203686009400422
1519.09522986229	0.012649088664087016
1521.69010815498	0.010867948911985064
1524.28418337751	0.012245590593678333
1526.87745586632	0.011619399094655994
1529.46992595773	0.01057574659628543
1532.06159398796	0.011452353543401038
1534.65246029316	0.010867948911985064
1537.24252520935	0.012565616848061494
1539.83178907249	0.011048855472984002
1542.42025221841	0.012565616848061494
1545.00791498287	0.01141066859498188
1547.59477770152	0.011480177482076213
1550.18084070993	0.011772379797784201
1552.76610434356	0.010033026913288612
1555.35056893777	0.0103808771063553
1557.93423482785	0.01228727554209749
1560.51710234896	0.011062716482727986
1563.0991718362	0.011897638481424439
1565.68044362457	0.012551653919121952
1568.26091804893	0.013136160469725133
1570.84059544411	0.013720565101141108
1573.41947614481	0.01235688634838738
1575.99756048562	0.013024762795828877
1578.57484880108	0.013330928040468055
1581.15134142559	0.014806004467118036
1583.72703869349	0.014193673977839681
1586.301940939	0.014972948099185784
1588.87604849628	0.01532079829224412
1591.44936169934	0.016837661586508818
1594.02188088215	0.019203205970018393
1596.59360637855	0.021568852272723524
1599.16453852232	0.027900378069236804
1601.73467764709	0.03157395332814976
1604.30402408647	0.035762526250563205
1606.87257817391	0.03154612938946623
1609.44034024281	0.029862424382329344
1612.00731062644	0.024546727145511454
1614.57348965801	0.02351703757608043
1617.13887767062	0.019203205970018393
1619.70347499726	0.01854919053232088
1622.26728197086	0.017909138023554556
1624.83029892423	0.019342427582598173
1627.39252619012	0.02090087390608647
1629.95396410112	0.02382310090152405
1632.5146129898	0.02760807383434161
1635.07447318858	0.027830767262946914
1637.63354502984	0.02578524913381215
1640.19182884582	0.019620666969366617
1642.74932496868	0.01653149634186964
1645.3060337305	0.015460019904815549
1647.86195546325	0.014054554284455458
1650.41709049882	0.01141066859498188
1652.971439169	0.010436524983705647
1655.52500180548	0.012217766654994806
1658.07777873987	0.010367016096611316
1660.62977030368	0.011299270921077274
1663.18097682833	0.010770514167019999
1665.73139864514	0.01116015122769305
1668.28103608534	0.011076679411659176
1670.82988948008	0.00971300065890545
1673.37795916039	0.00986598136204201
1675.92524545724	0.00969903772997426
1678.47174870147	0.010116498729322486
1681.01746922386	0.011730694849365042
1683.56240735508	0.009462483291624973
1686.10656342572	0.01065921841231095
1688.64993776626	0.011452353543401038
1691.19253070709	0.009907768229648374
1693.73434257853	0.011243623043726926
1696.27537371078	0.010756653157276015
1698.81562443395	0.011438492533657054
1701.35509507809	0.0113270948597608
1703.89378597311	0.011939425349039155
1706.43169744886	0.012816032296154765
1708.96882983509	0.01309437360211877
1711.50518346144	0.014430228416188969
1714.0407586575	0.0156269635368833
1716.57555575272	0.017811703278589493
1719.10957507649	0.02006595190739002
1721.64281695809	0.020010304030039668
1724.17528172671	0.021179215212050472
1726.70696971146	0.018577014470996054
1729.23788124135	0.01988504534639943
1731.7680166453	0.018980614460600294
1734.29737625213	0.017324631472951376
1736.82596039057	0.016489709474254925
1739.35376938927	0.013650954294851216
1741.88080357677	0.01551566778217425
1744.40706328154	0.013706704091397123
1746.93254883193	0.012523829980446778
1749.45726055623	0.011897638481424439
1751.9811987826	0.011021031534308829
1754.50436383915	0.009601602985009196
1757.02675605387	0.012148155848713269
1759.54837575466	0.009838157423358482
1762.06922326934	0.011299270921077274
1764.58929892564	0.01025561842270671
1767.10860305118	0.010046887923032596
1769.6271359735	0.008864115731277808
1772.14489802005	0.009392872485335083
1774.66188951817	0.01025561842270671
1777.17811079515	0.0098799442909732
1779.69356217815	0.010060850851972138
1782.20824399425	0.009573779046334023
1784.72215657043	0.00968507480104307
1787.23530023361	0.010005202974613438
1789.74767531057	0.009532094097914863
1792.25928212804	0.009852120352298025
1794.77012101264	0.0089337265375677
1797.2801922909	0.009281576730626035
1799.78949628926	0.009643389852623913
1802.29803333406	0.009170280975916986
1804.80580375158	0.009337224607984735
1807.31280786797	0.009337224607984735
1809.81904600929	0.00962942692368437
1812.32451850154	0.009267613801694845
1814.82922567061	0.008530126547963457
1817.33316784231	0.009907768229648374
1819.83634534233	0.008307535038545361
1822.33875849629	0.009824296413614498
1824.84040762973	0.009671213791299087
1827.34129306808	0.009406835414266273
1829.84141513667	0.008655385231603696
1832.34077416077	0.009003235424662031
1834.83937046553	0.00855795048663863
1837.33720437602	0.009170280975916986
1839.83427621723	0.008516265538219473
1842.33058631404	0.009490307230300147
1844.82613499125	0.009365048546659909
1847.32092257355	0.00975468560733296
1849.81494938558	0.008961550476242874
1852.30821575184	0.00919810491459216
1854.80072199677	0.00969903772997426
1857.29246844473	0.007361215365952654
1859.78345541994	0.008794504924987918
1862.27368324658	0.00855795048663863
1864.76315224871	0.00951813116897532
1867.2518627503	0.008544089476894647
1869.73981507524	0.007542121926943241
1872.22700954733	0.008432691802998393
1874.71344649027	0.00857191341556982
1877.19912622768	0.009392872485335083
1879.68404908308	0.008585774425313806
1882.16821537988	0.009782509546008135
1884.65162544145	0.00880846785392746
1887.13427959102	0.009740824597588977
1889.61617815175	0.009462483291624973
1892.0973214467	0.0094346593529498
1894.57770979887	0.010088674790647312
1897.05734353113	0.008724996037893586
1899.53622296628	0.009462483291624973
1902.014348427	0.008307535038545361
1904.49172023593	0.00976864853626415
1906.96833871558	0.009086809159883111
1909.44420418839	0.008502302609288283
1911.91931697668	0.008864115731277808
1914.39367740272	0.00918414198566097
1916.86728578865	0.008961550476242874
1919.34014245654	0.009170280975916986
1921.81224772838	0.007820463232907244
1924.28360192604	0.008237924232255469
1926.75420537132	0.009601602985009196
1929.22405838593	0.007082975979175857
1931.69316129147	0.009810333484683308
1934.16151440948	0.008404867864323219
1936.62911806136	0.009211965924336143
1939.09597256848	0.007890074039197134
1941.56207825207	0.00855795048663863
1944.0274354333	0.008947587547311684
1946.49204443322	0.009058883302020732
1948.95590557284	0.008154452416221595
1951.41901917301	0.008989374414918047
1953.88138555454	0.009281576730626035
1956.34300503813	0.008905902598892526
1958.8038779444	0.009114633098566638
1961.26400459387	0.008905902598892526
1963.72338530697	0.008724996037893586
1966.18202040403	0.010019063984357422
1968.63991020531	0.007876111110265944
1971.09705503097	0.009058883302020732
1973.55345520107	0.007625695662164321
1976.0091110356	0.009351187536915925
1978.46402285444	0.009726861668649434
1980.91819097737	0.008210100293580295
1983.3716157241	0.009017198353601574
1985.82429741427	0.008001369793906183
1988.27623636736	0.008349219986964519
1990.72743290284	0.008613598363997332
1993.17788734002	0.008766680986312744
1995.62759999817	0.008641422302672506
1998.07657119644	0.008502302609288283
2000.5248012539	0.007709167478198196
2002.97229048952	0.008724996037893586
2005.41903922219	0.008237924232255469
2007.86504777071	0.007917897977872308
2010.31031645378	0.008961550476242874
2012.75484559	0.010033026913288612
2015.19863549792	0.008697172099218413
2017.64168649594	0.007876111110265944
2020.08399890242	0.007528260917199256
2022.5255730356	0.009476344301368957
2024.96640921365	0.008711033108962396
2027.40650775462	0.008279711099870187
2029.84586897649	0.009128494108310622
2032.28449319715	0.009921731158579564
2034.72238073438	0.009935592168323548
2037.15953190591	0.008794504924987918
2039.59594702932	0.007249919611243606
2042.03162642215	0.007569945865626767
2044.46657040182	0.009643389852623913
2046.90077928567	0.008112665548615231
2049.33425339095	0.009337224607984735
2051.76699303481	0.00855795048663863
2054.19899853433	0.008613598363997332
2056.63027020645	0.008975411485986858
2059.06080836809	0.008641422302672506
2061.49061333602	0.007903935048941118
2063.91968542694	0.007917897977872308
2066.34802495747	0.009893805300717184
2068.77563224411	0.0077369914168733695
2071.20250760329	0.007444789101173735
2073.62865135136	0.009406835414266273
2076.05406380455	0.010519996799739523
2078.47874527901	0.00855795048663863
2080.9026960908	0.008084841609940057
2083.3259165559	0.008140489487290405
2085.74840699018	0.008836291792602634
2088.17016770944	0.008669348160534886
2090.59119902935	0.007848287171582417
2093.01150126553	0.00868320917027887
2095.43107473348	0.008697172099218413
2097.84991974864	0.009977379035938264
2100.26803662633	0.008154452416221595
2102.68542568178	0.008196137364649105
2105.10208723015	0.007848287171582417
2107.51802158648	0.007820463232907244
2109.93322906574	0.008335358977220535
2112.3477099828	0.007806500303976054
2114.76146465245	0.009072846230951922
2117.17449338937	0.008251887161186659
2119.58679650815	0.008460617660860772
2121.9983743233	0.009740824597588977
2124.40922714924	0.008043156661512547
2126.81935530029	0.007236058601499622
2129.22875909067	0.0072777435499187795
2131.63743883452	0.007152484866278541
2134.04539484589	0.007389039304627828
2136.45262743874	0.009267613801694845
2138.85913692692	0.008961550476242874
2141.26492362422	0.009490307230300147
2143.6699878443	0.008780643915243934
2146.07432990076	0.007096836988919841
2148.47795010708	0.008822328863671444
2150.88084877667	0.008516265538219473
2153.28302622285	0.009782509546008135
2155.68448275883	0.007430826172234192
2158.08521869774	0.007013365172885966
2160.48523435261	0.0089337265375677
2162.88453003639	0.008641422302672506
2165.28310606193	0.008098804538871247
2167.68096274199	0.009476344301368957
2170.07810038922	0.008530126547963457
2172.47451931622	0.0077369914168733695
2174.87021983546	0.008084841609940057
2177.26520225933	0.008891939669952982
2179.65946690013	0.00779263929423207
2182.05301407006	0.0071107999178510305
2184.44584408123	0.007987406864974993
2186.83795724567	0.008029193732581357
2189.22935387531	0.007361215365952654
2191.62003428198	0.00797354585523101
2194.00999877743	0.008084841609940057
2196.39924767329	0.007917897977872308
2198.78778128115	0.007750852426617353
2201.17559991245	0.008711033108962396
2203.56270387857	0.0077369914168733695
2205.94909349081	0.007834426161838434
2208.33476906033	0.008766680986312744
2210.71973089824	0.008112665548615231
2213.10397931554	0.00734735435620867
2215.48751462314	0.008182276354905121
2217.87033713186	0.007820463232907244
2220.25244715242	0.008001369793906183
2222.63384499546	0.007542121926943241
2225.01453097151	0.007458650110917718
2227.39450539101	0.006874245479501743
2229.77376856434	0.006846421540826569
2232.15232080173	0.008084841609940057
2234.53016241336	0.007055152040500683
2236.9072937093	0.008070980600196074
2239.28371499954	0.007166447795209731
2241.65942659396	0.00777867636530088
2244.03442880236	0.007458650110917718
2246.40872193443	0.006693338918502804
2248.78230629979	0.007709167478198196
2251.15518220795	0.006790773663467869
2253.52734996835	0.0065820431637937556
2255.89880989029	0.00777867636530088
2258.26956228301	0.008460617660860772
2260.63960745567	0.00786225010052196
2263.00894571731	0.008112665548615231
2265.37757737688	0.007709167478198196
2267.74550274324	0.006985541234210792
2270.11272212517	0.007834426161838434
2272.47923583134	0.007820463232907244
2274.84504417031	0.007082975979175857
2277.2101474506	0.007806500303976054
2279.57454598058	0.008112665548615231
2281.93824006856	0.008043156661512547
2284.30123002275	0.007319530417525143
2286.66351615125	0.008488441599544299
2289.02509876208	0.006888106489245728
2291.38597816317	0.008975411485986858
2293.74615466236	0.007653519600847847
2296.10562856737	0.00855795048663863
2298.46440018585	0.007082975979175857
2300.82246982535	0.006693338918502804
2303.1798377933	0.007027328101825508
2305.5365043971	0.009448520362693783
2307.89246994399	0.007319530417525143
2310.24773474116	0.00822396130332428
2312.60229909566	0.007486474049592892
2314.95616331451	0.008544089476894647
2317.30932770456	0.007931758987616293
2319.66179257263	0.006804634673211853
2322.01355822542	0.007444789101173735
2324.36462496953	0.007166447795209731
2326.71499311146	0.007695204549267006
2329.06466295764	0.008391006854579235
2331.41363481439	0.008140489487290405
2333.76190898794	0.007556084855882783
2336.10948578441	0.00734735435620867
2338.45636550986	0.006888106489245728
2340.80254847022	0.007138623856534557
2343.14803497132	0.008391006854579235
2345.49282531895	0.006804634673211853
2347.83691981874	0.007903935048941118
2350.18031877626	0.0060393234808052915
2352.52302249699	0.007542121926943241
2354.8650312863	0.008516265538219473
2357.20634544946	0.006776810734536679
2359.54696529166	0.008029193732581357
2361.88689111798	0.007639556671908305
2364.22612323341	0.007597769804301941
2366.56466194287	0.006943754366604428
2368.90250755114	0.006971578305279602
2371.23966036293	0.007249919611243606
2373.57612068286	0.007750852426617353
2375.91188881545	0.006888106489245728
2378.2469650651	0.0065680802348625665
2380.58134973615	0.008265748170930644
2382.91504313282	0.00734735435620867
2385.24804555926	0.007625695662164321
2387.58035731949	0.007486474049592892
2389.91197871745	0.007987406864974993
2392.24291005701	0.0064846084188286916
2394.57315164189	0.008321396048289345
2396.90270377577	0.00822396130332428
2399.23156676218	0.007514297988268067
2401.55974090461	0.006289738928898563
2403.88722650642	0.007514297988268067
2406.21402387086	0.006790773663467869
2408.54013330113	0.007695204549267006
2410.8655551003	0.007319530417525143
2413.19028957133	0.007069013050244667
2415.51433701713	0.00786225010052196
2417.83769774049	0.008168313425965579
2420.16037204408	0.0077369914168733695
2422.48236023051	0.007319530417525143
2424.80366260228	0.006540256296187392
2427.12427946179	0.007138623856534557
2429.44421111134	0.007416965162490208
2431.76345785315	0.007834426161838434
2434.08201998932	0.007639556671908305
2436.39989782188	0.006470645489897502
2438.71709165273	0.007472613039848908
2441.0336017837	0.006498469428572675
2443.34942851653	0.0065680802348625665
2445.66457215282	0.008391006854579235
2447.97903299412	0.006707199928246788
2450.29281134185	0.006748986795861505
2452.60590749736	0.006762847805605489
2454.91832176188	0.007416965162490208
2457.23005443656	0.006540256296187392
2459.54110582243	0.007305567488593953
2461.85147622045	0.007222095672560079
2464.16116593146	0.007569945865626767
2466.47017525621	0.006428960541478344
2468.77850449536	0.007263882540174796
2471.08615394947	0.00786225010052196
2473.39312391899	0.006442821551222328
2475.69941470429	0.007375178294883844
2478.00502660562	0.007319530417525143
2480.30995992316	0.00777867636530088
2482.61421495697	0.007444789101173735
2484.91779200702	0.006860282550570554
2487.22069137316	0.007166447795209731
2489.5229133552	0.0065541173059313765
2491.8244582528	0.006985541234210792
2494.12532636553	0.006679375989571614
2496.42551799287	0.007444789101173735
2498.72503343421	0.005788806113524815
2501.02387298882	0.0066655149798276305
2503.32203695588	0.006122795296839166
2505.61952563449	0.007027328101825508
2507.91633932361	0.006748986795861505
2510.21247832216	0.007236058601499622
2512.50794292891	0.006790773663467869
2514.80273344255	0.007375178294883844
2517.09685016167	0.00777867636530088
2519.39029338476	0.006359349735188453
2521.68306341022	0.008279711099870187
2523.97516053634	0.007152484866278541
2526.26658506132	0.007249919611243606
2528.55733728325	0.007082975979175857
2530.84741750012	0.006790773663467869
2533.13682600984	0.007416965162490208
2535.4255631102	0.006456784480153518
2537.7136290989	0.008070980600196074
2540.00102427354	0.007319530417525143
2542.28774893162	0.007569945865626767
2544.57380337053	0.0067350238669303154
2546.85918788758	0.007542121926943241
2549.14390277997	0.0060253605518741015
2551.4279483448	0.006846421540826569
2553.71132487906	0.007319530417525143
2555.99403267966	0.006053184490549275
2558.27607204341	0.006860282550570554
2560.55744326699	0.007069013050244667
2562.83814664702	0.006275877919154579
2565.11818247999	0.006456784480153518
2567.3975510623	0.007263882540174796
2569.67625269025	0.006776810734536679
2571.95428766003	0.0066655149798276305
2574.23165626776	0.0046895057377955495
2576.50835880942	0.0071107999178510305
2578.78439558093	0.006359349735188453
2581.05976687806	0.007389039304627828
2583.33447299652	0.006804634673211853
2585.60851423191	0.005802769042456005
2587.88189087972	0.005802769042456005
2590.15460323534	0.0072777435499187795
2592.42665159406	0.007263882540174796
2594.69803625108	0.0067350238669303154
2596.9687575015	0.006804634673211853
2599.23881564029	0.005802769042456005
2601.50821096235	0.006790773663467869
2603.77694376245	0.006679375989571614
2606.0450143353	0.0066655149798276305
2608.31242297548	0.006512432357512218
2610.57916997746	0.006414997612547154
2612.84525563562	0.007500436978524082
2615.11068024426	0.006971578305279602
2617.37544409753	0.006846421540826569
2619.63954748952	0.00622023004180423
2621.90299071421	0.0054131319817829525
2624.16577406546	0.007389039304627828
2626.42789783705	0.005997536613198928
2628.68936232264	0.005886240858489879
2630.9501678158	0.006261914990223389
2633.21031460999	0.005816630052199989
2635.46980299857	0.007027328101825508
2637.72863327481	0.0059418887358402275
2639.98680573185	0.0054966037978168274
2642.24432066276	0.006206267112873041
2644.50117836048	0.005580075613850702
2646.75737911786	0.0065680802348625665
2649.01292322765	0.007319530417525143
2651.26781098249	0.007695204549267006
2653.52204267492	0.005232225420784014
2655.77561859738	0.006915930427920902
2658.0285390422	0.0064846084188286916
2660.28080430161	0.00564968642013224
2662.53241466774	0.006637691041152457
2664.78337043263	0.006053184490549275
2667.03367188817	0.0059279258069090375
2669.2833193262	0.006234091051548215
2671.53231303844	0.0053017343078866986
2673.78065331648	0.0059279258069090375
2676.02834045184	0.006637691041152457
2678.27537473592	0.005830592981131179
2680.52175646002	0.006359349735188453
2682.76748591535	0.0061088323679079765
2685.01256339298	0.0060253605518741015
2687.25698918391	0.005037355930853885
2689.50076357901	0.005774945103780831
2691.74388686909	0.006317562867582089
2693.9863593448	0.006609867102477283
2696.22818129672	0.006359349735188453
2698.46935301532	0.0053017343078866986
2700.70987479096	0.006540256296187392
2702.94974691389	0.005969712674515401
2705.18896967428	0.00475911654408544
2707.42754336216	0.006053184490549275
2709.66546826749	0.0059418887358402275
2711.90274468011	0.006623728112221267
2714.13937288974	0.007305567488593953
2716.37535318602	0.0071803088049537155
2718.61068585848	0.005246086430527997
2720.84537119652	0.006289738928898563
2723.07940948947	0.005162614614502476
2725.31280102654	0.005830592981131179
2727.54554609682	0.006707199928246788
2729.77764498933	0.005454816930202111
2732.00909799294	0.006359349735188453
2734.23990539644	0.007222095672560079
2736.47006748853	0.005858416919806353
2738.69958455777	0.006860282550570554
2740.92845689263	0.005524427736492001
2743.15668478147	0.005120929666074965
2745.38426851257	0.006693338918502804
2747.61120837406	0.0067350238669303154
2749.83750465399	0.005468779859141654
2752.0631576403	0.007096836988919841
2754.28816762083	0.006373312664119643
2756.51253488329	0.00570533429749094
2758.73625971532	0.0060253605518741015
2760.95934240442	0.006526293367256203
2763.18178323801	0.00640113660280317
2765.40358250338	0.006345386806257263
2767.62474048773	0.0059279258069090375
2769.84525747814	0.006011499542130118
2772.06513376159	0.006192406103129057
2774.28436962496	0.005454816930202111
2776.50296535501	0.005760982174841289
2778.7209212384	0.005524427736492001
2780.93823756168	0.004397303422087562
2783.15491461129	0.00608100842922445
2785.37095267358	0.006414997612547154
2787.58635203477	0.006317562867582089
2789.80111298097	0.005663547429876224
2792.01523579822	0.006053184490549275
2794.2287207724	0.005997536613198928
2796.44156818932	0.0053296601657490785
2798.65377833468	0.005079142798468601
2800.86535149404	0.006804634673211853
2803.07628795289	0.005677510358815766
2805.28658799659	0.006846421540826569
2807.4962519104	0.004940023105084379
2809.70527997946	0.005621862481457066
2811.91367248883	0.005788806113524815
2814.12142972342	0.005218262491852824
2816.32855196807	0.005858416919806353
2818.53503950749	0.005246086430527997
2820.74089262628	0.005733158236166114
2822.94611160894	0.005399169052851763
2825.15069673987	0.005357484104432605
2827.35464830333	0.005566214604106718
2829.55796658351	0.006178443174189514
2831.76065186445	0.006526293367256203
2833.96270443012	0.007082975979175857
2836.16412456437	0.00563572349120105
2838.3649125509	0.006623728112221267
2840.56506867336	0.0054966037978168274
2842.76459321526	0.005524427736492001
2844.96348645999	0.005858416919806353
2847.16174869086	0.005844453990875163
2849.35938019105	0.006915930427920902
2851.55638124363	0.0060253605518741015
2853.75275213157	0.0068324586118953794
2855.94849313772	0.007096836988919841
2858.14360454483	0.008516265538219473
2860.33808663553	0.007834426161838434
2862.53193969234	0.008084841609940057
2864.72516399768	0.008043156661512547
2866.91775983385	0.007528260917199256
2869.10972748304	0.009601602985009196
2871.30106722733	0.009462483291624973
2873.4917793487	0.010353053167671773
2875.68186412899	0.009810333484683308
2877.87132184997	0.010019063984357422
2880.06015279325	0.010547922657601901
2882.24835724039	0.010965383656950128
2884.43593547278	0.011647223033331168
2886.62288777173	0.013191808347083833
2888.80921441843	0.01285781916376113
2890.99491569397	0.01349797359172301
2893.1799918793	0.013080512592374784
2895.36444325529	0.01388761065238771
2897.54827010269	0.014346756600163445
2899.73147270213	0.014193673977839681
2901.91405133412	0.015460019904815549
2904.09600627909	0.01526515041488542
2906.27733781731	0.016322765842195528
2908.45804622899	0.017060253095926913
2910.63813179418	0.016656755025509878
2912.81759479286	0.01704639208618293
2914.99643550486	0.017185511779567154
2917.17465420994	0.01838224690025313
2919.3522511877	0.020191210591038608
2921.52922671765	0.018201340339262545
2923.7055810792	0.019801573530365556
2925.88131455162	0.02027468240706413
2928.05642741408	0.021234863089409174
2930.23091994566	0.02097048471237636
2932.40479242528	0.022181080842814675
2934.57804513178	0.020914836835026013
2936.75067834387	0.022306339526454912
2938.92269234017	0.02152706540510881
2941.09408739916	0.020887012896342486
2943.26486379921	0.02052519977435296
2945.4350218186	0.021373982782793396
2947.60456173546	0.020427765029387895
2949.77348382783	0.020427765029387895
2951.94178837363	0.02051123684542177
2954.10947565068	0.022236830639352227
2956.27654593666	0.020093775846073546
2958.44299950915	0.023141261525151363
2960.60883664562	0.022028100139678115
2962.77405762341	0.022306339526454912
2964.93866271975	0.02382310090152405
2967.10265221178	0.02287688314811855
2969.26602637648	0.021095743396016598
2971.42878549076	0.02225069164909621
2973.59092983139	0.019829397469040732
2975.75245967501	0.019857221407715904
2977.9133752982	0.01950937121465757
2980.07367697736	0.019745925653006858
2982.23336498882	0.017575148840240206
2984.39243960877	0.01708807703460209
2986.5509011133	0.017533361972625488
2988.70874977837	0.01697678127989304
2990.86598587984	0.0177420924722996
2993.02260969344	0.016768050780218927
2995.17862149478	0.016684578964185053
2997.33402155938	0.015682611414233646
2999.48881016262	0.01392929560081522
3001.64298757978	0.013289243092048897
3003.796554086	0.013052688653691257
3005.94950995633	0.011897638481424439
3008.10185546569	0.011466316472332228
3010.25359088888	0.00994955509726309
3012.40471650059	0.010840124973309889
3014.5552325754	0.010213933474287552
3016.70513938776	0.010367016096611316
3018.85443721201	0.010506135789995538
3021.00312632236	0.009017198353601574
3023.15120699292	0.010895772850668591
3025.29867949769	0.010867948911985064
3027.44554411052	0.0112714469824021
3029.59180110516	0.012426497154668918
3031.73745075527	0.013150021479469117
3033.88249333434	0.014472015283803685
3036.02692911578	0.017171548850635963
3038.17075837287	0.016517533412930097
3040.31398137877	0.015139993650432388
3042.45659840653	0.016489709474254925
3044.59860972907	0.014291108722804745
3046.7400156192	0.01349797359172301
3048.88081634961	0.011257585972658116
3051.02101219287	0.011688907981750325
3053.16060342144	0.01210636898109855
3055.29959030765	0.011549788288366104
3057.43797312371	0.0112714469824021
3059.57575214172	0.011883777471680455
3061.71292763366	0.012816032296154765
3063.84949987139	0.012760384418796063
3065.98546912665	0.011828129594330107
3068.12083567105	0.014277145793873555
3070.2555997761	0.013817999846106172
3072.38976171319	0.01298307784740972
3074.52332175356	0.012718699470376906
3076.65628016837	0.011132327289017876
3078.78863722863	0.010700903360738461
3080.92039320526	0.010297405290321426
3083.05154836902	0.008418830793254409
3085.1821029906	0.009170280975916986
3087.31205734051	0.008154452416221595
3089.44141168921	0.007834426161838434
3091.57016630696	0.006971578305279602
3093.69832146398	0.006609867102477283
3095.82587743032	0.0072917064788499695
3097.9528344759	0.008140489487290405
3100.07919287056	0.008822328863671444
3102.204952884	0.007625695662164321
3104.33011478579	0.008822328863671444
3106.45467884538	0.009462483291624973
3108.57864533212	0.008669348160534886
3110.70201451522	0.007625695662164321
3112.82478666378	0.007236058601499622
3114.94696204676	0.007027328101825508
3117.06854093301	0.005872277929550336
3119.18952359127	0.00659590417353774
3121.30991029013	0.005106966737143776
3123.4297012981	0.005454816930202111
3125.54889688352	0.00519043855317765
3127.66749731464	0.005510464807560811
3129.78550285957	0.004995670982434727
3131.90291378633	0.005037355930853885
3134.01973036277	0.004466812309190247
3136.13595285665	0.004174609993482259
3138.2515815356	0.0033118640561106334
3140.36661666714	0.004286007667378513
3142.48105851863	0.004452951299446263
3144.59490735734	0.004007666361422863
3146.70816345041	0.003144920424042884
3148.82082706486	0.004369479483412388
3150.93289846758	0.003854583739099098
3153.04437792532	0.003952018484064162
3155.15526570475	0.0023238594350904166
3157.26556207238	0.003423159810819682
3159.37526729461	0.003395335872144508
3161.48438163771	0.003409298801075698
3163.59290536784	0.004466812309190247
3165.70083875102	0.003228392240076759
3167.80818205315	0.00467554280886436
3169.91493554002	0.003576242433135094
3172.02109947727	0.0038685466680302874
3174.12667413044	0.004313831606062041
3176.23165976493	0.003339687994785807
3178.33605664602	0.003144920424042884
3180.43986503887	0.0026300246797295937
3182.54308520852	0.004063314238773211
3184.64571741986	0.0024074331703114967
3186.74776193769	0.0034371227397508716
3188.84921902664	0.004508599176796611
3190.95008895128	0.0041467860548070855
3193.05037197599	0.0034789096073655885
3195.15006836504	0.0033258269850418233
3197.24917838262	0.0026856725570882944
3199.34770229274	0.00260220074105442
3201.44564035931	0.0027134964957634686
3203.5429928461	0.0025465528637040723
3205.63976001677	0.0028944030567624075
3207.73594213484	0.002964013863052298
3209.83153946372	0.001976009242032081
3211.92655226669	0.004021527371166847
3214.02098080688	0.00261616366998561
3216.11482534732	0.0023795073124491172
3218.20808615091	0.002727459424694658
3220.30076348041	0.002490904986345371
3222.39285759847	0.003353650923716997
3224.4843687676	0.002490904986345371
3226.57529725019	0.0026996354860194843
3228.66564330851	0.0036458532394249847
3230.75540720468	0.003172744362726411
3232.8445892007	0.0026300246797295937
3234.93318955847	0.0038685466680302874
3237.02120853974	0.0035902053620746367
3239.10864640612	0.003924194545388988
3241.19550341911	0.0022821744866712585
3243.28177984009	0.0034510856686820615
3245.36747593029	0.0030892725466925364
3247.45259195083	0.0031031335564365207
3249.53712816268	0.002017796109646798
3251.62108482672	0.0033675119334609814
3253.70446220366	0.0030196617404026458
3255.78726055411	0.0028527181083432495
3257.86948013853	0.002950050934112755
3259.95112121728	0.001989972170963271
3262.03218405055	0.00260220074105442
3264.11266889845	0.0026718115473443106
3266.19257602092	0.002560413873448056
3268.27190567779	0.00258823781212323
3270.35065812876	0.0033258269850418233
3272.4288336334	0.0023795073124491172
3274.50643245114	0.00261616366998561
3276.5834548413	0.0023099984253464323
3278.65990106305	0.00311709648536771
3280.73577137545	0.002755283363378185
3282.81106603742	0.0025047659960893555
3284.88578530774	0.0016141961200425558
3286.95992944508	0.002574376802379246
3289.03349870796	0.0036458532394249847
3291.1064933548	0.0025325899347645293
3293.17891364384	0.0009741436112762329
3295.25075983324	0.0017254918747516043
3297.322032181	0.0009323567436615162
3299.39273094501	0.001989972170963271
3301.462856383	0.0016559829876489195
3303.53240875259	0.002810931240728533
3305.60138831128	0.0027134964957634686
3307.6697953164	0.0017533158134267783
3309.73763002519	0.0019203613646817334
3311.80489269472	0.0026718115473443106
3313.87158358198	0.0016976679360680776
3315.93770294378	0.001168911182010803
3318.00325103681	0.0011410872433356293
3320.06822811764	0.002421294180055481
3322.13263444272	0.0018785744970670167
3324.19647026832	0.0010854393659852815
3326.25973585064	0.0025325899347645293
3328.32243144568	0.001168911182010803
3330.38455730938	0.0021569158030310203
3332.44611369749	0.0025187289250205454
3334.50710086564	0.001989972170963271
3336.56751906936	0.0026300246797295937
3338.62736856401	0.001767278742357968
3340.68664960483	0.0022821744866712585
3342.74536244693	0.0018647134873230325
3344.80350734528	0.0034510856686820615
3346.86108455472	0.0025047659960893555
3348.91809432997	0.002351683373773943
3350.97453692559	0.002727459424694658
3353.03041259603	0.0017533158134267783
3355.08572159559	0.0016141961200425558
3357.14046417844	0.001781241671289158
3359.19464059863	0.001155050172266819
3361.24825111005	0.0019620463131008914
3363.30129596648	0.0022265266093209105
3365.35377542155	0.0020873049967411296
3367.40568972878	0.002003833180707255
3369.45703914152	0.0011410872433356293
3371.507823913	0.0016698439973929036
3373.55804429633	0.0018785744970670167
3375.60770054446	0.0018229266197166687
3377.65679291024	0.0020456200483219716
3379.70532164635	0.0018368895486478587
3381.75328700534	0.0024352571089950236
3383.80068923965	0.0028248941696597226
3385.84752860155	0.0017254918747516043
3387.89380534321	0.002337822364029959
3389.93951971664	0.0012523829980446777
3391.98467197371	0.0008210609889524677
3394.02926236618	0.0009463196725927061
3396.07329114566	0.0014194285492996328
3398.1167585636	0.0006818393763810396
3400.15966487137	0.0019620463131008914
3402.20201032014	0.0014054656203684429
3404.24379516099	0.001572511171615045
3406.28501964484	0.0006401544279535287
3408.3256840225	0.0016698439973929036
3410.3657885446	0.0010576154273017546
3412.40533346167	0.0013219938043345684
3414.44431902408	0.0005009328153821005
3416.48274548209	0.0021429528740998303
3418.5206130858	0.0015029003653335073
3420.55792208516	0.0018925374259982065
3422.59467273003	0.001795102681033142
3424.63086527009	0.002198702670637384
3426.6664999549	0.0005705436216719911
3428.70157703386	0.000779274121346104
3430.73609675628	0.00076541311160212
3432.77005937129	0.001363780671940932
3434.80346512789	0.0018647134873230325
3436.83631427494	0.0015445853137526654
3438.86860706119	0.0024769420574141817
3440.90034373521	0.0015445853137526654
3442.93152454546	0.0020316571193907816
3444.96214974025	0.001558548242683855
3446.99221956775	0.0008488849276276416
3449.021734276	0.0006679783666370555
3451.05069411289	0.0006123304892783548
3453.07909932619	0.0013358548140785524
3455.1069501635	0.0009463196725927061
3457.1342468723	0.0010714764370457386
3459.16098969993	0.0
3461.1871788936	0.0013219938043345684
3463.21281470035	0.0012941698656593944
3465.23789736712	0.0005427196829884643
3467.26242714067	0.0013498177430097422
3469.28640426765	0.0010019675499514068
3471.30982899455	0.0014472524879748066
3473.33270156774	0.00018090656099893905
3475.35502223343	0.0006679783666370555
3477.3767912377	0.0015445853137526654
3479.39800882649	0.0016838069263240935
3481.41867524559	0.0012385219883006937
3483.43879074066	0.0004452849380233998
3485.45835555721	0.0010297914886265808
3487.47736994062	0.0021151289354163034
3489.49583413611	0.0010576154273017546
3491.51374838879	0.0006540154376975128
3493.53111294359	0.0011271243144044393
3495.54792804533	0.0008349219986964518
3497.56419393867	0.0010993003757292655
3499.57991086814	0.0008210609889524677
