1000.07700129088	0.0
1002.83416209528	0.0029932259340196402
1005.59045264208	0.003092995003625027
1008.34587328813	0.006149220835874025
1011.10042439014	0.004531838833183416
1013.85410630472	0.005182991627476631
1016.60691938837	0.0014493053511236988
1019.35886399746	0.009693830494581494
1022.10994048823	0.0038071476961475995
1024.86014921684	0.008338986529331016
1027.60949053928	0.01010867597829421
1030.35796481149	0.006317297487444086
1033.10557238924	0.008900908698532089
1035.85231362819	0.012282672466453726
1038.5981888839	0.013091440390751694
1041.34319851182	0.014530284220310082
1044.08734286727	0.010880597808265061
1046.83062230544	0.013952592845811535
1049.57303718143	0.014435745911488928
1052.31458785021	0.016877588120820738
1055.05527466665	0.01433597684188354
1057.79509798549	0.014992360396957834
1060.53405816134	0.0190095846768263
1063.27215554874	0.01788581726137209
1066.00939050209	0.019440199365833338
1068.74576337565	0.0201228905707152
1071.48127452361	0.02110481206145898
1074.21592430002	0.022501655958863415
1076.94971305882	0.022816732372970747
1079.68264115384	0.0237252693668741
1082.41470893879	0.02265919416591708
1085.14591676728	0.02429765305763733
1087.8762649928	0.026503187956388643
1090.60575396871	0.02591503506032794
1093.33438404827	0.026534649444029355
1096.06215558464	0.027836955032612635
1098.78906893086	0.030362874029203443
1101.51512443981	0.03009502830803115
1104.24032246435	0.028314877337505796
1106.96466335716	0.03026310495960121
1109.68814747081	0.03280471623853526
1112.41077515779	0.03242656300324433
1115.13254677044	0.031596872035822045
1117.85346266104	0.035220250798056345
1120.57352318169	0.034794943792784624
1123.29272868445	0.03886993721010137
1126.01107952121	0.035608865554909434
1128.72857604378	0.041815855528234885
1131.44521860385	0.04243554683488739
1134.16100755301	0.04290285377231307
1136.87594324271	0.042167701113715095
1139.59002602433	0.04612715625613213
1142.3032562491	0.04442577438913361
1145.01563426818	0.04502438880675647
1147.72716043257	0.048705536706442204
1150.43783509322	0.05222391563829004
1153.14765860091	0.050974071503422876
1155.85663130634	0.053636451818040866
1158.56475356012	0.05229214629730363
1161.27202571271	0.05722313833185337
1163.97844811448	0.05508060333133457
1166.68402111569	0.05661921623049834
1169.38874506649	0.06192828457738793
1172.09262031694	0.06182320782405038
1174.79564721695	0.06422305010122824
1177.49782611635	0.0684765816916772
1180.19915736486	0.06834004345069894
1182.89964131208	0.07120196190452455
1185.59927830751	0.06960557986790933
1188.29806870054	0.07242557531253208
1190.99601284046	0.07525595535576589
1193.69311107643	0.07484641755578848
1196.38936375753	0.07959879449425493
1199.08477123271	0.07953579459602557
1201.77933385082	0.08162056045909609
1204.47305196061	0.08267078953180139
1207.1659259107	0.08971800891706237
1209.85795604964	0.08714485922753654
1212.54914272585	0.09269546564578769
1215.23948628763	0.09730607358249795
1217.92898708319	0.09871868668519986
1220.61764546064	0.10185368162097569
1223.30546176798	0.10398567817698125
1225.99243635308	0.10313498724348356
1228.67856956373	0.10635405896652154
1231.36386174761	0.1071259807964924
1234.04831325228	0.10652728945591844
1236.73192442522	0.10868559366173472
1239.41469561377	0.1109015900820482
1242.09662716519	0.11276581783983254
1244.77771942662	0.11594281270776548
1247.45797274511	0.11487158366898162
1250.13738746759	0.11783857887614163
1252.81596394089	0.11730296435675128
1255.49370251175	0.11769150219065012
1258.17060352676	0.12007034450175258
1260.84666733246	0.12208157202207735
1263.52189427525	0.12219187953619598
1266.19628470144	0.12514833629884276
1268.86983895722	0.12735910195837513
1271.5425573887	0.13025255882278938
1274.21444034186	0.13222178641096022
1276.8854881626	0.12786325499012793
1279.55570119671	0.1365646255494524
1282.22507978985	0.13685870199748118
1284.89362428759	0.13784062348822496
1287.56133503543	0.14010392752442455
1290.22821237872	0.14335446073510325
1292.89425666274	0.14568084159248643
1295.55946823263	0.15135221704641838
1298.22384743346	0.15100037146093817
1300.88739461019	0.15427713539847335
1303.55011010766	0.1593656656400799
1306.21199427063	0.16400250430364663
1308.87304744373	0.1639237352001198
1311.53326997152	0.1637819661983636
1314.19266219843	0.16944280320777916
1316.8512244688	0.17638502276265683
1319.50895712687	0.17431602610488064
1322.16586051676	0.1803917085980089
1324.82193498252	0.1796303252125513
1327.47718086806	0.18221916718442352
1330.1315985172	0.18828438815598963
1332.78518827369	0.1886992336396992
1335.43795048114	0.1895079246410461
1338.08988548307	0.1902326157780819
1340.74099362289	0.18976523191770198
1343.39127524392	0.18750192788150238
1346.04073068939	0.18631516056781883
1348.6893603024	0.18383131842633305
1351.33716442597	0.18618916077135697
1353.98414340301	0.18211416735403707
1356.63029757632	0.1836685494584983
1359.27562728863	0.18088009242446737
1361.92013288252	0.18035493942663602
1364.56381470053	0.17863778835434319
1367.20667308505	0.17452079500486933
1369.84870837838	0.17277741320571685
1372.48992092274	0.17019903275540993
1375.13031106023	0.1684923432046761
1377.76987913284	0.165903501232807
1380.40862548251	0.16471665699616922
1383.04655045101	0.15995374161318637
1385.68365438006	0.15949689619732285
1388.31993761126	0.15821559057481496
1390.95540048612	0.15953366536869573
1393.59004334605	0.1591293583294994
1396.22386653233	0.1552643645729493
1398.85687038619	0.15344744443105107
1401.48905524873	0.1541773663288711
1404.12042146094	0.15357875191124826
1406.75096936375	0.15278052243146353
1409.38069929796	0.15405136653240925
1412.00961160428	0.15233944622089432
1414.63770662332	0.1518562931552201
1417.26498469557	0.1498188349080357
1419.89144616146	0.1480753761859321
1422.51709136132	0.15202960056756806
1425.14192063532	0.14860052918376032
1427.76593432361	0.1522239079459946
1430.3891327662	0.14876329815159506
1433.01151630299	0.1468990703938107
1435.63308527382	0.14971375815469812
1438.2538400184	0.14745045411849853
1440.87378087637	0.14944598935648007
1443.49290818722	0.14922014356746174
1446.1112222904	0.14635299435285504
1448.72872352524	0.14825391435906118
1451.34541223097	0.1411332335540087
1453.96128874671	0.14438376676468423
1456.5763534115	0.1426876156584668
1459.19060656429	0.14449399735585178
1461.8040485439	0.137709392930982
1464.41667968907	0.14393215210960178
1467.02850033846	0.1426666156923914
1469.63951083061	0.1421940010712304
1472.24971150397	0.14125400258968948
1474.8591026969	0.1411542335200841
1477.46768474763	0.14141677155752422
1480.07545799434	0.13978362034953615
1482.68242277508	0.14332299924746253
1485.28857942782	0.14258784658886456
1487.89392829042	0.14114369507557084
1490.49846970065	0.13946854393542882
1493.10220399619	0.13919023669269434
1495.70513151461	0.1406500804883313
1498.30725259339	0.1401774658671703
1500.90856756992	0.14191038614476062
1503.50907678146	0.13909046762309213
1506.10878056524	0.14397938280253683
1508.70767925832	0.14252476976768097
1511.30577319772	0.1453394575285684
1513.90306272032	0.1444205359360571
1516.49954816295	0.1431234611082549
1519.09522986229	0.14882629804982758
1521.69010815498	0.14989229632783035
1524.28418337751	0.15109490976976248
1526.87745586632	0.15422459702180613
1529.46992595773	0.15460275025709708
1532.06159398796	0.15991704936476772
1534.65246029316	0.15857797460481157
1537.24252520935	0.16503704109401185
1539.83178907249	0.16961087985934922
1542.42025221841	0.17242025993650448
1545.00791498287	0.17820717366533614
1547.59477770152	0.184046625770835
1550.18084070993	0.1928267654336863
1552.76610434356	0.19589345278750062
1555.35056893777	0.2028251338978619
1557.93423482785	0.21297065597048007
1560.51710234896	0.22147241146764265
1563.0991718362	0.22757440161058165
1565.68044362457	0.23509423561700363
1568.26091804893	0.24057130369250904
1570.84059544411	0.2494249816981061
1573.41947614481	0.2479755994240313
1575.99756048562	0.25521712618771886
1578.57484880108	0.2637661893007707
1581.15134142559	0.260547194500687
1583.72703869349	0.26466418785015766
1586.301940939	0.2680092593696575
1588.87604849628	0.2691014883745199
1591.44936169934	0.27249379058695483
1594.02188088215	0.2697264104419535
1596.59360637855	0.2698314102723368
1599.16453852232	0.2698787178882261
1601.73467764709	0.26267396029591145
1604.30402408647	0.252255438664291
1606.87257817391	0.242151993446781
1609.44034024281	0.23401246813370652
1612.00731062644	0.2237934846412937
1614.57348965801	0.21303365586870943
1617.13887767062	0.20518820700366686
1619.70347499726	0.1961928369192647
1622.26728197086	0.18857323384323735
1624.83029892423	0.18231893625402576
1627.39252619012	0.17532425524543513
1629.95396410112	0.17115995428007516
1632.5146129898	0.16606103943986067
1635.07447318858	0.16479542609969605
1637.63354502984	0.1554744411566733
1640.19182884582	0.15185106239443902
1642.74932496868	0.15125244797681614
1645.3060337305	0.14783383811457054
1647.86195546325	0.14225700096945976
1650.41709049882	0.14196292452143097
1652.971439169	0.13979938955483362
1655.52500180548	0.13762008538293877
1658.07777873987	0.1337236301387511
1660.62977030368	0.1337551685493429
1663.18097682833	0.1329254775819206
1665.73139864514	0.13150240295765656
1668.28103608534	0.13226378634311417
1670.82988948008	0.13231109395900342
1673.37795916039	0.13159163358274553
1675.92524545724	0.12755864009758275
1678.47174870147	0.12747987099405592
1681.01746922386	0.12647164185350143
1683.56240735508	0.12700202561211385
1686.10656342572	0.12722256371739687
1688.64993776626	0.12609879630194581
1691.19253070709	0.12425564543318796
1693.73434257853	0.1241821070904422
1696.27537371078	0.12666594923192798
1698.81562443395	0.12243341760755755
1701.35509507809	0.12442887592258485
1703.89378597311	0.12094734308506098
1706.43169744886	0.12341541602125243
1708.96882983509	0.12274849402166489
1711.50518346144	0.12414010715828824
1714.0407586575	0.12119411191720364
1716.57555575272	0.12285880153578352
1719.10957507649	0.12105757367622852
1721.64281695809	0.11842673177220234
1724.17528172671	0.12374626164065408
1726.70696971146	0.11831642425808371
1729.23788124135	0.12160372664013527
1731.7680166453	0.12102611218858782
1734.29737625213	0.12266972491813806
1736.82596039057	0.1229795705714643
1739.35376938927	0.12340487757673603
1741.88080357677	0.12714379461387004
1744.40706328154	0.12568918157901418
1746.93254883193	0.12637710354468026
1749.45726055623	0.12739064036896694
1751.9811987826	0.12623010378213984
1754.50436383915	0.12450241426533061
1757.02675605387	0.1262458729874373
1759.54837575466	0.12776348592052253
1762.06922326934	0.12681294899446838
1764.58929892564	0.12538987437020432
1767.10860305118	0.12905525306459256
1769.6271359735	0.1291393298518516
1772.14489802005	0.13262617037311075
1774.66188951817	0.13093001926689332
1777.17811079515	0.12759540926895563
1779.69356217815	0.1304363277567027
1782.20824399425	0.12969594433732048
1784.72215657043	0.1298954824765281
1787.23530023361	0.13172294106294272
1789.74767531057	0.1265084110248743
1792.25928212804	0.12763740920110958
1794.77012101264	0.12801556243640053
1797.2801922909	0.13027878954964903
1799.78949628926	0.13090894237786369
1802.29803333406	0.13188047926999638
1804.80580375158	0.13158640282196446
1807.31280786797	0.12992171320338775
1809.81904600929	0.1302000204461222
1812.32451850154	0.13360286110307032
1814.82922567061	0.13482639758812676
1817.33316784231	0.13050463533866735
1819.83634534233	0.12982725181751767
1822.33875849629	0.13106648058491735
1824.84040762973	0.13414378330619597
1827.34129306808	0.1319014792360718
1829.84141513667	0.1324738629268382
1832.34077416077	0.13029986643867866
1834.83937046553	0.13177540251665884
1837.33720437602	0.13180171016646955
1839.83427621723	0.13109801899550916
1842.33058631404	0.1321062481360605
1844.82613499125	0.13322478479073363
1847.32092257355	0.1342225524097228
1849.81494938558	0.13588716510534846
1852.30821575184	0.1333140923387737
1854.80072199677	0.1330777850281932
1857.29246844473	0.13816100758606445
1859.78345541994	0.13661708700316852
1862.27368324658	0.13880162193584128
1864.76315224871	0.1359764726533917
1867.2518627503	0.13878585273054694
1869.73981507524	0.14116469504164625
1872.22700954733	0.13555108872516572
1874.71344649027	0.1415585405592804
1877.19912622768	0.13948954390150736
1879.68404908308	0.14246176986944845
1882.16821537988	0.14239876997121909
1884.65162544145	0.1429501536959069
1887.13427959102	0.14346999901000296
1889.61617815175	0.14390584445979107
1892.0973214467	0.144845842941332
1894.57770979887	0.14568084159248643
1897.05734353113	0.14643699421716297
1899.53622296628	0.14143777152359963
1902.014348427	0.14826968356435866
1904.49172023593	0.14278738472807218
1906.96833871558	0.14346999901000296
1909.44420418839	0.14163730966280724
1911.91931697668	0.14498238118230708
1914.39367740272	0.14525545766426046
1916.86728578865	0.14520291928759327
1919.34014245654	0.14396361359723936
1921.81224772838	0.14812268380181823
1924.28360192604	0.14678360904186208
1926.75420537132	0.14666807076696237
1929.22405838593	0.14522391925366868
1931.69316129147	0.1451031502179879
1934.16151440948	0.14439422828624637
1936.62911806136	0.1474032234255635
1939.09597256848	0.1440371519399851
1941.56207825207	0.14664176311715166
1944.0274354333	0.14738222345948496
1946.49204443322	0.14570184155856497
1948.95590557284	0.14534999597308476
1951.41901917301	0.14540245742680089
1953.88138555454	0.1478968380127999
1956.34300503813	0.15330567542929488
1958.8038779444	0.14846922170356627
1961.26400459387	0.15086906398074415
1963.72338530697	0.1503492186666481
1966.18202040403	0.14823291439298578
1968.63991020531	0.1495142200154905
1971.09705503097	0.15126814025915938
1973.55345520107	0.1498660656009707
1976.0091110356	0.1519876006354141
1978.46402285444	0.15314290646146012
1980.91819097737	0.15355775194516968
1983.3716157241	0.15419836629494652
1985.82429741427	0.1522291387067757
1988.27623636736	0.1538465207094663
1990.72743290284	0.15577897912626423
1993.17788734002	0.15916605057791805
1995.62759999817	0.156708516086243
1998.07657119644	0.1591030506796887
2000.5248012539	0.15681874667741055
2002.97229048952	0.16014804899161292
2005.41903922219	0.15813159071050706
2007.86504777071	0.1588299741977353
2010.31031645378	0.16192296920135718
2012.75484559	0.15894028171185395
2015.19863549792	0.1621330457850812
2017.64168649594	0.16374519702699072
2020.08399890242	0.16301004436838962
2022.5255730356	0.16561988630633726
2024.96640921365	0.16388173526796584
2027.40650775462	0.160835970957279
2029.84586897649	0.16165520040313913
2032.28449319715	0.15938135792242314
2034.72238073438	0.16228012247057272
2037.15953190591	0.1617497387119603
2039.59594702932	0.15836789802108756
2042.03162642215	0.16109858591767023
2044.46657040182	0.1666176539253296
2046.90077928567	0.16345635133973987
2049.33425339095	0.16485319523714748
2051.76699303481	0.16651257717199203
2054.19899853433	0.16684873047512902
2056.63027020645	0.16603473179004996
2059.06080836809	0.1646116571657859
2061.49061333602	0.16945334165229556
2063.91968542694	0.16928003423994442
2066.34802495747	0.1669064226896262
2068.77563224411	0.16332512078249695
2071.20250760329	0.169904956307378
2073.62865135136	0.16944280320777916
2076.05406380455	0.16976318730562182
2078.47874527901	0.17033557099638505
2080.9026960908	0.16747888330334368
2083.3259165559	0.1718584146902545
2085.74840699018	0.16984195640914865
2088.17016770944	0.17224702944710757
2090.59119902935	0.16997841772717268
2093.01150126553	0.16903849616858285
2095.43107473348	0.17428448769428884
2097.84991974864	0.1745575641762422
2100.26803662633	0.173643873344512
2102.68542568178	0.17437902600311314
2105.10208723015	0.17392218058724648
2107.51802158648	0.1743002568995863
2109.93322906574	0.1735283350696123
2112.3477099828	0.17610140783618705
2114.76146465245	0.17337602762333973
2117.17449338937	0.17498817886524926
2119.58679650815	0.1788583264596262
2121.9983743233	0.17422148779605948
2124.40922714924	0.1734967966590205
2126.81935530029	0.17646902262696473
2129.22875909067	0.1755867932828721
2131.63743883452	0.17499340962603033
2134.04539484589	0.1780391739367203
2136.45262743874	0.17978786341960495
2138.85913692692	0.182928089116165
2141.26492362422	0.17991386321606684
2143.6699878443	0.17916817211295247
2146.07432990076	0.17817040449396326
2148.47795010708	0.1771254061820359
2150.88084877667	0.17921017204510642
2153.28302622285	0.17879532656139685
2155.68448275883	0.18027093956232812
2158.08521869774	0.18243447452892547
2160.48523435261	0.18178855249541648
2162.88453003639	0.18368954942457372
2165.28310606193	0.18068055428525975
2167.68096274199	0.1806910158068219
2170.07810038922	0.18245547449500402
2172.47451931622	0.18392054905142205
2174.87021983546	0.18278632011440568
2177.26520225933	0.1829858582536133
2179.65946690013	0.17740379034772458
2182.05301407006	0.18038124707644673
2184.44584408123	0.17788686649044774
2186.83795724567	0.1843669329457234
2189.22935387531	0.18159955280072212
2191.62003428198	0.1842829330814155
2194.00999877743	0.18147347608130915
2196.39924767329	0.18397308742808924
2198.78778128115	0.18385231839240845
2201.17559991245	0.18643069884271854
2203.56270387857	0.18111639973504787
2205.94909349081	0.185674546218042
2208.33476906033	0.1854382389074615
2210.71973089824	0.18148924528660348
2213.10397931554	0.18381554922103557
2215.48751462314	0.18559577711451516
2217.87033713186	0.18609985322331374
2220.25244715242	0.1854329312237262
2222.63384499546	0.18300685821969184
2225.01453097151	0.19063699974023246
2227.39450539101	0.1917974594041053
2229.77376856434	0.1906526920225757
2232.15232080173	0.18792731180972835
2234.53016241336	0.18896177167713935
2236.9072937093	0.18880954115381784
2239.28371499954	0.19060023056885958
2241.65942659396	0.18747569715464277
2244.03442880236	0.18749146635994024
2246.40872193443	0.1869768518066253
2248.78230629979	0.1887675412216639
2251.15518220795	0.1878223119793419
2253.52734996835	0.19183953625921035
2255.89880989029	0.19088376857237513
2258.26956228301	0.18979677032829378
2260.63960745567	0.19300007284603746
2263.00894571731	0.18810584998285743
2265.37757737688	0.1915296906058841
2267.74550274324	0.19145092150235726
2270.11272212517	0.19017484664063364
2272.47923583134	0.19305253429975355
2274.84504417031	0.19055823063670563
2277.2101474506	0.19754237320078302
2279.57454598058	0.19239615074467925
2281.93824006856	0.18890407946264215
2284.30123002275	0.1912986140560847
2286.66351615125	0.19544191505536926
2289.02509876208	0.19282145774995413
2291.38597816317	0.19636083664788054
2293.74615466236	0.2003150610295165
2296.10562856737	0.1990127554409332
2298.46440018585	0.19493776202361646
2300.82246982535	0.19693852802237907
2303.1798377933	0.19946960085679988
2305.5365043971	0.19821452596115163
2307.89246994399	0.1990285246462307
2310.24773474116	0.19734806582235648
2312.60229909566	0.19910729374975752
2314.95616331451	0.20157013592516473
2317.30932770456	0.19794144947919826
2319.66179257263	0.20106075213263086
2322.01355822542	0.20244182682474096
2324.36462496953	0.19892344789289312
2326.71499311146	0.20058813751146987
2329.06466295764	0.20106598289341193
2331.41363481439	0.19897598626956034
2333.76190898794	0.20255736509964067
2336.10948578441	0.20188521233927206
2338.45636550986	0.19949583158365636
2340.80254847022	0.20534051444993945
2343.14803497132	0.20063013744362382
2345.49282531895	0.20504120724112643
2347.83691981874	0.20145459765026502
2350.18031877626	0.20182744320182378
2352.52302249699	0.20388067065430251
2354.8650312863	0.2069158965204761
2357.20634544946	0.20634351282970972
2359.54696529166	0.20734651120948314
2361.88689111798	0.2053142837230798
2364.22612323341	0.2058026675495383
2366.56466194287	0.20805543314122463
2368.90250755114	0.21238773383520043
2371.23966036293	0.2046735924503519
2373.57612068286	0.2099721223527251
2375.91188881545	0.20686866582754107
2378.2469650651	0.20761435693065544
2380.58134973615	0.20747781868967718
2382.91504313282	0.20892189328001978
2385.24804555926	0.21084912093603667
2387.58035731949	0.21167881190345894
2389.91197871745	0.21137950469464592
2392.24291005701	0.2096255844509802
2394.57315164189	0.20699466562400293
2396.90270377577	0.21168404266424
2399.23156676218	0.2063277436244154
2401.55974090461	0.21290757914929645
2403.88722650642	0.2121251957977603
2406.21402387086	0.2111589665893629
2408.54013330113	0.21229319552637613
2410.8655551003	0.21537049824765792
2413.19028957133	0.21629995828468243
2415.51433701713	0.2155804979084277
2417.83769774049	0.21346950131849754
2420.16037204408	0.21523919076746073
2422.48236023051	0.21223019562814677
2424.80366260228	0.21430973073043622
2427.12427946179	0.21770726370365218
2429.44421111134	0.21599011263135617
2431.76345785315	0.21993910625221422
2434.08201998932	0.2150186526621777
2436.39989782188	0.21365327025241082
2438.71709165273	0.2179541094587459
2441.0336017837	0.21821141673540498
2443.34942851653	0.219203876670662
2445.66457215282	0.2197604911561309
2447.97903299412	0.21860003149225804
2450.29281134185	0.2155752671476466
2452.60590749736	0.21945595318653682
2454.91832176188	0.2202016442896512
2457.23005443656	0.21702988018250247
2459.54110582243	0.2168723419754488
2461.85147622045	0.21822187825696712
2464.16116593146	0.2153651905639226
2466.47017525621	0.21662549622035193
2468.77850449536	0.2172819566983773
2471.08615394947	0.2212046426694246
2473.39312391899	0.21845295480676655
2475.69941470429	0.2237042540162047
2478.00502660562	0.22310556267563075
2480.30995992316	0.22457594491578092
2482.61421495697	0.22330510081483837
2484.91779200702	0.21844249328520438
2487.22069137316	0.22340494680739484
2489.5229133552	0.2253006360528199
2491.8244582528	0.22645586495591166
2494.12532636553	0.22528486684752244
2496.42551799287	0.22677624905375118
2498.72503343421	0.23178593326887667
2501.02387298882	0.22758494005509805
2503.32203695588	0.2253006360528199
2505.61952563449	0.22583101981142917
2507.91633932361	0.22593078888103457
2510.21247832216	0.22406656112324708
2512.50794292891	0.22268025567035588
2514.80273344255	0.22869293826525477
2517.09685016167	0.22790001646920538
2519.39029338476	0.23100878067812472
2521.68306341022	0.22928632192209658
2523.97516053634	0.2357873883434508
2526.26658506132	0.23318277716628424
2528.55733728325	0.23097201150675187
2530.84741750012	0.22910778374896434
2533.13682600984	0.23310923882353848
2535.4255631102	0.23399669892840905
2537.7136290989	0.2302157819591211
2540.00102427354	0.2269180180555105
2542.28774893162	0.23122408802262667
2544.57380337053	0.2338129299944989
2546.85918788758	0.2344850827548675
2549.14390277997	0.23038385861069116
2551.4279483448	0.23954207458587914
2553.71132487906	0.23569292695758073
2555.99403267966	0.23513623554915758
2558.27607204341	0.23883838341491873
2560.55744326699	0.23689546347655863
2562.83814664702	0.23933730568589043
2565.11818247999	0.23799823092593428
2567.3975510623	0.23785638500122386
2569.67625269025	0.23409123723723335
2571.95428766003	0.23475292847603982
2574.23165626776	0.23657507937871913
2576.50835880942	0.23445362126722682
2578.78439558093	0.2362863106144225
2581.05976687806	0.23340331527156727
2583.33447299652	0.23599746492717166
2585.60851423191	0.2388226142096244
2587.88189087972	0.23810323075632076
2590.15460323534	0.23644384882147618
2592.42665159406	0.24454129727944246
2594.69803625108	0.23762007769064336
2596.9687575015	0.2373470781316442
2599.23881564029	0.24183691703267368
2601.50821096235	0.24007245834449156
2603.77694376245	0.2416478404150282
2606.0450143353	0.24175814792914685
2608.31242297548	0.23870715285767577
2610.57916997746	0.239358305651969
2612.84525563562	0.24081814944760593
2615.11068024426	0.24372737551731766
2617.37544409753	0.239668074382341
2619.63954748952	0.24316022258733236
2621.90299071421	0.24358552959260724
2624.16577406546	0.24520821927903
2626.42789783705	0.244042451931425
2628.68936232264	0.24469360472571505
2630.9501678158	0.24808590693814994
2633.21031460999	0.24707237011386327
2635.46980299857	0.2440949133851411
2637.72863327481	0.24573329535390712
2639.98680573185	0.24534475752000828
2642.24432066276	0.2503702109404281
2644.50117836048	0.24745575410993528
2646.75737911786	0.2514624399452905
2649.01292322765	0.2514677476290227
2651.26781098249	0.251136902009621
2653.52204267492	0.25363120567266895
2655.77561859738	0.2503019033584634
2658.0285390422	0.2532163601889562
2660.28080430161	0.2525074382572147
2662.53241466774	0.2485742907646084
2664.78337043263	0.25905581229445823
2667.03367188817	0.2547287423612635
2669.2833193262	0.2610880397808584
2671.53231303844	0.25659820087982893
2673.78065331648	0.2591975812962144
2676.02834045184	0.25423512777402396
2678.27537473592	0.2593183503318952
2680.52175646002	0.25572127921947163
2682.76748591535	0.25691327729393626
2685.01256339298	0.2611825780896827
2687.25698918391	0.2595861960530675
2689.50076357901	0.26186526929456455
2691.74388686909	0.2576484299525374
2693.9863593448	0.25821558288251956
2696.22818129672	0.26279472933159226
2698.46935301532	0.2622801147782773
2700.70987479096	0.257459430257843
2702.94974691389	0.2592658888781791
2705.18896967428	0.25481274222557143
2707.42754336216	0.258021275504093
2709.66546826749	0.2575434301221509
2711.90274468011	0.25595758653005213
2714.13937288974	0.25386228222246837
2716.37535318602	0.2539252821206977
2718.61068585848	0.251609516630782
2720.84537119652	0.24774459979718613
2723.07940948947	0.2557002792533962
2725.31280102654	0.25021267273337444
2727.54554609682	0.24909936683948553
2729.77764498933	0.25531166449654313
2732.00909799294	0.2543716660150022
2734.23990539644	0.25282782235505735
2736.47006748853	0.24917290518223129
2738.69958455777	0.2515412090488173
2740.92845689263	0.25095305615275665
2743.15668478147	0.25499135732165473
2745.38426851257	0.2520873620127241
2747.61120837406	0.2538412822563898
2749.83750465399	0.2510161329739402
2752.0631576403	0.2560520479159222
2754.28816762083	0.2541668971150135
2756.51253488329	0.2561518169855276
2758.73625971532	0.2573123535723515
2760.95934240442	0.2565614317084561
2763.18178323801	0.2580580446754659
2765.40358250338	0.2530535912211215
2767.62474048773	0.25450820425597737
2769.84525747814	0.25205059284135123
2772.06513376159	0.25524335691457845
2774.28436962496	0.2561518169855276
2776.50296535501	0.25701827712432274
2778.7209212384	0.25329512929248305
2780.93823756168	0.257711506773721
2783.15491461129	0.256083586326514
2785.37095267358	0.2598329648852102
2787.58635203477	0.2513364401488286
2789.80111298097	0.25441889670793727
2792.01523579822	0.25563197167143153
2794.2287207724	0.2504016724280688
2796.44156818932	0.2531638987352401
2798.65377833468	0.2558420482551524
2800.86535149404	0.25483904987538214
2803.07628795289	0.2534789751493474
2805.28658799659	0.25406712804540815
2807.4962519104	0.2518090547699896
2809.70527997946	0.2510213637347213
2811.91367248883	0.2567032007102154
2814.12142972342	0.25518035701634595
2816.32855196807	0.25481804990930357
2818.53503950749	0.25595227884631994
2820.74089262628	0.25554797180712363
2822.94611160894	0.25802658318782834
2825.15069673987	0.25308512963171326
2827.35464830333	0.25687127736178234
2829.55796658351	0.25524335691457845
2831.76065186445	0.2583784287733085
2833.96270443012	0.25184059318058144
2836.16412456437	0.2546079733255827
2838.3649125509	0.2524549768034986
2840.56506867336	0.2570918154670685
2842.76459321526	0.2586251976054512
2844.96348645999	0.26149765450379003
2847.16174869086	0.2576484299525374
2849.35938019105	0.256556200947675
2851.55638124363	0.26184950008927027
2853.75275213157	0.2549545881502819
2855.94849313772	0.2581368137789927
2858.14360454483	0.26195973068043465
2860.33808663553	0.26134534705751744
2862.53193969234	0.2601795797099093
2864.72516399768	0.26198603833024536
2866.91775983385	0.2603896562936333
2869.10972748304	0.26160265433417335
2871.30106722733	0.2602425796081418
2873.4917793487	0.25975419578168335
2875.68186412899	0.2640077273721323
2877.87132184997	0.2594286578460138
2880.06015279325	0.2650474949232786
2882.24835724039	0.26417057326292126
2884.43593547278	0.2679619517537714
2886.62288777173	0.26638656968323476
2888.80921441843	0.26689072271498754
2890.99491569397	0.2610828090200773
2893.1799918793	0.26462218791800374
2895.36444325529	0.26695372261321687
2897.54827010269	0.2621172688874883
2899.73147270213	0.264548649575258
2901.91405133412	0.26166042347162477
2904.09600627909	0.2634458821258823
2906.27733781731	0.26220134567475045
2908.45804622899	0.26361918953823343
2910.63813179418	0.2634143437152905
2912.81759479286	0.26289972916197557
2914.99643550486	0.26370318940254134
2917.17465420994	0.2655201095444396
2919.3522511877	0.2651840331642537
2921.52922671765	0.2670062609898872
2923.7055810792	0.260505194568533
2925.88131455162	0.25922911970680623
2928.05642741408	0.26122980878261776
2930.23091994566	0.25494404970576545
2932.40479242528	0.2597069650887483
2934.57804513178	0.25566874084280444
2936.75067834387	0.25639866274062134
2938.92269234017	0.2572283537080436
2941.09408739916	0.2524234383929068
2943.26486379921	0.2557579714678934
2945.4350218186	0.252171361877032
2947.60456173546	0.26211203812670725
2949.77348382783	0.25672427759924504
2951.94178837363	0.2542088970471675
2954.10947565068	0.2490415977020341
2956.27654593666	0.2514887475951012
2958.44299950915	0.2536155133903257
2960.60883664562	0.252643976498193
2962.77405762341	0.2555794332947612
2964.93866271975	0.25173028566646277
2967.10265221178	0.2547865114987118
2969.26602637648	0.2536469748779633
2971.42878549076	0.25310089883701076
2973.59092983139	0.25453443498283695
2975.75245967501	0.2524024384268314
2977.9133752982	0.25641966270669986
2980.07367697736	0.2531743602568023
2982.23336498882	0.25752766091685664
2984.39243960877	0.25498081887713836
2986.5509011133	0.2553746643947725
2988.70874977837	0.25431912763833187
2990.86598587984	0.25246543832506074
2993.02260969344	0.25474451156655786
2995.17862149478	0.2554272027714429
2997.33402155938	0.2496350582818301
2999.48881016262	0.2509741330417863
3001.64298757978	0.25380982076875225
3003.796554086	0.2544242043916694
3005.94950995633	0.2513732093202015
3008.10185546569	0.25374674394756863
3010.25359088888	0.2524129768713447
3012.40471650059	0.25353143660306354
3014.5552325754	0.24933044338928495
3016.70513938776	0.24968751973554623
3018.85443721201	0.24761852307777002
3021.00312632236	0.24874229049322424
3023.15120699292	0.2472194467993548
3025.29867949769	0.24334922228202674
3027.44554411052	0.24498237349001167
3029.59180110516	0.24607467941782518
3031.73745075527	0.24542352662353512
3033.88249333434	0.24919390514830667
3036.02692911578	0.24688860117995312
3038.17075837287	0.2466890630407455
3040.31398137877	0.2420259167273649
3042.45659840653	0.2428346077287118
3044.59860972907	0.24292914603753293
3046.7400156192	0.24440998979924844
3048.88081634961	0.24567029545567776
3051.02101219287	0.24216768572912425
3053.16060342144	0.24517668086843822
3055.29959030765	0.24105445675818643
3057.43797312371	0.2413012255903291
3059.57575214172	0.23798246172063997
3061.71292763366	0.24052930376035508
3063.84949987139	0.24198391679521095
3065.98546912665	0.23925322889863143
3068.12083567105	0.23709500161576624
3070.2555997761	0.23765161610123514
3072.38976171319	0.23996215083037292
3074.52332175356	0.2393477672074526
3076.65628016837	0.23976784345194638
3078.78863722863	0.23954730534666022
3080.92039320526	0.23747830868888717
3083.05154836902	0.2350260049579932
3085.1821029906	0.23756230855319507
3087.31205734051	0.24344899135162898
3089.44141168921	0.23948953620921193
3091.57016630696	0.2376096161690812
3093.69832146398	0.23983615103391107
3095.82587743032	0.2387333835845354
3097.9528344759	0.2363440797518708
3100.07919287056	0.24066061124055227
3102.204952884	0.23693215572498041
3104.33011478579	0.23838676875983628
3106.45467884538	0.2424459929718587
3108.57864533212	0.23662761775538632
3110.70201451522	0.2366486177214649
3112.82478666378	0.24006191989997516
3114.94696204676	0.2373207704818335
3117.06854093301	0.23505223568484968
3119.18952359127	0.23905369075942381
3121.30991029013	0.23765684686201624
3123.4297012981	0.23736807809771962
3125.54889688352	0.23731553972105243
3127.66749731464	0.23891192175766449
3129.78550285957	0.23859161458277606
3131.90291378633	0.23721577065144703
3134.01973036277	0.23590292661835052
3136.13595285665	0.23190147154377638
3138.2515815356	0.2313395493745753
3140.36661666714	0.2341175448870441
3142.48105851863	0.2330724696521656
3144.59490735734	0.231628395061823
3146.70816345041	0.2307829348891064
3148.82082706486	0.23152862599222077
3150.93289846758	0.22793147795684293
3153.04437792532	0.23122931878340774
3155.15526570475	0.2278632472978325
3157.26556207238	0.22537417439556565
3159.37526729461	0.2235834849805239
3161.48438163771	0.2255894048171165
3163.59290536784	0.22882424574544882
3165.70083875102	0.23156016440281257
3167.80818205315	0.22763217074803307
3169.91493554002	0.22699155639825627
3172.02109947727	0.22592025043651817
3174.12667413044	0.22704932553570453
3176.23165976493	0.22514832860654732
3178.33605664602	0.22584148133299134
3180.43986503887	0.22726986364099072
3182.54308520852	0.22605678867749643
3184.64571741986	0.22723309446961784
3186.74776193769	0.2276007092603924
3188.84921902664	0.22677094137001902
3190.95008895128	0.22582048136691593
3193.05037197599	0.22570494309201622
3195.15006836504	0.22469671395146174
3197.24917838262	0.22508009794753372
3199.34770229274	0.22743263260882546
3201.44564035931	0.22169302649587994
3203.5429928461	0.22025418266632155
3205.63976001677	0.22244917912055645
3207.73594213484	0.22417156095363353
3209.83153946372	0.22238094846154602
3211.92655226669	0.2255894048171165
3214.02098080688	0.220059875287895
3216.11482534732	0.22123610415706216
3218.20808615091	0.2209683353588441
3220.30076348041	0.2223388716064378
3222.39285759847	0.21697211104505104
3224.4843687676	0.21617918924900165
3226.57529725019	0.2140156542824043
3228.66564330851	0.21586411283489432
3230.75540720468	0.21780180201247332
3232.8445892007	0.21930364574026423
3234.93318955847	0.2205009514984642
3237.02120853974	0.21515519090315283
3239.10864640612	0.21523396000667966
3241.19550341911	0.2150081142176613
3243.28177984009	0.2116315812105239
3245.36747593029	0.21235619542460862
3247.45259195083	0.21128496638582478
3249.53712816268	0.21048681382899428
3251.62108482672	0.20969381510999063
3253.70446220366	0.20799243324299213
3255.78726055411	0.20642751269401763
3257.86948013853	0.20778235665927125
3259.95112121728	0.2036811325150949
3262.03218405055	0.20552436030680382
3264.11266889845	0.20419574706840984
3266.19257602092	0.20357613268470842
3268.27190567779	0.2039174398256754
3270.35065812876	0.20158059744672688
3272.4288336334	0.2032032871331528
3274.50643245114	0.1962820675443537
3276.5834548413	0.19996844620481735
3278.65990106305	0.19941706248012953
3280.73577137545	0.19767368068097704
3282.81106603742	0.19826183357703775
3284.88578530774	0.2020585197516232
3286.95992944508	0.1986556790946719
3289.03349870796	0.1989287555766253
3291.1064933548	0.19533160754125062
3293.17891364384	0.19784168040959288
3295.25075983324	0.20110798282556588
3297.322032181	0.20144405920575179
3299.39273094501	0.1925641504732951
3301.462856383	0.19513730016282407
3303.53240875259	0.19556268409105004
3305.60138831128	0.19950637002817276
3307.6697953164	0.1955416841249715
3309.73763002519	0.20085590630969108
3311.80489269472	0.20217398110356866
3313.87158358198	0.19540514588399638
3315.93770294378	0.19980567723698262
3318.00325103681	0.19866614061623408
3320.06822811764	0.1994643700960188
3322.13263444272	0.19443891667559585
3324.19647026832	0.19652360561571527
3326.25973585064	0.19872914051446658
3328.32243144568	0.19777868051136352
3330.38455730938	0.19779444971665783
3332.44611369749	0.19973744657797218
3334.50710086564	0.19745837333647512
3336.56751906936	0.19479599302185713
3338.62736856401	0.19662868236905282
3340.68664960483	0.1973376043007943
3342.74536244693	0.1961297600980811
3344.80350734528	0.1904794615331788
3346.86108455472	0.19881321730172558
3348.91809432997	0.1944599166416744
3350.97453692559	0.19167669036842452
3353.03041259603	0.19337814915837412
3355.08572159559	0.18947115546967322
3357.14046417844	0.18791677336521195
3359.19464059863	0.18503908570609204
3361.24825111005	0.18410962566906752
3363.30129596648	0.184818547600809
3365.35377542155	0.1855432387378448
3367.40568972878	0.18863100298068877
3369.45703914152	0.18648323721938573
3371.507823913	0.18501808574001663
3373.55804429633	0.1879430810150227
3375.60770054446	0.18526493149511036
3377.65679291024	0.18106916904211284
3379.70532164635	0.17946747932176546
3381.75328700534	0.18239247459677152
3383.80068923965	0.17683663741773928
3385.84752860155	0.1832063963588995
3387.89380534321	0.17469933317800154
3389.93951971664	0.17940447942353296
3391.98467197371	0.17578110066129865
3394.02926236618	0.17884263417728297
3396.07329114566	0.1794832485270598
3398.1167585636	0.17559210096660743
3400.15966487137	0.17699940638557402
3402.20201032014	0.17806017390279572
3404.24379516099	0.1764112534895133
3406.28501964484	0.1763272536252054
3408.3256840225	0.17892663404159087
3410.3657885446	0.17897386473452592
3412.40533346167	0.17911040297550418
3414.44431902408	0.17711494466047373
3416.48274548209	0.17263033652022536
3418.5206130858	0.17422671855684055
3420.55792208516	0.16970011048443823
3422.59467273003	0.17157487668673896
3424.63086527009	0.17427925693350776
3426.6664999549	0.17498817886524926
3428.70157703386	0.174032411178414
3430.73609675628	0.17549756265778313
3432.77005937129	0.1697211104505136
3434.80346512789	0.17394318055332503
3436.83631427494	0.1707294165140192
3438.86860706119	0.16957934144875744
3440.90034373521	0.1699889561716859
3442.93152454546	0.17087118551577854
3444.96214974025	0.16903849616858285
3446.99221956775	0.16945334165229556
3449.021734276	0.16872341975447552
3451.05069411289	0.16765742147647272
3453.07909932619	0.1685238816152679
3455.1069501635	0.1677518828623428
3457.1342468723	0.16305727506132464
3459.16098969993	0.16208050740841085
3461.1871788936	0.16309404423269752
3463.21281470035	0.1653205790975274
3465.23789736712	0.16131912402295326
3467.26242714067	0.16187050774764108
3469.28640426765	0.15944966550438783
3471.30982899455	0.16267919874898795
3473.33270156774	0.1558262867421535
3475.35502223343	0.15577374836548316
3477.3767912377	0.15914505061184264
3479.39800882649	0.15334244460066776
3481.41867524559	0.15762743767875428
3483.43879074066	0.15543767198530042
3485.45835555721	0.15516982626412815
3487.47736994062	0.15067998736309868
3489.49583413611	0.15078506411643622
3491.51374838879	0.14820668366612616
3493.53111294359	0.1512313710877865
3495.54792804533	0.1503492186666481
3497.56419393867	0.14501915035367996
3499.57991086814	0.1483169142572937
