1000.07700129088	0.002551205513493238
1002.83416209528	0.0036034169242286735
1005.59045264208	0.0
1008.34587328813	0.005588818872333572
1011.10042439014	0.004476987964859396
1013.85410630472	0.003926089273651273
1016.60691938837	0.00642763610876483
1019.35886399746	0.005340670893832909
1022.10994048823	0.006243978976128173
1024.86014921684	0.007693314400506294
1027.60949053928	0.006571595381377887
1030.35796481149	0.007713163330519584
1033.10557238924	0.005638477550713254
1035.85231362819	0.004114690462115046
1038.5981888839	0.007117550016758895
1041.34319851182	0.006313486584521143
1044.08734286727	0.007201962499335061
1046.83062230544	0.008303832588453158
1049.57303718143	0.007623806792113323
1052.31458785021	0.008566885441137017
1055.05527466665	0.008666130091194529
1057.79509798549	0.012195168057907945
1060.53405816134	0.013599788859733501
1063.27215554874	0.012850328161705525
1066.00939050209	0.014284758711897471
1068.74576337565	0.015178178682538504
1071.48127452361	0.013768541118183984
1074.21592430002	0.016761512561173603
1076.94971305882	0.018195943111365548
1079.68264115384	0.01490022095567145
1082.41470893879	0.014518074522916789
1085.14591676728	0.016999772428017056
1087.8762649928	0.01546609722776462
1090.60575396871	0.017347237763280062
1093.33438404827	0.021119406945962198
1096.06215558464	0.019148909872043474
1098.78906893086	0.018841215103508897
1101.51512443981	0.02218659593758566
1104.24032246435	0.02100525742171851
1106.96466335716	0.022945944747267865
1109.68814747081	0.024325845269954863
1112.41077515779	0.02203267584661354
1115.13254677044	0.027909413264173226
1117.85346266104	0.024797348241115787
1120.57352318169	0.02634592831555142
1123.29272868445	0.025159645743857158
1126.01107952121	0.02612257332289116
1128.72857604378	0.029011283353291322
1131.44521860385	0.027780358865746344
1134.16100755301	0.02650479246235065
1136.87594324271	0.03097189231555582
1139.59002602433	0.029775648925502496
1142.3032562491	0.0306194829244657
1145.01563426818	0.0328182790468718
1147.72716043257	0.032719034396814284
1150.43783509322	0.034376819939666486
1153.14765860091	0.03368188926914346
1155.85663130634	0.037076928781602875
1158.56475356012	0.03486817184083772
1161.27202571271	0.034069052464430066
1163.97844811448	0.03350819295486586
1166.68402111569	0.036431656789459525
1169.38874506649	0.038258194590765196
1172.09262031694	0.03781642866127179
1174.79564721695	0.03923602704398538
1177.49782611635	0.041643273284865556
1180.19915736486	0.04704843502456247
1182.89964131208	0.04359392142877397
1185.59927830751	0.04567856802693638
1188.29806870054	0.044507190329425315
1190.99601284046	0.04532121458001914
1193.69311107643	0.045847320285386864
1196.38936375753	0.04629403027070738
1199.08477123271	0.0500215575375388
1201.77933385082	0.04862188079154334
1204.47305196061	0.05205160140149442
1207.1659259107	0.052349408058374756
1209.85795604964	0.05327263777738516
1212.54914272585	0.05633010006623581
1215.23948628763	0.05649390826885917
1217.92898708319	0.06143251109322526
1220.61764546064	0.05917911223660939
1223.30546176798	0.061090062520494204
1225.99243635308	0.06416242968352805
1228.67856956373	0.06263369853910272
1231.36386174761	0.06148216977160494
1234.04831325228	0.0623457799938766
1236.73192442522	0.06549761558366247
1239.41469561377	0.06372560780986175
1242.09662716519	0.06171541287591943
1244.77771942662	0.06554720155534031
1247.45797274511	0.06661439054696378
1250.13738746759	0.06597900666647763
1252.81596394089	0.06700148103554554
1255.49370251175	0.06871888607513947
1258.17060352676	0.06996471543686765
1260.84666733246	0.06895707323528108
1263.52189427525	0.07137428029452031
1266.19628470144	0.07335968224262224
1268.86983895722	0.07488346933122043
1271.5425573887	0.07474947087696644
1274.21444034186	0.0732951913967612
1276.8854881626	0.07523587872231056
1279.55570119671	0.07551383644917761
1282.22507978985	0.07665540439831932
1284.89362428759	0.07833303887118481
1287.56133503543	0.08097360092308431
1290.22821237872	0.0804673441477269
1292.89425666274	0.0824725950258421
1295.55946823263	0.08187196494955246
1298.22384743346	0.08433883068717138
1300.88739461019	0.08706874927747714
1303.55011010766	0.08861732935191277
1306.21199427063	0.08768915557707525
1308.87304744373	0.08812590474403968
1311.53326997152	0.08908883232307369
1314.19266219843	0.09012621156632777
1316.8512244688	0.09353113919043846
1319.50895712687	0.09498047461481657
1322.16586051676	0.09481172235636609
1324.82193498252	0.09759122691834671
1327.47718086806	0.09838540223893022
1330.1315985172	0.09786424058938963
1332.78518827369	0.09948727232804534
1335.43795048114	0.10300634947640268
1338.08988548307	0.1024305850926523
1340.74099362289	0.10279789935792562
1343.39127524392	0.10375581017443065
1346.04073068939	0.10560721366827858
1348.6893603024	0.10468892800509529
1351.33716442597	0.10905678320823996
1353.98414340301	0.10629712757626966
1356.63029757632	0.10504133739618243
1359.27562728863	0.10699198554009084
1361.92013288252	0.10301129353222979
1364.56381470053	0.10702179528846022
1367.20667308505	0.10622761996787669
1369.84870837838	0.1082328708459919
1372.48992092274	0.10547314250731975
1375.13031106023	0.10751314718963144
1377.76987913284	0.10585536164677625
1380.40862548251	0.10865471513877016
1383.04655045101	0.10332894911912045
1385.68365438006	0.10773650218229171
1388.31993761126	0.10590000356262698
1390.95540048612	0.1061531683036566
1393.59004334605	0.10889791906144371
1396.22386653233	0.11040680127585574
1398.85687038619	0.11036215936000503
1401.48905524873	0.11162289359591937
1404.12042146094	0.1129779284260671
1406.75096936375	0.11391104625673174
1409.38069929796	0.11512212181426341
1412.00961160428	0.11934100098226608
1414.63770662332	0.12072090150495605
1417.26498469557	0.11682454927296931
1419.89144616146	0.11788177744623372
1422.51709136132	0.11990687725436222
1425.14192063532	0.12370391212958662
1427.76593432361	0.1202542698829204
1430.3891327662	0.12345569144438409
1433.01151630299	0.12148526707716722
1435.63308527382	0.12378330784963382
1438.2538400184	0.12527234113403554
1440.87378087637	0.12613100730048007
1443.49290818722	0.13163548639693934
1446.1112222904	0.12744634427060123
1448.72872352524	0.12747113725644163
1451.34541223097	0.13001245465828065
1453.96128874671	0.1274810980747977
1456.5763534115	0.12833482018541514
1459.19060656429	0.12813131412276818
1461.8040485439	0.1312930378242083
1464.41667968907	0.13354643668082117
1467.02850033846	0.1350354699652229
1469.63951083061	0.13395337609941624
1472.24971150397	0.1361075303059716
1474.8591026969	0.13437529309889634
1477.46768474763	0.13462344107739702
1480.07545799434	0.13739807429025533
1482.68242277508	0.1404158387190824
1485.28857942782	0.13920970721737483
1487.89392829042	0.13896155923887715
1490.49846970065	0.13858428415524476
1493.10220399619	0.13803338546403962
1495.70513151461	0.13961170258014277
1498.30725259339	0.14211332212195818
1500.90856756992	0.13913031149732763
1503.50907678146	0.1414432571439774
1506.10878056524	0.14017757885223595
1508.70767925832	0.14275859411410155
1511.30577319772	0.1454189323893095
1513.90306272032	0.14733984349155038
1516.49954816295	0.14493252454396538
1519.09522986229	0.1485608071607363
1521.69010815498	0.15030794924199478
1524.28418337751	0.15165302325378344
1526.87745586632	0.15163819108630208
1529.46992595773	0.1523578420359607
1532.06159398796	0.1553607742973064
1534.65246029316	0.15670090425326794
1537.24252520935	0.15759432422390898
1539.83178907249	0.15911803860580534
1542.42025221841	0.16212097086715105
1545.00791498287	0.16250813406243467
1547.59477770152	0.1623443258598113
1550.18084070993	0.16613641667920856
1552.76610434356	0.16798774746635167
1555.35056893777	0.16904497563961904
1557.93423482785	0.1752046148398729
1560.51710234896	0.1778451768917724
1563.0991718362	0.18304188851299524
1565.68044362457	0.18521589164956093
1568.26091804893	0.19727706125321487
1570.84059544411	0.20165480456801677
1573.41947614481	0.2099189392964463
1575.99756048562	0.21904668424714754
1578.57484880108	0.23122200337504517
1581.15134142559	0.2330337090088695
1583.72703869349	0.23882108988802292
1586.301940939	0.23445817874070535
1588.87604849628	0.22413426310665566
1591.44936169934	0.2176470075011491
1594.02188088215	0.2100479936948732
1596.59360637855	0.20235460658766208
1599.16453852232	0.19813071065713045
1601.73467764709	0.19569372737458277
1604.30402408647	0.192829810330023
1606.87257817391	0.18980208508283689
1609.44034024281	0.18549879343225809
1612.00731062644	0.18484857738428762
1614.57348965801	0.1807437750338268
1617.13887767062	0.1805849835937324
1619.70347499726	0.18098203490067025
1622.26728197086	0.1806345695654102
1624.83029892423	0.1774778626264991
1627.39252619012	0.17909100625350355
1629.95396410112	0.17787985798926703
1632.5146129898	0.1774828066823262
1635.07447318858	0.17907108461678842
1637.63354502984	0.17526910568573692
1640.19182884582	0.17415727477826273
1642.74932496868	0.17542796983253317
1645.3060337305	0.17329860861181817
1647.86195546325	0.17539321602833668
1650.41709049882	0.17591437767787726
1652.971439169	0.1729859697874565
1655.52500180548	0.17388927786975175
1658.07777873987	0.17448983523933956
1660.62977030368	0.1729115181232364
1663.18097682833	0.1763114289848181
1665.73139864514	0.17670353623592885
1668.28103608534	0.1767482508584844
1670.82988948008	0.1763114289848181
1673.37795916039	0.17592426578953152
1675.92524545724	0.17652983992165125
1678.47174870147	0.17324902264014036
1681.01746922386	0.17457424772191574
1683.56240735508	0.17136788210462492
1686.10656342572	0.17544287470671935
1688.64993776626	0.17564136400683733
1691.19253070709	0.17803377808023618
1693.73434257853	0.17590441685952118
1696.27537371078	0.17459409665192901
1698.81562443395	0.17458413583356996
1701.35509507809	0.17589452874786696
1703.89378597311	0.1753237084199437
1706.43169744886	0.17329366455599107
1708.96882983509	0.17602358314629385
1711.50518346144	0.17608312993633074
1714.0407586575	0.17621712839058473
1716.57555575272	0.18277883566031136
1719.10957507649	0.18028717693685203
1721.64281695809	0.17807347594025977
1724.17528172671	0.17893708616253143
1726.70696971146	0.18243137032504836
1729.23788124135	0.18574199735492863
1731.7680166453	0.1861191997318562
1734.29737625213	0.18410900479791387
1736.82596039057	0.18517117702700836
1739.35376938927	0.18229242781496727
1741.88080357677	0.18220801533238812
1744.40706328154	0.18499253665690066
1746.93254883193	0.18261997151351214
1749.45726055623	0.18568739462072184
1751.9811987826	0.18782664395309107
1754.50436383915	0.18281853352033497
1757.02675605387	0.1863922134028991
1759.54837575466	0.19005023306133756
1762.06922326934	0.18936533591587543
1764.58929892564	0.18902775869226665
1767.10860305118	0.18831305179843516
1769.6271359735	0.19002544007549715
1772.14489802005	0.18898311677641594
1774.66188951817	0.193926736363311
1777.17811079515	0.19150952930407175
1779.69356217815	0.1907501077876877
1782.20824399425	0.1899013297328974
1784.72215657043	0.19164352775832874
1787.23530023361	0.18957378603434952
1789.74767531057	0.19316237079109982
1792.25928212804	0.1887250079795592
1794.77012101264	0.1903430956623908
1797.2801922909	0.19197608821940557
1799.78949628926	0.19118685695464915
1802.29803333406	0.19382247495072155
1804.80580375158	0.19437839040445862
1807.31280786797	0.1924674401205768
1809.81904600929	0.19469110193552516
1812.32451850154	0.19827961398557062
1814.82922567061	0.20094002496748042
1817.33316784231	0.19402598101337148
1819.83634534233	0.19754011410589872
1822.33875849629	0.19239793251218382
1824.84040762973	0.19408058374757828
1827.34129306808	0.19529165930511294
1829.84141513667	0.19499879670405973
1832.34077416077	0.19374307923067435
1834.83937046553	0.19382247495072155
1837.33720437602	0.1936388178180849
1839.83427621723	0.19521226358506574
1842.33058631404	0.19423937518767267
1844.82613499125	0.19379266520235217
1847.32092257355	0.19330625735700804
1849.81494938558	0.19913333609618805
1852.30821575184	0.19956019715149528
1854.80072199677	0.19873628478924724
1857.29246844473	0.19752026517588842
1859.78345541994	0.2021263075391747
1862.27368324658	0.20012607342359143
1864.76315224871	0.20033946759789265
1867.2518627503	0.19918793883039485
1869.73981507524	0.2004437290104821
1872.22700954733	0.20329768523668576
1874.71344649027	0.2061765071554287
1877.19912622768	0.20531784098898417
1879.68404908308	0.20493067779370056
1882.16821537988	0.20468245710849803
1884.65162544145	0.21037059333759395
1887.13427959102	0.2057694950301318
1889.61617815175	0.2057297971701082
1892.0973214467	0.206330354539696
1894.57770979887	0.20807749662095448
1897.05734353113	0.2057694950301318
1899.53622296628	0.20517882577219823
1902.014348427	0.20679691345502982
1904.49172023593	0.20595809621859557
1906.96833871558	0.20876741052894854
1909.44420418839	0.2105890042744271
1911.91931697668	0.20716422772030313
1914.39367740272	0.21075281247705047
1916.86728578865	0.21189932448201926
1919.34014245654	0.20953672015698682
1921.81224772838	0.21071805867285398
1924.28360192604	0.2143264923596146
1926.75420537132	0.21519010258188626
1929.22405838593	0.21214754516722178
1931.69316129147	0.20913472479422185
1934.16151440948	0.20993878822645662
1936.62911806136	0.21064360700863388
1939.09597256848	0.21251980348832222
1941.56207825207	0.20544187862488208
1944.0274354333	0.21055919452605773
1946.49204443322	0.21185962662199567
1948.95590557284	0.21026138786917736
1951.41901917301	0.21217233815305922
1953.88138555454	0.21115975189564554
1956.34300503813	0.20990403442226013
1958.8038779444	0.2117504211535791
1961.26400459387	0.20977498002383327
1963.72338530697	0.21193407828621574
1966.18202040403	0.2132692641863502
1968.63991020531	0.21250489861413605
1971.09705503097	0.21275799064846382
1973.55345520107	0.2170116963273648
1976.0091110356	0.2130409651378628
1978.46402285444	0.21420732607284193
1980.91819097737	0.2165302325378478
1983.3716157241	0.2161232204125509
1985.82429741427	0.21654019335620686
1988.27623636736	0.21580556482566024
1990.72743290284	0.22103703025107657
1993.17788734002	0.21897717663875457
1995.62759999817	0.22314152577925228
1998.07657119644	0.22462561500782688
2000.5248012539	0.21702660120155098
2002.97229048952	0.222853679940728
2005.41903922219	0.22106683999944593
2007.86504777071	0.22278417233233502
2010.31031645378	0.2249581754689037
2012.75484559	0.22352374491870877
2015.19863549792	0.22343933243613262
2017.64168649594	0.2224317629412479
2020.08399890242	0.2251368158390084
2022.5255730356	0.2286758146240809
2024.96640921365	0.223533633030363
2027.40650775462	0.222372216151211
2029.84586897649	0.22394064515565992
2032.28449319715	0.2214241934463632
2034.72238073438	0.22137453476798052
2037.15953190591	0.22382649563141624
2039.59594702932	0.22534032190165837
2042.03162642215	0.22675490352184
2044.46657040182	0.2260700063763779
2046.90077928567	0.22617913913808962
2049.33425339095	0.22723636731135702
2051.76699303481	0.22581684163534826
2054.19899853433	0.22462067095199975
2056.63027020645	0.22687901386443976
2059.06080836809	0.2273306679055874
2061.49061333602	0.2289536996442461
2063.91968542694	0.22945501236377341
2066.34802495747	0.22883955012000243
2068.77563224411	0.22620894888645898
2071.20250760329	0.23051224053704078
2073.62865135136	0.2304526937470039
2076.05406380455	0.2302789974327263
2078.47874527901	0.22616430697060827
2080.9026960908	0.2283283492888179
2083.3259165559	0.2268095062560468
2085.74840699018	0.23032858340440412
2088.17016770944	0.22625860756484165
2090.59119902935	0.22799578882774107
2093.01150126553	0.22969327223061983
2095.43107473348	0.23186727536718554
2097.84991974864	0.23345060924582064
2100.26803662633	0.23418523777636727
2102.68542568178	0.23654282533886778
2105.10208723015	0.23336125270741437
2107.51802158648	0.23655773021305096
2109.93322906574	0.23489500061437163
2112.3477099828	0.23422493563639088
2114.76146465245	0.23726254899522822
2117.17449338937	0.23478579514595507
2119.58679650815	0.23930248097083806
2121.9983743233	0.23765960030216907
2124.40922714924	0.23500420608278821
2126.81935530029	0.23339600651161085
2129.22875909067	0.2372774538694144
2131.63743883452	0.23765465624634194
2134.04539484589	0.2433179267828956
2136.45262743874	0.2352969959771366
2138.85913692692	0.24242450681225458
2141.26492362422	0.23809642217583535
2143.6699878443	0.237997104819073
2146.07432990076	0.2411588285205131
2148.47795010708	0.24124324100308928
2150.88084877667	0.24097517138787644
2153.28302622285	0.2407121185351926
2155.68448275883	0.2437348997265486
2158.08521869774	0.24256352202904052
2160.48523435261	0.2430846836785811
2162.88453003639	0.24118863826888248
2165.28310606193	0.2461123362190624
2167.68096274199	0.24246922143480715
2170.07810038922	0.24220609587542144
2172.47451931622	0.24865859767672852
2174.87021983546	0.2453430265910211
2177.26520225933	0.24438511577451907
2179.65946690013	0.24197285277110694
2182.05301407006	0.2470901686722796
2184.44584408123	0.24558128645786756
2186.83795724567	0.24447941636874945
2189.22935387531	0.24612724109324557
2191.62003428198	0.24507997373833726
2194.00999877743	0.24518416244422486
2196.39924767329	0.2438192395024229
2198.78778128115	0.250137742849476
2201.17559991245	0.24874795421513476
2203.56270387857	0.2487330493409486
2205.94909349081	0.24794883483872412
2208.33476906033	0.2502617804853739
2210.71973089824	0.24920455231210953
2213.10397931554	0.24760638626599307
2215.48751462314	0.24893655540359855
2217.87033713186	0.24958182739573892
2220.25244715242	0.24614214596743175
2222.63384499546	0.25181036055981254
2225.01453097151	0.24862384387253203
2227.39450539101	0.25110059772180815
2229.77376856434	0.25120980319022473
2232.15232080173	0.2548083487653311
2234.53016241336	0.25414817189900457
2236.9072937093	0.25547841374331187
2239.28371499954	0.2557315057776367
2241.65942659396	0.25155232446965764
2244.03442880236	0.2519642806507817
2246.40872193443	0.25238612494355994
2248.78230629979	0.2558010133860297
2251.15518220795	0.2539149287946901
2253.52734996835	0.25728510261460424
2255.89880989029	0.25475869008694846
2258.26956228301	0.2558754650502498
2260.63960745567	0.2566844725383146
2263.00894571731	0.2571212944119809
2265.37757737688	0.2523514438460683
2267.74550274324	0.2572999347820856
2270.11272212517	0.2551408365197031
2272.47923583134	0.25527490768066197
2274.84504417031	0.25612855708457755
2277.2101474506	0.25909673554172674
2279.57454598058	0.26084882167881235
2281.93824006856	0.25493238640122906
2284.30123002275	0.2559846705186663
2286.66351615125	0.25911164041590995
2289.02509876208	0.2601936615750147
2291.38597816317	0.2611466283356927
2293.74615466236	0.2628838095985921
2296.10562856737	0.2610225179930899
2298.46440018585	0.26499332188929675
2300.82246982535	0.2613650392725258
2303.1798377933	0.26613983389426554
2305.5365043971	0.2631617673254621
2307.89246994399	0.26410979003030993
2310.24773474116	0.26203016019467945
2312.60229909566	0.26726656967592294
2314.95616331451	0.2637970784992464
2317.30932770456	0.2656832357972908
2319.66179257263	0.2677480334654399
2322.01355822542	0.27083530550265994
2324.36462496953	0.2690683144913912
2326.71499311146	0.2705473869574338
2329.06466295764	0.26937106520409865
2331.41363481439	0.2712174519354146
2333.76190898794	0.2708154565726496
2336.10948578441	0.2685222871493083
2338.45636550986	0.2685917947577013
2340.80254847022	0.2714904656064575
2343.14803497132	0.2709543990827307
2345.49282531895	0.273237607687716
2347.83691981874	0.2672616256200958
2350.18031877626	0.26943555604995967
2352.52302249699	0.2759426605854765
2354.8650312863	0.27038357875481045
2357.20634544946	0.2736694127988503
2359.54696529166	0.2730439897367203
2361.88689111798	0.2732871936593938
2364.22612323341	0.27866261835742323
2366.56466194287	0.27739199600985465
2368.90250755114	0.27436921481849863
2371.23966036293	0.2742054793225771
2373.57612068286	0.27436921481849863
2375.91188881545	0.2734957164845727
2378.2469650651	0.2767119702135178
2380.58134973615	0.2742451771826007
2382.91504313282	0.27928804141955327
2385.24804555926	0.2789356320284661
2387.58035731949	0.27790319684103915
2389.91197871745	0.2766176696192844
2392.24291005701	0.28034526959282063
2394.57315164189	0.2786576743015961
2396.90270377577	0.27882148250422245
2399.23156676218	0.27832016978469215
2401.55974090461	0.2776401439883553
2403.88722650642	0.2805388148371115
2406.21402387086	0.2775756531424913
2408.54013330113	0.2773224884014617
2410.8655551003	0.2798041863065649
2413.19028957133	0.2829808148821882
2415.51433701713	0.2835317862800982
2417.83769774049	0.28142729075192546
2420.16037204408	0.28227105204418385
2422.48236023051	0.2796503389222976
2424.80366260228	0.2816109478845621
2427.12427946179	0.2844996579149593
2429.44421111134	0.2844499992365796
2431.76345785315	0.2865544947647523
2434.08201998932	0.2876464767422162
2436.39989782188	0.2867778497574126
2438.71709165273	0.28732882115532254
2441.0336017837	0.28897170182399157
2443.34942851653	0.2850108587461438
2445.66457215282	0.2882271851817907
2447.97903299412	0.286604153443135
2450.29281134185	0.28883275931391045
2452.60590749736	0.286122689653618
2454.91832176188	0.2897658771445751
2457.23005443656	0.2900735719131097
2459.54110582243	0.2850853104103639
2461.85147622045	0.2878003241264835
2464.16116593146	0.2856015280040774
2466.47017525621	0.28844559611862386
2468.77850449536	0.2902870387941157
2471.08615394947	0.28755712020380997
2473.39312391899	0.2850605174245235
2475.69941470429	0.2892447154950345
2478.00502660562	0.2885746505170537
2480.30995992316	0.28632125166043787
2482.61421495697	0.29010338166147903
2484.91779200702	0.2912498936664449
2487.22069137316	0.2908875961637035
2489.5229133552	0.28969142548035504
2491.8244582528	0.2917413182743209
2494.12532636553	0.28798892531494724
2496.42551799287	0.291398796994885
2498.72503343421	0.29378626701245975
2501.02387298882	0.28906600241822494
2503.32203695588	0.29463002830471813
2505.61952563449	0.290306887724126
2507.91633932361	0.29268934097916877
2510.21247832216	0.29488813710157485
2512.50794292891	0.2935232141597759
2514.80273344255	0.2908677472336902
2517.09685016167	0.294208111305238
2519.39029338476	0.2949427398357846
2521.68306341022	0.2956277096879486
2523.97516053634	0.2985610616341995
2526.26658506132	0.2954092987511155
2528.55733728325	0.2946846310389279
2530.84741750012	0.2936423077398467
2533.13682600984	0.29811435164887895
2535.4255631102	0.29694297395136793
2537.7136290989	0.2963225676517698
2540.00102427354	0.29702738643394705
2542.28774893162	0.29819876413145513
2544.57380337053	0.2995190451574064
2546.85918788758	0.30202553604834703
2549.14390277997	0.29509658722005194
2551.4279483448	0.29928078529055996
2553.71132487906	0.3014497716645967
2555.99403267966	0.2994793472973828
2558.27607204341	0.30254669769788767
2560.55744326699	0.30217443937678723
2562.83814664702	0.3020504017408893
2565.11818247999	0.3021050044750961
2567.3975510623	0.30126618723866483
2569.67625269025	0.29708693322398094
2571.95428766003	0.2978811085445645
2574.23165626776	0.30151927927298966
2576.50835880942	0.29867026710261607
2578.78439558093	0.2968387852454833
2581.05976687806	0.29943957673065436
2583.33447299652	0.2962133621833532
2585.60851423191	0.298392309375746
2587.88189087972	0.29823846199147874
2590.15460323534	0.30192134734245946
2592.42665159406	0.29919142875215665
2594.69803625108	0.3037677340737784
2596.9687575015	0.29712168702817743
2599.23881564029	0.29596521420485256
2601.50821096235	0.3048497552328832
2603.77694376245	0.30038265537967807
2606.0450143353	0.29613891051913316
2608.31242297548	0.29965798766748747
2610.57916997746	0.2993304439689426
2612.84525563562	0.30078966750497493
2615.11068024426	0.30275020376053463
2617.37544409753	0.30527167223236334
2619.63954748952	0.3027303548305243
2621.90299071421	0.3043187054716884
2624.16577406546	0.30218934425097044
2626.42789783705	0.3051029199739128
2628.68936232264	0.30575808007770744
2630.9501678158	0.3046511932260604
2633.21031460999	0.3057531360218803
2635.46980299857	0.30803627192016075
2637.72863327481	0.31373429626091087
2639.98680573185	0.3062146781746822
2642.24432066276	0.3085028308354945
2644.50117836048	0.3104385741052168
2646.75737911786	0.31256793532593175
2649.01292322765	0.31250838853589785
2651.26781098249	0.3183602602609153
2653.52204267492	0.3180426046740216
2655.77561859738	0.31802769979983847
2658.0285390422	0.3204150971107083
2660.28080430161	0.3230209053584113
2662.53241466774	0.32747317304413515
2664.78337043263	0.33241671992432537
2667.03367188817	0.3321387621974583
2669.2833193262	0.3339454510687507
2671.53231303844	0.33805025341921446
2673.78065331648	0.3419465329444964
2676.02834045184	0.3424875435240503
2678.27537473592	0.3418919302102896
2680.52175646002	0.340824813925368
2682.76748591535	0.34642853767188775
2685.01256339298	0.3455897204354535
2687.25698918391	0.34571877483388336
2689.50076357901	0.34729716465668836
2691.74388686909	0.3472921478941594
2693.9863593448	0.34916834437384475
2696.22818129672	0.34511821746429555
2698.46935301532	0.3443737008220947
2700.70987479096	0.3438525391725541
2702.94974691389	0.3408347020370222
2705.18896967428	0.3380353485450283
2707.42754336216	0.332669884665355
2709.66546826749	0.3245745021953789
2711.90274468011	0.32658469712932126
2714.13937288974	0.319571335818447
2716.37535318602	0.3201074023421737
2718.61068585848	0.3160274656842522
2720.84537119652	0.31123769348162444
2723.07940948947	0.31379391575764964
2725.31280102654	0.310249972916753
2727.54554609682	0.303529474206932
2729.77764498933	0.30544042449081676
2732.00909799294	0.304834850358697
2734.23990539644	0.3055694788892437
2736.47006748853	0.3020504017408893
2738.69958455777	0.30040250430968835
2740.92845689263	0.3037677340737784
2743.15668478147	0.3061055454129704
2745.38426851257	0.3018369348598833
2747.61120837406	0.3003380134638273
2749.83750465399	0.2989928667453338
2752.0631576403	0.3026509591104771
2754.28816762083	0.2993701418289662
2756.51253488329	0.2996182898074639
2758.73625971532	0.2982831039073294
2760.95934240442	0.2991864846963295
2763.18178323801	0.29709689404234
2765.40358250338	0.29853132459253195
2767.62474048773	0.29754360402766056
2769.84525747814	0.29601480017653037
2772.06513376159	0.296883427161334
2774.28436962496	0.29585106468060884
2776.50296535501	0.295106548038408
2778.7209212384	0.29763790462189094
2780.93823756168	0.2962431719317226
2783.15491461129	0.2970372745456013
2785.37095267358	0.2962530600433768
2787.58635203477	0.29455557664049803
2789.80111298097	0.2941039225993504
2792.01523579822	0.2917016204142973
2794.2287207724	0.2943967124937018
2796.44156818932	0.2895871640677656
2798.65377833468	0.2910066897437743
2800.86535149404	0.29123506149896355
2803.07628795289	0.2932402396703769
2805.28658799659	0.2907138998494229
2807.4962519104	0.2937713621382736
2809.70527997946	0.2898551609762765
2811.91367248883	0.28796907638493396
2814.12142972342	0.29210863253959424
2816.32855196807	0.2902721339199295
2818.53503950749	0.2917313574559619
2820.74089262628	0.2892844133550581
2822.94611160894	0.292083766847052
2825.15069673987	0.29434712652202394
2827.35464830333	0.2936820055998703
2829.55796658351	0.2919994270711777
2831.76065186445	0.29224757504967536
2833.96270443012	0.29208871090287913
2836.16412456437	0.29126974259645816
2838.3649125509	0.29331970809712593
2840.56506867336	0.28859449944706406
2842.76459321526	0.2925602865807419
2844.96348645999	0.2924361762381391
2847.16174869086	0.28965667167615855
2849.35938019105	0.28954746620774197
2851.55638124363	0.2936224588098334
2853.75275213157	0.2930069965660624
2855.94849313772	0.29081808855531055
2858.14360454483	0.28977576525622933
2860.33808663553	0.2926049284965926
2862.53193969234	0.29208871090287913
2864.72516399768	0.29141370186907123
2866.91775983385	0.2929276008460152
2869.10972748304	0.29108615817052336
2871.30106722733	0.2920688619728658
2873.4917793487	0.2935132533414168
2875.68186412899	0.2952356024368379
2877.87132184997	0.2938160040541243
2880.06015279325	0.2974839845309218
2882.24835724039	0.2937366083340771
2884.43593547278	0.296615430252823
2886.62288777173	0.29646652692438286
2888.80921441843	0.2969727836997373
2890.99491569397	0.29390041653670346
2893.1799918793	0.29442652224207116
2895.36444325529	0.29705217941978446
2897.54827010269	0.2957517473238465
2899.73147270213	0.2919646732669812
2901.91405133412	0.2948186294931819
2904.09600627909	0.29286303729344937
2906.27733781731	0.2941634693893873
2908.45804622899	0.29198946625281863
2910.63813179418	0.2923021777838851
2912.81759479286	0.291468304603278
2914.99643550486	0.2909719359395778
2917.17465420994	0.29172146934430765
2919.3522511877	0.29103649949214366
2921.52922671765	0.2908478983036799
2923.7055810792	0.28972116252201957
2925.88131455162	0.2868523014216327
2928.05642741408	0.2903862834441732
2930.23091994566	0.2881725824475839
2932.40479242528	0.28832148577602407
2934.57804513178	0.2891950568166518
2936.75067834387	0.2890858513482353
2938.92269234017	0.2875323272179725
2941.09408739916	0.2850059146903167
2943.26486379921	0.28594899333933743
2945.4350218186	0.2850654614803506
2947.60456173546	0.2838146880627953
2949.77348382783	0.28757696913382325
2951.94178837363	0.28382457617444956
2954.10947565068	0.2826284054911011
2956.27654593666	0.28594899333933743
2958.44299950915	0.28691686497419855
2960.60883664562	0.28283191155374804
2962.77405762341	0.28335801725911575
2964.93866271975	0.2803054990260922
2967.10265221178	0.2828766261763036
2969.26602637648	0.284479808984949
2971.42878549076	0.2817052484787925
2973.59092983139	0.2840132500696152
2975.75245967501	0.2834970324759017
2977.9133752982	0.2878896806648868
2980.07367697736	0.2846088633833759
2982.23336498882	0.28532357027720734
2984.39243960877	0.2825192000226845
2986.5509011133	0.2827177620295043
2988.70874977837	0.2845790536350065
2990.86598587984	0.28673320784156187
2993.02260969344	0.28419189043972287
2995.17862149478	0.2838841956711883
2997.33402155938	0.28090111233985293
2999.48881016262	0.28325877260905824
3001.64298757978	0.28480240862766676
3003.796554086	0.28634110059045115
3005.94950995633	0.28343246892333585
3008.10185546569	0.2833530732032886
3010.25359088888	0.288381032566058
3012.40471650059	0.28387423485282925
3014.5552325754	0.2824248994284511
3016.70513938776	0.28407774091547916
3018.85443721201	0.2765829158150879
3021.00312632236	0.2813180852835089
3023.15120699292	0.2786924281057926
3025.29867949769	0.27832016978469215
3027.44554411052	0.27628016510238046
3029.59180110516	0.27843926336476293
3031.73745075527	0.2821419976457569
3033.88249333434	0.2793128344053937
3036.02692911578	0.28034526959282063
3038.17075837287	0.2792085729928042
3040.31398137877	0.2763943146266241
3042.45659840653	0.2787420140774704
3044.59860972907	0.28107982541666243
3046.7400156192	0.27411117872834373
3048.88081634961	0.27612137366228606
3051.02101219287	0.27680627080774817
3053.16060342144	0.2728404836740733
3055.29959030765	0.277620295058342
3057.43797312371	0.27174355764078234
3059.57575214172	0.27011558184629947
3061.71292763366	0.27199672238181194
3063.84949987139	0.2732773055477396
3065.98546912665	0.2729944037650424
3068.12083567105	0.2758334551170599
3070.2555997761	0.27763025587670104
3072.38976171319	0.27250297915716937
3074.52332175356	0.2753768570200852
3076.65628016837	0.27029923897893615
3078.78863722863	0.27206121322767596
3080.92039320526	0.26903850474302177
3083.05154836902	0.2714060531238784
3085.1821029906	0.27003116936372035
3087.31205734051	0.27329221042192275
3089.44141168921	0.2686662464219214
3091.57016630696	0.27001132043371
3093.69832146398	0.2744238175527054
3095.82587743032	0.2684478354850882
3097.9528344759	0.26904846556137785
3100.07919287056	0.2731979098276924
3102.204952884	0.27337160614197
3104.33011478579	0.27125220573961106
3106.45467884538	0.2742600820567839
3108.57864533212	0.2713812601380409
3110.70201451522	0.2705027450415831
3112.82478666378	0.27111326322953
3114.94696204676	0.267688486675406
3117.06854093301	0.26866130236609426
3119.18952359127	0.2689491482046155
3121.30991029013	0.26771822371707055
3123.4297012981	0.2658916859157649
3125.54889688352	0.2664277524394917
3127.66749731464	0.26825923429662446
3129.78550285957	0.26872084915612815
3131.90291378633	0.27011558184629947
3134.01973036277	0.26561867224472496
3136.13595285665	0.26927182055403814
3138.2515815356	0.2668992554106496
3140.36661666714	0.2664128475653055
3142.48105851863	0.265281167727821
3144.59490735734	0.2646309516798505
3146.70816345041	0.26244706043163063
3148.82082706486	0.26005966312076073
3150.93289846758	0.2612458729857502
3153.04437792532	0.26102753475562185
3155.15526570475	0.25815365689270303
3157.26556207238	0.26063542750450813
3159.37526729461	0.2581387520185199
3161.48438163771	0.260962971203056
3163.59290536784	0.2590173398216795
3165.70083875102	0.2577963034457888
3167.80818205315	0.26212940484473696
3169.91493554002	0.2591265452900961
3172.02109947727	0.2593597883944106
3174.12667413044	0.2594342400586307
3176.23165976493	0.25699718406937816
3178.33605664602	0.25873436533228056
3180.43986503887	0.258908134353263
3182.54308520852	0.25593006778445954
3184.64571741986	0.2571857852578419
3186.74776193769	0.25863512068222005
3188.84921902664	0.2561186689729233
3190.95008895128	0.2537362157178805
3193.05037197599	0.2568929953634935
3195.15006836504	0.2567241703983382
3197.24917838262	0.25902722793333377
3199.34770229274	0.2579650557042393
3201.44564035931	0.2560839151687268
3203.5429928461	0.25759774143896597
3205.63976001677	0.2562576114830044
3207.73594213484	0.25467929436690123
3209.83153946372	0.25755804357894235
3211.92655226669	0.2587989288848464
3214.02098080688	0.25788565998419205
3216.11482534732	0.26050637310608127
3218.20808615091	0.2561385179029336
3220.30076348041	0.2580047535642629
3222.39285759847	0.25306120668407267
3224.4843687676	0.2577020028515554
3226.57529725019	0.2551061554222115
3228.66564330851	0.25815365689270303
3230.75540720468	0.2522968411118585
3232.8445892007	0.2572552928662349
3234.93318955847	0.259042132807517
3237.02120853974	0.253969458822195
3239.10864640612	0.2551706462680725
3241.19550341911	0.25505155268800167
3243.28177984009	0.2533441084667668
3245.36747593029	0.2547735949611346
3247.45259195083	0.25218763564344193
3249.53712816268	0.2505595871422543
3251.62108482672	0.2460577334848526
3253.70446220366	0.24731846772076696
3255.78726055411	0.24636550096009202
3257.86948013853	0.24678741795957213
3259.95112121728	0.24463326375301675
3262.03218405055	0.24317396751028256
3264.11266889845	0.24317396751028256
3266.19257602092	0.2427570672733314
3268.27190567779	0.2415559525341558
3270.35065812876	0.24159063363164746
3272.4288336334	0.23982865938290765
3274.50643245114	0.24120354314306566
3276.5834548413	0.24110924254883528
3278.65990106305	0.23929753691501096
3280.73577137545	0.2362748284303568
3282.81106603742	0.23562461238238633
3284.88578530774	0.23810136623166245
3286.95992944508	0.2391238406007304
3289.03349870796	0.23878131932129745
3291.1064933548	0.23764971219051484
3293.17891364384	0.24222601751213657
3295.25075983324	0.23764971219051484
3297.322032181	0.2372823979252415
3299.39273094501	0.2358529114308737
3301.462856383	0.23370377398685027
3303.53240875259	0.23606136154935076
3305.60138831128	0.23919829226495046
3307.6697953164	0.23638403389877335
3309.73763002519	0.23679104602407028
3311.80489269472	0.2410397349404423
3313.87158358198	0.23875158227962995
3315.93770294378	0.23790280422483961
3318.00325103681	0.23443338575486494
3320.06822811764	0.23199138570978828
3322.13263444272	0.23603656856351035
3324.19647026832	0.2369944793800154
3326.25973585064	0.23633931927621782
3328.32243144568	0.23425467267805541
3330.38455730938	0.2364336198704512
3332.44611369749	0.23819072277006575
3334.50710086564	0.23298405033048683
3336.56751906936	0.2361656229619402
3338.62736856401	0.23241323000256656
3340.68664960483	0.23353000496586784
3342.74536244693	0.23354490984005102
3344.80350734528	0.23308329498054733
3346.86108455472	0.23299401114884588
3348.91809432997	0.2310532511165917
3350.97453692559	0.2296237646222269
3353.03041259603	0.2261494020964251
3355.08572159559	0.22630324948069236
3357.14046417844	0.22371729016299965
3359.19464059863	0.228680758679908
3361.24825111005	0.22484897000048715
3363.30129596648	0.2214886842922242
3365.35377542155	0.22226795473862154
3367.40568972878	0.22173188821489775
3369.45703914152	0.22153834297060687
3371.507823913	0.2241093974141134
3373.55804429633	0.22039677502146515
3375.60770054446	0.22063001812577965
3377.65679291024	0.21787530654963647
3379.70532164635	0.2175179531027222
3381.75328700534	0.21650042278947843
3383.80068923965	0.21626717968516396
3385.84752860155	0.21402868570273426
3387.89380534321	0.21369110847912845
3389.93951971664	0.21459448926812558
3391.98467197371	0.2120829816146559
3394.02926236618	0.21345786537481395
3396.07329114566	0.2174931601168818
3398.1167585636	0.20880710838897215
3400.15966487137	0.2116362716293354
3402.20201032014	0.2143115874854314
3404.24379516099	0.21025149975752314
3406.28501964484	0.21054930641440348
3408.3256840225	0.2104202520159736
3410.3657885446	0.20940272170273283
3412.40533346167	0.211809967943613
3414.44431902408	0.20929351623431625
3416.48274548209	0.20489592398950407
3418.5206130858	0.20525822149224543
3420.55792208516	0.20608220656119833
3422.59467273003	0.20697562653183935
3424.63086527009	0.20849941362043756
3426.6664999549	0.20590349348438877
3428.70157703386	0.20225041788177744
3430.73609675628	0.20512422303799144
3432.77005937129	0.19933189810300792
3434.80346512789	0.20482147232528397
3436.83631427494	0.20070678186316596
3438.86860706119	0.19878092670509795
3440.90034373521	0.198244932888076
3442.93152454546	0.20219581514756768
3444.96214974025	0.19846327111820727
3446.99221956775	0.19775845233603004
3449.021734276	0.19742596458165504
3451.05069411289	0.19526184955674358
3453.07909932619	0.19367851567810848
3455.1069501635	0.19706853842803596
3457.1342468723	0.19477049765557236
3459.16098969993	0.19674099472949108
3461.1871788936	0.1909238041019653
3463.21281470035	0.19488959123564314
3465.23789736712	0.18853640679109543
3467.26242714067	0.18891360916802297
3469.28640426765	0.1854441906980483
3471.30982899455	0.1823221648566318
3473.33270156774	0.18727567255518107
3475.35502223343	0.18245616331088876
3477.3767912377	0.18155779928442062
3479.39800882649	0.18174145641705727
3481.41867524559	0.180689172299617
3483.43879074066	0.1802027644542729
3485.45835555721	0.18300219065297163
3487.47736994062	0.17951285054628183
3489.49583413611	0.17907108461678842
3491.51374838879	0.17448489118351246
3493.53111294359	0.17431613892505898
3495.54792804533	0.17572075972688453
3497.56419393867	0.17036023990303834
3499.57991086814	0.1708665693850976
