1000.07700129088	0.016580155164485785
1002.83416209528	0.01695116142335176
1005.59045264208	0.014698138066940935
1008.34587328813	0.017918670419187745
1011.10042439014	0.01422103294860396
1013.85410630472	0.016500556752066412
1016.60691938837	0.015572846962444091
1019.35886399746	0.015413844280078642
1022.10994048823	0.017362063959656112
1024.86014921684	0.01628855317557384
1027.60949053928	0.01762716550150847
1030.35796481149	0.015307745420591733
1033.10557238924	0.014684839307794809
1035.85231362819	0.014698138066940935
1038.5981888839	0.01464513717282177
1041.34319851182	0.01294862320470991
1044.08734286727	0.012392016745178277
1046.83062230544	0.013916132200537938
1049.57303718143	0.012126915203325917
1052.31458785021	0.011782312320294811
1055.05527466665	0.0151222422911667
1057.79509798549	0.014658338860735228
1060.53405816134	0.015294543732678275
1063.27215554874	0.015387343833011104
1066.00939050209	0.015055942637893454
1068.74576337565	0.014088433642057469
1071.48127452361	0.0138764300655649
1074.21592430002	0.013677628176985786
1076.94971305882	0.013598126835799083
1079.68264115384	0.014896939955520048
1082.41470893879	0.014618636725762187
1085.14591676728	0.013889631753478356
1087.8762649928	0.013359525741014261
1090.60575396871	0.013120924646221485
1093.33438404827	0.01464513717282177
1096.06215558464	0.015215042391499529
1098.78906893086	0.014764340648981512
1101.51512443981	0.014658338860735228
1104.24032246435	0.013889631753478356
1106.96466335716	0.014512537866275278
1109.68814747081	0.014499336178361822
1112.41077515779	0.01422103294860396
1115.13254677044	0.014008932300870766
1117.85346266104	0.01241851719223786
1120.57352318169	0.014883641196373924
1123.29272868445	0.013982431853811185
1126.01107952121	0.012975123651769492
1128.72857604378	0.013743830759026363
1131.44521860385	0.014883641196373924
1134.16100755301	0.013227023505708395
1136.87594324271	0.01518854194443199
1139.59002602433	0.014393334390115536
1142.3032562491	0.014008932300870766
1145.01563426818	0.01632825531055484
1147.72716043257	0.016845159635105474
1150.43783509322	0.018342774643405554
1153.14765860091	0.016222253522308553
1155.85663130634	0.01659335685239924
1158.56475356012	0.016063250839935147
1161.27202571271	0.015440344727138225
1163.97844811448	0.01583794850429645
1166.68402111569	0.015347544626805395
1169.38874506649	0.015055942637893454
1172.09262031694	0.014061933194997886
1174.79564721695	0.016421055410887665
1177.49782611635	0.015347544626805395
1180.19915736486	0.01638135327590667
1182.89964131208	0.015201743632345447
1185.59927830751	0.013982431853811185
1188.29806870054	0.015135443979080157
1190.99601284046	0.015864448951356032
1193.69311107643	0.014949940849647169
1196.38936375753	0.01528124497353215
1199.08477123271	0.01604995208078902
1201.77933385082	0.014711339754854391
1204.47305196061	0.017348765200509986
1207.1659259107	0.01793196917833387
1209.85795604964	0.01604995208078902
1212.54914272585	0.016209051834395097
1215.23948628763	0.01742836361292936
1217.92898708319	0.016964460182497886
1220.61764546064	0.01452583662542936
1223.30546176798	0.01826327330221885
1225.99243635308	0.01933678408630112
1228.67856956373	0.016460854617093373
1231.36386174761	0.015559548203297966
1234.04831325228	0.016394554963820127
1236.73192442522	0.016222253522308553
1239.41469561377	0.01681865918804589
1242.09662716519	0.017772966495960465
1244.77771942662	0.01571864795690404
1247.45797274511	0.016924660976292177
1250.13738746759	0.01817057027311869
1252.81596394089	0.0172427634122637
1255.49370251175	0.017706666842695173
1258.17060352676	0.017892169972120207
1260.84666733246	0.018634376632317495
1263.52189427525	0.018064471413639736
1266.19628470144	0.01771986853060863
1268.86983895722	0.018250071614305394
1271.5425573887	0.01900547996241614
1274.21444034186	0.01870067628559074
1276.8854881626	0.017613866742362344
1279.55570119671	0.0210067976073534
1282.22507978985	0.018753677179709907
1284.89362428759	0.019045279168621847
1287.56133503543	0.021735705508396607
1290.22821237872	0.019098280062748968
1292.89425666274	0.021974306603189383
1295.55946823263	0.024134626930492092
1298.22384743346	0.022067009632281587
1300.88739461019	0.02386952538864769
1303.55011010766	0.02129830252503267
1306.21199427063	0.02160320327309074
1308.87304744373	0.02249111385650735
1311.53326997152	0.020185089605977362
1314.19266219843	0.0213911026253655
1316.8512244688	0.02233211117413395
1319.50895712687	0.02172240674925048
1322.16586051676	0.02271641619214605
1324.82193498252	0.02503583627305483
1327.47718086806	0.024386429713198328
1330.1315985172	0.02748766151804477
1332.78518827369	0.027381659729798485
1335.43795048114	0.030337187611425603
1338.08988548307	0.032338505256362865
1340.74099362289	0.03312041405153319
1343.39127524392	0.03575783949718083
1346.04073068939	0.034366226277127036
1348.6893603024	0.033465016934564294
1351.33716442597	0.03154329770204641
1353.98414340301	0.03131799536640771
1356.63029757632	0.029475680403835903
1359.27562728863	0.026931055058513138
1361.92013288252	0.025234638161633946
1364.56381470053	0.0231273187284504
1367.20667308505	0.02454543239556378
1369.84870837838	0.0222658115208607
1372.48992092274	0.021642905408063778
1375.13031106023	0.02223931107380112
1377.76987913284	0.018753677179709907
1380.40862548251	0.017892169972120207
1383.04655045101	0.021205599495932512
1385.68365438006	0.02026459094715611
1388.31993761126	0.0184090742966788
1390.95540048612	0.019535585974880233
1393.59004334605	0.01707046197074417
1396.22386653233	0.017309063065536947
1398.85687038619	0.017534365401175644
1401.48905524873	0.020516393729862345
1404.12042146094	0.02062239551810863
1406.75096936375	0.019058480856535304
1409.38069929796	0.018766975938856033
1412.00961160428	0.019628386075213063
1414.63770662332	0.020012788164457833
1417.26498469557	0.01936338160459337
1419.89144616146	0.01757416460738135
1422.51709136132	0.019588683940240024
1425.14192063532	0.01997298895824417
1427.76593432361	0.016977758941644012
1430.3891327662	0.01652705719913395
1433.01151630299	0.017653665948568053
1435.63308527382	0.01960188562815348
1438.2538400184	0.01912478050980855
1440.87378087637	0.018011470519520574
1443.49290818722	0.01879347638592357
1446.1112222904	0.019270581504260545
1448.72872352524	0.020330793529196686
1451.34541223097	0.018713877973504198
1453.96128874671	0.02147060396654425
1456.5763534115	0.018806678073837027
1459.19060656429	0.0198404867229383
1461.8040485439	0.01907177961568143
1464.41667968907	0.020874198300806907
1467.02850033846	0.019707887416399766
1469.63951083061	0.019734387863459348
1472.24971150397	0.0189789795153486
1474.8591026969	0.01847537394994409
1477.46768474763	0.020436892388675642
1480.07545799434	0.019495883839907194
1482.68242277508	0.01855487529113079
1485.28857942782	0.02124530163090555
1487.89392829042	0.019535585974880233
1490.49846970065	0.01737536271880224
1493.10220399619	0.01587765063926949
1495.70513151461	0.017706666842695173
1498.30725259339	0.01883317852089661
1500.90856756992	0.02070189685929533
1503.50907678146	0.01817057027311869
1506.10878056524	0.019111481750662424
1508.70767925832	0.01878017762676949
1511.30577319772	0.01762716550150847
1513.90306272032	0.019403083739574365
1516.49954816295	0.017560865848235227
1519.09522986229	0.0189789795153486
1521.69010815498	0.017746368977668212
1524.28418337751	0.017388564406715695
1526.87745586632	0.019191080163081797
1529.46992595773	0.01936338160459337
1532.06159398796	0.019403083739574365
1534.65246029316	0.018395872608765344
1537.24252520935	0.01954888473402636
1539.83178907249	0.02300801818105799
1542.42025221841	0.020516393729862345
1545.00791498287	0.02300801818105799
1547.59477770152	0.021589904513944613
1550.18084070993	0.021656204167209904
1552.76610434356	0.024121328171345966
1555.35056893777	0.025725042039125002
1557.93423482785	0.025247839849547402
1560.51710234896	0.027832264401075876
1563.0991718362	0.031198694819007347
1565.68044362457	0.035028931596137625
1568.26091804893	0.036751848940076395
1570.84059544411	0.04225209923825895
1573.41947614481	0.045499132037557385
1575.99756048562	0.05163549013645032
1578.57484880108	0.05471031856546985
1581.15134142559	0.05973336667406685
1583.72703869349	0.05643323590940862
1586.301940939	0.0513173877004788
1588.87604849628	0.050893283476253035
1591.44936169934	0.04710284590533642
1594.02188088215	0.04341841012266609
1596.59360637855	0.041761695360767896
1599.16453852232	0.03851456549022884
1601.73467764709	0.04005197970473462
1604.30402408647	0.040979689494364896
1606.87257817391	0.03831576360164972
1609.44034024281	0.03422042528267504
1612.00731062644	0.031649299490292694
1614.57348965801	0.029555278816255276
1617.13887767062	0.027606962065437182
1619.70347499726	0.027116655259178793
1622.26728197086	0.027235858735338535
1624.83029892423	0.026772052376147687
1627.39252619012	0.027182857841219373
1629.95396410112	0.02675875361700156
1632.5146129898	0.027461161070985188
1635.07447318858	0.02800456584259541
1637.63354502984	0.023326120617029513
1640.19182884582	0.02172240674925048
1642.74932496868	0.019588683940240024
1645.3060337305	0.018250071614305394
1647.86195546325	0.017892169972120207
1650.41709049882	0.018342774643405554
1652.971439169	0.016394554963820127
1655.52500180548	0.016155953869035306
1658.07777873987	0.016553557646193533
1660.62977030368	0.017309063065536947
1663.18097682833	0.017521066642029518
1665.73139864514	0.01656685640533966
1668.28103608534	0.018819976832983153
1670.82988948008	0.016924660976292177
1673.37795916039	0.015639146615717338
1675.92524545724	0.017017461076625006
1678.47174870147	0.01583794850429645
1681.01746922386	0.014313735977696165
1683.56240735508	0.01628855317557384
1686.10656342572	0.016633156058612906
1688.64993776626	0.014327034736850246
1691.19253070709	0.01618255138732756
1693.73434257853	0.01585115019220991
1696.27537371078	0.014857140749314341
1698.81562443395	0.014578837519548525
1701.35509507809	0.015771648851023206
1703.89378597311	0.014313735977696165
1706.43169744886	0.01587765063926949
1708.96882983509	0.014194532501536423
1711.50518346144	0.014790938167273763
1714.0407586575	0.017096962417803754
1716.57555575272	0.01787896828420675
1719.10957507649	0.019137982197722007
1721.64281695809	0.019244081057200962
1724.17528172671	0.019919988064125004
1726.70696971146	0.020781495271714703
1729.23788124135	0.017852467837147168
1731.7680166453	0.01870067628559074
1734.29737625213	0.02019829129389082
1736.82596039057	0.017136761624017418
1739.35376938927	0.018183771961032148
1741.88080357677	0.015678848750690377
1744.40706328154	0.015268043285618692
1746.93254883193	0.015943950292542735
1749.45726055623	0.014340236424763703
1751.9811987826	0.01628855317557384
1754.50436383915	0.015228244079412985
1757.02675605387	0.01464513717282177
1759.54837575466	0.014896939955520048
1762.06922326934	0.01383663085935919
1764.58929892564	0.015294543732678275
1767.10860305118	0.015161944426139738
1769.6271359735	0.01545354641505168
1772.14489802005	0.01632825531055484
1774.66188951817	0.01533424586765927
1777.17811079515	0.01354502887044725
1779.69356217815	0.01383663085935919
1782.20824399425	0.012458316398451522
1784.72215657043	0.014578837519548525
1787.23530023361	0.01420773418944988
1789.74767531057	0.013147425093289023
1792.25928212804	0.013955931406751602
1794.77012101264	0.014963142537560625
1797.2801922909	0.012975123651769492
1799.78949628926	0.013266725640681433
1802.29803333406	0.014194532501536423
1804.80580375158	0.013955931406751602
1807.31280786797	0.014234234636517419
1809.81904600929	0.014008932300870766
1812.32451850154	0.014353535183909829
1814.82922567061	0.014684839307794809
1817.33316784231	0.015055942637893454
1819.83634534233	0.013425825394287508
1822.33875849629	0.01652705719913395
1824.84040762973	0.013001721170061743
1827.34129306808	0.012670319974944094
1829.84141513667	0.012166714409539581
1832.34077416077	0.011848611973568056
1834.83937046553	0.01422103294860396
1837.33720437602	0.014154733295330716
1839.83427621723	0.012975123651769492
1842.33058631404	0.013823429171445734
1844.82613499125	0.013372727428927719
1847.32092257355	0.01289562231058279
1849.81494938558	0.013134223405375565
1852.30821575184	0.01318722429949473
1854.80072199677	0.013796928724378196
1857.29246844473	0.01294862320470991
1859.78345541994	0.014234234636517419
1862.27368324658	0.01289562231058279
1864.76315224871	0.014684839307794809
1867.2518627503	0.014565538760402398
1869.73981507524	0.013094424199161903
1872.22700954733	0.01422103294860396
1874.71344649027	0.014446335284242657
1877.19912622768	0.015002941743766334
1879.68404908308	0.01378362996523207
1882.16821537988	0.013147425093289023
1884.65162544145	0.0148174386143413
1887.13427959102	0.013982431853811185
1889.61617815175	0.013704128624045369
1892.0973214467	0.013796928724378196
1894.57770979887	0.01345232584134709
1897.05734353113	0.013518528423379712
1899.53622296628	0.012975123651769492
1902.014348427	0.013916132200537938
1904.49172023593	0.013346226981868136
1906.96833871558	0.014989740055852878
1909.44420418839	0.013173925540348606
1911.91931697668	0.014035432747938304
1914.39367740272	0.013796928724378196
1916.86728578865	0.01328002439982756
1919.34014245654	0.014684839307794809
1921.81224772838	0.013465527529260547
1924.28360192604	0.014684839307794809
1926.75420537132	0.014552337072488942
1929.22405838593	0.012643819527884511
1931.69316129147	0.013478826288406673
1934.16151440948	0.013677628176985786
1936.62911806136	0.014274033842723126
1939.09597256848	0.012643819527884511
1941.56207825207	0.0127101191811498
1944.0274354333	0.013028221617129281
1946.49204443322	0.013081222511248446
1948.95590557284	0.0148174386143413
1951.41901917301	0.012246215750726284
1953.88138555454	0.011543808296742659
1956.34300503813	0.013571529317506832
1958.8038779444	0.012789620522336504
1961.26400459387	0.01345232584134709
1963.72338530697	0.013081222511248446
1966.18202040403	0.015639146615717338
1968.63991020531	0.014578837519548525
1971.09705503097	0.01318722429949473
1973.55345520107	0.013651127729926204
1976.0091110356	0.01392943095969202
1978.46402285444	0.014061933194997886
1980.91819097737	0.01728256261846941
1983.3716157241	0.012246215750726284
1985.82429741427	0.014433036525096532
1988.27623636736	0.014711339754854391
1990.72743290284	0.013598126835799083
1993.17788734002	0.014114934089117051
1995.62759999817	0.014393334390115536
1998.07657119644	0.01375712951817249
2000.5248012539	0.013386026188073843
2002.97229048952	0.014539038313342816
2005.41903922219	0.012723320869063259
2007.86504777071	0.012749821316130797
2010.31031645378	0.012405315504324402
2012.75484559	0.013810130412291653
2015.19863549792	0.012604117392903517
2017.64168649594	0.014790938167273763
2020.08399890242	0.01733556351259653
2022.5255730356	0.0138764300655649
2024.96640921365	0.015533047756238384
2027.40650775462	0.014088433642057469
2029.84586897649	0.014247533395663543
2032.28449319715	0.014843939061400883
2034.72238073438	0.013942632647605476
2037.15953190591	0.014499336178361822
2039.59594702932	0.013359525741014261
2042.03162642215	0.016235552281454676
2044.46657040182	0.014008932300870766
2046.90077928567	0.013823429171445734
2049.33425339095	0.014380035630969411
2051.76699303481	0.015069241397039579
2054.19899853433	0.015016240502920416
2056.63027020645	0.0148174386143413
2059.06080836809	0.01366432941783966
2061.49061333602	0.01345232584134709
2063.91968542694	0.012975123651769492
2066.34802495747	0.015201743632345447
2068.77563224411	0.014035432747938304
2071.20250760329	0.013849929618505317
2073.62865135136	0.013439027082200964
2076.05406380455	0.013372727428927719
2078.47874527901	0.014008932300870766
2080.9026960908	0.014075231954144013
2083.3259165559	0.014088433642057469
2085.74840699018	0.015413844280078642
2088.17016770944	0.014194532501536423
2090.59119902935	0.012551019427551682
2093.01150126553	0.012365516298118695
2095.43107473348	0.01339932494721997
2097.84991974864	0.012816120969396086
2100.26803662633	0.01464513717282177
2102.68542568178	0.013969133094665059
2105.10208723015	0.014234234636517419
2107.51802158648	0.014234234636517419
2109.93322906574	0.013081222511248446
2112.3477099828	0.013863131306418773
2114.76146465245	0.013492027976320129
2117.17449338937	0.014910141643433504
2119.58679650815	0.012657118287030636
2121.9983743233	0.014472835731302239
2124.40922714924	0.013969133094665059
2126.81935530029	0.01528124497353215
2129.22875909067	0.013584828076652957
2131.63743883452	0.013386026188073843
2134.04539484589	0.014260735083577
2136.45262743874	0.015519846068324926
2138.85913692692	0.013293226087741016
2141.26492362422	0.014459536972156115
2143.6699878443	0.014472835731302239
2146.07432990076	0.01392943095969202
2148.47795010708	0.014883641196373924
2150.88084877667	0.01420773418944988
2153.28302622285	0.013227023505708395
2155.68448275883	0.014234234636517419
2158.08521869774	0.013213724746554313
2160.48523435261	0.014088433642057469
2162.88453003639	0.014088433642057469
2165.28310606193	0.014711339754854391
2167.68096274199	0.0130149228579752
2170.07810038922	0.012233014062812827
2172.47451931622	0.014605337966608107
2174.87021983546	0.016513855511220494
2177.26520225933	0.014578837519548525
2179.65946690013	0.014075231954144013
2182.05301407006	0.015466845174197807
2184.44584408123	0.012816120969396086
2186.83795724567	0.015519846068324926
2189.22935387531	0.013200523058640857
2191.62003428198	0.014578837519548525
2194.00999877743	0.014790938167273763
2196.39924767329	0.013637828970780077
2198.78778128115	0.014154733295330716
2201.17559991245	0.0138764300655649
2203.56270387857	0.013730629071112907
2205.94909349081	0.012643819527884511
2208.33476906033	0.01383663085935919
2210.71973089824	0.013359525741014261
2213.10397931554	0.012617319080816973
2215.48751462314	0.015572846962444091
2217.87033713186	0.01414143453618459
2220.25244715242	0.013213724746554313
2222.63384499546	0.013677628176985786
2225.01453097151	0.014433036525096532
2227.39450539101	0.014340236424763703
2229.77376856434	0.01392943095969202
2232.15232080173	0.014830640302254759
2234.53016241336	0.011676310532048526
2236.9072937093	0.014486037419215695
2239.28371499954	0.0138764300655649
2241.65942659396	0.012484816845511105
2244.03442880236	0.013160723852435148
2246.40872193443	0.01306792375210232
2248.78230629979	0.014194532501536423
2251.15518220795	0.01328002439982756
2253.52734996835	0.013147425093289023
2255.89880989029	0.013598126835799083
2258.26956228301	0.013796928724378196
2260.63960745567	0.014128232848271133
2263.00894571731	0.013227023505708395
2265.37757737688	0.014366736871823285
2267.74550274324	0.015228244079412985
2270.11272212517	0.01366432941783966
2272.47923583134	0.014777639408127638
2274.84504417031	0.014870439508460466
2277.2101474506	0.013902930512624482
2279.57454598058	0.013028221617129281
2281.93824006856	0.014393334390115536
2284.30123002275	0.014287235530636582
2286.66351615125	0.013902930512624482
2289.02509876208	0.014618636725762187
2291.38597816317	0.014088433642057469
2293.74615466236	0.013160723852435148
2296.10562856737	0.013942632647605476
2298.46440018585	0.012829419728550168
2300.82246982535	0.013120924646221485
2303.1798377933	0.01414143453618459
2305.5365043971	0.01452583662542936
2307.89246994399	0.014022231060024848
2310.24773474116	0.014843939061400883
2312.60229909566	0.014101732401203595
2314.95616331451	0.014830640302254759
2317.30932770456	0.014234234636517419
2319.66179257263	0.01540054552092456
2322.01355822542	0.014313735977696165
2324.36462496953	0.014923440402587586
2326.71499311146	0.012537817739638225
2329.06466295764	0.01595715198045619
2331.41363481439	0.014486037419215695
2333.76190898794	0.014459536972156115
2336.10948578441	0.015678848750690377
2338.45636550986	0.014605337966608107
2340.80254847022	0.013677628176985786
2343.14803497132	0.012869121863523207
2345.49282531895	0.014247533395663543
2347.83691981874	0.01528124497353215
2350.18031877626	0.012922122757642372
2352.52302249699	0.013372727428927719
2354.8650312863	0.013823429171445734
2357.20634544946	0.014923440402587586
2359.54696529166	0.01533424586765927
2361.88689111798	0.013889631753478356
2364.22612323341	0.01464513717282177
2366.56466194287	0.014114934089117051
2368.90250755114	0.015082443084953037
2371.23966036293	0.015771648851023206
2373.57612068286	0.015824649745150327
2375.91188881545	0.013531827182533793
2378.2469650651	0.014896939955520048
2380.58134973615	0.014088433642057469
2382.91504313282	0.013982431853811185
2385.24804555926	0.015135443979080157
2387.58035731949	0.01420773418944988
2389.91197871745	0.013704128624045369
2392.24291005701	0.014870439508460466
2394.57315164189	0.014194532501536423
2396.90270377577	0.012869121863523207
2399.23156676218	0.013028221617129281
2401.55974090461	0.014751138961068055
2403.88722650642	0.015161944426139738
2406.21402387086	0.01330652484688714
2408.54013330113	0.01540054552092456
2410.8655551003	0.01533424586765927
2413.19028957133	0.014830640302254759
2415.51433701713	0.013584828076652957
2417.83769774049	0.015983749498748444
2420.16037204408	0.015321044179745813
2422.48236023051	0.015228244079412985
2424.80366260228	0.014035432747938304
2427.12427946179	0.014327034736850246
2429.44421111134	0.014565538760402398
2431.76345785315	0.016275254416427718
2434.08201998932	0.015546346515384508
2436.39989782188	0.013571529317506832
2438.71709165273	0.014512537866275278
2441.0336017837	0.015082443084953037
2443.34942851653	0.014539038313342816
2445.66457215282	0.015374045073864978
2447.97903299412	0.015811448057236867
2450.29281134185	0.015254744526472568
2452.60590749736	0.015771648851023206
2454.91832176188	0.01707046197074417
2457.23005443656	0.015440344727138225
2459.54110582243	0.015731849644817497
2461.85147622045	0.014234234636517419
2464.16116593146	0.017521066642029518
2466.47017525621	0.015745148403963623
2468.77850449536	0.015215042391499529
2471.08615394947	0.01604995208078902
2473.39312391899	0.016513855511220494
2475.69941470429	0.015652348303630794
2478.00502660562	0.014830640302254759
2480.30995992316	0.015546346515384508
2482.61421495697	0.0172427634122637
2484.91779200702	0.014631838413675645
2487.22069137316	0.014870439508460466
2489.5229133552	0.014380035630969411
2491.8244582528	0.015321044179745813
2494.12532636553	0.015917449845483152
2496.42551799287	0.01614275218112185
2498.72503343421	0.014260735083577
2501.02387298882	0.015890949398415614
2503.32203695588	0.01643435417003379
2505.61952563449	0.015360746314718853
2507.91633932361	0.01473784020192193
2510.21247832216	0.012153415650393455
2512.50794292891	0.014181233742390298
2514.80273344255	0.014870439508460466
2517.09685016167	0.013120924646221485
2519.39029338476	0.014154733295330716
2521.68306341022	0.014936642090501042
2523.97516053634	0.014313735977696165
2526.26658506132	0.015480046862111263
2528.55733728325	0.013969133094665059
2530.84741750012	0.014671637619881352
2533.13682600984	0.013213724746554313
2535.4255631102	0.014843939061400883
2537.7136290989	0.01638135327590667
2540.00102427354	0.013942632647605476
2542.28774893162	0.014936642090501042
2544.57380337053	0.014061933194997886
2546.85918788758	0.01414143453618459
2549.14390277997	0.014194532501536423
2551.4279483448	0.013796928724378196
2553.71132487906	0.013942632647605476
2555.99403267966	0.013889631753478356
2558.27607204341	0.013849929618505317
2560.55744326699	0.014896939955520048
2562.83814664702	0.015586145721590217
2565.11818247999	0.015771648851023206
2567.3975510623	0.014658338860735228
2569.67625269025	0.013386026188073843
2571.95428766003	0.01608975128699473
2574.23165626776	0.014963142537560625
2576.50835880942	0.015745148403963623
2578.78439558093	0.015639146615717338
2581.05976687806	0.014446335284242657
2583.33447299652	0.014790938167273763
2585.60851423191	0.015029442190833872
2587.88189087972	0.015983749498748444
2590.15460323534	0.01718976251813658
2592.42665159406	0.015824649745150327
2594.69803625108	0.01361132852371254
2596.9687575015	0.017600665054448888
2599.23881564029	0.0148174386143413
2601.50821096235	0.014684839307794809
2603.77694376245	0.015135443979080157
2606.0450143353	0.015175243185285864
2608.31242297548	0.013253523952767977
2610.57916997746	0.016063250839935147
2612.84525563562	0.016222253522308553
2615.11068024426	0.013227023505708395
2617.37544409753	0.017057260282830715
2619.63954748952	0.014446335284242657
2621.90299071421	0.015970450739602318
2624.16577406546	0.017521066642029518
2626.42789783705	0.016394554963820127
2628.68936232264	0.01771986853060863
2630.9501678158	0.017176560830223123
2633.21031460999	0.017017461076625006
2635.46980299857	0.018899478174169853
2637.72863327481	0.019681386969332228
2639.98680573185	0.01903198040947572
2642.24432066276	0.019323582398387662
2644.50117836048	0.021404401384511627
2646.75737911786	0.023365919823243177
2649.01292322765	0.022703214504232593
2651.26781098249	0.02579124462116558
2653.52204267492	0.02800456584259541
2655.77561859738	0.028521470167146044
2658.0285390422	0.030575788706210427
2660.28080430161	0.03182160093181222
2662.53241466774	0.03331921594011231
2664.78337043263	0.035400034926236265
2667.03367188817	0.038845966685346484
2669.2833193262	0.03972067558084964
2671.53231303844	0.042305100132378114
2673.78065331648	0.04503532567836654
2676.02834045184	0.04841495778421147
2678.27537473592	0.046943746151738304
2680.52175646002	0.047235348140650245
2682.76748591535	0.05082708089422041
2685.01256339298	0.049819772692178715
2687.25698918391	0.05034987870464281
2689.50076357901	0.049647471250659186
2691.74388686909	0.05033667701672936
2693.9863593448	0.05159578800147728
2696.22818129672	0.05141018780081162
2698.46935301532	0.047593249782827474
2700.70987479096	0.04477022413651418
2702.94974691389	0.04267620346247676
2705.18896967428	0.041841196701946644
2707.42754336216	0.03672534849301681
2709.66546826749	0.03555903760860172
2711.90274468011	0.03402162339409593
2714.13937288974	0.03139749670758646
2716.37535318602	0.03125169571313447
2718.61068585848	0.02858776982041929
2720.84537119652	0.027196156600365496
2723.07940948947	0.025552740597613425
2725.31280102654	0.024969536619789543
2727.54554609682	0.02360442384679533
2729.77764498933	0.02060919383019517
2732.00909799294	0.020238090500096527
2734.23990539644	0.01900547996241614
2736.47006748853	0.019999489405311707
2738.69958455777	0.0205295954177758
2740.92845689263	0.01778616818387392
2743.15668478147	0.01778616818387392
2745.38426851257	0.016884958841311182
2747.61120837406	0.018859678967956192
2749.83750465399	0.016460854617093373
2752.0631576403	0.015135443979080157
2754.28816762083	0.015228244079412985
2756.51253488329	0.015201743632345447
2758.73625971532	0.01614275218112185
2760.95934240442	0.016010249945815982
2763.18178323801	0.014433036525096532
2765.40358250338	0.013916132200537938
2767.62474048773	0.012869121863523207
2769.84525747814	0.013730629071112907
2772.06513376159	0.014287235530636582
2774.28436962496	0.013584828076652957
2776.50296535501	0.01328002439982756
2778.7209212384	0.013849929618505317
2780.93823756168	0.014949940849647169
2783.15491461129	0.013796928724378196
2785.37095267358	0.01294862320470991
2787.58635203477	0.014327034736850246
2789.80111298097	0.013028221617129281
2792.01523579822	0.012842621416463624
2794.2287207724	0.013359525741014261
2796.44156818932	0.012286014956931992
2798.65377833468	0.012564318186697808
2800.86535149404	0.011914911626833348
2803.07628795289	0.013558327629593374
2805.28658799659	0.012511317292570687
2807.4962519104	0.011769110632381355
2809.70527997946	0.012272716197785867
2811.91367248883	0.012312515403991574
2814.12142972342	0.01241851719223786
2816.32855196807	0.013637828970780077
2818.53503950749	0.01324022519362185
2820.74089262628	0.013293226087741016
2822.94611160894	0.012789620522336504
2825.15069673987	0.012842621416463624
2827.35464830333	0.012392016745178277
2829.55796658351	0.012193214856599164
2831.76065186445	0.01247151808636498
2833.96270443012	0.011464306955555956
2836.16412456437	0.010470297512660388
2838.3649125509	0.011742610185321772
2840.56506867336	0.012842621416463624
2842.76459321526	0.013810130412291653
2844.96348645999	0.012763120075276921
2847.16174869086	0.013319726534800598
2849.35938019105	0.013094424199161903
2851.55638124363	0.012763120075276921
2853.75275213157	0.013107722958308027
2855.94849313772	0.0138764300655649
2858.14360454483	0.014022231060024848
2860.33808663553	0.01324022519362185
2862.53193969234	0.014114934089117051
2864.72516399768	0.015002941743766334
2866.91775983385	0.013028221617129281
2869.10972748304	0.012511317292570687
2871.30106722733	0.014751138961068055
2873.4917793487	0.014963142537560625
2875.68186412899	0.014114934089117051
2877.87132184997	0.01545354641505168
2880.06015279325	0.015970450739602318
2882.24835724039	0.01578494761016933
2884.43593547278	0.014247533395663543
2886.62288777173	0.016924660976292177
2888.80921441843	0.01626205272851426
2890.99491569397	0.016209051834395097
2893.1799918793	0.017534365401175644
2895.36444325529	0.015692147509836503
2897.54827010269	0.01545354641505168
2899.73147270213	0.0175475670890891
2901.91405133412	0.018515076084925086
2904.09600627909	0.018210272408099686
2906.27733781731	0.01733556351259653
2908.45804622899	0.018090971860699318
2910.63813179418	0.01870067628559074
2912.81759479286	0.018210272408099686
2914.99643550486	0.017733167289754756
2917.17465420994	0.017733167289754756
2919.3522511877	0.018912679862083313
2921.52922671765	0.018925978621229436
2923.7055810792	0.020648895965168213
2925.88131455162	0.02055619293606805
2928.05642741408	0.02011878995270412
2930.23091994566	0.02088749705996099
2932.40479242528	0.02058269338313559
2934.57804513178	0.02091399750702057
2936.75067834387	0.02011878995270412
2938.92269234017	0.020807995718774286
2941.09408739916	0.02160320327309074
2943.26486379921	0.020370592735402395
2945.4350218186	0.018236772855159268
2947.60456173546	0.020383891494556477
2949.77348382783	0.020224791740950404
2951.94178837363	0.021351400490384507
2954.10947565068	0.020224791740950404
2956.27654593666	0.020092289505644536
2958.44299950915	0.02019829129389082
2960.60883664562	0.020648895965168213
2962.77405762341	0.020423593629529516
2964.93866271975	0.020516393729862345
2967.10265221178	0.018766975938856033
2969.26602637648	0.01997298895824417
2971.42878549076	0.020224791740950404
2973.59092983139	0.01874037842056378
2975.75245967501	0.019098280062748968
2977.9133752982	0.018660877079377077
2980.07367697736	0.017507864954116062
2982.23336498882	0.018753677179709907
2984.39243960877	0.01766686763648151
2986.5509011133	0.016937959735438303
2988.70874977837	0.01737536271880224
2990.86598587984	0.01718976251813658
2993.02260969344	0.015559548203297966
2995.17862149478	0.01585115019220991
2997.33402155938	0.014565538760402398
2999.48881016262	0.01366432941783966
3001.64298757978	0.014711339754854391
3003.796554086	0.01243181595139194
3005.94950995633	0.014618636725762187
3008.10185546569	0.013743830759026363
3010.25359088888	0.014300534289782708
3012.40471650059	0.012696820422003676
3014.5552325754	0.01339932494721997
3016.70513938776	0.012776321763190377
3018.85443721201	0.01330652484688714
3021.00312632236	0.011928113314746804
3023.15120699292	0.011888411179773765
3025.29867949769	0.011490807402615539
3027.44554411052	0.013094424199161903
3029.59180110516	0.014340236424763703
3031.73745075527	0.014008932300870766
3033.88249333434	0.01656685640533966
3036.02692911578	0.01632825531055484
3038.17075837287	0.01593065153339661
3040.31398137877	0.01593065153339661
3042.45659840653	0.015745148403963623
3044.59860972907	0.016235552281454676
3046.7400156192	0.0130149228579752
3048.88081634961	0.014353535183909829
3051.02101219287	0.01375712951817249
3053.16060342144	0.012869121863523207
3055.29959030765	0.012829419728550168
3057.43797312371	0.014539038313342816
3059.57575214172	0.015347544626805395
3061.71292763366	0.012657118287030636
3063.84949987139	0.013041423305042738
3065.98546912665	0.014128232848271133
3068.12083567105	0.012392016745178277
3070.2555997761	0.012339015851059112
3072.38976171319	0.012206513615745289
3074.52332175356	0.013439027082200964
3076.65628016837	0.011716109738254234
3078.78863722863	0.01139800730228271
3080.92039320526	0.011464306955555956
3083.05154836902	0.010947402631005318
3085.1821029906	0.011026903972184065
3087.31205734051	0.010390699100241017
3089.44141168921	0.011053404419251603
3091.57016630696	0.010536500094693011
3093.69832146398	0.00944978762270524
3095.82587743032	0.008137675743830192
3097.9528344759	0.011742610185321772
3100.07919287056	0.00994009442895567
3102.204952884	0.010284697311994733
3104.33011478579	0.01049679795971997
3106.45467884538	0.01058950098882013
3108.57864533212	0.009794293434503677
3110.70201451522	0.01058950098882013
3112.82478666378	0.009568991098864981
3114.94696204676	0.010006394082228916
3117.06854093301	0.009303986628245291
3119.18952359127	0.0078062745487125435
3121.30991029013	0.008694282203361825
3123.4297012981	0.010867901289818616
3125.54889688352	0.009250985734126126
3127.66749731464	0.010112395870475202
3129.78550285957	0.009622089064216814
3131.90291378633	0.008362978079476844
3134.01973036277	0.011530509537588577
3136.13595285665	0.008177377878811188
3138.2515815356	0.008932883298146647
3140.36661666714	0.010297996071140857
3142.48105851863	0.008508779073928838
3144.59490735734	0.007461768736914106
3146.70816345041	0.008720782650421408
3148.82082706486	0.005884555316194655
3150.93289846758	0.007209868882975203
3153.04437792532	0.008177377878811188
3155.15526570475	0.007435268289846568
3157.26556207238	0.007302668983308031
3159.37526729461	0.006785764658757394
3161.48438163771	0.00697136485942305
3163.59290536784	0.00880028399160811
3165.70083875102	0.008482278626869256
3167.80818205315	0.007687071072552802
3169.91493554002	0.006613463217237862
3172.02109947727	0.008429277732742135
3174.12667413044	0.006706263317570691
3176.23165976493	0.008283476738290142
3178.33605664602	0.007170166748002164
3180.43986503887	0.008495480314782712
3182.54308520852	0.0070773666476693356
3184.64571741986	0.008707580962507951
3186.74776193769	0.007289467295394574
3188.84921902664	0.008415978973596009
3190.95008895128	0.007753273654585423
3193.05037197599	0.007912373408191497
3195.15006836504	0.009953393188109751
3197.24917838262	0.007740071966671966
3199.34770229274	0.00691836396529593
3201.44564035931	0.0053279488566630225
3203.5429928461	0.0069315656532093865
3205.63976001677	0.006070155516860311
3207.73594213484	0.0071303675417885
3209.83153946372	0.007925575096104955
3211.92655226669	0.007594270972219973
3214.02098080688	0.0069315656532093865
3216.11482534732	0.007885872961131914
3218.20808615091	0.006414661328658749
3220.30076348041	0.007170166748002164
3222.39285759847	0.008707580962507951
3224.4843687676	0.0079918747493782
3226.57529725019	0.005924354522400363
3228.66564330851	0.007952075543164535
3230.75540720468	0.008601482103028997
3232.8445892007	0.008535279520988419
3234.93318955847	0.009025683398479475
3237.02120853974	0.008124376984684068
3239.10864640612	0.008084674849711027
3241.19550341911	0.008323178873263181
3243.28177984009	0.009568991098864981
3245.36747593029	0.009595491545924564
3247.45259195083	0.009038885086392931
3249.53712816268	0.008270177979144016
3251.62108482672	0.007567770525160391
3253.70446220366	0.006772562970843937
3255.78726055411	0.005765254768794289
3257.86948013853	0.008058174402651446
3259.95112121728	0.006295457852499007
3262.03218405055	0.005699052186761667
3264.11266889845	0.006335159987472047
3266.19257602092	0.005712253874675124
3268.27190567779	0.006732763764630273
3270.35065812876	0.005168849103056948
3272.4288336334	0.005659252980548004
3274.50643245114	0.0066930616296572345
3276.5834548413	0.005579751639369256
3278.65990106305	0.006838862624109227
3280.73577137545	0.005023048108604955
3282.81106603742	0.005619453774342296
3284.88578530774	0.005235148756330194
3286.95992944508	0.006600261529324406
3289.03349870796	0.004890545873299088
3291.1064933548	0.005036346867751081
3293.17891364384	0.0044532399611598664
3295.25075983324	0.004506240855286987
3297.322032181	0.004280938519648291
3299.39273094501	0.005977355416527484
3301.462856383	0.0070773666476693356
3303.53240875259	0.004015836977795932
3305.60138831128	0.004426642442867616
3307.6697953164	0.004890545873299088
3309.73763002519	0.005076146073964745
3311.80489269472	0.005168849103056948
3313.87158358198	0.007474970424827562
3315.93770294378	0.005102646521024327
3318.00325103681	0.005354449303722605
3320.06822811764	0.004678542296806518
3322.13263444272	0.005924354522400363
3324.19647026832	0.004439941202013741
3326.25973585064	0.003949537324522686
3328.32243144568	0.0033399299708718887
3330.38455730938	0.004042337424855514
3332.44611369749	0.005977355416527484
3334.50710086564	0.00351223141239142
3336.56751906936	0.005659252980548004
3338.62736856401	0.0049833459736319165
3340.68664960483	0.004585742196473689
3342.74536244693	0.004068837871915096
3344.80350734528	0.0048375449791719675
3346.86108455472	0.003286929076752724
3348.91809432997	0.003962836083668811
3350.97453692559	0.003936335636609229
3353.03041259603	0.0036314348885511617
3355.08572159559	0.003989336530736349
3357.14046417844	0.006109857651833351
3359.19464059863	0.0025314236574093094
3361.24825111005	0.0039230368774631035
3363.30129596648	0.0025977233106825553
3365.35377542155	0.0031676285293523575
3367.40568972878	0.005500250298182554
3369.45703914152	0.004241139313434628
3371.507823913	0.00351223141239142
3373.55804429633	0.004612242643533272
3375.60770054446	0.003644733647697287
3377.65679291024	0.0033531316587853454
3379.70532164635	0.003711033300970533
3381.75328700534	0.002730225545988423
3383.80068923965	0.004625444331446729
3385.84752860155	0.003286929076752724
3387.89380534321	0.0033001307646661807
3389.93951971664	0.0035254331003048765
3391.98467197371	0.0029290274345675363
3394.02926236618	0.0015374142145137425
3396.07329114566	0.0037640341950896977
3398.1167585636	0.0037242349888839898
3400.15966487137	0.003260428629685186
3402.20201032014	0.0039230368774631035
3404.24379516099	0.0016832152089657356
3406.28501964484	0.002001317644945215
3408.3256840225	0.0024254218691630246
3410.3657885446	0.0030881271881736108
3412.40533346167	0.0031676285293523575
3414.44431902408	0.0025314236574093094
3416.48274548209	0.0019483167508180948
3418.5206130858	0.003498932653245294
3420.55792208516	0.002982028328686701
3422.59467273003	0.0021073194331915003
3424.63086527009	0.0030748284290195295
3426.6664999549	0.004042337424855514
3428.70157703386	0.0033134295238123066
3430.73609675628	0.0020808189861239623
3432.77005937129	0.0026772246518613025
3434.80346512789	0.002372420975035904
3436.83631427494	0.0020278180920047977
3438.86860706119	0.0018953158566989302
3440.90034373521	0.000994009442895567
3442.93152454546	0.0028495260933808337
3444.96214974025	0.003154329770206232
3446.99221956775	0.001776015309298564
3449.021734276	0.0016302143148465707
3451.05069411289	0.0017627165501524383
3453.07909932619	0.002730225545988423
3455.1069501635	0.001404911979207875
3457.1342468723	0.0015772134207194504
3459.16098969993	0.0013519110850807546
3461.1871788936	0.002266419186789619
3463.21281470035	0.0029688266407732443
3465.23789736712	0.0032736303175986427
3467.26242714067	0.0022796208747030756
3469.28640426765	0.0016832152089657356
3471.30982899455	0.002133819880251083
3473.33270156774	0.0013651127729942115
3475.35502223343	0.0012591109847479263
3477.3767912377	0.002955527881627119
3479.39800882649	0.002717023858074966
3481.41867524559	0.0018953158566989302
3483.43879074066	0.0008748059667358252
3485.45835555721	0.0011531091965016414
3487.47736994062	0.0
3489.49583413611	0.0018555166504852665
3491.51374838879	0.0020676172982105057
3493.53111294359	0.0006362048719510038
3495.54792804533	0.0011398104373555157
3497.56419393867	0.0015109137674541601
3499.57991086814	0.0010736078553149385
