1000.07700129088	0.023642895381606868
1002.83416209528	0.019641135141517968
1005.59045264208	0.01907555081812952
1008.34587328813	0.01923100624194041
1011.10042439014	0.017251409326146914
1013.85410630472	0.014974779661879977
1016.60691938837	0.01643125509489361
1019.35886399746	0.016190873989865552
1022.10994048823	0.015780745090287995
1024.86014921684	0.013970792401142186
1027.60949053928	0.013631400379953485
1030.35796481149	0.01322137504827774
1033.10557238924	0.012627413119215695
1035.85231362819	0.010463983173946199
1038.5981888839	0.010520531249498258
1041.34319851182	0.010336698220013771
1044.08734286727	0.009134792694864995
1046.83062230544	0.008597378841346521
1049.57303718143	0.009488269950988682
1052.31458785021	0.007480295429521589
1055.05527466665	0.009120603892019708
1057.79509798549	0.008555019568639749
1060.53405816134	0.008314638463611692
1063.27215554874	0.00871057856035245
1066.00939050209	0.00815907947189899
1068.74576337565	0.008526745530867963
1071.48127452361	0.007918698366870931
1074.21592430002	0.008950959665380507
1076.94971305882	0.008752937833059223
1079.68264115384	0.008045983320803361
1082.41470893879	0.007607580383454017
1085.14591676728	0.007239914324493531
1087.8762649928	0.007621769186290816
1090.60575396871	0.0068298889928177856
1093.33438404827	0.0068439742277527724
1096.06215558464	0.007367199278425959
1098.78906893086	0.007013722022302272
1101.51512443981	0.006476308168783799
1104.24032246435	0.006363212017688169
1106.96466335716	0.006759152114428928
1109.68814747081	0.008116616631290405
1112.41077515779	0.006306663942144598
1115.13254677044	0.006787426152200713
1117.85346266104	0.006320749177079585
1120.57352318169	0.006872248265524557
1123.29272868445	0.006334937979916383
1126.01107952121	0.006759152114428928
1128.72857604378	0.0066177819255615125
1131.44521860385	0.005769353656536424
1134.16100755301	0.007494484232358388
1136.87594324271	0.006108642109823313
1139.59002602433	0.007324736437808887
1142.3032562491	0.007452021391749803
1145.01563426818	0.008441819849642308
1147.72716043257	0.008243901585222833
1150.43783509322	0.009587280867149325
1153.14765860091	0.009346899762121268
1155.85663130634	0.009092329854247924
1158.56475356012	0.008130805434127204
1161.27202571271	0.008102531396355419
1163.97844811448	0.007056081295009045
1166.68402111569	0.008470197455315905
1169.38874506649	0.006872248265524557
1172.09262031694	0.0066177819255615125
1174.79564721695	0.006801614955046
1177.49782611635	0.006886437068361356
1180.19915736486	0.00725410312733033
1182.89964131208	0.006999533219456985
1185.59927830751	0.00691471110614163
1188.29806870054	0.006702604038885357
1190.99601284046	0.007324736437808887
1193.69311107643	0.006221841828820754
1196.38936375753	0.00842773461470732
1199.08477123271	0.006108642109823313
1201.77933385082	0.007027807257237259
1204.47305196061	0.007720676534549647
1207.1659259107	0.007480295429521589
1209.85795604964	0.006801614955046
1212.54914272585	0.006433948896077026
1215.23948628763	0.007635854421225803
1217.92898708319	0.008074257358583633
1220.61764546064	0.008668115719735378
1223.30546176798	0.008583293606411534
1225.99243635308	0.007805498647873491
1228.67856956373	0.008356997736318464
1231.36386174761	0.007239914324493531
1234.04831325228	0.006872248265524557
1236.73192442522	0.007282377165102116
1239.41469561377	0.006688415236040071
1242.09662716519	0.007155092211169687
1244.77771942662	0.0073106512028739004
1247.45797274511	0.007734865337386445
1250.13738746759	0.007367199278425959
1252.81596394089	0.007452021391749803
1255.49370251175	0.007593391580617219
1258.17060352676	0.007720676534549647
1260.84666733246	0.008045983320803361
1263.52189427525	0.007748950572321432
1266.19628470144	0.007876235526262348
1268.86983895722	0.007904509564034134
1271.5425573887	0.008724663795287437
1274.21444034186	0.008286364425839906
1276.8854881626	0.008682304522572177
1279.55570119671	0.009177151967571767
1282.22507978985	0.009855936009949167
1284.89362428759	0.0101245911527575
1287.56133503543	0.009954946926109811
1290.22821237872	0.009318625724340994
1292.89425666274	0.010704364278974258
1295.55946823263	0.011255863367427718
1298.22384743346	0.011793173653035892
1300.88739461019	0.009954946926109811
1303.55011010766	0.009459995913216897
1306.21199427063	0.00871057856035245
1308.87304744373	0.0075368435050651595
1311.53326997152	0.007155092211169687
1314.19266219843	0.006985447984521998
1316.8512244688	0.006886437068361356
1319.50895712687	0.005981460723792696
1322.16586051676	0.006094556874888326
1324.82193498252	0.00595318668602091
1327.47718086806	0.006985447984521998
1330.1315985172	0.006278389904372812
1332.78518827369	0.007522758270130173
1335.43795048114	0.00617937898821217
1338.08988548307	0.0067308780766571425
1340.74099362289	0.007748950572321432
1343.39127524392	0.007833876253547088
1346.04073068939	0.006702604038885357
1348.6893603024	0.007551032307910446
1351.33716442597	0.007621769186290816
1353.98414340301	0.006716689273820344
1356.63029757632	0.006363212017688169
1359.27562728863	0.005967271920955897
1361.92013288252	0.0059249126482406374
1364.56381470053	0.00617937898821217
1367.20667308505	0.005783438891471411
1369.84870837838	0.007013722022302272
1372.48992092274	0.0059249126482406374
1375.13031106023	0.006532856244335857
1377.76987913284	0.005967271920955897
1380.40862548251	0.006009734761564482
1383.04655045101	0.005429961635347724
1385.68365438006	0.006278389904372812
1388.31993761126	0.006744963311592129
1390.95540048612	0.005684427975310768
1393.59004334605	0.006122830912660111
1396.22386653233	0.007041996060074058
1398.85687038619	0.007367199278425959
1401.48905524873	0.0070843553327808294
1404.12042146094	0.007777224610101705
1406.75096936375	0.007056081295009045
1409.38069929796	0.007890424329099147
1412.00961160428	0.007847961488482075
1414.63770662332	0.007324736437808887
1417.26498469557	0.007296462400037102
1419.89144616146	0.006193567791048968
1422.51709136132	0.00640567485830524
1425.14192063532	0.0051188436519308085
1427.76593432361	0.005882449807632054
1430.3891327662	0.006052094034271253
1433.01151630299	0.005755164853699625
1435.63308527382	0.0055713318242151385
1438.2538400184	0.006264201101527526
1440.87378087637	0.006278389904372812
1443.49290818722	0.006801614955046
1446.1112222904	0.00797524644242299
1448.72872352524	0.007211640286713258
1451.34541223097	0.00842773461470732
1453.96128874671	0.00770659129961466
1456.5763534115	0.007452021391749803
1459.19060656429	0.008385271774090248
1461.8040485439	0.007395473316197745
1464.41667968907	0.007847961488482075
1467.02850033846	0.007890424329099147
1469.63951083061	0.00595318668602091
1472.24971150397	0.006207653025983955
1474.8591026969	0.007777224610101705
1477.46768474763	0.006999533219456985
1480.07545799434	0.0070843553327808294
1482.68242277508	0.007522758270130173
1485.28857942782	0.00815907947189899
1487.89392829042	0.00725410312733033
1490.49846970065	0.005133032454767607
1493.10220399619	0.00540168759756745
1495.70513151461	0.004722903555190049
1498.30725259339	0.005274402643635022
1500.90856756992	0.005882449807632054
1503.50907678146	0.006391486055468442
1506.10878056524	0.005175391727474379
1508.70767925832	0.00528859144647182
1511.30577319772	0.004878462546894263
1513.90306272032	0.0047653663957986335
1516.49954816295	0.005161306492539392
1519.09522986229	0.004369426299066362
1521.69010815498	0.004228056110190459
1524.28418337751	0.0040724971184862456
1526.87745586632	0.005019832735770165
1529.46992595773	0.004524985290770576
1532.06159398796	0.005274402643635022
1534.65246029316	0.004708818320255062
1537.24252520935	0.005090569614150535
1539.83178907249	0.004595618601257621
1542.42025221841	0.005104758416995822
1545.00791498287	0.004850188509122477
1547.59477770152	0.004129045194029816
1550.18084070993	0.0054723209080544954
1552.76610434356	0.0044259743746099325
1555.35056893777	0.00528859144647182
1557.93423482785	0.004906736584674536
1560.51710234896	0.00528859144647182
1563.0991718362	0.005203665765246165
1565.68044362457	0.004454248412381718
1568.26091804893	0.004906736584674536
1570.84059544411	0.004694629517418264
1573.41947614481	0.005104758416995822
1575.99756048562	0.00506229557637875
1578.57484880108	0.006419760093240227
1581.15134142559	0.006589507887789728
1583.72703869349	0.005316865484252094
1586.301940939	0.006589507887789728
1588.87604849628	0.006688415236040071
1591.44936169934	0.006815700189980987
1594.02188088215	0.007904509564034134
1596.59360637855	0.01084573446785016
1599.16453852232	0.012528505770965351
1601.73467764709	0.014550565527367432
1604.30402408647	0.017520064468955245
1606.87257817391	0.015398993796392521
1609.44034024281	0.013362745237145155
1612.00731062644	0.010534616484433245
1614.57348965801	0.010562890522205031
1617.13887767062	0.00933271095927598
1619.70347499726	0.009318625724340994
1622.26728197086	0.008470197455315905
1624.83029892423	0.009544818026532254
1627.39252619012	0.009629640139856097
1629.95396410112	0.010647816203430686
1632.5146129898	0.013178912207669155
1635.07447318858	0.011453781631838704
1637.63354502984	0.011482055669618976
1640.19182884582	0.008795400673667807
1642.74932496868	0.006744963311592129
1645.3060337305	0.006561233850009454
1647.86195546325	0.00595318668602091
1650.41709049882	0.005415772832502437
1652.971439169	0.004623892639029407
1655.52500180548	0.00460980740409442
1658.07777873987	0.004270415382905719
1660.62977030368	0.005189580530311178
1663.18097682833	0.004751177592961835
1665.73139864514	0.004114856391193017
1668.28103608534	0.004171404466745077
1670.82988948008	0.004171404466745077
1673.37795916039	0.006052094034271253
1675.92524545724	0.0038179272106129013
1678.47174870147	0.004411785571773135
1681.01746922386	0.005868261004795255
1683.56240735508	0.00460980740409442
1686.10656342572	0.004510796487933777
1688.64993776626	0.005147117689702594
1691.19253070709	0.004623892639029407
1693.73434257853	0.003563357302748045
1696.27537371078	0.005741079618764638
1698.81562443395	0.0054582356731195086
1701.35509507809	0.0055713318242151385
1703.89378597311	0.005387498794730651
1706.43169744886	0.00506229557637875
1708.96882983509	0.006264201101527526
1711.50518346144	0.005302676681406807
1714.0407586575	0.007833876253547088
1716.57555575272	0.00854083076580295
1719.10957507649	0.008569104803574736
1721.64281695809	0.008781211870831009
1724.17528172671	0.00961555490492111
1726.70696971146	0.009785199131568799
1729.23788124135	0.00820143874461425
1731.7680166453	0.009417533072599824
1734.29737625213	0.00797524644242299
1736.82596039057	0.007805498647873491
1739.35376938927	0.0070843553327808294
1741.88080357677	0.006532856244335857
1744.40706328154	0.005755164853699625
1746.93254883193	0.006985447984521998
1749.45726055623	0.00540168759756745
1751.9811987826	0.005246128605863236
1754.50436383915	0.005514783748663079
1757.02675605387	0.004383511534001349
1759.54837575466	0.004567344563477347
1762.06922326934	0.005189580530311178
1764.58929892564	0.0036623682189086877
1767.10860305118	0.0047794516307336195
1769.6271359735	0.0039027493239367455
1772.14489802005	0.004114856391193017
1774.66188951817	0.0038603900512299734
1777.17811079515	0.004355237496221075
1779.69356217815	0.0033937130761003565
1782.20824399425	0.002969498941587812
1784.72215657043	0.003563357302748045
1787.23530023361	0.004793640433578906
1789.74767531057	0.00415731923181009
1792.25928212804	0.005076484379215548
1794.77012101264	0.0034079018789456433
1797.2801922909	0.004030034277869174
1799.78949628926	0.00387447528616496
1802.29803333406	0.004001760240097388
1804.80580375158	0.003747190332232532
1807.31280786797	0.00404422308071446
1809.81904600929	0.003110869130463715
1812.32451850154	0.004468437215227005
1814.82922567061	0.0032098800466243576
1817.33316784231	0.004114856391193017
1819.83634534233	0.0015978456218895356
1822.33875849629	0.0033937130761003565
1824.84040762973	0.0031675207739090975
1827.34129306808	0.005048106773541951
1829.84141513667	0.004228056110190459
1832.34077416077	0.003733105097297545
1834.83937046553	0.002941224903816027
1837.33720437602	0.0034219871138806302
1839.83427621723	0.0031391431682355002
1842.33058631404	0.0047794516307336195
1844.82613499125	0.004001760240097388
1847.32092257355	0.0030543210549116564
1849.81494938558	0.0047794516307336195
1852.30821575184	0.0041996785045168615
1854.80072199677	0.004129045194029816
1857.29246844473	0.004369426299066362
1859.78345541994	0.0040865823534212324
1862.27368324658	0.0038462012483931746
1864.76315224871	0.004440163177446731
1867.2518627503	0.0030402358199766695
1869.73981507524	0.0036340941811369024
1872.22700954733	0.004171404466745077
1874.71344649027	0.0027573918743315396
1877.19912622768	0.0040865823534212324
1879.68404908308	0.004440163177446731
1882.16821537988	0.0037048310595172718
1884.65162544145	0.004510796487933777
1887.13427959102	0.0032381540843961433
1889.61617815175	0.0045532593285423605
1892.0973214467	0.003945212164553818
1894.57770979887	0.0037613791350693303
1897.05734353113	0.0039734862023256025
1899.53622296628	0.00404422308071446
1902.014348427	0.0027715806771768264
1904.49172023593	0.003153331971072299
1906.96833871558	0.004270415382905719
1909.44420418839	0.0031816060088440843
1911.91931697668	0.0038886640890017587
1914.39367740272	0.003153331971072299
1916.86728578865	0.004058308315649447
1919.34014245654	0.004482522450161991
1921.81224772838	0.003747190332232532
1924.28360192604	0.002884676828272456
1926.75420537132	0.0021352594754080094
1929.22405838593	0.0031391431682355002
1931.69316129147	0.003676557021745486
1934.16151440948	0.004270415382905719
1936.62911806136	0.004030034277869174
1939.09597256848	0.003775464370004317
1941.56207825207	0.0031816060088440843
1944.0274354333	0.004256330147970732
1946.49204443322	0.0031957948116893707
1948.95590557284	0.003337165000556786
1951.41901917301	0.003068509857748455
1953.88138555454	0.0028139399498835985
1956.34300503813	0.0030260470171398707
1958.8038779444	0.00449671125299879
1961.26400459387	0.003492723992260999
1963.72338530697	0.002488736731531697
1966.18202040403	0.004256330147970732
1968.63991020531	0.003690642256680473
1971.09705503097	0.002969498941587812
1973.55345520107	0.0033937130761003565
1976.0091110356	0.004510796487933777
1978.46402285444	0.004100771156258031
1980.91819097737	0.004129045194029816
1983.3716157241	0.0026160216854641248
1985.82429741427	0.0033796278411653696
1988.27623636736	0.0047653663957986335
1990.72743290284	0.0036623682189086877
1993.17788734002	0.003775464370004317
1995.62759999817	0.00230490370204721
1998.07657119644	0.003011961782204884
2000.5248012539	0.003337165000556786
2002.97229048952	0.004129045194029816
2005.41903922219	0.004397700336838148
2007.86504777071	0.0026018328826273264
2010.31031645378	0.004001760240097388
2012.75484559	0.003605820143356629
2015.19863549792	0.004001760240097388
2017.64168649594	0.003322976197719987
2020.08399890242	0.0039027493239367455
2022.5255730356	0.003337165000556786
2024.96640921365	0.005034021538606964
2027.40650775462	0.0037189162944522586
2029.84586897649	0.003520998030041273
2032.28449319715	0.0038179272106129013
2034.72238073438	0.004143130428964803
2037.15953190591	0.0036623682189086877
2039.59594702932	0.003747190332232532
2042.03162642215	0.004100771156258031
2044.46657040182	0.0035350832649762597
2046.90077928567	0.003322976197719987
2049.33425339095	0.004100771156258031
2051.76699303481	0.003011961782204884
2054.19899853433	0.0034785351894242008
2056.63027020645	0.0038038419756779144
2059.06080836809	0.0038462012483931746
2061.49061333602	0.004355237496221075
2063.91968542694	0.0034219871138806302
2066.34802495747	0.0034502611516524155
2068.77563224411	0.0033654390383285712
2071.20250760329	0.0034079018789456433
2073.62865135136	0.0030543210549116564
2076.05406380455	0.0035917349084216422
2078.47874527901	0.0034219871138806302
2080.9026960908	0.0049915586979898926
2083.3259165559	0.0033937130761003565
2085.74840699018	0.003322976197719987
2088.17016770944	0.0033796278411653696
2090.59119902935	0.0026725697610161837
2093.01150126553	0.0036623682189086877
2095.43107473348	0.0032381540843961433
2097.84991974864	0.003520998030041273
2100.26803662633	0.003690642256680473
2102.68542568178	0.0038321160134581877
2105.10208723015	0.0033796278411653696
2107.51802158648	0.003690642256680473
2109.93322906574	0.0032664281221679286
2112.3477099828	0.0036200089462019155
2114.76146465245	0.0038603900512299734
2117.17449338937	0.00387447528616496
2119.58679650815	0.0032240688494611564
2121.9983743233	0.003464449954489214
2124.40922714924	0.0037048310595172718
2126.81935530029	0.0031957948116893707
2129.22875909067	0.0036200089462019155
2131.63743883452	0.003351250235491773
2134.04539484589	0.004751177592961835
2136.45262743874	0.003464449954489214
2138.85913692692	0.002078607831954139
2141.26492362422	0.0044259743746099325
2143.6699878443	0.0027715806771768264
2146.07432990076	0.0032381540843961433
2148.47795010708	0.003464449954489214
2150.88084877667	0.00466635547963799
2153.28302622285	0.0034785351894242008
2155.68448275883	0.0035775461055848434
2158.08521869774	0.002714929033722956
2160.48523435261	0.003125057933300514
2162.88453003639	0.0038179272106129013
2165.28310606193	0.0038321160134581877
2167.68096274199	0.0034785351894242008
2170.07810038922	0.0025877476476923395
2172.47451931622	0.003337165000556786
2174.87021983546	0.0034219871138806302
2177.26520225933	0.0034079018789456433
2179.65946690013	0.0035917349084216422
2182.05301407006	0.004114856391193017
2184.44584408123	0.0033796278411653696
2186.83795724567	0.0036623682189086877
2189.22935387531	0.002941224903816027
2191.62003428198	0.0031675207739090975
2194.00999877743	0.0020362485592473668
2196.39924767329	0.0045532593285423605
2198.78778128115	0.0027573918743315396
2201.17559991245	0.0031675207739090975
2203.56270387857	0.002912950866044241
2205.94909349081	0.0035350832649762597
2208.33476906033	0.0039734862023256025
2210.71973089824	0.004185593269581875
2213.10397931554	0.004355237496221075
2215.48751462314	0.003605820143356629
2217.87033713186	0.0037613791350693303
2220.25244715242	0.0026160216854641248
2222.63384499546	0.00415731923181009
2225.01453097151	0.0033937130761003565
2227.39450539101	0.0031391431682355002
2229.77376856434	0.0022766296642754242
2232.15232080173	0.003492723992260999
2234.53016241336	0.0028564027904921826
2236.9072937093	0.0027715806771768264
2239.28371499954	0.0028139399498835985
2241.65942659396	0.0030402358199766695
2244.03442880236	0.0031675207739090975
2246.40872193443	0.003153331971072299
2248.78230629979	0.002927036100979228
2251.15518220795	0.003337165000556786
2253.52734996835	0.0023756405804360673
2255.89880989029	0.003506809227195986
2258.26956228301	0.0026160216854641248
2260.63960745567	0.0034219871138806302
2263.00894571731	0.0034361759167174286
2265.37757737688	0.00421386730735366
2267.74550274324	0.004298689420677505
2270.11272212517	0.0035775461055848434
2272.47923583134	0.003322976197719987
2274.84504417031	0.0030402358199766695
2277.2101474506	0.002912950866044241
2279.57454598058	0.00404422308071446
2281.93824006856	0.003096783895528728
2284.30123002275	0.0034785351894242008
2286.66351615125	0.0035350832649762597
2289.02509876208	0.002262440861438626
2291.38597816317	0.002969498941587812
2293.74615466236	0.0036340941811369024
2296.10562856737	0.00230490370204721
2298.46440018585	0.002927036100979228
2300.82246982535	0.0027291178365597543
2303.1798377933	0.004878462546894263
2305.5365043971	0.002912950866044241
2307.89246994399	0.0014422866301853222
2310.24773474116	0.0029977729793680854
2312.60229909566	0.0025452848070752674
2314.95616331451	0.0039027493239367455
2317.30932770456	0.0020503337941823537
2319.66179257263	0.0037048310595172718
2322.01355822542	0.002912950866044241
2324.36462496953	0.002559473609920554
2326.71499311146	0.00415731923181009
2329.06466295764	0.002658380958170897
2331.41363481439	0.0031957948116893707
2333.76190898794	0.002700843798787969
2336.10948578441	0.0031816060088440843
2338.45636550986	0.002460462693759911
2340.80254847022	0.0026160216854641248
2343.14803497132	0.002941224903816027
2345.49282531895	0.002474547928694898
2347.83691981874	0.0029554137066528253
2350.18031877626	0.004369426299066362
2352.52302249699	0.0028139399498835985
2354.8650312863	0.0034785351894242008
2357.20634544946	0.002898762063207443
2359.54696529166	0.0021493447103429963
2361.88689111798	0.0027856659121118133
2364.22612323341	0.0034502611516524155
2366.56466194287	0.0035775461055848434
2368.90250755114	0.002290714899210411
2371.23966036293	0.0029977729793680854
2373.57612068286	0.003563357302748045
2375.91188881545	0.002432188655979638
2378.2469650651	0.003153331971072299
2380.58134973615	0.0033654390383285712
2382.91504313282	0.0031675207739090975
2385.24804555926	0.0029977729793680854
2387.58035731949	0.003464449954489214
2389.91197871745	0.003563357302748045
2392.24291005701	0.002714929033722956
2394.57315164189	0.0026866549959511706
2396.90270377577	0.004524985290770576
2399.23156676218	0.0021635335131797947
2401.55974090461	0.0027573918743315396
2403.88722650642	0.0026866549959511706
2406.21402387086	0.0030825950926834417
2408.54013330113	0.003068509857748455
2410.8655551003	0.0025028219664666837
2413.19028957133	0.003110869130463715
2415.51433701713	0.0026160216854641248
2417.83769774049	0.003125057933300514
2420.16037204408	0.0036340941811369024
2422.48236023051	0.0027715806771768264
2424.80366260228	0.0021635335131797947
2427.12427946179	0.0036623682189086877
2429.44421111134	0.002474547928694898
2431.76345785315	0.002912950866044241
2434.08201998932	0.0026160216854641248
2436.39989782188	0.003110869130463715
2438.71709165273	0.002432188655979638
2441.0336017837	0.002912950866044241
2443.34942851653	0.003916938126773544
2445.66457215282	0.0036340941811369024
2447.97903299412	0.003520998030041273
2450.29281134185	0.0026866549959511706
2452.60590749736	0.002121070672562723
2454.91832176188	0.0039592973994888045
2457.23005443656	0.00230490370204721
2459.54110582243	0.0034079018789456433
2461.85147622045	0.002460462693759911
2464.16116593146	0.00264429572323591
2466.47017525621	0.003747190332232532
2468.77850449536	0.0031675207739090975
2471.08615394947	0.002842213987655384
2473.39312391899	0.0032523428872329417
2475.69941470429	0.002884676828272456
2478.00502660562	0.0031391431682355002
2480.30995992316	0.003506809227195986
2482.61421495697	0.002828128752720397
2484.91779200702	0.003648282983973701
2487.22069137316	0.0032664281221679286
2489.5229133552	0.002912950866044241
2491.8244582528	0.003011961782204884
2494.12532636553	0.0030260470171398707
2496.42551799287	0.0027291178365597543
2498.72503343421	0.0026725697610161837
2501.02387298882	0.00387447528616496
2503.32203695588	0.0021352594754080094
2505.61952563449	0.00264429572323591
2507.91633932361	0.002898762063207443
2510.21247832216	0.0027856659121118133
2512.50794292891	0.003464449954489214
2514.80273344255	0.0020503337941823537
2517.09685016167	0.003096783895528728
2519.39029338476	0.003153331971072299
2521.68306341022	0.0026018328826273264
2523.97516053634	0.0028704880254271695
2526.26658506132	0.003110869130463715
2528.55733728325	0.003690642256680473
2530.84741750012	0.003747190332232532
2533.13682600984	0.0026866549959511706
2535.4255631102	0.0035917349084216422
2537.7136290989	0.0028139399498835985
2540.00102427354	0.0040724971184862456
2542.28774893162	0.003322976197719987
2544.57380337053	0.002969498941587812
2546.85918788758	0.002517010769303482
2549.14390277997	0.002842213987655384
2551.4279483448	0.0026301069203991116
2553.71132487906	0.0027291178365597543
2555.99403267966	0.0029836877444330986
2558.27607204341	0.0033796278411653696
2560.55744326699	0.0023756405804360673
2562.83814664702	0.0033937130761003565
2565.11818247999	0.0034079018789456433
2567.3975510623	0.0032098800466243576
2569.67625269025	0.002700843798787969
2571.95428766003	0.002460462693759911
2574.23165626776	0.0032240688494611564
2576.50835880942	0.003789653172841116
2578.78439558093	0.0036623682189086877
2581.05976687806	0.002078607831954139
2583.33447299652	0.0021493447103429963
2585.60851423191	0.003322976197719987
2587.88189087972	0.00387447528616496
2590.15460323534	0.0030543210549116564
2592.42665159406	0.0033654390383285712
2594.69803625108	0.0033937130761003565
2596.9687575015	0.0017675934164390356
2599.23881564029	0.001979700483695308
2601.50821096235	0.003492723992260999
2603.77694376245	0.0024462738909146247
2606.0450143353	0.002517010769303482
2608.31242297548	0.004100771156258031
2610.57916997746	0.0021635335131797947
2612.84525563562	0.0032098800466243576
2615.11068024426	0.0015412975463459648
2617.37544409753	0.0022200815887233657
2619.63954748952	0.003351250235491773
2621.90299071421	0.0030825950926834417
2624.16577406546	0.0022766296642754242
2626.42789783705	0.003351250235491773
2628.68936232264	0.003506809227195986
2630.9501678158	0.0023756405804360673
2633.21031460999	0.0033796278411653696
2635.46980299857	0.003125057933300514
2637.72863327481	0.002078607831954139
2639.98680573185	0.0030260470171398707
2642.24432066276	0.0026018328826273264
2644.50117836048	0.0039734862023256025
2646.75737911786	0.0021352594754080094
2649.01292322765	0.0022341668236583526
2651.26781098249	0.002941224903816027
2653.52204267492	0.0029977729793680854
2655.77561859738	0.0031675207739090975
2658.0285390422	0.0023756405804360673
2660.28080430161	0.0035917349084216422
2662.53241466774	0.002700843798787969
2664.78337043263	0.0034079018789456433
2667.03367188817	0.0034361759167174286
2669.2833193262	0.003110869130463715
2671.53231303844	0.0033654390383285712
2673.78065331648	0.0030402358199766695
2676.02834045184	0.0034079018789456433
2678.27537473592	0.002927036100979228
2680.52175646002	0.0030825950926834417
2682.76748591535	0.0018382267269260813
2685.01256339298	0.0015412975463459648
2687.25698918391	0.0030402358199766695
2689.50076357901	0.0028564027904921826
2691.74388686909	0.0024039146182078526
2693.9863593448	0.0025877476476923395
2696.22818129672	0.002389725815371054
2698.46935301532	0.003125057933300514
2700.70987479096	0.0030260470171398707
2702.94974691389	0.002743306639396553
2705.18896967428	0.0026725697610161837
2707.42754336216	0.002517010769303482
2709.66546826749	0.0036200089462019155
2711.90274468011	0.0027715806771768264
2714.13937288974	0.002700843798787969
2716.37535318602	0.0023190925048840083
2718.61068585848	0.0031957948116893707
2720.84537119652	0.0026725697610161837
2723.07940948947	0.004100771156258031
2725.31280102654	0.0034219871138806302
2727.54554609682	0.0031391431682355002
2729.77764498933	0.0023756405804360673
2732.00909799294	0.0031675207739090975
2734.23990539644	0.0033796278411653696
2736.47006748853	0.003351250235491773
2738.69958455777	0.0033937130761003565
2740.92845689263	0.0024179998531428395
2743.15668478147	0.002121070672562723
2745.38426851257	0.002828128752720397
2747.61120837406	0.0032664281221679286
2749.83750465399	0.003110869130463715
2752.0631576403	0.003789653172841116
2754.28816762083	0.0025028219664666837
2756.51253488329	0.0034502611516524155
2758.73625971532	0.0024039146182078526
2760.95934240442	0.002941224903816027
2763.18178323801	0.002290714899210411
2765.40358250338	0.0026160216854641248
2767.62474048773	0.002658380958170897
2769.84525747814	0.0033937130761003565
2772.06513376159	0.0022058927858865673
2774.28436962496	0.0031391431682355002
2776.50296535501	0.0027856659121118133
2778.7209212384	0.0031957948116893707
2780.93823756168	0.002700843798787969
2783.15491461129	0.002559473609920554
2785.37095267358	0.003337165000556786
2787.58635203477	0.002714929033722956
2789.80111298097	0.0028564027904921826
2792.01523579822	0.002658380958170897
2794.2287207724	0.0037189162944522586
2796.44156818932	0.0023614517775992685
2798.65377833468	0.0027856659121118133
2800.86535149404	0.002573558844855541
2803.07628795289	0.0035917349084216422
2805.28658799659	0.002474547928694898
2807.4962519104	0.00415731923181009
2809.70527997946	0.003733105097297545
2811.91367248883	0.003011961782204884
2814.12142972342	0.003945212164553818
2816.32855196807	0.002517010769303482
2818.53503950749	0.0021352594754080094
2820.74089262628	0.002573558844855541
2822.94611160894	0.003068509857748455
2825.15069673987	0.003110869130463715
2827.35464830333	0.0038321160134581877
2829.55796658351	0.0025028219664666837
2831.76065186445	0.002658380958170897
2833.96270443012	0.0031391431682355002
2836.16412456437	0.0031675207739090975
2838.3649125509	0.0017816786513740225
2840.56506867336	0.0021493447103429963
2842.76459321526	0.003690642256680473
2844.96348645999	0.0033088909627850007
2847.16174869086	0.0038886640890017587
2849.35938019105	0.0038886640890017587
2851.55638124363	0.0046522702447030035
2853.75275213157	0.0036623682189086877
2855.94849313772	0.003605820143356629
2858.14360454483	0.0032664281221679286
2860.33808663553	0.00421386730735366
2862.53193969234	0.004595618601257621
2864.72516399768	0.00466635547963799
2866.91775983385	0.0043128782235143034
2869.10972748304	0.0038179272106129013
2871.30106722733	0.004524985290770576
2873.4917793487	0.0040865823534212324
2875.68186412899	0.005783438891471411
2877.87132184997	0.004638081441866205
2880.06015279325	0.0066035931227247146
2882.24835724039	0.005246128605863236
2884.43593547278	0.006080368072051527
2886.62288777173	0.004850188509122477
2888.80921441843	0.00613701971549691
2890.99491569397	0.006235927063755741
2893.1799918793	0.006009734761564482
2895.36444325529	0.005981460723792696
2897.54827010269	0.007890424329099147
2899.73147270213	0.007621769186290816
2901.91405133412	0.006363212017688169
2904.09600627909	0.008060068555738348
2906.27733781731	0.007565117542845433
2908.45804622899	0.007494484232358388
2910.63813179418	0.007551032307910446
2912.81759479286	0.008979233703152293
2914.99643550486	0.007551032307910446
2917.17465420994	0.008286364425839906
2919.3522511877	0.00871057856035245
2921.52922671765	0.007720676534549647
2923.7055810792	0.009064055816476138
2925.88131455162	0.00893677086254371
2928.05642741408	0.0104497943711094
2930.23091994566	0.01006804307720544
2932.40479242528	0.00971446225317994
2934.57804513178	0.011156852451267076
2936.75067834387	0.01040743509840263
2938.92269234017	0.00972865105601674
2941.09408739916	0.010096317114985714
2943.26486379921	0.010463983173946199
2945.4350218186	0.010138676387692487
2947.60456173546	0.009771113896633812
2949.77348382783	0.010435709136174413
2951.94178837363	0.009191340770408566
2954.10947565068	0.009870021244884154
2956.27654593666	0.01129822264013449
2958.44299950915	0.010562890522205031
2960.60883664562	0.01073263831675453
2962.77405762341	0.010478068408881186
2964.93866271975	0.01085992327068696
2967.10265221178	0.010690175476137459
2969.26602637648	0.011991091917446878
2971.42878549076	0.010053854274368642
2973.59092983139	0.009898295282664428
2975.75245967501	0.00984174720711237
2977.9133752982	0.009148877929799982
2980.07367697736	0.008498471493096179
2982.23336498882	0.008456008652479106
2984.39243960877	0.007579306345682232
2986.5509011133	0.008908496824763436
2988.70874977837	0.008498471493096179
2990.86598587984	0.008074257358583633
2993.02260969344	0.007452021391749803
2995.17862149478	0.00808834259351862
2997.33402155938	0.0071833662489414725
2999.48881016262	0.0066177819255615125
3001.64298757978	0.006334937979916383
3003.796554086	0.005486509710891294
3005.94950995633	0.006250115866592539
3008.10185546569	0.006023819996499469
3010.25359088888	0.005217854568091451
3012.40471650059	0.005034021538606964
3014.5552325754	0.00528859144647182
3016.70513938776	0.0044259743746099325
3018.85443721201	0.004920925387511334
3021.00312632236	0.006349126782753182
3023.15120699292	0.0046522702447030035
3025.29867949769	0.0046522702447030035
3027.44554411052	0.005910723845403839
3029.59180110516	0.00640567485830524
3031.73745075527	0.005910723845403839
3033.88249333434	0.0071833662489414725
3036.02692911578	0.008074257358583633
3038.17075837287	0.007862150291327362
3040.31398137877	0.006773340917265726
3042.45659840653	0.006660141198268285
3044.59860972907	0.0065045822065640715
3046.7400156192	0.007579306345682232
3048.88081634961	0.006900522303296343
3051.02101219287	0.0065045822065640715
3053.16060342144	0.004821914471350692
3055.29959030765	0.006023819996499469
3057.43797312371	0.005995545958727683
3059.57575214172	0.0061511049504318965
3061.71292763366	0.00589653504256704
3063.84949987139	0.0054723209080544954
3065.98546912665	0.005811712929243196
3068.12083567105	0.005613794664823722
3070.2555997761	0.006773340917265726
3072.38976171319	0.005048106773541951
3074.52332175356	0.0063774008205334555
3076.65628016837	0.005090569614150535
3078.78863722863	0.004963284660218107
3080.92039320526	0.005189580530311178
3083.05154836902	0.003294702159939714
3085.1821029906	0.00415731923181009
3087.31205734051	0.004397700336838148
3089.44141168921	0.004468437215227005
3091.57016630696	0.004058308315649447
3093.69832146398	0.004015949042934187
3095.82587743032	0.0030402358199766695
3097.9528344759	0.00404422308071446
3100.07919287056	0.0039592973994888045
3102.204952884	0.003789653172841116
3104.33011478579	0.00404422308071446
3106.45467884538	0.003789653172841116
3108.57864533212	0.0034219871138806302
3110.70201451522	0.003294702159939714
3112.82478666378	0.0034219871138806302
3114.94696204676	0.0026018328826273264
3117.06854093301	0.0028704880254271695
3119.18952359127	0.001753404613602237
3121.30991029013	0.0021776187481147816
3123.4297012981	0.003125057933300514
3125.54889688352	0.0017675934164390356
3127.66749731464	0.0022200815887233657
3129.78550285957	0.002064522597019152
3131.90291378633	0.0028704880254271695
3134.01973036277	0.0015412975463459648
3136.13595285665	0.002333177739818995
3138.2515815356	0.003563357302748045
3140.36661666714	0.002573558844855541
3142.48105851863	0.0018382267269260813
3144.59490735734	0.0018382267269260813
3146.70816345041	0.0025311995721402805
3148.82082706486	0.0017958674542108211
3150.93289846758	0.0026160216854641248
3153.04437792532	0.0023190925048840083
3155.15526570475	0.0017816786513740225
3157.26556207238	0.001626119659669809
3159.37526729461	0.0020079745214670935
3161.48438163771	0.0007353321179294596
3163.59290536784	0.002432188655979638
3165.70083875102	0.0021493447103429963
3167.80818205315	0.0017110453408954649
3169.91493554002	0.0016968565380501783
3172.02109947727	0.0016543936974415944
3174.12667413044	0.0017251305758304517
3176.23165976493	0.001357464516861478
3178.33605664602	0.0018099526891458078
3180.43986503887	0.00230490370204721
3182.54308520852	0.0012726424035376337
3184.64571741986	0.0011029981768984334
3186.74776193769	0.0018241414919910944
3188.84921902664	0.0018241414919910944
3190.95008895128	0.0019089636053064506
3193.05037197599	0.0017393193786672504
3195.15006836504	0.0020362485592473668
3197.24917838262	0.0017675934164390356
3199.34770229274	0.0017675934164390356
3201.44564035931	0.0020362485592473668
3203.5429928461	0.0014140125924135367
3205.63976001677	0.002460462693759911
3207.73594213484	0.002573558844855541
3209.83153946372	0.0023614517775992685
3211.92655226669	0.0020927966347909373
3214.02098080688	0.0029554137066528253
3216.11482534732	0.0013009164413179072
3218.20808615091	0.0018665007646978668
3220.30076348041	0.0020503337941823537
3222.39285759847	0.0024039146182078526
3224.4843687676	0.0013716533196982766
3226.57529725019	0.0019089636053064506
3228.66564330851	0.0012301795629290498
3230.75540720468	0.0017675934164390356
3232.8445892007	0.0017958674542108211
3234.93318955847	0.0022058927858865673
3237.02120853974	0.0016120344247348222
3239.10864640612	0.0015837603869545487
3241.19550341911	0.0021776187481147816
3243.28177984009	0.0016403084625066075
3245.36747593029	0.0019937857186302947
3247.45259195083	0.0017251305758304517
3249.53712816268	0.0016403084625066075
3251.62108482672	0.0011029981768984334
3253.70446220366	0.0023756405804360673
3255.78726055411	0.0017110453408954649
3257.86948013853	0.0014422866301853222
3259.95112121728	0.0014282013952503353
3262.03218405055	0.0017816786513740225
3264.11266889845	0.001753404613602237
3266.19257602092	0.0009757132229660053
3268.27190567779	0.001173631487376991
3270.35065812876	0.0031816060088440843
3272.4288336334	0.0018806895675346652
3274.50643245114	0.0015978456218895356
3276.5834548413	0.0015554863491827635
3278.65990106305	0.0018524155297628799
3280.73577137545	0.0018099526891458078
3282.81106603742	0.0022766296642754242
3284.88578530774	0.0020503337941823537
3286.95992944508	0.0021352594754080094
3289.03349870796	0.0011453574496052056
3291.1064933548	0.0015130235085741794
3293.17891364384	0.0014564754330221206
3295.25075983324	0.0018524155297628799
3297.322032181	0.0006222359668338301
3299.39273094501	0.0014706642358589192
3301.462856383	0.0005655843233884476
3303.53240875259	0.0014706642358589192
3305.60138831128	0.0017816786513740225
3307.6697953164	0.0015837603869545487
3309.73763002519	0.0018382267269260813
3311.80489269472	0.0013151052441547058
3313.87158358198	0.0013857385546332632
3315.93770294378	0.001032261298509576
3318.00325103681	0.0016403084625066075
3320.06822811764	0.0020927966347909373
3322.13263444272	0.0007776913906447199
3324.19647026832	0.001979700483695308
3326.25973585064	0.0019937857186302947
3328.32243144568	0.0014282013952503353
3330.38455730938	0.0013291904790896925
3332.44611369749	0.0010888093740616348
3334.50710086564	0.0014564754330221206
3336.56751906936	0.0005655843233884476
3338.62736856401	0.002064522597019152
3340.68664960483	0.000452488172292818
3342.74536244693	0.0013716533196982766
3344.80350734528	0.0017110453408954649
3346.86108455472	0.0008626170718703757
3348.91809432997	0.0022766296642754242
3350.97453692559	0.0015978456218895356
3353.03041259603	0.0018241414919910944
3355.08572159559	0.0025452848070752674
3357.14046417844	0.0018524155297628799
3359.19464059863	0.0010747241391266481
3361.24825111005	0.0017393193786672504
3363.30129596648	0.0008767023068053626
3365.35377542155	0.0012726424035376337
3367.40568972878	0.0013009164413179072
3369.45703914152	0.0010888093740616348
3371.507823913	0.0007776913906447199
3373.55804429633	0.0017816786513740225
3375.60770054446	0.0012868312063829203
3377.65679291024	0.0015554863491827635
3379.70532164635	0.001173631487376991
3381.75328700534	0.0012868312063829203
3383.80068923965	0.0012726424035376337
3385.84752860155	1.4188802845286597e-05
3387.89380534321	0.000904976344577148
3389.93951971664	0.002389725815371054
3391.98467197371	0.0011878202902222777
3394.02926236618	0.0015130235085741794
3396.07329114566	0.0013291904790896925
3398.1167585636	0.0015695715841177501
3400.15966487137	0.0019089636053064506
3402.20201032014	0.0
3404.24379516099	0.0020079745214670935
3406.28501964484	0.001357464516861478
3408.3256840225	0.0012019055251572645
3410.3657885446	0.000904976344577148
3412.40533346167	0.0007918801934815184
3414.44431902408	0.0013857385546332632
3416.48274548209	0.0003393920211971884
3418.5206130858	0.000904976344577148
3420.55792208516	0.00028284394564512965
3422.59467273003	0.0016120344247348222
3424.63086527009	0.001032261298509576
3426.6664999549	0.0011595462524420042
3428.70157703386	0.0006080471639970315
3430.73609675628	0.0010464501013463746
3432.77005937129	0.0019655116808585094
3434.80346512789	0.0005655843233884476
3436.83631427494	0.001173631487376991
3438.86860706119	0.0008343430340901024
3440.90034373521	0.0008767023068053626
3442.93152454546	0.0010888093740616348
3444.96214974025	0.0011170834118334203
3446.99221956775	0.001032261298509576
3449.021734276	0.0016543936974415944
3451.05069411289	5.6548075552058805e-05
3453.07909932619	0.0007070580801576742
3455.1069501635	0.0003959400967407592
3457.1342468723	1.4188802845286597e-05
3459.16098969993	0.001357464516861478
3461.1871788936	0.0014282013952503353
3463.21281470035	0.00042421413451254456
3465.23789736712	0.0006645952395490903
3467.26242714067	0.0008059654284165052
3469.28640426765	0.0012019055251572645
3471.30982899455	0.0012726424035376337
3473.33270156774	0.0011029981768984334
3475.35502223343	0.0019089636053064506
3477.3767912377	0.001032261298509576
3479.39800882649	0.0009897984579009921
3481.41867524559	0.0019089636053064506
3483.43879074066	0.0011878202902222777
3485.45835555721	0.0016968565380501783
3487.47736994062	5.6548075552058805e-05
3489.49583413611	0.0006505100046141035
3491.51374838879	0.0007918801934815184
3493.53111294359	0.0012726424035376337
3495.54792804533	0.0006222359668338301
3497.56419393867	0.0008201542312533037
3499.57991086814	0.0007211433150926611
