1000.07700129088	0.00022365592891894056
1002.83416209528	0.0
1005.59045264208	0.002290479867887477
1008.34587328813	0.003001868351999222
1011.10042439014	0.0023255321913749497
1013.85410630472	0.0055268198432150625
1016.60691938837	0.0034734168389151526
1019.35886399746	0.006011868211474141
1022.10994048823	0.008908658539685466
1024.86014921684	0.009377601786342194
1027.60949053928	0.007984429821064204
1030.35796481149	0.008744291563332049
1033.10557238924	0.009197050741711902
1035.85231362819	0.009687467483838431
1038.5981888839	0.008407505049824036
1041.34319851182	0.012217787348921722
1044.08734286727	0.013845430937528075
1046.83062230544	0.013214804901451657
1049.57303718143	0.01723800638173338
1052.31458785021	0.015952675573851535
1055.05527466665	0.01948001299146476
1057.79509798549	0.016909272429026546
1060.53405816134	0.01940730310423061
1063.27215554874	0.023260690287616945
1066.00939050209	0.02525212015241761
1068.74576337565	0.023527530047499055
1071.48127452361	0.026381215491421733
1074.21592430002	0.02531140910498313
1076.94971305882	0.028803773145783404
1079.68264115384	0.02997328918214245
1082.41470893879	0.02857466989632249
1085.14591676728	0.02881719408045203
1087.8762649928	0.02838606629089102
1090.60575396871	0.03361920450488672
1093.33438404827	0.03379170298871584
1096.06215558464	0.033635388573163595
1098.78906893086	0.03542732019144884
1101.51512443981	0.03710075285127757
1104.24032246435	0.039267286440166554
1106.96466335716	0.03784182528500934
1109.68814747081	0.03996525398960967
1112.41077515779	0.03867716004811958
1115.13254677044	0.04020240979987176
1117.85346266104	0.042479389786416084
1120.57352318169	0.03900597294750093
1123.29272868445	0.04031554038446083
1126.01107952121	0.04083027270233993
1128.72857604378	0.048973701125890105
1131.44521860385	0.048070945902738645
1134.16100755301	0.048960201244546954
1136.87594324271	0.04529541766659209
1139.59002602433	0.049509906939239005
1142.3032562491	0.04774221195003181
1145.01563426818	0.05025634774683822
1147.72716043257	0.050752211809506724
1150.43783509322	0.04817333973959281
1153.14765860091	0.05279211493246349
1155.85663130634	0.051043209251792364
1158.56475356012	0.054163734455597155
1161.27202571271	0.05308848074861658
1163.97844811448	0.05555959060780887
1166.68402111569	0.05706052478380848
1169.38874506649	0.05919745336975196
1172.09262031694	0.06230984706608105
1174.79564721695	0.06270323834522086
1177.49782611635	0.06440627600799509
1180.19915736486	0.06200803392938599
1182.89964131208	0.0687798428298025
1185.59927830751	0.07114847990546609
1188.29806870054	0.07162271257931575
1190.99601284046	0.07075232549271804
1193.69311107643	0.07338235500772178
1196.38936375753	0.07613640974839853
1199.08477123271	0.07569178207749437
1201.77933385082	0.07858051984490452
1204.47305196061	0.07882572821596778
1207.1659259107	0.08195430598057375
1209.85795604964	0.08325582085673247
1212.54914272585	0.08968808011003272
1215.23948628763	0.09117827753829742
1217.92898708319	0.09279778961942808
1220.61764546064	0.09623354889459655
1223.30546176798	0.0906689925409603
1225.99243635308	0.09256063380916599
1228.67856956373	0.09738688086267873
1231.36386174761	0.09740038074402188
1234.04831325228	0.09676438633407801
1236.73192442522	0.09750009039394232
1239.41469561377	0.09913033922280788
1242.09662716519	0.0986641591097594
1244.77771942662	0.10145863454779108
1247.45797274511	0.10214310221589105
1250.13738746759	0.10105174338730812
1252.81596394089	0.10135892489787063
1255.49370251175	0.1037626142970217
1258.17060352676	0.10517733870444401
1260.84666733246	0.10605846253877663
1263.52189427525	0.10591027963070009
1266.19628470144	0.10920054018472575
1268.86983895722	0.11022992587380942
1271.5425573887	0.114239627472748
1274.21444034186	0.11069879017379163
1276.8854881626	0.10996853343446929
1279.55570119671	0.11225632911542303
1282.22507978985	0.11619600501406119
1284.89362428759	0.11463578188549606
1287.56133503543	0.11767001837404903
1290.22821237872	0.11993626161285846
1292.89425666274	0.12095751579446644
1295.55946823263	0.12578376284797918
1298.22384743346	0.12816858399191966
1300.88739461019	0.12861865898336577
1303.55011010766	0.13248286186116154
1306.21199427063	0.13217023303005704
1308.87304744373	0.13705040066226787
1311.53326997152	0.13941366936406402
1314.19266219843	0.14003071657212277
1316.8512244688	0.14049689668517124
1319.50895712687	0.14205988294734462
1322.16586051676	0.1452476707178416
1324.82193498252	0.14162330783724164
1327.47718086806	0.14569498257567948
1330.1315985172	0.1503406785845619
1332.78518827369	0.15174466624424932
1335.43795048114	0.15356091343828715
1338.08988548307	0.15234560833070573
1340.74099362289	0.15020867974476224
1343.39127524392	0.15463340401165948
1346.04073068939	0.15166382484953947
1348.6893603024	0.1511572240391361
1351.33716442597	0.14942987080060927
1353.98414340301	0.14758133441669224
1356.63029757632	0.1497774730085267
1359.27562728863	0.1523536608915069
1361.92013288252	0.15016825904740733
1364.56381470053	0.1486861141799438
1367.20667308505	0.14595100664115215
1369.84870837838	0.14764867593005893
1372.48992092274	0.14593213838594155
1375.13031106023	0.14530159129653966
1377.76987913284	0.1443799678181776
1380.40862548251	0.14641718675420062
1383.04655045101	0.1435122649185136
1385.68365438006	0.14425333735224538
1388.31993761126	0.14164486027938597
1390.95540048612	0.14677292046959375
1393.59004334605	0.1413619153979015
1396.22386653233	0.1445902028124279
1398.85687038619	0.14504556723106696
1401.48905524873	0.143434186657412
1404.12042146094	0.14591327013073097
1406.75096936375	0.1446548601388609
1409.38069929796	0.14724178476957597
1412.00961160428	0.15168269310475008
1414.63770662332	0.14778612209040057
1417.26498469557	0.14857029940842098
1419.89144616146	0.15197369054703572
1422.51709136132	0.15052667694973418
1425.14192063532	0.15506184761428676
1427.76593432361	0.15330220518588072
1430.3891327662	0.15593223470088446
1433.01151630299	0.15584602493230718
1435.63308527382	0.1546549564538038
1438.2538400184	0.15762721980285752
1440.87378087637	0.1575490625950814
1443.49290818722	0.1597748851365359
1446.1112222904	0.15799369026598556
1448.72872352524	0.15284407763363342
1451.34541223097	0.15471424540636933
1453.96128874671	0.15431272261975382
1456.5763534115	0.152933050535819
1459.19060656429	0.1534207830910118
1461.8040485439	0.14953771195800541
1464.41667968907	0.15668672806928485
1467.02850033846	0.15547410714863716
1469.63951083061	0.1588290250290958
1472.24971150397	0.1609174803568832
1474.8591026969	0.15920631118663325
1477.46768474763	0.16074766605998778
1480.07545799434	0.1578643756131196
1482.68242277508	0.1593760465368541
1485.28857942782	0.15905544409162298
1487.89392829042	0.15689427887660146
1490.49846970065	0.1559160506326076
1493.10220399619	0.1577862184053435
1495.70513151461	0.16051327338333396
1498.30725259339	0.1596778596735492
1500.90856756992	0.1625639132540256
1503.50907678146	0.1599069629230101
1506.10878056524	0.16210310151484458
1508.70767925832	0.16633922217631034
1511.30577319772	0.16409453137964525
1513.90306272032	0.16375498173252898
1516.49954816295	0.16785365623365311
1519.09522986229	0.16645511589450768
1521.69010815498	0.16970219261757016
1524.28418337751	0.17154267644068602
1526.87745586632	0.17007142621430643
1529.46992595773	0.17484643687605483
1532.06159398796	0.17253164143241478
1534.65246029316	0.17822022301172405
1537.24252520935	0.17943284393237174
1539.83178907249	0.1811871179869103
1542.42025221841	0.18510792563033787
1545.00791498287	0.18732561666431669
1547.59477770152	0.1882526085165462
1550.18084070993	0.1911359779100889
1552.76610434356	0.18875115676614843
1555.35056893777	0.1937983755616464
1557.93423482785	0.19816917924984553
1560.51710234896	0.20234601095874577
1563.0991718362	0.20196872480120834
1565.68044362457	0.20611587256048855
1568.26091804893	0.21035467740888802
1570.84059544411	0.21127898507418383
1573.41947614481	0.21164000821676987
1575.99756048562	0.21045438705880848
1578.57484880108	0.21209813576901718
1581.15134142559	0.21174784937416602
1583.72703869349	0.21093130391959186
1586.301940939	0.21555544748633
1588.87604849628	0.21932538803474727
1591.44936169934	0.21640965050465083
1594.02188088215	0.21988859361078247
1596.59360637855	0.21789984793291553
1599.16453852232	0.21600007515723416
1601.73467764709	0.2163692298072959
1604.30402408647	0.2095489476487233
1606.87257817391	0.20601884709750182
1609.44034024281	0.2063610809315518
1612.00731062644	0.2045933859423446
1614.57348965801	0.19999884737855197
1617.13887767062	0.196970058210541
1619.70347499726	0.19159134232872796
1622.26728197086	0.19534241462193463
1624.83029892423	0.19259112301486614
1627.39252619012	0.18817445130877009
1629.95396410112	0.1880127685193504
1632.5146129898	0.18865949967702916
1635.07447318858	0.18610494318286783
1637.63354502984	0.1835449393681645
1640.19182884582	0.18138922147368494
1642.74932496868	0.18455008842817014
1645.3060337305	0.18649296608814017
1647.86195546325	0.1844126422678285
1650.41709049882	0.17978581451415665
1652.971439169	0.18381170018137208
1655.52500180548	0.18228652937629444
1658.07777873987	0.18363391227035006
1660.62977030368	0.1854447121438459
1663.18097682833	0.18456090412257956
1665.73139864514	0.1854069756334247
1668.28103608534	0.18761937724021058
1670.82988948008	0.1869726460825318
1673.37795916039	0.18336438832353422
1675.92524545724	0.18373362192027048
1678.47174870147	0.1810334877582918
1681.01746922386	0.18172600798719296
1683.56240735508	0.17984510346672217
1686.10656342572	0.17943552811930547
1688.64993776626	0.18076672694508422
1691.19253070709	0.17947058044279296
1693.73434257853	0.17889655917234834
1696.27537371078	0.18205482088657432
1698.81562443395	0.17572219233651998
1701.35509507809	0.17644171232810743
1703.89378597311	0.17781064766430738
1706.43169744886	0.17793996231717332
1708.96882983509	0.17921992475118773
1711.50518346144	0.17493264664463212
1714.0407586575	0.1780827768513824
1716.57555575272	0.17927384532988577
1719.10957507649	0.18072093787386184
1721.64281695809	0.17781601603817482
1724.17528172671	0.17698873383586575
1726.70696971146	0.17819322324903775
1729.23788124135	0.18209247845032098
1731.7680166453	0.1843479849413955
1734.29737625213	0.17892355893503462
1736.82596039057	0.18435880063580493
1739.35376938927	0.18547439609346592
1741.88080357677	0.18131106426590882
1744.40706328154	0.18628012585363066
1746.93254883193	0.18361504401513945
1749.45726055623	0.1840030669204118
1751.9811987826	0.18802626840069353
1754.50436383915	0.18536931806967802
1757.02675605387	0.18795347956678485
1759.54837575466	0.19090419047369425
1762.06922326934	0.19238088802061581
1764.58929892564	0.18965391198929987
1767.10860305118	0.19011196059487268
1769.6271359735	0.18771640270319728
1772.14489802005	0.19349111510440933
1774.66188951817	0.19047037849719953
1777.17811079515	0.19125455581521994
1779.69356217815	0.1927985948755082
1782.20824399425	0.18906639083751212
1784.72215657043	0.19068321873170904
1787.23530023361	0.1927501216173521
1789.74767531057	0.19252646568843315
1792.25928212804	0.18611031155673527
1794.77012101264	0.18923888932134122
1797.2801922909	0.18761669305327686
1799.78949628926	0.18874578839228098
1802.29803333406	0.19162639465221543
1804.80580375158	0.18975630582615405
1807.31280786797	0.1929684091724036
1809.81904600929	0.19280396324937565
1812.32451850154	0.19054040419749996
1814.82922567061	0.1949759441588066
1817.33316784231	0.19249141336494568
1819.83634534233	0.18912844292368589
1822.33875849629	0.1865522550407057
1824.84040762973	0.19214649534396197
1827.34129306808	0.18819331956398067
1829.84141513667	0.19334830057020025
1832.34077416077	0.18898018106893483
1834.83937046553	0.18995564617932043
1837.33720437602	0.19034106384433358
1839.83427621723	0.18962959641354732
1842.33058631404	0.18763011398794546
1844.82613499125	0.19102008419189156
1847.32092257355	0.1907452708178828
1849.81494938558	0.19398161079321039
1852.30821575184	0.1907748758208283
1854.80072199677	0.1944882116036138
1857.29246844473	0.19554451810870926
1859.78345541994	0.19173415686293704
1862.27368324658	0.1966008246138047
1864.76315224871	0.1951079429986063
1867.2518627503	0.1937740599858938
1869.73981507524	0.19397892660627666
1872.22700954733	0.19675982321629068
1874.71344649027	0.19455286893004678
1877.19912622768	0.195913672758771
1879.68404908308	0.20003389970203947
1882.16821537988	0.19948956238121485
1884.65162544145	0.19856525471591907
1887.13427959102	0.1971613460029062
1889.61617815175	0.19969166586798948
1892.0973214467	0.20093128655132347
1894.57770979887	0.1985949386655391
1897.05734353113	0.19925785389149475
1899.53622296628	0.20019826667839288
1902.014348427	0.19819073169198986
1904.49172023593	0.20300079467722573
1906.96833871558	0.20098512818334702
1909.44420418839	0.19899377726522088
1911.91931697668	0.2035720528140621
1914.39367740272	0.20106596957805686
1916.86728578865	0.199473378312938
1919.34014245654	0.1981368111132918
1921.81224772838	0.1978134455344524
1924.28360192604	0.19853296552603986
1926.75420537132	0.19954616714684667
1929.22405838593	0.19996655818867276
1931.69316129147	0.19794283913399288
1934.16151440948	0.20258853514287534
1936.62911806136	0.19872970063894702
1939.09597256848	0.19695924251613156
1941.56207825207	0.1996754817997126
1944.0274354333	0.2020818553857974
1946.49204443322	0.1966466926317016
1948.95590557284	0.1965415356612392
1951.41901917301	0.19762752611595466
1953.88138555454	0.20051894807029855
1956.34300503813	0.19706968891378693
1958.8038779444	0.19999884737855197
1961.26400459387	0.19923630144935042
1963.72338530697	0.20079920876484927
1966.18202040403	0.19854101808684102
1968.63991020531	0.20022526644107919
1971.09705503097	0.19836859854968644
1973.55345520107	0.2004300541147875
1976.0091110356	0.20170196398800075
1978.46402285444	0.20366102571624764
1980.91819097737	0.20407328525059806
1983.3716157241	0.20172888480401252
1985.82429741427	0.20371755153520493
1988.27623636736	0.20106865376499058
1990.72743290284	0.20556079849192904
1993.17788734002	0.2035316321167072
1995.62759999817	0.20854916696258513
1998.07657119644	0.2076949639442643
2000.5248012539	0.20436973001342568
2002.97229048952	0.20752791278097713
2005.41903922219	0.20576013884509542
2007.86504777071	0.20524816966082457
2010.31031645378	0.20633684430247376
2012.75484559	0.20907463602819912
2015.19863549792	0.20796985626494757
2017.64168649594	0.2118798482139657
2020.08399890242	0.2104732553140191
2022.5255730356	0.21056751764339757
2024.96640921365	0.21283107669527326
2027.40650775462	0.21092593554572442
2029.84586897649	0.20788901487023773
2032.28449319715	0.20696470720494192
2034.72238073438	0.20739859812811118
2037.15953190591	0.20461762257142266
2039.59594702932	0.2046984639661325
2042.03162642215	0.20726383615470328
2044.46657040182	0.20623445046561958
2046.90077928567	0.20927405532804
2049.33425339095	0.21210895146342662
2051.76699303481	0.21000975938790434
2054.19899853433	0.2117936384453884
2056.63027020645	0.2092363188176188
2059.06080836809	0.21196882111615123
2061.49061333602	0.20502719791883933
2063.91968542694	0.2129685228556149
2066.34802495747	0.21021991543548013
2068.77563224411	0.20825548533336574
2071.20250760329	0.20933334428060554
2073.62865135136	0.2075818333596752
2076.05406380455	0.20961360497515627
2078.47874527901	0.20958936834607822
2080.9026960908	0.20768422719652938
2083.3259165559	0.21128435344805127
2085.74840699018	0.20992623380626074
2088.17016770944	0.2080884341700786
2090.59119902935	0.20911505672555405
2093.01150126553	0.20948697450922404
2095.43107473348	0.21162658728210126
2097.84991974864	0.20939263323317106
2100.26803662633	0.21230560762965925
2102.68542568178	0.2124619220452115
2105.10208723015	0.21146490449268157
2107.51802158648	0.20964865729864374
2109.93322906574	0.21218979285813647
2112.3477099828	0.21261555227383003
2114.76146465245	0.21286881320569445
2117.17449338937	0.21231910751100241
2119.58679650815	0.215401896204386
2121.9983743233	0.21335654576088725
2124.40922714924	0.21205503088472855
2126.81935530029	0.2140949340076853
2129.22875909067	0.21425124842323753
2131.63743883452	0.21802647839884776
2134.04539484589	0.21463390295464246
2136.45262743874	0.21854121071672686
2138.85913692692	0.21806153072233522
2141.26492362422	0.2145153250495114
2143.6699878443	0.217934900256403
2146.07432990076	0.21575486678617087
2148.47795010708	0.21230829181659297
2150.88084877667	0.21441293121265723
2153.28302622285	0.21578991910965836
2155.68448275883	0.2112385643768289
2158.08521869774	0.21758461386155184
2160.48523435261	0.21638272968863906
2162.88453003639	0.2189481018772098
2165.28310606193	0.21737437886730154
2167.68096274199	0.22038706291371019
2170.07810038922	0.21752532490898632
2172.47451931622	0.21764382386744285
2174.87021983546	0.21477671748885155
2177.26520225933	0.21460421900502244
2179.65946690013	0.21486829563129628
2182.05301407006	0.21495726853348185
2184.44584408123	0.21382272587393575
2186.83795724567	0.21631270398833863
2189.22935387531	0.21460690319195616
2191.62003428198	0.21618331038879815
2194.00999877743	0.21718309107493633
2196.39924767329	0.21497605784201793
2198.78778128115	0.21254007925298762
2201.17559991245	0.21852771083538372
2203.56270387857	0.21265865715811866
2205.94909349081	0.21664143794104546
2208.33476906033	0.2152320819074906
2210.71973089824	0.21298202273695804
2213.10397931554	0.2112196961216183
2215.48751462314	0.21344007134253082
2217.87033713186	0.21490871632865122
2220.25244715242	0.21085314671181574
2222.63384499546	0.21572249864961712
2225.01453097151	0.2140275924943186
2227.39450539101	0.21421082772588262
2229.77376856434	0.21725311677523676
2232.15232080173	0.2197484632635071
2234.53016241336	0.21826363420910985
2236.9072937093	0.21621836271228564
2239.28371499954	0.21611060050156403
2241.65942659396	0.2112493011245638
2244.03442880236	0.21512968807063643
2246.40872193443	0.21665762200932234
2248.78230629979	0.21729890584645914
2251.15518220795	0.21316257378158834
2253.52734996835	0.21664680631491293
2255.89880989029	0.21676270003311024
2258.26956228301	0.21559586818368492
2260.63960745567	0.21447222016522277
2263.00894571731	0.21142716798226036
2265.37757737688	0.2104085190409116
2267.74550274324	0.2123568440214236
2270.11272212517	0.2134643869182834
2272.47923583134	0.213205678665877
2274.84504417031	0.21235952820835732
2277.2101474506	0.21473084947095464
2279.57454598058	0.21422969598109323
2281.93824006856	0.2147362967914966
2284.30123002275	0.21380930493926711
2286.66351615125	0.21716690700665947
2289.02509876208	0.21495726853348185
2291.38597816317	0.22071856000002527
2293.74615466236	0.22029548477126543
2296.10562856737	0.21502729423378225
2298.46440018585	0.21985890966116245
2300.82246982535	0.21699709270976408
2303.1798377933	0.2204867725636306
2305.5365043971	0.21856813153273863
2307.89246994399	0.21716422281972575
2310.24773474116	0.2194142819902583
2312.60229909566	0.2170240924724504
2314.95616331451	0.22163742034477907
2317.30932770456	0.2199505667502817
2319.66179257263	0.2285358597111278
2322.01355822542	0.22021464337655558
2324.36462496953	0.22098532081323286
2326.71499311146	0.22111731965303252
2329.06466295764	0.22311948626556807
2331.41363481439	0.22638014181664826
2333.76190898794	0.2230144082417802
2336.10948578441	0.2215646315108704
2338.45636550986	0.2245423421804661
2340.80254847022	0.2252590990384453
2343.14803497132	0.2231410387077124
2345.49282531895	0.2253265194984865
2347.83691981874	0.2214380010449382
2350.18031877626	0.2218879970897098
2352.52302249699	0.22946553575029105
2354.8650312863	0.22141108022892642
2357.20634544946	0.22255091231566543
2359.54696529166	0.22394408428094342
2361.88689111798	0.22241622928893204
2364.22612323341	0.22197965417882906
2366.56466194287	0.22625887972458347
2368.90250755114	0.22833651935796143
2371.23966036293	0.2243240546254146
2373.57612068286	0.22270454254428396
2375.91188881545	0.2233781945179745
2378.2469650651	0.22469052508854265
2380.58134973615	0.22687592693264222
2382.91504313282	0.22879188377660048
2385.24804555926	0.2262723006592521
2387.58035731949	0.22696758402176148
2389.91197871745	0.22039243128757763
2392.24291005701	0.2239306633462748
2394.57315164189	0.22169134092347714
2396.90270377577	0.22583848868275735
2399.23156676218	0.22353719312046047
2401.55974090461	0.22510010043595932
2403.88722650642	0.22560133287249529
2406.21402387086	0.2269298475113403
2408.54013330113	0.22317072265733243
2410.8655551003	0.22799428552391146
2413.19028957133	0.229287747839269
2415.51433701713	0.22961916597890955
2417.83769774049	0.2285762804084827
2420.16037204408	0.22721279239282477
2422.48236023051	0.22568217426720513
2424.80366260228	0.2308937600390565
2427.12427946179	0.22849275482683915
2429.44421111134	0.22691903181693088
2431.76345785315	0.22664958681678957
2434.08201998932	0.2281802049424092
2436.39989782188	0.22436179113583582
2438.71709165273	0.22705110960340508
2441.0336017837	0.2248468395040949
2443.34942851653	0.23076176119925682
2445.66457215282	0.22662535018771152
2447.97903299412	0.22793768075827964
2450.29281134185	0.22746881645829745
2452.60590749736	0.22597048752255705
2454.91832176188	0.22417587171733808
2457.23005443656	0.22556628054900782
2459.54110582243	0.2274660533246892
2461.85147622045	0.22597048752255705
2464.16116593146	0.22623464309550542
2466.47017525621	0.22702687297432703
2468.77850449536	0.2300449253946031
2471.08615394947	0.22584922543049227
2473.39312391899	0.2288700409843766
2475.69941470429	0.23051923701512728
2478.00502660562	0.22963803423412016
2480.30995992316	0.22648790402736987
2482.61421495697	0.22710771436903687
2484.91779200702	0.2271588718141267
2487.22069137316	0.22979703283660613
2489.5229133552	0.2299290316764058
2491.8244582528	0.2304248957390743
2494.12532636553	0.22977279620752808
2496.42551799287	0.23275042793044926
2498.72503343421	0.23328663374379816
2501.02387298882	0.2297108230680288
2503.32203695588	0.23044913236815234
2505.61952563449	0.23246479886203106
2507.91633932361	0.23336210676464053
2510.21247832216	0.22983745353396104
2512.50794292891	0.23150007049938034
2514.80273344255	0.23107967945755425
2517.09685016167	0.2320956442119693
2519.39029338476	0.23476064710378597
2521.68306341022	0.234695989777353
2523.97516053634	0.23491696151933822
2526.26658506132	0.23494119814841627
2528.55733728325	0.23269650735175118
2530.84741750012	0.23159709596236708
2533.13682600984	0.23347800048283787
2535.4255631102	0.23725867777899004
2537.7136290989	0.23288518990385715
2540.00102427354	0.23442117640334426
2542.28774893162	0.2362697127872613
2544.57380337053	0.2334806846697716
2546.85918788758	0.23400078536151814
2549.14390277997	0.236708972084298
2551.4279483448	0.23814793312079835
2553.71132487906	0.23420288884829277
2555.99403267966	0.23570113883735863
2558.27607204341	0.23675476115552038
2560.55744326699	0.23355078931674653
2562.83814664702	0.23476064710378597
2565.11818247999	0.23595171558228936
2567.3975510623	0.237140099873859
2569.67625269025	0.23680868173421843
2571.95428766003	0.23240550990946554
2574.23165626776	0.2303494227182319
2576.50835880942	0.23376362955125604
2578.78439558093	0.23003687283380195
2581.05976687806	0.23529156348994196
2583.33447299652	0.23137344003344812
2585.60851423191	0.2311497841045292
2587.88189087972	0.2365580260426132
2590.15460323534	0.2359247947662776
2592.42665159406	0.2359247947662776
2594.69803625108	0.2371104948709135
2596.9687575015	0.2349816188457712
2599.23881564029	0.23600832034792116
2601.50821096235	0.23345376385375982
2603.77694376245	0.23234622095690002
2606.0450143353	0.2340250219905962
2608.31242297548	0.233987285480175
2610.57916997746	0.23491696151933822
2612.84525563562	0.2347714627981954
2615.11068024426	0.23660113092690185
2617.37544409753	0.23956265752822067
2619.63954748952	0.23355078931674653
2621.90299071421	0.23712391580558212
2624.16577406546	0.23568495476908177
2626.42789783705	0.23982941834142826
2628.68936232264	0.23646376371323474
2630.9501678158	0.24004770589647975
2633.21031460999	0.23595171558228936
2635.46980299857	0.2380751442868897
2637.72863327481	0.23732870347929047
2639.98680573185	0.23997491706257107
2642.24432066276	0.23601913604233057
2644.50117836048	0.24054625414608197
2646.75737911786	0.24078333100966956
2649.01292322765	0.2397458927597847
2651.26781098249	0.23964618310986424
2653.52204267492	0.24149748262738954
2655.77561859738	0.23896171544176428
2658.0285390422	0.23615926638960594
2660.28080430161	0.238438930563084
2662.53241466774	0.24022557275417633
2664.78337043263	0.24126837937792864
2667.03367188817	0.2436343322666585
2669.2833193262	0.24460442900317667
2671.53231303844	0.24543715852602768
2673.78065331648	0.2439011720265406
2676.02834045184	0.24138695728305967
2678.27537473592	0.24231663332222292
2680.52175646002	0.2455449207367493
2682.76748591535	0.24521618678404247
2685.01256339298	0.23953842089914262
2687.25698918391	0.24373404191657894
2689.50076357901	0.2447230069083077
2691.74388686909	0.24642612351775645
2693.9863593448	0.24575239259739137
2696.22818129672	0.2461161788735857
2698.46935301532	0.24172919111710967
2700.70987479096	0.2431169947085202
2702.94974691389	0.24354006993728003
2705.18896967428	0.24166184960374296
2707.42754336216	0.23853595602607072
2709.66546826749	0.24040343961187288
2711.90274468011	0.24069980542802596
2714.13937288974	0.2395276052047332
2716.37535318602	0.23677899778459843
2718.61068585848	0.23806172335222106
2720.84537119652	0.2374742811471078
2723.07940948947	0.23695686464229498
2725.31280102654	0.23421094140909393
2727.54554609682	0.235811585235014
2729.77764498933	0.2327557963043167
2732.00909799294	0.23474722616911736
2734.23990539644	0.23708617929516093
2736.47006748853	0.23398191710630753
2738.69958455777	0.2349816188457712
2740.92845689263	0.2383904573049279
2743.15668478147	0.2374634654526984
2745.38426851257	0.23775722602859228
2747.61120837406	0.23676826103686352
2749.83750465399	0.2327557963043167
2752.0631576403	0.24107977577249715
2754.28816762083	0.24012049473038843
2756.51253488329	0.23629663360327308
2758.73625971532	0.23737457149718735
2760.95934240442	0.23650150022365593
2763.18178323801	0.2377517787080503
2765.40358250338	0.23365855152746814
2767.62474048773	0.23169948979922123
2769.84525747814	0.2349250930268139
2772.06513376159	0.23602450441619802
2774.28436962496	0.2368706548737177
2776.50296535501	0.23610802999784158
2778.7209212384	0.23675476115552038
2780.93823756168	0.23891055799667446
2783.15491461129	0.2364125273214704
2785.37095267358	0.23889437392839757
2787.58635203477	0.23588437406892265
2789.80111298097	0.23376631373818976
2792.01523579822	0.23431878256649008
2794.2287207724	0.2345154387327227
2796.44156818932	0.23405739012714993
2798.65377833468	0.2345504910562102
2800.86535149404	0.23667928813467798
2803.07628795289	0.23532653686675492
2805.28658799659	0.23336479095157428
2807.4962519104	0.22976466470005238
2809.70527997946	0.23407894256929426
2811.91367248883	0.23211443352050537
2814.12142972342	0.23755243835488393
2816.32855196807	0.23204709200713866
2818.53503950749	0.23481188349555032
2820.74089262628	0.23282590095129163
2822.94611160894	0.23510832825837794
2825.15069673987	0.2360406884844749
2827.35464830333	0.2352080379082984
2829.55796658351	0.23570382302429235
2831.76065186445	0.23488190919585075
2833.96270443012	0.23353460524846967
2836.16412456437	0.23218990654134777
2838.3649125509	0.23505440767967986
2840.56506867336	0.23741230800760857
2842.76459321526	0.23820990626029762
2844.96348645999	0.2357146387187018
2847.16174869086	0.2374634654526984
2849.35938019105	0.2371778363842802
2851.55638124363	0.23527806360859882
2853.75275213157	0.23843087800228283
2855.94849313772	0.23663886743732304
2858.14360454483	0.23724786208458062
2860.33808663553	0.23848211439404718
2862.53193969234	0.2373395191736999
2864.72516399768	0.24163492878773118
2866.91775983385	0.23892942625188504
2869.10972748304	0.23693531220015066
2871.30106722733	0.23685983917930828
2873.4917793487	0.2411956694906945
2875.68186412899	0.2404707811252396
2877.87132184997	0.24370712110056716
2880.06015279325	0.24266699866374858
2882.24835724039	0.24387148807692058
2884.43593547278	0.24285291808224632
2886.62288777173	0.2434053079638721
2888.80921441843	0.24556647317889363
2890.99491569397	0.24516495039227812
2893.1799918793	0.24513534538933263
2895.36444325529	0.2395734732226301
2897.54827010269	0.2447984799291501
2899.73147270213	0.24202295169300353
2901.91405133412	0.24133311565103613
2904.09600627909	0.24062977972772556
2906.27733781731	0.23658770999223322
2908.45804622899	0.24058935903037063
2910.63813179418	0.24093159286442062
2912.81759479286	0.24031178252275362
2914.99643550486	0.24055162251994944
2917.17465420994	0.23886468997877755
2919.3522511877	0.2398024975254165
2921.52922671765	0.24009617915463585
2923.7055810792	0.23643944813748216
2925.88131455162	0.23873000695204416
2928.05642741408	0.2360514252322098
2930.23091994566	0.2362993967368813
2932.40479242528	0.234170520711739
2934.57804513178	0.23419475734081704
2936.75067834387	0.23315195071706474
2938.92269234017	0.23284745339343596
2941.09408739916	0.23299026792764505
2943.26486379921	0.23558524511916132
2945.4350218186	0.23456399093755334
2947.60456173546	0.23006379364981372
2949.77348382783	0.23645563220575902
2951.94178837363	0.23399265385404244
2954.10947565068	0.23191233003373077
2956.27654593666	0.23292284746760383
2958.44299950915	0.2313437560838281
2960.60883664562	0.2326022450223727
2962.77405762341	0.23273424386217237
2964.93866271975	0.23451007035885527
2967.10265221178	0.23234622095690002
2969.26602637648	0.2354936669767166
2971.42878549076	0.23140304503639364
2973.59092983139	0.23438075570598932
2975.75245967501	0.23799161870524613
2977.9133752982	0.23387139176197766
2980.07367697736	0.23715628394213586
2982.23336498882	0.23733146661289872
2984.39243960877	0.23732870347929047
2986.5509011133	0.23793232975268058
2988.70874977837	0.24002883764126914
2990.86598587984	0.2376359639365275
2993.02260969344	0.23884590067024147
2995.17862149478	0.2363640540633143
2997.33402155938	0.23721288870776766
2999.48881016262	0.2382772477736643
3001.64298757978	0.23970010368856232
3003.796554086	0.23902368858126352
3005.94950995633	0.24040343961187288
3008.10185546569	0.23617268732427457
3010.25359088888	0.23839582567879536
3012.40471650059	0.24005039008341347
3014.5552325754	0.2363559225558386
3016.70513938776	0.2390021361391192
3018.85443721201	0.23685715499237453
3021.00312632236	0.23587087418757952
3023.15120699292	0.23434838756943557
3025.29867949769	0.23076444538619056
3027.44554411052	0.23198511886763942
3029.59180110516	0.23362886757784812
3031.73745075527	0.23677094522379724
3033.88249333434	0.2352565111664545
3036.02692911578	0.2328124010699485
3038.17075837287	0.2296111134181084
3040.31398137877	0.23110936340717425
3042.45659840653	0.23224651130697957
3044.59860972907	0.2342567304803163
3046.7400156192	0.2339199439668083
3048.88081634961	0.22821525726589667
3051.02101219287	0.23183148863902092
3053.16060342144	0.23162401677837885
3055.29959030765	0.23067010411013755
3057.43797312371	0.22984819028169595
3059.57575214172	0.22991292655480344
3061.71292763366	0.23169143723842006
3063.84949987139	0.2343888082667905
3065.98546912665	0.2311686523597398
3068.12083567105	0.23526456372725565
3070.2555997761	0.2330333728119337
3072.38976171319	0.23208482851755988
3074.52332175356	0.2344561497801572
3076.65628016837	0.2296811391184088
3078.78863722863	0.22880806784487737
3080.92039320526	0.2314084923569356
3083.05154836902	0.23112278434184289
3085.1821029906	0.23248098293030792
3087.31205734051	0.23060007840983712
3089.44141168921	0.22998832062897132
3091.57016630696	0.2323839574673212
3093.69832146398	0.23483343593769465
3095.82587743032	0.23230311607261137
3097.9528344759	0.23413823152185978
3100.07919287056	0.23158628026795763
3102.204952884	0.23105275864154246
3104.33011478579	0.2378165149811578
3106.45467884538	0.23415165245652841
3108.57864533212	0.23780033091288091
3110.70201451522	0.2345235702401984
3112.82478666378	0.23359121001410146
3114.94696204676	0.2347229895400393
3117.06854093301	0.23463401663785377
3119.18952359127	0.2333756066459837
3121.30991029013	0.23524569547204507
3123.4297012981	0.23552864035352952
3125.54889688352	0.23728023022113437
3127.66749731464	0.23886468997877755
3129.78550285957	0.23580890104808025
3131.90291378633	0.23518916965308778
3134.01973036277	0.23138417678118303
3136.13595285665	0.23095304899162203
3138.2515815356	0.23243511491241103
3140.36661666714	0.23205246038100613
3142.48105851863	0.22897243482123078
3144.59490735734	0.2312386780600402
3146.70816345041	0.22935508935263568
3148.82082706486	0.22580880473313736
3150.93289846758	0.2274660533246892
3153.04437792532	0.22756307878767593
3155.15526570475	0.22502739054872517
3157.26556207238	0.2262130117066866
3159.37526729461	0.2252294940354998
3161.48438163771	0.22315453858905557
3163.59290536784	0.22591127751666604
3165.70083875102	0.22696221564789404
3167.80818205315	0.22404110974393016
3169.91493554002	0.22219794173388055
3172.02109947727	0.22451265823084607
3174.12667413044	0.22728558122673342
3176.23165976493	0.22095563686361283
3178.33605664602	0.2273609753009013
3180.43986503887	0.22888077773211152
3182.54308520852	0.23118475748134215
3184.64571741986	0.22303059231005706
3186.74776193769	0.22662535018771152
3188.84921902664	0.2272639498379146
3190.95008895128	0.22852243877645917
3193.05037197599	0.2296326658602527
3195.15006836504	0.22780291878487174
3197.24917838262	0.23225456386778073
3199.34770229274	0.22592201426440095
3201.44564035931	0.22830146703447396
3203.5429928461	0.22946016737642358
3205.63976001677	0.22901017133165197
3207.73594213484	0.2268570586774316
3209.83153946372	0.22927693214485956
3211.92655226669	0.22914217017145166
3214.02098080688	0.22976466470005238
3216.11482534732	0.23190964584679702
3218.20808615091	0.228573596221549
3220.30076348041	0.22592201426440095
3222.39285759847	0.22762236774024144
3224.4843687676	0.2253345720592877
3226.57529725019	0.22420279253334985
3228.66564330851	0.22442644846226878
3230.75540720468	0.22614567019331988
3232.8445892007	0.22231383545207786
3234.93318955847	0.22578188391712556
3237.02120853974	0.22547738659349678
3239.10864640612	0.2253453877536971
3241.19550341911	0.2231114337047669
3243.28177984009	0.223596482073026
3245.36747593029	0.21988583047717422
3247.45259195083	0.2197295950082965
3249.53712816268	0.21962175385090035
3251.62108482672	0.21711030224102768
3253.70446220366	0.2198265415246087
3255.78726055411	0.2191744419930625
3257.86948013853	0.2137904366840565
3259.95112121728	0.21832292316167537
3262.03218405055	0.21854926327752802
3264.11266889845	0.2163396248043504
3266.19257602092	0.21376075273443648
3268.27190567779	0.2174201679385239
3270.35065812876	0.2135990699450168
3272.4288336334	0.21261286808689628
3274.50643245114	0.2141515387733171
3276.5834548413	0.21027115182724446
3278.65990106305	0.21350749180257206
3280.73577137545	0.2140571974972641
3282.81106603742	0.20937644916489417
3284.88578530774	0.21095830368227816
3286.95992944508	0.21203884681645166
3289.03349870796	0.21493026877079555
3291.1064933548	0.2143536422600917
3293.17891364384	0.21336467726836295
3295.25075983324	0.21165350809811304
3297.322032181	0.21194995286094065
3299.39273094501	0.20808574998314489
3301.462856383	0.20875127044935973
3303.53240875259	0.20883487497767783
3305.60138831128	0.21021454706161266
3307.6697953164	0.21589768132037998
3309.73763002519	0.21533447574434478
3311.80489269472	0.21366380621812428
3313.87158358198	0.21486292725742884
3315.93770294378	0.21382004168700203
3318.00325103681	0.2159192337625243
3320.06822811764	0.2132918884344543
3322.13263444272	0.2212385817450973
3324.19647026832	0.2158896287595788
3326.25973585064	0.2141056707554202
3328.32243144568	0.2201687753586587
3330.38455730938	0.2143266424974054
3332.44611369749	0.21742293107213215
3334.50710086564	0.21602975910685415
3336.56751906936	0.21518092446240078
3338.62736856401	0.21468237621279854
3340.68664960483	0.2119095321635857
3342.74536244693	0.21338622971050727
3344.80350734528	0.21534260725182047
3346.86108455472	0.21521321365228
3348.91809432997	0.2108585940323577
3350.97453692559	0.21106069751913234
3353.03041259603	0.20807225010180175
3355.08572159559	0.20448017641108102
3357.14046417844	0.2037229988557469
3359.19464059863	0.20735004592328057
3361.24825111005	0.20074260399921748
3363.30129596648	0.19826620471283227
3365.35377542155	0.20356400025326093
3367.40568972878	0.20563082419222947
3369.45703914152	0.20270434991439812
3371.507823913	0.2049733562868158
3373.55804429633	0.20402749617937568
3375.60770054446	0.2054340890793223
3377.65679291024	0.20101212794603332
3379.70532164635	0.1970858729820638
3381.75328700534	0.19627209066109788
3383.80068923965	0.19672753402641147
3385.84752860155	0.1948223139301881
3387.89380534321	0.1957870422928388
3389.93951971664	0.19863535936289403
3391.98467197371	0.19795357588172777
3394.02926236618	0.2012222839936091
3396.07329114566	0.19911235517035192
3398.1167585636	0.1950998904378051
3400.15966487137	0.1962667222872304
3402.20201032014	0.1955580179900524
3404.24379516099	0.19549604485055316
3406.28501964484	0.1952076526485267
3408.3256840225	0.19302493499136086
3410.3657885446	0.19492202358010854
3412.40533346167	0.19355853556445057
3414.44431902408	0.19516991613810553
3416.48274548209	0.19013082885008326
3418.5206130858	0.18846008037718825
3420.55792208516	0.18976972676082268
3422.59467273003	0.1927797266202976
3424.63086527009	0.19250759743322257
3426.6664999549	0.19253451824923434
3428.70157703386	0.19180962988377945
3430.73609675628	0.19232167801472483
3432.77005937129	0.19284983126727254
3434.80346512789	0.19249946592574688
3436.83631427494	0.1904784310580007
3438.86860706119	0.18828766084003368
3440.90034373521	0.19006080314978285
3442.93152454546	0.18669238538798105
3444.96214974025	0.18528034516749248
3446.99221956775	0.18505937342550727
3449.021734276	0.18647141364599584
3451.05069411289	0.18758164072978936
3453.07909932619	0.18568992051490915
3455.1069501635	0.18633128329872048
3457.1342468723	0.18373899029413793
3459.16098969993	0.18138108996620925
3461.1871788936	0.17868908731170627
3463.21281470035	0.17604287372842564
3465.23789736712	0.17753038696975662
3467.26242714067	0.17379013037095936
3469.28640426765	0.17348286991372233
3471.30982899455	0.1705294748198792
3473.33270156774	0.17216517096928674
3475.35502223343	0.167091031357777
3477.3767912377	0.16775126239679894
3479.39800882649	0.16505925974229596
3481.41867524559	0.17009297865645076
3483.43879074066	0.16941387936221824
3485.45835555721	0.16928188052241858
3487.47736994062	0.16741708112355014
3489.49583413611	0.1651050488135183
3491.51374838879	0.16313248720392826
3493.53111294359	0.15954317664681578
3495.54792804533	0.16323488104078243
3497.56419393867	0.1598314899021677
3499.57991086814	0.15885870897871582
