1000.07700129088	0.00024042917717262386
1002.83416209528	0.0041856593323400994
1005.59045264208	0.0018345281084969206
1008.34587328813	0.0018702076418385333
1011.10042439014	0.0
1013.85410630472	0.0019058219475207485
1016.60691938837	0.0004897945445968367
1019.35886399746	0.002742953813985561
1022.10994048823	0.002244223079142481
1024.86014921684	0.005566072429587141
1027.60949053928	0.0016831346955218161
1030.35796481149	0.0024045526823638285
1033.10557238924	0.002208608773460266
1035.85231362819	0.003588956643042565
1038.5981888839	0.002653852822123298
1041.34319851182	0.0028053114627578
1044.08734286727	0.002208608773460266
1046.83062230544	0.004132237873819449
1049.57303718143	0.004728940563116984
1052.31458785021	0.0034197560772290256
1055.05527466665	0.006127095585537717
1057.79509798549	0.008442612503704027
1060.53405816134	0.0058777954457782475
1063.27215554874	0.008513841115063111
1066.00939050209	0.007908267463178732
1068.74576337565	0.012147413481698878
1071.48127452361	0.011007494789289203
1074.21592430002	0.010677964620254315
1076.94971305882	0.012218642093057962
1079.68264115384	0.011461675028203824
1082.41470893879	0.013233910715587903
1085.14591676728	0.009965482823663892
1087.8762649928	0.013857291520316064
1090.60575396871	0.01303796680668434
1093.33438404827	0.014641001928260226
1096.06215558464	0.0141334002308303
1098.78906893086	0.013750448603274764
1101.51512443981	0.014863689180259158
1104.24032246435	0.016724960631846104
1106.96466335716	0.015727499162154598
1109.68814747081	0.01700106934236034
1112.41077515779	0.018256767142062903
1115.13254677044	0.01983305892054342
1117.85346266104	0.015959057376735027
1120.57352318169	0.017419635275592746
1123.29272868445	0.02015365289932672
1126.01107952121	0.0191651276198868
1128.72857604378	0.022816507139366348
1131.44521860385	0.021445030232370894
1134.16100755301	0.02596021973374588
1136.87594324271	0.02246029885490618
1139.59002602433	0.024695585743791725
1142.3032562491	0.02208621818993749
1145.01563426818	0.02656579338563026
1147.72716043257	0.02612054933696723
1150.43783509322	0.02427701981055932
1153.14765860091	0.027394054289508227
1155.85663130634	0.028088728933260216
1158.56475356012	0.027901655986943497
1161.27202571271	0.027874977871518217
1163.97844811448	0.026610343881564063
1166.68402111569	0.030626867875755366
1169.38874506649	0.029656149749153884
1172.09262031694	0.031089919077256833
1174.79564721695	0.03261285462488679
1177.49782611635	0.0322833244558519
1180.19915736486	0.033530151292962274
1182.89964131208	0.03629091225979162
1185.59927830751	0.03605041785495425
1188.29806870054	0.03481252720809012
1190.99601284046	0.03574763102900939
1193.69311107643	0.03510644307144814
1196.38936375753	0.040984238517226386
1199.08477123271	0.0413938682602072
1201.77933385082	0.04009368519224092
1204.47305196061	0.04110888858710612
1207.1659259107	0.04330862639797954
1209.85795604964	0.04239132972989871
1212.54914272585	0.0435045703068831
1215.23948628763	0.04682641965732242
1217.92898708319	0.046977813070297525
1220.61764546064	0.04921316518684781
1223.30546176798	0.051893761352061134
1225.99243635308	0.05161771786921164
1228.67856956373	0.05223222771134761
1231.36386174761	0.0515553602204394
1234.04831325228	0.04923097233968625
1236.73192442522	0.05109224379127319
1239.41469561377	0.05395097671255164
1242.09662716519	0.05333653209808042
1244.77771942662	0.054645651356298286
1247.45797274511	0.05870666061875865
1250.13738746759	0.05973086543154552
1252.81596394089	0.05856420339604048
1255.49370251175	0.05935678476657683
1258.17060352676	0.06069264736789007
1260.84666733246	0.061458550622995795
1263.52189427525	0.0618236950977129
1266.19628470144	0.06255398404714176
1268.86983895722	0.06291912852185351
1271.5425573887	0.0628834489885119
1274.21444034186	0.06683761533393097
1276.8854881626	0.06519009494408602
1279.55570119671	0.06644579274378858
1282.22507978985	0.06889483069442147
1284.89362428759	0.07268873266428393
1287.56133503543	0.07448764646709329
1290.22821237872	0.07153094159136573
1292.89425666274	0.07433625305412353
1295.55946823263	0.07727515077701266
1298.22384743346	0.0756365013497599
1300.88739461019	0.07793421111508243
1303.55011010766	0.07968863964962808
1306.21199427063	0.08122044615984488
1308.87304744373	0.07906519361724051
1311.53326997152	0.08519235443044297
1314.19266219843	0.08247614395954744
1316.8512244688	0.08514786916217391
1319.50895712687	0.08569108516528606
1322.16586051676	0.08794424443468013
1324.82193498252	0.08775723671602816
1327.47718086806	0.08917326411895206
1330.1315985172	0.09430296346246302
1332.78518827369	0.09726860452844752
1335.43795048114	0.09497089476311964
1338.08988548307	0.09383984703329681
1340.74099362289	0.09508667387041253
1343.39127524392	0.09505105956473031
1346.04073068939	0.0955319831467403
1348.6893603024	0.09984235777661954
1351.33716442597	0.09799882825020628
1353.98414340301	0.098818152963838
1356.63029757632	0.0970192391610233
1359.27562728863	0.09587925524094888
1361.92013288252	0.09789198533317033
1364.56381470053	0.09649376508308485
1367.20667308505	0.0959505490799727
1369.84870837838	0.09356380355044731
1372.48992092274	0.0970103029707717
1375.13031106023	0.09479275800705451
1377.76987913284	0.09575460517106915
1380.40862548251	0.0905091267202653
1383.04655045101	0.09373300411626086
1385.68365438006	0.09466810793718013
1388.31993761126	0.09381316891787153
1390.95540048612	0.09358161070328574
1393.59004334605	0.09251292062223516
1396.22386653233	0.09431189965271461
1398.85687038619	0.09176482451996787
1401.48905524873	0.09428515630962458
1404.12042146094	0.09523806728338229
1406.75096936375	0.09351038209192666
1409.38069929796	0.09692126720656885
1412.00961160428	0.09764261996574611
1414.63770662332	0.09702811012361015
1417.26498469557	0.09509554483299937
1419.89144616146	0.09392001183490749
1422.51709136132	0.09555866126216558
1425.14192063532	0.09876473150531735
1427.76593432361	0.0979275996388472
1430.3891327662	0.09919223362880135
1433.01151630299	0.100732911101605
1435.63308527382	0.10110692653890894
1438.2538400184	0.10417053955934255
1440.87378087637	0.10063493914715589
1443.49290818722	0.10059045387888682
1446.1112222904	0.10059045387888682
1448.72872352524	0.10023418036676192
1451.34541223097	0.10081307590322101
1453.96128874671	0.10103569792754986
1456.5763534115	0.10430412581947388
1459.19060656429	0.10203315939724136
1461.8040485439	0.10176598687697871
1464.41667968907	0.10438429062108455
1467.02850033846	0.10514125768593868
1469.63951083061	0.1004033809325701
1472.24971150397	0.10597838955240885
1474.8591026969	0.1069224295635797
1477.46768474763	0.1061743334613124
1480.07545799434	0.10722521638952456
1482.68242277508	0.10425070436095323
1485.28857942782	0.10548859500781735
1487.89392829042	0.1055331455037458
1490.49846970065	0.1069224295635797
1493.10220399619	0.10588041759795438
1495.70513151461	0.10827609931773137
1498.30725259339	0.10969212672066063
1500.90856756992	0.11016411411241368
1503.50907678146	0.11215897182412661
1506.10878056524	0.10970099768324747
1508.70767925832	0.11218571516722198
1511.30577319772	0.10949618281175706
1513.90306272032	0.1134147348514939
1516.49954816295	0.11218571516722198
1519.09522986229	0.11494647613404597
1521.69010815498	0.11443887443661604
1524.28418337751	0.11841971889746039
1526.87745586632	0.11673651897427383
1529.46992595773	0.11670090466859162
1532.06159398796	0.12129632419924202
1534.65246029316	0.11777853093989914
1537.24252520935	0.12389675556284467
1539.83178907249	0.12320214614676277
1542.42025221841	0.12490315322278776
1545.00791498287	0.12870586092757233
1547.59477770152	0.1295429927940425
1550.18084070993	0.13127961417574968
1552.76610434356	0.13336357287933023
1555.35056893777	0.1340136970271484
1557.93423482785	0.1393749545852398
1560.51710234896	0.13960651279982023
1563.0991718362	0.1410759616612648
1565.68044362457	0.14424641759873968
1568.26091804893	0.14898429435210825
1570.84059544411	0.15343712620470565
1573.41947614481	0.16079330670218542
1575.99756048562	0.1607487562062516
1578.57484880108	0.16622579287163589
1581.15134142559	0.16935169831317698
1583.72703869349	0.16871051035561038
1586.301940939	0.16600317084730704
1588.87604849628	0.16301085166589727
1591.44936169934	0.16929827685465632
1594.02188088215	0.1636520396234585
1596.59360637855	0.15832639637104934
1599.16453852232	0.15735567824444785
1601.73467764709	0.15746252116148915
1604.30402408647	0.15631373150649264
1606.87257817391	0.1516916338604116
1609.44034024281	0.1501064058916795
1612.00731062644	0.1499015910201891
1614.57348965801	0.14975019760721398
1617.13887767062	0.14421967425564433
1619.70347499726	0.14070194622396617
1622.26728197086	0.1410047330499057
1624.83029892423	0.1354119172772339
1627.39252619012	0.13925917547794692
1629.95396410112	0.13821722873999168
1632.5146129898	0.13292719979325404
1635.07447318858	0.13417402663036976
1637.63354502984	0.1326066058144761
1640.19182884582	0.13115496410586996
1642.74932496868	0.12809135108543634
1645.3060337305	0.12905319824944564
1647.86195546325	0.12877715476659615
1650.41709049882	0.12800231532123885
1652.971439169	0.12472501646672798
1655.52500180548	0.12905319824944564
1658.07777873987	0.12678223182721313
1660.62977030368	0.12182173304951573
1663.18097682833	0.13016643882643003
1665.73139864514	0.12367413353851582
1668.28103608534	0.12717411964502026
1670.82988948008	0.12876821857634457
1673.37795916039	0.12305962369637985
1675.92524545724	0.12398585655471227
1678.47174870147	0.1237542983401265
1681.01746922386	0.11996933256051563
1683.56240735508	0.12473388742931482
1686.10656342572	0.12415505712052047
1688.64993776626	0.12305075273379301
1691.19253070709	0.12230265663152037
1693.73434257853	0.12377210549296493
1696.27537371078	0.12248966435017235
1698.81562443395	0.12181279685926413
1701.35509507809	0.12068181435710605
1703.89378597311	0.11962199523864231
1706.43169744886	0.1269247542776014
1708.96882983509	0.12558889167628817
1711.50518346144	0.12273902971759655
1714.0407586575	0.12438661533510624
1716.57555575272	0.12468046597079417
1719.10957507649	0.12806467297001106
1721.64281695809	0.13004172352888557
1724.17528172671	0.12473388742931482
1726.70696971146	0.1278776652513591
1729.23788124135	0.12731657686773842
1731.7680166453	0.12392349890594004
1734.29737625213	0.131413200435881
1736.82596039057	0.12712956914909182
1739.35376938927	0.13025547459062756
1741.88080357677	0.12739674166935444
1744.40706328154	0.12810922346593953
1746.93254883193	0.13088779158560732
1749.45726055623	0.13055826141657242
1751.9811987826	0.12867024662189544
1754.50436383915	0.1299348806118496
1757.02675605387	0.1316358876878746
1759.54837575466	0.1310569921514155
1762.06922326934	0.1322325251495074
1764.58929892564	0.12873260427066768
1767.10860305118	0.13249969766977004
1769.6271359735	0.12946289322009655
1772.14489802005	0.13185850971220345
1774.66188951817	0.12997943110777807
1777.17811079515	0.13127961417574968
1779.69356217815	0.1360798485778905
1782.20824399425	0.13710398816300728
1784.72215657043	0.13322111565661204
1787.23530023361	0.1332389228094505
1789.74767531057	0.1334882881768747
1792.25928212804	0.13447681345631463
1794.77012101264	0.13239285475272874
1797.2801922909	0.13605310523479514
1799.78949628926	0.13710398816300728
1802.29803333406	0.13185850971220345
1804.80580375158	0.1386268584829725
1807.31280786797	0.1410047330499057
1809.81904600929	0.1346460140221228
1812.32451850154	0.13820829254973474
1814.82922567061	0.13612439907381896
1817.33316784231	0.13569689695033496
1819.83634534233	0.13706837385732507
1822.33875849629	0.1348063436253495
1824.84040762973	0.1353941101243901
1827.34129306808	0.13769175466205325
1829.84141513667	0.14026557313789
1832.34077416077	0.13699714524596598
1834.83937046553	0.13727318872881547
1837.33720437602	0.13511800141387587
1839.83427621723	0.13681013752731935
1842.33058631404	0.1361332700364058
1844.82613499125	0.14051487327764947
1847.32092257355	0.13969554856402308
1849.81494938558	0.13858237321470343
1852.30821575184	0.13726431776622863
1854.80072199677	0.13902761726336646
1857.29246844473	0.14112938311978543
1859.78345541994	0.14363190775660373
1862.27368324658	0.1369882090557144
1864.76315224871	0.14093350443854663
1867.2518627503	0.14212684458947694
1869.73981507524	0.14523494287817962
1872.22700954733	0.1412807765327552
1874.71344649027	0.140897824905205
1877.19912622768	0.1429639764559471
1879.68404908308	0.14612549620316506
1882.16821537988	0.1433469280834973
1884.65162544145	0.14362303679401686
1887.13427959102	0.1419665149862556
1889.61617815175	0.1426433824771638
1892.0973214467	0.1441751889873806
1894.57770979887	0.1449588993953301
1897.05734353113	0.14220700939108763
1899.53622296628	0.1456980593073458
1902.014348427	0.14344490003795174
1904.49172023593	0.1436675220622806
1906.96833871558	0.14556447304721448
1909.44420418839	0.1422514946593567
1911.91931697668	0.14710515052001813
1914.39367740272	0.14435326051577566
1916.86728578865	0.1452883643366949
1919.34014245654	0.14523494287817962
1921.81224772838	0.1459028741788362
1924.28360192604	0.14775527466783098
1926.75420537132	0.14472734118074435
1929.22405838593	0.146268018653548
1931.69316129147	0.14388127312402257
1934.16151440948	0.14551992255128068
1936.62911806136	0.1470962795574313
1939.09597256848	0.1451903923822458
1941.56207825207	0.14478076263926498
1944.0274354333	0.14840539881564915
1946.49204443322	0.1442018671028059
1948.95590557284	0.14310649890633
1951.41901917301	0.14755045979634057
1953.88138555454	0.14546650109276005
1956.34300503813	0.14604539662921914
1958.8038779444	0.1446649835319721
1961.26400459387	0.14509248565546143
1963.72338530697	0.14967003280560331
1966.18202040403	0.14660641978516972
1968.63991020531	0.14583164556747713
1971.09705503097	0.1468913994582708
1973.55345520107	0.14683797799975548
1976.0091110356	0.14946515270644817
1978.46402285444	0.1489041295504976
1980.91819097737	0.15055171516800192
1983.3716157241	0.14650844783072062
1985.82429741427	0.1490377158106289
1988.27623636736	0.14831636305145166
1990.72743290284	0.15359745580793235
1993.17788734002	0.15121964646865854
1995.62759999817	0.15359745580793235
1998.07657119644	0.15395366409239253
2000.5248012539	0.15284935970566507
2002.97229048952	0.15121071027840696
2005.41903922219	0.15267122294959992
2007.86504777071	0.15248421523094796
2010.31031645378	0.1533302832876697
2012.75484559	0.1552806557311189
2015.19863549792	0.15580606458139262
2017.64168649594	0.15199442068635646
2020.08399890242	0.15388243548103345
2022.5255730356	0.15128193888976604
2024.96640921365	0.15660758214218057
2027.40650775462	0.15430993760452277
2029.84586897649	0.1564651249194624
2032.28449319715	0.1515936619059625
2034.72238073438	0.1535796486550939
2037.15953190591	0.1558772931927517
2039.59594702932	0.15251095857404334
2042.03162642215	0.15487989695072493
2044.46657040182	0.15112167451420944
2046.90077928567	0.15676791174540192
2049.33425339095	0.15379339971683592
2051.76699303481	0.15315214653160458
2054.19899853433	0.1565363535308215
2056.63027020645	0.15227940035945756
2059.06080836809	0.15564580020583602
2061.49061333602	0.1543544228727865
2063.91968542694	0.15555669921396842
2066.34802495747	0.15457711012478542
2068.77563224411	0.15290278116418038
2071.20250760329	0.15522723427259827
2073.62865135136	0.16008976109584658
2076.05406380455	0.15874496230428176
2078.47874527901	0.156839140356761
2080.9026960908	0.15545872725951929
2083.3259165559	0.15695491946405388
2085.74840699018	0.15433661571994806
2088.17016770944	0.15886074141157464
2090.59119902935	0.15910123581640664
2093.01150126553	0.1607576923965032
2095.43107473348	0.1560020084902962
2097.84991974864	0.15789002328497315
2100.26803662633	0.15426538710858897
2102.68542568178	0.15758723645903364
2105.10208723015	0.15705289141850834
2107.51802158648	0.15602875183338621
2109.93322906574	0.15750707165741762
2112.3477099828	0.15747145735174076
2114.76146465245	0.1613098445898669
2117.17449338937	0.15948412221629746
2119.58679650815	0.16040141888437828
2121.9983743233	0.15998285295114054
2124.40922714924	0.1590121348245444
2126.81935530029	0.15675010459256347
2129.22875909067	0.15856689077588135
2131.63743883452	0.15813045246214577
2134.04539484589	0.1593594721464177
2136.45262743874	0.1582640387222771
2138.85913692692	0.1569459832738023
2141.26492362422	0.15749820069483078
2143.6699878443	0.16187086774582285
2146.07432990076	0.1612831012467769
2148.47795010708	0.15772082271916496
2150.88084877667	0.15582387173423107
2153.28302622285	0.15764065791754894
2155.68448275883	0.15825516775969026
2158.08521869774	0.16104267206960426
2160.48523435261	0.159893817186943
2162.88453003639	0.15793457378090694
2165.28310606193	0.1607576923965032
2167.68096274199	0.1604281622274683
2170.07810038922	0.16426654946559982
2172.47451931622	0.1606597204420541
2174.87021983546	0.15992943149262523
2177.26520225933	0.15849559693685752
2179.65946690013	0.16049051987624055
2182.05301407006	0.15735567824444785
2184.44584408123	0.1589409062131853
2186.83795724567	0.1657894197855597
2189.22935387531	0.16260115669525171
2191.62003428198	0.1599650457983021
2194.00999877743	0.16101592872651424
2196.39924767329	0.16098925061108896
2198.78778128115	0.16048158368598894
2201.17559991245	0.15781879467361407
2203.56270387857	0.16161263141581178
2205.94909349081	0.16039254792179145
2208.33476906033	0.162654578153767
2210.71973089824	0.1627080648399524
2213.10397931554	0.1647207297045091
2215.48751462314	0.15822842441659488
2217.87033713186	0.16153246661420112
2220.25244715242	0.15916352823751415
2222.63384499546	0.15904774913022127
2225.01453097151	0.16407954174694786
2227.39450539101	0.16240521278634815
2229.77376856434	0.1595910303610035
2232.15232080173	0.16527288189787817
2234.53016241336	0.16251212093104883
2236.9072937093	0.16024115450881632
2239.28371499954	0.16233398417498907
2241.65942659396	0.15981365238533232
2244.03442880236	0.15934166499357927
2246.40872193443	0.16098031442083202
2248.78230629979	0.15891416287008994
2251.15518220795	0.16024115450881632
2253.52734996835	0.16201339019620575
2255.89880989029	0.160953571077742
2258.26956228301	0.16144343084999824
2260.63960745567	0.16085566435095763
2263.00894571731	0.15981365238533232
2265.37757737688	0.15823736060684648
2267.74550274324	0.1599205605300384
2270.11272212517	0.16233398417498907
2272.47923583134	0.16087347150379608
2274.84504417031	0.15963558085693194
2277.2101474506	0.1612831012467769
2279.57454598058	0.1597512947365601
2281.93824006856	0.16002740344707433
2284.30123002275	0.1597958452324939
2286.66351615125	0.15941289360493838
2289.02509876208	0.15948412221629746
2291.38597816317	0.16333144564468055
2293.74615466236	0.1605439413347612
2296.10562856737	0.16282377871958054
2298.46440018585	0.16341161044629124
2300.82246982535	0.1629128797114428
2303.1798377933	0.163349252797519
2305.5365043971	0.16280597156674212
2307.89246994399	0.16162150237839862
2310.24773474116	0.16626140717731275
2312.60229909566	0.16305533693416097
2314.95616331451	0.16576267644246967
2317.30932770456	0.16382124018927205
2319.66179257263	0.16656419400325762
2322.01355822542	0.16340267425603963
2324.36462496953	0.1626100928855033
2326.71499311146	0.15974242377397324
2329.06466295764	0.1649077374231611
2331.41363481439	0.16477415116302976
2333.76190898794	0.16295736497971186
2336.10948578441	0.1660387851529839
2338.45636550986	0.16564696256284153
2340.80254847022	0.16591413508310418
2343.14803497132	0.1655133763027102
2345.49282531895	0.16279710060415525
2347.83691981874	0.16162150237839862
2350.18031877626	0.16329583133899833
2352.52302249699	0.16590519889285257
2354.8650312863	0.1643377780769589
2357.20634544946	0.1642932275810251
2359.54696529166	0.16574486928963122
2361.88689111798	0.1649255445759995
2364.22612323341	0.16766856361765517
2366.56466194287	0.1661991147562106
2368.90250755114	0.16450697864276712
2371.23966036293	0.1613988803540698
2373.57612068286	0.1649522879190949
2375.91188881545	0.16513929563774685
2378.2469650651	0.1668581098666103
2380.58134973615	0.1610693501850349
2382.91504313282	0.16274367914563462
2385.24804555926	0.1661545642602768
2387.58035731949	0.16756165547294913
2389.91197871745	0.16470292255167066
2392.24291005701	0.16493448076625644
2394.57315164189	0.16103373587935269
2396.90270377577	0.16692933847796937
2399.23156676218	0.162075747844978
2401.55974090461	0.16803364286470218
2403.88722650642	0.16275255010822146
2406.21402387086	0.16758839881603915
2408.54013330113	0.1657894197855597
2410.8655551003	0.16456040010128775
2413.19028957133	0.16332250945442361
2415.51433701713	0.1676418202745598
2417.83769774049	0.16822958677360572
2420.16037204408	0.16822071581101888
2422.48236023051	0.1632424098804777
2424.80366260228	0.16162150237839862
2427.12427946179	0.16539759719542266
2429.44421111134	0.17032248166743785
2431.76345785315	0.1673212262957765
2434.08201998932	0.16567364067827214
2436.39989782188	0.16545101865393796
2438.71709165273	0.1680603862077922
2441.0336017837	0.16584284124408033
2443.34942851653	0.16621692190904902
2445.66457215282	0.16963667798627804
2447.97903299412	0.16445355718424645
2450.29281134185	0.16748149067133844
2452.60590749736	0.17047387508041295
2454.91832176188	0.16577161263272125
2457.23005443656	0.16865708889708972
2459.54110582243	0.16773085603875731
2461.85147622045	0.16694714563081314
2464.16116593146	0.16313550173577698
2466.47017525621	0.16819397246792353
2468.77850449536	0.16844333783534773
2471.08615394947	0.1677843427249427
2473.39312391899	0.16761507693146976
2475.69941470429	0.16775759938185267
2478.00502660562	0.16779321368752956
2480.30995992316	0.16705405377551386
2482.61421495697	0.1681316148191513
2484.91779200702	0.16503245272070555
2487.22069137316	0.16553118345555398
2489.5229133552	0.16611001376434298
2491.8244582528	0.16552224726529705
2494.12532636553	0.1658695845871757
2496.42551799287	0.16804257905495376
2498.72503343421	0.16952983506923675
2501.02387298882	0.16914688344168657
2503.32203695588	0.16847895214102995
2505.61952563449	0.16651970873498856
2507.91633932361	0.16576267644246967
2510.21247832216	0.16580722693840347
2512.50794292891	0.16629702148299497
2514.80273344255	0.1682652010792826
2517.09685016167	0.16879067515722104
2519.39029338476	0.16804257905495376
2521.68306341022	0.16775759938185267
2523.97516053634	0.17103489823636353
2526.26658506132	0.17046493889015601
2528.55733728325	0.16727667579984803
2530.84741750012	0.16616343522286364
2533.13682600984	0.17017995921705495
2535.4255631102	0.17356416621627185
2537.7136290989	0.16839878733941394
2540.00102427354	0.16899549002871148
2542.28774893162	0.168318687765468
2544.57380337053	0.16965455036678123
2546.85918788758	0.16865708889708972
2549.14390277997	0.17031354547718627
2551.4279483448	0.16716089669255516
2553.71132487906	0.17140004271107528
2555.99403267966	0.1723975041807668
2558.27607204341	0.1707410476006756
2560.55744326699	0.17038477408854535
2562.83814664702	0.17391143831048042
2565.11818247999	0.17100822012093825
2567.3975510623	0.16993953003988765
2569.67625269025	0.16775759938185267
2571.95428766003	0.16876393181413102
2574.23165626776	0.17385801685195976
2576.50835880942	0.16754384832011068
2578.78439558093	0.16627034336756968
2581.05976687806	0.17014434491137806
2583.33447299652	0.16702731043242383
2585.60851423191	0.16869270320277194
2587.88189087972	0.167677434580242
2590.15460323534	0.168104936703726
2592.42665159406	0.16766856361765517
2594.69803625108	0.1705539746543589
2596.9687575015	0.16879067515722104
2599.23881564029	0.17140004271107528
2601.50821096235	0.175407630515015
2603.77694376245	0.17171176572727173
2606.0450143353	0.17085682670796315
2608.31242297548	0.17057178180719731
2610.57916997746	0.17158705042972727
2612.84525563562	0.17316340743587788
2615.11068024426	0.16899549002871148
2617.37544409753	0.17037590312595852
2619.63954748952	0.17246873279212588
2621.90299071421	0.17299420687006434
2624.16577406546	0.17465066345016086
2626.42789783705	0.17273590531238853
2628.68936232264	0.17416973986815623
2630.9501678158	0.17124864929810554
2633.21031460999	0.17083008336487313
2635.46980299857	0.17459724199164023
2637.72863327481	0.1778389265404742
2639.98680573185	0.1744636557315089
2642.24432066276	0.17648525678632254
2644.50117836048	0.17689488652930335
2646.75737911786	0.1781595205192575
2649.01292322765	0.17937066782302627
2651.26781098249	0.18025235018542488
2653.52204267492	0.18348516377166668
2655.77561859738	0.18510600604608635
2658.0285390422	0.18623705377590916
2660.28080430161	0.18624592473849602
2662.53241466774	0.18743039392683414
2664.78337043263	0.19020009108391508
2667.03367188817	0.1927204228735718
2669.2833193262	0.1919812629615561
2671.53231303844	0.2000943452962199
2673.78065331648	0.20053965457254766
2676.02834045184	0.2013945935918509
2678.27537473592	0.20640857905573906
2680.52175646002	0.20655103627845722
2682.76748591535	0.2086884164405584
2685.01256339298	0.20702302367021028
2687.25698918391	0.2101400581491592
2689.50076357901	0.21290081911598854
2691.74388686909	0.2101044438434823
2693.9863593448	0.20888436034946198
2696.22818129672	0.21088815425143184
2698.46935301532	0.20615921368831486
2700.70987479096	0.20248109082574528
2702.94974691389	0.20177754521940644
2705.18896967428	0.19710202611481012
2707.42754336216	0.1961491151410524
2709.66546826749	0.19134894596657634
2711.90274468011	0.19027131969527417
2714.13937288974	0.18616575993688
2716.37535318602	0.1835118418870973
2718.61068585848	0.18743933011709107
2720.84537119652	0.17818619863468277
2723.07940948947	0.1826212885621065
2725.31280102654	0.1757727749897321
2727.54554609682	0.17846230734519702
2729.77764498933	0.17607556181567163
2732.00909799294	0.17379572443085228
2734.23990539644	0.17766972597466066
2736.47006748853	0.16984155808543322
2738.69958455777	0.17529185140772746
2740.92845689263	0.17401834645518646
2743.15668478147	0.17508703653623706
2745.38426851257	0.17146240035984753
2747.61120837406	0.1730386921383334
2749.83750465399	0.17038477408854535
2752.0631576403	0.17115961353390802
2754.28816762083	0.17009092345285742
2756.51253488329	0.17129319979403934
2758.73625971532	0.17528298044514062
2760.95934240442	0.1702601240186656
2763.18178323801	0.1697970075894994
2765.40358250338	0.17004637295692362
2767.62474048773	0.16924485539613568
2769.84525747814	0.16954764222208055
2772.06513376159	0.1702601240186656
2774.28436962496	0.17137329936798526
2776.50296535501	0.16805151524520534
2778.7209212384	0.1710260272737767
2780.93823756168	0.1717206366898586
2783.15491461129	0.1680960005134744
2785.37095267358	0.16765962742739823
2787.58635203477	0.16954764222208055
2789.80111298097	0.17023338067557559
2792.01523579822	0.16940518499936236
2794.2287207724	0.16818510150533666
2796.44156818932	0.17107944873229733
2798.65377833468	0.17128426360378773
2800.86535149404	0.1679891575964331
2803.07628795289	0.16865708889708972
2805.28658799659	0.16952983506923675
2807.4962519104	0.16791792898507402
2809.70527997946	0.16611894995459459
2811.91367248883	0.17258451189941876
2814.12142972342	0.16850569548411998
2816.32855196807	0.16704511758526225
2818.53503950749	0.16910233294575278
2820.74089262628	0.16897768287587303
2822.94611160894	0.17257557570916718
2825.15069673987	0.1637588825404998
2827.35464830333	0.16803364286470218
2829.55796658351	0.16797135044359468
2831.76065186445	0.16626140717731275
2833.96270443012	0.16630595767324655
2836.16412456437	0.1655133763027102
2838.3649125509	0.1636520396234585
2840.56506867336	0.16521052424910593
2842.76459321526	0.16943186311478764
2844.96348645999	0.16621692190904902
2847.16174869086	0.16606552849607928
2849.35938019105	0.16683136652352026
2851.55638124363	0.1647207297045091
2853.75275213157	0.172219367424707
2855.94849313772	0.16944079930503925
2858.14360454483	0.1683097515752164
2860.33808663553	0.16914688344168657
2862.53193969234	0.17115067734365644
2864.72516399768	0.1676418202745598
2866.91775983385	0.16516603898083687
2869.10972748304	0.16769524173308045
2871.30106722733	0.16750823401442846
2873.4917793487	0.1722905960360661
2875.68186412899	0.1661456280700252
2877.87132184997	0.16918249774736344
2880.06015279325	0.16697388897390317
2882.24835724039	0.17184535198740306
2884.43593547278	0.1690489114872321
2886.62288777173	0.17294965637413587
2888.80921441843	0.17111506303797422
2890.99491569397	0.17054510369177203
2893.1799918793	0.16698282516415475
2895.36444325529	0.16538866100516572
2897.54827010269	0.16748149067133844
2899.73147270213	0.16529068905071662
2901.91405133412	0.16792679994766088
2904.09600627909	0.16676907410241276
2906.27733781731	0.16944967026762608
2908.45804622899	0.17030460928693467
2910.63813179418	0.1621202331132417
2912.81759479286	0.1709102481664838
2914.99643550486	0.16662655165202986
2917.17465420994	0.16651077254473695
2919.3522511877	0.1674726197087516
2921.52922671765	0.1674726197087516
2923.7055810792	0.16410621986237314
2925.88131455162	0.16557566872381768
2928.05642741408	0.16442681384115643
2930.23091994566	0.1629128797114428
2932.40479242528	0.1660833356489177
2934.57804513178	0.1645425929484493
2936.75067834387	0.1666087444991914
2938.92269234017	0.16317111604145387
2941.09408739916	0.16908452579291433
2943.26486379921	0.1644624933745034
2945.4350218186	0.1635986181649432
2947.60456173546	0.16225381937337302
2949.77348382783	0.16368765392914073
2951.94178837363	0.16050832702907897
2954.10947565068	0.16026783262424696
2956.27654593666	0.16188867489866127
2958.44299950915	0.1625833495424079
2960.60883664562	0.16333144564468055
2962.77405762341	0.16214697645633708
2964.93866271975	0.16164824572148864
2967.10265221178	0.1625566061993179
2969.26602637648	0.16245869947253352
2971.42878549076	0.16219152695227088
2973.59092983139	0.16288613636835278
2975.75245967501	0.16514823182799845
2977.9133752982	0.15981365238533232
2980.07367697736	0.1614968523085189
2982.23336498882	0.1614523018125851
2984.39243960877	0.1628149077569937
2986.5509011133	0.15923482207653797
2988.70874977837	0.16521052424910593
2990.86598587984	0.16345609571455494
2993.02260969344	0.1608467281607007
2995.17862149478	0.1585223402799529
2997.33402155938	0.15860250508156357
2999.48881016262	0.1595732232081597
3001.64298757978	0.16166605287433244
3003.796554086	0.15909229962615506
3005.94950995633	0.1587360913416949
3008.10185546569	0.16005414679016972
3010.25359088888	0.1563047953162357
3012.40471650059	0.1589052919075031
3014.5552325754	0.1576228507647105
3016.70513938776	0.16173728148569153
3018.85443721201	0.16006301775275655
3021.00312632236	0.15867373369292265
3023.15120699292	0.1548887679133118
3025.29867949769	0.15750707165741762
3027.44554411052	0.15686588369985638
3029.59180110516	0.1572755134428372
3031.73745075527	0.15585061507732642
3033.88249333434	0.15775643702484182
3036.02692911578	0.1536598134567046
3038.17075837287	0.15740022874038165
3040.31398137877	0.15229720751229597
3042.45659840653	0.15223484986352376
3044.59860972907	0.1540694431996854
3046.7400156192	0.1523061437025529
3048.88081634961	0.15155804760028027
3051.02101219287	0.15447020198007938
3053.16060342144	0.1515936619059625
3055.29959030765	0.15439003717846872
3057.43797312371	0.14856572841887586
3059.57575214172	0.15104150971259878
3061.71292763366	0.1517717986620276
3063.84949987139	0.1532946689819875
3065.98546912665	0.15389137167128503
3068.12083567105	0.1502043778461286
3070.2555997761	0.15064962189479164
3072.38976171319	0.15235956516106822
3074.52332175356	0.15317888987469994
3076.65628016837	0.144567011577523
3078.78863722863	0.1501330840071048
3080.92039320526	0.14759494506460963
3083.05154836902	0.14740793734595767
3085.1821029906	0.14747029499472988
3087.31205734051	0.1476038812548612
3089.44141168921	0.14581383841463336
3091.57016630696	0.1512285174312454
3093.69832146398	0.14950970320238197
3095.82587743032	0.14766623890363345
3097.9528344759	0.15012421304451792
3100.07919287056	0.14784431043203383
3102.204952884	0.1548887679133118
3104.33011478579	0.14654412736406222
3106.45467884538	0.1487171218318456
3108.57864533212	0.1504804213289781
3110.70201451522	0.1488595790545638
3112.82478666378	0.14649957686813375
3114.94696204676	0.14703392190865905
3117.06854093301	0.14497670654816855
3119.18952359127	0.14787998996537546
3121.30991029013	0.14293729834051647
3123.4297012981	0.14711408671026974
3125.54889688352	0.14797789669216516
3127.66749731464	0.14823619824984097
3129.78550285957	0.14509248565546143
3131.90291378633	0.14247418191135025
3134.01973036277	0.14224262369676982
3136.13595285665	0.14586725987315402
3138.2515815356	0.14278583969988198
3140.36661666714	0.14404160272724928
3142.48105851863	0.1421090374366385
3144.59490735734	0.1410759616612648
3146.70816345041	0.13982026386156757
3148.82082706486	0.1425008600267809
3150.93289846758	0.14223368750651824
3153.04437792532	0.14188641541230967
3155.15526570475	0.13826177923592015
3157.26556207238	0.13885841669755294
3159.37526729461	0.13825284304566854
3161.48438163771	0.13867140897890096
3163.59290536784	0.14038128701751815
3165.70083875102	0.13648060735828446
3167.80818205315	0.13835968596270984
3169.91493554002	0.1351358085667143
3172.02109947727	0.1345034915717399
3174.12667413044	0.13796786337256747
3176.23165976493	0.13831520069444078
3178.33605664602	0.1356701536072396
3180.43986503887	0.1359284551649154
3182.54308520852	0.1367744579939724
3184.64571741986	0.1386090513301287
3186.74776193769	0.13611546288356738
3188.84921902664	0.13514474475697125
3190.95008895128	0.1354742749260061
3193.05037197599	0.13597294043318445
3195.15006836504	0.13641824970951225
3197.24917838262	0.14008743638183022
3199.34770229274	0.139143396370654
3201.44564035931	0.13492212273263704
3203.5429928461	0.13463707783187123
3205.63976001677	0.13665874411434425
3207.73594213484	0.13509132329845058
3209.83153946372	0.13492212273263704
3211.92655226669	0.13672997272570334
3214.02098080688	0.13551876019426984
3216.11482534732	0.13428980573766264
3218.20808615091	0.13384449646133487
3220.30076348041	0.13288264929732557
3222.39285759847	0.13548314588859298
3224.4843687676	0.12946289322009655
3226.57529725019	0.13586609751614315
3228.66564330851	0.13414728328727973
3230.75540720468	0.13294500694609782
3232.8445892007	0.13320330850377363
3234.93318955847	0.13091453492869734
3237.02120853974	0.13507351614561214
3239.10864640612	0.13297175028918784
3241.19550341911	0.135322881513031
3243.28177984009	0.13193867451381946
3245.36747593029	0.12834071645286058
3247.45259195083	0.12924020596809763
3249.53712816268	0.1284743027129919
3251.62108482672	0.1268356532857338
3253.70446220366	0.12912442686080472
3255.78726055411	0.1234337043613432
3257.86948013853	0.12703159719463736
3259.95112121728	0.12175050443815665
3262.03218405055	0.1244934582521422
3264.11266889845	0.12117160890169754
3266.19257602092	0.12171489013247977
3268.27190567779	0.12209784176002995
3270.35065812876	0.11856224134784331
3272.4288336334	0.1224362428916517
3274.50643245114	0.12002275401903628
3276.5834548413	0.11908765019811701
3278.65990106305	0.1188382848306928
3280.73577137545	0.11792992435286889
3282.81106603742	0.11481288987391465
3284.88578530774	0.1197110962305099
3286.95992944508	0.12012072597349073
3289.03349870796	0.11882941386810594
3291.1064933548	0.11744012980827741
3293.17891364384	0.12235607809004102
3295.25075983324	0.12007617547755693
3297.322032181	0.11820596783571839
3299.39273094501	0.11727980020505072
3301.462856383	0.11573018654199548
3303.53240875259	0.11868689141772304
3305.60138831128	0.11534723491443995
3307.6697953164	0.11799228200164114
3309.73763002519	0.11694139907342899
3311.80489269472	0.11807238157558707
3313.87158358198	0.1150800623941773
3315.93770294378	0.11431415913907157
3318.00325103681	0.11692359192059054
3320.06822811764	0.1139490798920192
3322.13263444272	0.11368190737175655
3324.19647026832	0.11702156387503966
3326.25973585064	0.11339686247099073
3328.32243144568	0.11449229589513135
3330.38455730938	0.10997710639376171
3332.44611369749	0.1133879915084039
3334.50710086564	0.11376200694570249
3336.56751906936	0.11181169972991803
3338.62736856401	0.11228368712167108
3340.68664960483	0.1133167628970448
3342.74536244693	0.11475059745280715
3344.80350734528	0.11415389476350962
3346.86108455472	0.10728757403829679
3348.91809432997	0.10653054174577258
3350.97453692559	0.11151778386656536
3353.03041259603	0.11130403280482336
3355.08572159559	0.10756361752114629
3357.14046417844	0.10628117637834836
3359.19464059863	0.10775956143004986
3361.24825111005	0.10793769818610964
3363.30129596648	0.10541736639645827
3365.35377542155	0.1049631209298789
3367.40568972878	0.10246953248331221
3369.45703914152	0.10320869239532791
3371.507823913	0.1047583060583885
3373.55804429633	0.1042239610178632
3375.60770054446	0.10637027737021597
3377.65679291024	0.0998245506237811
3379.70532164635	0.09847088086962942
3381.75328700534	0.10192631648020006
3383.80068923965	0.09978893631809889
3385.84752860155	0.09863114524518603
3387.89380534321	0.09786524199007496
3389.93951971664	0.10047467477159928
3391.98467197371	0.10204203035982821
3394.02926236618	0.10187282979401467
3396.07329114566	0.0985064951753063
3398.1167585636	0.09533603923783673
3400.15966487137	0.09509554483299937
3402.20201032014	0.09702811012361015
3404.24379516099	0.09355486736019572
3406.28501964484	0.09481950135014988
3408.3256840225	0.09597722719539799
3410.3657885446	0.09607519914985245
3412.40533346167	0.09446329306568971
3414.44431902408	0.09554979029957873
3416.48274548209	0.09509554483299937
3418.5206130858	0.09533603923783673
3420.55792208516	0.0930561366253473
3422.59467273003	0.09170246687119563
3424.63086527009	0.09343021729031599
3426.6664999549	0.09347470255858505
3428.70157703386	0.0911503146778319
3430.73609675628	0.09141748719809455
3432.77005937129	0.09326988768709464
3434.80346512789	0.09090094931040768
3436.83631427494	0.08659951087078004
3438.86860706119	0.08769487906725591
3440.90034373521	0.09122154328919098
3442.93152454546	0.08884373394991718
3444.96214974025	0.08833613225248725
3446.99221956775	0.08867453338410898
3449.021734276	0.08731192743970037
3451.05069411289	0.08479159565004901
3453.07909932619	0.08504989720772481
3455.1069501635	0.08644811745781028
3457.1342468723	0.08485395329882124
3459.16098969993	0.08233362150916453
3461.1871788936	0.08232475054657767
3463.21281470035	0.07811228264348281
3465.23789736712	0.08078400784610928
3467.26242714067	0.07978661160408253
3469.28640426765	0.08366948411047777
3471.30982899455	0.07811228264348281
3473.33270156774	0.0724037529911775
3475.35502223343	0.07980441875692096
3477.3767912377	0.07834384085806324
3479.39800882649	0.0758502524115019
3481.41867524559	0.07935023851800634
3483.43879074066	0.07798763257360308
3485.45835555721	0.07817464029225506
3487.47736994062	0.07350805737791032
3489.49583413611	0.07326756297307294
3491.51374838879	0.07165565688891021
3493.53111294359	0.07259076070982948
3495.54792804533	0.07165565688891021
3497.56419393867	0.0702396294859863
3499.57991086814	0.07109456850529489
