1000.07700129088	0.03436822599818194
1002.83416209528	0.03624220716645689
1005.59045264208	0.03648926703115167
1008.34587328813	0.03972917923134746
1011.10042439014	0.040712775221138385
1013.85410630472	0.039029927430774075
1016.60691938837	0.03826075045014335
1019.35886399746	0.0429550244519614
1022.10994048823	0.042495867312600515
1024.86014921684	0.04334425641126494
1027.60949053928	0.042929417086217746
1030.35796481149	0.04305759048755332
1033.10557238924	0.04345385593664779
1035.85231362819	0.04362634715229704
1038.5981888839	0.04424631854852808
1041.34319851182	0.04587556158660234
1044.08734286727	0.046164617531116704
1046.83062230544	0.045094775933501155
1049.57303718143	0.04963055741294315
1052.31458785021	0.05038109223131249
1055.05527466665	0.05219682517830921
1057.79509798549	0.051376365179882526
1060.53405816134	0.055532269924305995
1063.27215554874	0.053725823915285645
1066.00939050209	0.05490990850727222
1068.74576337565	0.05875114994143766
1071.48127452361	0.05716847816586253
1074.21592430002	0.05820335717344941
1076.94971305882	0.05974642289000769
1079.68264115384	0.06059249025417803
1082.41470893879	0.06270424434917139
1085.14591676728	0.06222405502674638
1087.8762649928	0.06274849387717642
1090.60575396871	0.06687879125585623
1093.33438404827	0.06656180621110412
1096.06215558464	0.06758965172890008
1098.78906893086	0.06957555415705195
1101.51512443981	0.0677831068413048
1104.24032246435	0.06980629359397944
1106.96466335716	0.07113255028057479
1109.68814747081	0.07438639288773512
1112.41077515779	0.07068500181368435
1115.13254677044	0.07282010982623592
1117.85346266104	0.07315573703324943
1120.57352318169	0.07509267817809943
1123.29272868445	0.07672192121617369
1126.01107952121	0.07529774196297462
1128.72857604378	0.08020185979127334
1131.44521860385	0.0803160344993357
1134.16100755301	0.08405942165320607
1136.87594324271	0.08130898571341165
1139.59002602433	0.08046059661474722
1142.3032562491	0.08334145940406265
1145.01563426818	0.08458147048283336
1147.72716043257	0.08501037678746241
1150.43783509322	0.08772346011642543
1153.14765860091	0.0878633104765401
1155.85663130634	0.08954151479791624
1158.56475356012	0.08973264817582687
1161.27202571271	0.08998674153031257
1163.97844811448	0.09240380371127893
1166.68402111569	0.09289560170617439
1169.38874506649	0.09510760010226557
1172.09262031694	0.09854089912855744
1174.79564721695	0.0993031109057059
1177.49782611635	0.10445654204688483
1180.19915736486	0.1027014473419691
1182.89964131208	0.10455910808247675
1185.59927830751	0.1065379770208377
1188.29806870054	0.10762885080151738
1190.99601284046	0.10295547241014615
1193.69311107643	0.11297109358611286
1196.38936375753	0.11457705099293755
1199.08477123271	0.11519941240997134
1201.77933385082	0.11646270911999161
1204.47305196061	0.11664687729441997
1207.1659259107	0.12072350163450109
1209.85795604964	0.12507518322582337
1212.54914272585	0.12952007562845255
1215.23948628763	0.12898163808474933
1217.92898708319	0.13248493057740718
1220.61764546064	0.133832151160758
1223.30546176798	0.13347317003618628
1225.99243635308	0.13600679694601775
1228.67856956373	0.13402328453866863
1231.36386174761	0.13821647360761485
1234.04831325228	0.13774796124396896
1236.73192442522	0.13748922442049508
1239.41469561377	0.1412442202468359
1242.09662716519	0.1364683441061814
1244.77771942662	0.1387059498680162
1247.45797274511	0.14045872283843788
1250.13738746759	0.14101109078910565
1252.81596394089	0.14173601824173135
1255.49370251175	0.1430482762350535
1258.17060352676	0.1448336900610097
1260.84666733246	0.141185903739249
1263.52189427525	0.1461413045853437
1266.19628470144	0.14549333580256626
1268.86983895722	0.14660046172470456
1271.5425573887	0.15037177797881268
1274.21444034186	0.14886135311778897
1276.8854881626	0.14869125192294244
1279.55570119671	0.14973309613401162
1282.22507978985	0.15239025297619047
1284.89362428759	0.1556790581733795
1287.56133503543	0.1552502201550591
1290.22821237872	0.15824300420425144
1292.89425666274	0.16096544275749947
1295.55946823263	0.16372748736976436
1298.22384743346	0.16731231371495
1300.88739461019	0.16463419297601567
1303.55011010766	0.17036573600622335
1306.21199427063	0.17233757145479336
1308.87304744373	0.1747710223498357
1311.53326997152	0.17681981646825398
1314.19266219843	0.17953986500069924
1316.8512244688	0.18122974628085448
1319.50895712687	0.18107589722746661
1322.16586051676	0.18399643436210755
1324.82193498252	0.18370280323491364
1327.47718086806	0.1838519405330047
1330.1315985172	0.18996575031903362
1332.78518827369	0.19063236126407243
1335.43795048114	0.19055308085973008
1338.08988548307	0.19302613781378924
1340.74099362289	0.19290260788144187
1343.39127524392	0.19114512315572338
1346.04073068939	0.1904435496206559
1348.6893603024	0.18910097250629326
1351.33716442597	0.18853924933134047
1353.98414340301	0.18583313120585973
1356.63029757632	0.18674215854660514
1359.27562728863	0.18232526353052234
1361.92013288252	0.18525508760313963
1364.56381470053	0.183877616185057
1367.20667308505	0.1820129219547584
1369.84870837838	0.17798054714268233
1372.48992092274	0.17916927520365708
1375.13031106023	0.17715080020627927
1377.76987913284	0.17557516192049508
1380.40862548251	0.17439339906300258
1383.04655045101	0.17223036195021327
1385.68365438006	0.17292729201629256
1388.31993761126	0.16979465760698553
1390.95540048612	0.17250309746696035
1393.59004334605	0.17031909645741555
1396.22386653233	0.17118619600465002
1398.85687038619	0.17377807113575974
1401.48905524873	0.16991354407034473
1404.12042146094	0.1712071599014055
1406.75096936375	0.17269423084487098
1409.38069929796	0.17489223054768896
1412.00961160428	0.17729761576987624
1414.63770662332	0.17646083534368226
1417.26498469557	0.17310442670093001
1419.89144616146	0.17299025199286763
1422.51709136132	0.17843506081305502
1425.14192063532	0.1802997550433536
1427.76593432361	0.17715080020627927
1430.3891327662	0.17624873806901614
1433.01151630299	0.17565901750751695
1435.63308527382	0.17982892094521363
1438.2538400184	0.1832575765025173
1440.87378087637	0.18293594798877702
1443.49290818722	0.18397082699636388
1446.1112222904	0.1815630517533739
1448.72872352524	0.18163529866792533
1451.34541223097	0.17902013790556603
1453.96128874671	0.17698063072512413
1456.5763534115	0.17930680382927766
1459.19060656429	0.17763324297688973
1461.8040485439	0.17705055590518146
1464.41667968907	0.17830688741171946
1467.02850033846	0.18047688972799106
1469.63951083061	0.17964475277078526
1472.24971150397	0.18078690956926088
1474.8591026969	0.18167497301325083
1477.46768474763	0.1783791343262709
1480.07545799434	0.1797123562163485
1482.68242277508	0.18013661905198938
1485.28857942782	0.17789197980036361
1487.89392829042	0.17779644725456262
1490.49846970065	0.18064705920914623
1493.10220399619	0.17817400225508706
1495.70513151461	0.18264457030976855
1498.30725259339	0.18334846557933013
1500.90856756992	0.18281241805642962
1503.50907678146	0.18153976612212433
1506.10878056524	0.1860918680293336
1508.70767925832	0.18726659739703516
1511.30577319772	0.18785863969302846
1513.90306272032	0.1860172993802881
1516.49954816295	0.18515019983305364
1519.09522986229	0.18832018685319207
1521.69010815498	0.1881709812687924
1524.28418337751	0.19018249106268792
1526.87745586632	0.19214742959408432
1529.46992595773	0.1942008671814908
1532.06159398796	0.1918234110595413
1534.65246029316	0.1997156694680442
1537.24252520935	0.19899538548440668
1539.83178907249	0.20404167540731416
1542.42025221841	0.20775706517463813
1545.00791498287	0.20919517483480177
1547.59477770152	0.21041183199601426
1550.18084070993	0.21348853991853717
1552.76610434356	0.21631586624187119
1555.35056893777	0.22117798799035032
1557.93423482785	0.22579304987413468
1560.51710234896	0.22976717646493253
1563.0991718362	0.23175301060677575
1565.68044362457	0.2408526392385148
1568.26091804893	0.24112066299996504
1570.84059544411	0.250043088660758
1573.41947614481	0.250166686879414
1575.99756048562	0.25492392085780713
1578.57484880108	0.25662541081043283
1581.15134142559	0.25799830704583593
1583.72703869349	0.25717784704740926
1586.301940939	0.2566790155627229
1588.87604849628	0.25558117657856094
1591.44936169934	0.25656716258915463
1594.02188088215	0.2520197041509335
1596.59360637855	0.24968649755698902
1599.16453852232	0.24716919107492483
1601.73467764709	0.24425561914376617
1604.30402408647	0.24215554200755193
1606.87257817391	0.23861503347667995
1609.44034024281	0.22935691232256486
1612.00731062644	0.22665550595238096
1614.57348965801	0.222844583639256
1617.13887767062	0.2168146977265576
1619.70347499726	0.21674709428099434
1622.26728197086	0.21008788174777987
1624.83029892423	0.20838400177435146
1627.39252619012	0.20501598445912872
1629.95396410112	0.20440297826638
1632.5146129898	0.20316528892210334
1635.07447318858	0.20360348216470875
1637.63354502984	0.20093464836375077
1640.19182884582	0.19672513886703727
1642.74932496868	0.1973871063430879
1645.3060337305	0.1975059928064471
1647.86195546325	0.1989767433221453
1650.41709049882	0.19752695670320258
1652.971439169	0.19372074614537446
1655.52500180548	0.1936671413930844
1658.07777873987	0.1945318509195161
1660.62977030368	0.19497004416212152
1663.18097682833	0.19664592674900358
1665.73139864514	0.1976132023110272
1668.28103608534	0.19828220327686874
1670.82988948008	0.1943360740726173
1673.37795916039	0.19655032591689392
1675.92524545724	0.1947929094774841
1678.47174870147	0.19234320644098316
1681.01746922386	0.1961261313675617
1683.56240735508	0.195356954386931
1686.10656342572	0.1906813225473743
1688.64993776626	0.19414261896021257
1691.19253070709	0.19263922758897978
1693.73434257853	0.19133393479913993
1696.27537371078	0.1917441989415076
1698.81562443395	0.19210775524875884
1701.35509507809	0.1871104266091532
1703.89378597311	0.18990511207695265
1706.43169744886	0.19116608705247884
1708.96882983509	0.19005663939584644
1711.50518346144	0.19198422531641143
1714.0407586575	0.19017088239021745
1716.57555575272	0.19519149666107266
1719.10957507649	0.1898981468734704
1721.64281695809	0.18892615955614991
1724.17528172671	0.19256698067442837
1726.70696971146	0.19286996702590728
1729.23788124135	0.19815628332371862
1731.7680166453	0.19836141539490246
1734.29737625213	0.1953383122246696
1736.82596039057	0.19896745638416893
1739.35376938927	0.1954664856260052
1741.88080357677	0.19812364246818404
1744.40706328154	0.19576954026379273
1746.93254883193	0.20084375928693798
1749.45726055623	0.19972727814051464
1751.9811987826	0.20227954721260752
1754.50436383915	0.2028529473463394
1757.02675605387	0.20401838977606462
1759.54837575466	0.2038901480884204
1762.06922326934	0.20521408304052163
1764.58929892564	0.20335874403450807
1767.10860305118	0.2053865742561709
1769.6271359735	0.20348227396685548
1772.14489802005	0.21091530694968882
1774.66188951817	0.2048085306534508
1777.17811079515	0.20794580853174602
1779.69356217815	0.20877098028546956
1782.20824399425	0.20778963774386405
1784.72215657043	0.20841896436438012
1787.23530023361	0.2080367658948675
1789.74767531057	0.20714870245087755
1792.25928212804	0.20348691743584366
1794.77012101264	0.20575948578770714
1797.2801922909	0.2055077824540242
1799.78949628926	0.20548914029176282
1802.29803333406	0.20888283325903784
1804.80580375158	0.20950048292077478
1807.31280786797	0.20994099789787427
1809.81904600929	0.21331372696839382
1812.32451850154	0.21149567228690302
1814.82922567061	0.21237212705842248
1817.33316784231	0.20940495037497378
1819.83634534233	0.20715102418537165
1822.33875849629	0.20938398647821832
1824.84040762973	0.2099526748566534
1827.34129306808	0.20930702780837004
1829.84141513667	0.2058294109677645
1832.34077416077	0.21049343413485072
1834.83937046553	0.21045847154482203
1837.33720437602	0.20880123112020138
1839.83427621723	0.20999699267096705
1842.33058631404	0.20658930101041886
1844.82613499125	0.20887818979004966
1847.32092257355	0.20916253397926718
1849.81494938558	0.21171712478585414
1852.30821575184	0.21036758246800924
1854.80072199677	0.21368438505174464
1857.29246844473	0.21428571428571427
1859.78345541994	0.21359342768862316
1862.27368324658	0.21520170682994197
1864.76315224871	0.21369831545870918
1867.2518627503	0.2133580447827075
1869.73981507524	0.21708736495699602
1872.22700954733	0.21690790853786449
1874.71344649027	0.2184952237824278
1877.19912622768	0.22029231456716314
1879.68404908308	0.2206769030574785
1882.16821537988	0.22145304524159148
1884.65162544145	0.2203342423606741
1887.13427959102	0.22044145186525418
1889.61617815175	0.21661885259335012
1892.0973214467	0.2200848607614852
1894.57770979887	0.22111038454478707
1897.05734353113	0.21924575860079715
1899.53622296628	0.22458800138539262
1902.014348427	0.22446447145304524
1904.49172023593	0.22172106900304175
1906.96833871558	0.22274433933815818
1909.44420418839	0.21853018637245647
1911.91931697668	0.2198587647935459
1914.39367740272	0.22123159274264037
1916.86728578865	0.22458335791640444
1919.34014245654	0.22215229704216488
1921.81224772838	0.22514508109135725
1924.28360192604	0.2249679464067198
1926.75420537132	0.22399595908939934
1929.22405838593	0.22403563343472485
1931.69316129147	0.21763276770418152
1934.16151440948	0.22378857357003007
1936.62911806136	0.22231311129903503
1939.09597256848	0.2219075589119642
1941.56207825207	0.22189820368767918
1944.0274354333	0.2241638068360604
1946.49204443322	0.22440157976277883
1948.95590557284	0.2209682124501783
1951.41901917301	0.221632501660723
1953.88138555454	0.22538517575256975
1956.34300503813	0.22370929316568772
1958.8038779444	0.2264410186569121
1961.26400459387	0.22502619462799806
1963.72338530697	0.23019601448325291
1966.18202040403	0.22455536052985806
1968.63991020531	0.22287019100499966
1971.09705503097	0.22437358237623242
1973.55345520107	0.22389346134011606
1976.0091110356	0.22753885764107404
1978.46402285444	0.22970421648835745
1980.91819097737	0.2285481292829173
1983.3716157241	0.2304361091444654
1985.82429741427	0.2304244321856863
1988.27623636736	0.23017737232099153
1990.72743290284	0.23044778610324454
1993.17788734002	0.2329417386677505
1995.62759999817	0.23238698069627997
1998.07657119644	0.23558728683745891
2000.5248012539	0.23370395044489894
2002.97229048952	0.23437056138993775
2005.41903922219	0.23510245404604574
2007.86504777071	0.2377432904604573
2010.31031645378	0.23528655393416545
2012.75484559	0.2376360809558772
2015.19863549792	0.23970119550206279
2017.64168649594	0.2390928327783022
2020.08399890242	0.23725613593455003
2022.5255730356	0.2410204186988672
2024.96640921365	0.2404144459959094
2027.40650775462	0.23619325954041676
2029.84586897649	0.23916507969285364
2032.28449319715	0.2382024475998182
2034.72238073438	0.23550104122963428
2037.15953190591	0.23341721623487868
2039.59594702932	0.2348950002403678
2042.03162642215	0.23756615577581988
2044.46657040182	0.23748687537147753
2046.90077928567	0.2395823090387036
2049.33425339095	0.24016499611041187
2051.76699303481	0.24257980484319278
2054.19899853433	0.23918604358960913
2056.63027020645	0.24074775146842878
2059.06080836809	0.2390951545127963
2061.49061333602	0.2410460943509195
2063.91968542694	0.24000186011904762
2066.34802495747	0.23977576415110832
2068.77563224411	0.23689483307548423
2071.20250760329	0.23720253118225998
2073.62865135136	0.24013706701017412
2076.05406380455	0.23875488383679463
2078.47874527901	0.24003914444357038
2080.9026960908	0.24203433380969863
2083.3259165559	0.24383845808422488
2085.74840699018	0.24117891122124327
2088.17016770944	0.23895530415268162
2090.59119902935	0.24054261939724494
2093.01150126553	0.24087824660425844
2095.43107473348	0.24215554200755193
2097.84991974864	0.24166606574715055
2100.26803662633	0.24189680518407802
2102.68542568178	0.24417872876022656
2105.10208723015	0.243309307478498
2107.51802158648	0.2421741841698133
2109.93322906574	0.2435937199540242
2112.3477099828	0.24393399063002588
2114.76146465245	0.24446075121495
2117.17449338937	0.2438967063055031
2119.58679650815	0.24199937121966994
2121.9983743233	0.2436589333787847
2124.40922714924	0.24552362760908328
2126.81935530029	0.24497822486189777
2129.22875909067	0.24608999425302427
2131.63743883452	0.2464885814366128
2134.04539484589	0.24861433422487939
2136.45262743874	0.24564947927592476
2138.85913692692	0.25233668919568564
2141.26492362422	0.2516607230263618
2143.6699878443	0.24739760877735822
2146.07432990076	0.244626277227117
2148.47795010708	0.24530920859992308
2150.88084877667	0.2426566952267324
2153.28302622285	0.24541409637000908
2155.68448275883	0.24537681204548634
2158.08521869774	0.2477938742264527
2160.48523435261	0.24919237782759948
2162.88453003639	0.24980538402034821
2165.28310606193	0.24842087911247465
2167.68096274199	0.24796868717659604
2170.07810038922	0.24894763969739878
2172.47451931622	0.24974010230927907
2174.87021983546	0.2500105160915321
2177.26520225933	0.24362397078875603
2179.65946690013	0.24921798519334312
2182.05301407006	0.2461995937784071
2184.44584408123	0.2464023358287882
2186.83795724567	0.24793836805555555
2189.22935387531	0.24760738431753024
2191.62003428198	0.2465212222921474
2194.00999877743	0.24664707395898888
2196.39924767329	0.24700837681805468
2198.78778128115	0.2438990280399972
2201.17559991245	0.2496911410259772
2203.56270387857	0.24636040803527726
2205.94909349081	0.24831831307688274
2208.33476906033	0.24669371350779665
2210.71973089824	0.24603406776624012
2213.10397931554	0.24787540807898048
2215.48751462314	0.24567044317268022
2217.87033713186	0.24785444418222502
2220.25244715242	0.2433396265995385
2222.63384499546	0.24036548471260752
2225.01453097151	0.2454933084880428
2227.39450539101	0.24703869593909517
2229.77376856434	0.247749556412139
2232.15232080173	0.24968881929148312
2234.53016241336	0.24962592760121669
2236.9072937093	0.24955832415565346
2239.28371499954	0.2474022522463464
2241.65942659396	0.24439082603489268
2244.03442880236	0.24693380816900917
2246.40872193443	0.24795933195231104
2248.78230629979	0.24520896429882524
2251.15518220795	0.24590357263041046
2253.52734996835	0.25058623795975804
2255.89880989029	0.24686620472344592
2258.26956228301	0.24892196404534647
2260.63960745567	0.24458892461628556
2263.00894571731	0.2449269418441018
2265.37757737688	0.24437914907611355
2267.74550274324	0.2464443319086078
2270.11272212517	0.245821970491574
2272.47923583134	0.24294568288493812
2274.84504417031	0.24431393565135306
2277.2101474506	0.24532552902769036
2279.57454598058	0.24462859896161107
2281.93824006856	0.24626016373417942
2284.30123002275	0.24456099551604782
2286.66351615125	0.24676596042234808
2289.02509876208	0.24767963123208167
2291.38597816317	0.24783812375445774
2293.74615466236	0.24795236674882876
2296.10562856737	0.25115492633819314
2298.46440018585	0.24765170213184393
2300.82246982535	0.24695012859677645
2303.1798377933	0.24533249423117265
2305.5365043971	0.24634873107649816
2307.89246994399	0.24528121121337668
2310.24773474116	0.24701302028704286
2312.60229909566	0.2486702607116635
2314.95616331451	0.2511782119694427
2317.30932770456	0.2502808615874764
2319.66179257263	0.25084961825222013
2322.01355822542	0.2493671907777428
2324.36462496953	0.24913173958551849
2326.71499311146	0.25320604219110554
2329.06466295764	0.25462318795451366
2331.41363481439	0.2535207055013635
2333.76190898794	0.2533249286544647
2336.10948578441	0.2539052939916789
2338.45636550986	0.24991723699391652
2340.80254847022	0.25067009354677994
2343.14803497132	0.25010372690283894
2345.49282531895	0.24851873339276973
2347.83691981874	0.2496282493357108
2350.18031877626	0.24983099138609188
2352.52302249699	0.25205227672015945
2354.8650312863	0.2485840151038389
2357.20634544946	0.24876114978847633
2359.54696529166	0.250147976430844
2361.88689111798	0.24878914717502273
2364.22612323341	0.2526629611784141
2366.56466194287	0.25224341009807005
2368.90250755114	0.255905195113104
2371.23966036293	0.25056288404219984
2373.57612068286	0.25191010462555063
2375.91188881545	0.2507726595823719
2378.2469650651	0.25028318332197047
2380.58134973615	0.24945111465107336
2382.91504313282	0.25021325814191314
2385.24804555926	0.2496934627604713
2387.58035731949	0.2505279214521712
2389.91197871745	0.24643729841881687
2392.24291005701	0.24717151280941893
2394.57315164189	0.25167936518862316
2396.90270377577	0.2504323889063702
2399.23156676218	0.2513856657751206
2401.55974090461	0.25066777181228583
2403.88722650642	0.25116428156247816
2406.21402387086	0.25000348260174116
2408.54013330113	0.25071905483008183
2410.8655551003	0.2467776373811272
2413.19028957133	0.25156280045975804
2415.51433701713	0.25248814822827076
2417.83769774049	0.24932758471872596
2420.16037204408	0.2510360398748339
2422.48236023051	0.24748849785417104
2424.80366260228	0.2508449064969233
2427.12427946179	0.2506584848743095
2429.44421111134	0.2516560795573736
2431.76345785315	0.2526047129571359
2434.08201998932	0.25110596505489124
2436.39989782188	0.2505186345141948
2438.71709165273	0.25092186516677156
2441.0336017837	0.24931126429095868
2443.34942851653	0.25103139640584576
2445.66457215282	0.25060952359100763
2447.97903299412	0.25154415829749666
2450.29281134185	0.2507633726443955
2452.60590749736	0.24813646663694847
2454.91832176188	0.2486585837528844
2457.23005443656	0.24746753395741555
2459.54110582243	0.2472064753994476
2461.85147622045	0.24869354634291307
2464.16116593146	0.24900356618418293
2466.47017525621	0.24529520990664988
2468.77850449536	0.24670539046657577
2471.08615394947	0.24713655021939024
2473.39312391899	0.24454699682277464
2475.69941470429	0.24803157886686245
2478.00502660562	0.2484488082127124
2480.30995992316	0.24710158762936157
2482.61421495697	0.2459431786894273
2484.91779200702	0.24621120245087755
2487.22069137316	0.24493390704758408
2489.5229133552	0.248115502740193
2491.8244582528	0.24539545420774772
2494.12532636553	0.24428825999930076
2496.42551799287	0.24671932087354032
2498.72503343421	0.24761441780732116
2501.02387298882	0.24931822949444093
2503.32203695588	0.24742328442941053
2505.61952563449	0.24636737323875954
2507.91633932361	0.24805957625340885
2510.21247832216	0.24537681204548634
2512.50794292891	0.24499918875865323
2514.80273344255	0.2459618208516887
2517.09685016167	0.24572643794577304
2519.39029338476	0.2473090414350395
2521.68306341022	0.24780548289892315
2523.97516053634	0.25022493510069227
2526.26658506132	0.24687316992692818
2528.55733728325	0.2475514578307461
2530.84741750012	0.24339787482081673
2533.13682600984	0.24863761985612895
2535.4255631102	0.24883107496853366
2537.7136290989	0.24592685826166003
2540.00102427354	0.24681027823666177
2542.28774893162	0.24698037943150827
2544.57380337053	0.24518328864677294
2546.85918788758	0.2491434165442976
2549.14390277997	0.24602478082826376
2551.4279483448	0.24668435828351165
2553.71132487906	0.24781019465422
2555.99403267966	0.2469780576970142
2558.27607204341	0.2471995101959653
2560.55744326699	0.24620888071638347
2562.83814664702	0.24646993927435146
2565.11818247999	0.24479870015645758
2567.3975510623	0.2463860154010209
2569.67625269025	0.24328602184724846
2571.95428766003	0.24214857680406965
2574.23165626776	0.23928396615621286
2576.50835880942	0.24086192617649116
2578.78439558093	0.24001585881232082
2581.05976687806	0.24053326417295992
2583.33447299652	0.23937717696751976
2585.60851423191	0.2420832950930005
2587.88189087972	0.240805999689707
2590.15460323534	0.2393655682950493
2592.42665159406	0.2399202579802112
2594.69803625108	0.24119058818002237
2596.9687575015	0.2388713802793511
2599.23881564029	0.23988297365568842
2601.50821096235	0.23869424559471367
2603.77694376245	0.236155975215894
2606.0450143353	0.2362468642927068
2608.31242297548	0.2353518356452346
2610.57916997746	0.2385497517656108
2612.84525563562	0.24008114052338997
2615.11068024426	0.23792739034857702
2617.37544409753	0.24318809928064472
2619.63954748952	0.2351560587983358
2621.90299071421	0.23873391994003915
2624.16577406546	0.23756615577581988
2626.42789783705	0.24216025376284875
2628.68936232264	0.24027691737028878
2630.9501678158	0.23993657840797847
2633.21031460999	0.23603941048702887
2635.46980299857	0.2397944063133697
2637.72863327481	0.24178727394500385
2639.98680573185	0.23944710214757708
2642.24432066276	0.24251220139762952
2644.50117836048	0.24280118905583525
2646.75737911786	0.24393631236451996
2649.01292322765	0.24200169295416404
2651.26781098249	0.24481502058422488
2653.52204267492	0.24656315008565835
2655.77561859738	0.2451296838944829
2658.0285390422	0.24528353294787078
2660.28080430161	0.24701069855254879
2662.53241466774	0.24559819625812881
2664.78337043263	0.2528214537007902
2667.03367188817	0.25531779628609885
2669.2833193262	0.2570705692565205
2671.53231303844	0.2587348431709321
2673.78065331648	0.2577954967091462
2676.02834045184	0.2623615973096287
2678.27537473592	0.2639209151676456
2680.52175646002	0.26083956377613454
2682.76748591535	0.2654709460876862
2685.01256339298	0.26344079413152927
2687.25698918391	0.2643125371477519
2689.50076357901	0.2657856093979442
2691.74388686909	0.2621471783004685
2693.9863593448	0.26241752379641287
2696.22818129672	0.26332887287165235
2698.46935301532	0.2589795813011328
2700.70987479096	0.2571242422951192
2702.94974691389	0.252721277686001
2705.18896967428	0.2506468079155304
2707.42754336216	0.24684756256118454
2709.66546826749	0.24507607914219284
2711.90274468011	0.2411579473244878
2714.13937288974	0.24174998962048108
2716.37535318602	0.23598348400024474
2718.61068585848	0.23505581449723795
2720.84537119652	0.23209567130358016
2723.07940948947	0.23175068887228165
2725.31280102654	0.22868565790853787
2727.54554609682	0.22501922942451577
2729.77764498933	0.2261986022612055
2732.00909799294	0.22629884656230334
2734.23990539644	0.22508218940109084
2736.47006748853	0.2209658907156842
2738.69958455777	0.22207069490332842
2740.92845689263	0.2242081246503741
2743.15668478147	0.2209798894089574
2745.38426851257	0.21965363272236207
2747.61120837406	0.22320117474302498
2749.83750465399	0.21996133082913782
2752.0631576403	0.22024799675284945
2754.28816762083	0.21899869873610237
2756.51253488329	0.21892877355604504
2758.73625971532	0.22172339073753583
2760.95934240442	0.21598952597283408
2763.18178323801	0.2176770855184952
2765.40358250338	0.21655131743409553
2767.62474048773	0.21565622050031466
2769.84525747814	0.2163298649351444
2772.06513376159	0.21440692248356757
2774.28436962496	0.21712703930232152
2776.50296535501	0.21294081543685756
2778.7209212384	0.21468430146930284
2780.93823756168	0.21241173311743933
2783.15491461129	0.21084770350412557
2785.37095267358	0.21357710726085588
2787.58635203477	0.2085424942967275
2789.80111298097	0.20942359253723516
2792.01523579822	0.21017644909009858
2794.2287207724	0.20758457395898888
2796.44156818932	0.20719527371337668
2798.65377833468	0.20849824476872247
2800.86535149404	0.21044679458604293
2803.07628795289	0.21078010005856235
2805.28658799659	0.20656833711366338
2807.4962519104	0.20611846691227886
2809.70527997946	0.20457546948202923
2811.91367248883	0.20493902578928047
2814.12142972342	0.20851224346199568
2816.32855196807	0.19898609854643032
2818.53503950749	0.20681307524386405
2820.74089262628	0.20516047828823158
2822.94611160894	0.20274805957625341
2825.15069673987	0.2047199633111321
2827.35464830333	0.20523504693727712
2829.55796658351	0.2035545208814069
2831.76065186445	0.2031140059043074
2833.96270443012	0.2031280045975806
2836.16412456437	0.2018459974389903
2838.3649125509	0.20100928529910495
2840.56506867336	0.20253364056709322
2842.76459321526	0.20413256448412698
2844.96348645999	0.2032048949811202
2847.16174869086	0.20418616923641703
2849.35938019105	0.202624529643906
2851.55638124363	0.2040230332450528
2853.75275213157	0.20111178304838823
2855.94849313772	0.20348923917033773
2858.14360454483	0.20069926545783512
2860.33808663553	0.20279469912506118
2862.53193969234	0.19900009723970352
2864.72516399768	0.2003799586785889
2866.91775983385	0.198279813256066
2869.10972748304	0.19952685782462765
2871.30106722733	0.19876696778197328
2873.4917793487	0.2030044746652332
2875.68186412899	0.2031093624353192
2877.87132184997	0.20043820689986713
2880.06015279325	0.20692028474844418
2882.24835724039	0.20465468160006292
2884.43593547278	0.20433537482081673
2886.62288777173	0.20386686245717084
2888.80921441843	0.20443794085640865
2890.99491569397	0.20451483123994826
2893.1799918793	0.2025499609948605
2895.36444325529	0.19995569584294803
2897.54827010269	0.2022958676403748
2899.73147270213	0.20171550230316063
2901.91405133412	0.1994452556857912
2904.09600627909	0.2024287527970072
2906.27733781731	0.19578353895706593
2908.45804622899	0.19803746514666806
2910.63813179418	0.19788825956226838
2912.81759479286	0.19566929596269492
2914.99643550486	0.1937906713254318
2917.17465420994	0.1936134683544857
2919.3522511877	0.19345033236312145
2921.52922671765	0.19304013650706245
2923.7055810792	0.1914574647314873
2925.88131455162	0.19344568889413327
2928.05642741408	0.19153674513582966
2930.23091994566	0.19106358930319559
2932.40479242528	0.19008463678239285
2934.57804513178	0.19014520673816515
2936.75067834387	0.1865930212485141
2938.92269234017	0.18678647636091883
2941.09408739916	0.18291730582651564
2943.26486379921	0.1871453891991819
2945.4350218186	0.18505466728725264
2947.60456173546	0.1829056288677365
2949.77348382783	0.18499641906597442
2951.94178837363	0.1839848256896371
2954.10947565068	0.17947465157593875
2956.27654593666	0.18266785594101811
2958.44299950915	0.18117614152856443
2960.60883664562	0.1797123562163485
2962.77405762341	0.1822599818194532
2964.93866271975	0.18025079376005174
2967.10265221178	0.1821364518871058
2969.26602637648	0.1769712755008391
2971.42878549076	0.1798312426797077
2973.59092983139	0.18260728598524578
2975.75245967501	0.18194067504020697
2977.9133752982	0.17992916524631145
2980.07367697736	0.1820432410757989
2982.23336498882	0.1799244534910146
2984.39243960877	0.17912734741014613
2986.5509011133	0.1802088659665408
2988.70874977837	0.18209213407279212
2990.86598587984	0.18003637475089154
2993.02260969344	0.17946065288266555
2995.17862149478	0.17637691147035173
2997.33402155938	0.17914134610341934
2999.48881016262	0.17660300743829102
3001.64298757978	0.17752371173781553
3003.796554086	0.176864065996259
3005.94950995633	0.1774841056787987
3008.10185546569	0.17295296766834486
3010.25359088888	0.1767568564916789
3012.40471650059	0.17614617203342423
3014.5552325754	0.17782669808929447
3016.70513938776	0.17403680795923362
3018.85443721201	0.17120244814610866
3021.00312632236	0.17111155906929584
3023.15120699292	0.16925854179777639
3025.29867949769	0.17114419992483043
3027.44554411052	0.17070136321323684
3029.59180110516	0.17042166249300747
3031.73745075527	0.1695685616390462
3033.88249333434	0.1700393957371862
3036.02692911578	0.16790667774543738
3038.17075837287	0.16589516795154186
3040.31398137877	0.1637997342843158
3042.45659840653	0.16550122423694147
3044.59860972907	0.16350139140182504
3046.7400156192	0.16602101961838334
3048.88081634961	0.1592056362972869
3051.02101219287	0.16110993658660233
3053.16060342144	0.16252011714652823
3055.29959030765	0.16007273584452136
3057.43797312371	0.16165301759929376
3059.57575214172	0.15852973841427173
3061.71292763366	0.15556952693430529
3063.84949987139	0.15995849285015035
3065.98546912665	0.15885136692801202
3068.12083567105	0.15613828359904902
3070.2555997761	0.15810547557863086
3072.38976171319	0.16093512363645898
3074.52332175356	0.15713587828211315
3076.65628016837	0.15653448076183485
3078.78863722863	0.15464185743129852
3080.92039320526	0.1535160893468988
3083.05154836902	0.15597275758688203
3085.1821029906	0.15207558966593246
3087.31205734051	0.15342281024928325
3089.44141168921	0.15397060301727153
3091.57016630696	0.15595179369012657
3093.69832146398	0.1552502201550591
3095.82587743032	0.1577675266371233
3097.9528344759	0.15543903179847562
3100.07919287056	0.15101039153730508
3102.204952884	0.15457657572022934
3104.33011478579	0.15314549954985665
3106.45467884538	0.15313150085658345
3108.57864533212	0.15256042245734563
3110.70201451522	0.15313614432557163
3112.82478666378	0.1516071455885952
3114.94696204676	0.15253945856059017
3117.06854093301	0.1487471784097266
3119.18952359127	0.154296875
3121.30991029013	0.15225511437137262
3123.4297012981	0.15270027281746032
3125.54889688352	0.15087525293248724
3127.66749731464	0.150537235704671
3129.78550285957	0.14871221581969793
3131.90291378633	0.15061651610901336
3134.01973036277	0.1457660030330047
3136.13595285665	0.14468919623190685
3138.2515815356	0.14378481236014964
3140.36661666714	0.14412747305695406
3142.48105851863	0.14092252344678693
3144.59490735734	0.14353310902646668
3146.70816345041	0.13776660340623034
3148.82082706486	0.13920006959740577
3150.93289846758	0.13696246383557095
3153.04437792532	0.13688318343122857
3155.15526570475	0.1358459826891476
3157.26556207238	0.13531218861443256
3159.37526729461	0.13261774744773092
3161.48438163771	0.13309561503566184
3163.59290536784	0.13216555551185233
3165.70083875102	0.1338927211165303
3167.80818205315	0.13465493289367877
3169.91493554002	0.12884178772463464
3172.02109947727	0.13056198812583036
3174.12667413044	0.13158519017463813
3176.23165976493	0.13030789477134466
3178.33605664602	0.13216794553265507
3180.43986503887	0.13169007794472415
3182.54308520852	0.1325571774919586
3184.64571741986	0.1299116293222502
3186.74776193769	0.1255856233829802
3188.84921902664	0.12650400594801062
3190.95008895128	0.1288767503146633
3193.05037197599	0.13125891819190966
3195.15006836504	0.1281984624108454
3197.24917838262	0.13046638729372073
3199.34770229274	0.12770434268145583
3201.44564035931	0.12708437128522482
3203.5429928461	0.12479083903660583
3205.63976001677	0.12728246986661773
3207.73594213484	0.12622894869676946
3209.83153946372	0.12520335662715895
3211.92655226669	0.12785587000034962
3214.02098080688	0.12509614712257883
3216.11482534732	0.12682563446175094
3218.20808615091	0.1245717082721488
3220.30076348041	0.12362539660688064
3222.39285759847	0.12496797372124327
3224.4843687676	0.12283989919848262
3226.57529725019	0.12440625054629047
3228.66564330851	0.12077478465229705
3230.75540720468	0.11826676510820922
3232.8445892007	0.1187539196341165
3234.93318955847	0.1221919304157052
3237.02120853974	0.12197983314103909
3239.10864640612	0.11319718955405217
3241.19550341911	0.1159313050660793
3243.28177984009	0.11771207542304733
3245.36747593029	0.1144162367360674
3247.45259195083	0.11191989415075869
3249.53712816268	0.10983149397332355
3251.62108482672	0.10655429744860499
3253.70446220366	0.10921848778057479
3255.78726055411	0.10496233873505349
3257.86948013853	0.10584575871005523
3259.95112121728	0.10205115682469758
3262.03218405055	0.10346126909831481
3264.11266889845	0.10414891222641773
3266.19257602092	0.09978323194182225
3268.27190567779	0.09894877325012237
3270.35065812876	0.09688133696944269
3272.4288336334	0.09843136788948326
3274.50643245114	0.09909333536553389
3276.5834548413	0.09725657023547304
3278.65990106305	0.0935505356924341
3280.73577137545	0.09197960916194672
3282.81106603742	0.09478358156772254
3284.88578530774	0.09646875109258093
3286.95992944508	0.09405872240140549
3289.03349870796	0.0934830005331795
3291.1064933548	0.09160198587511363
3293.17891364384	0.0932545828307461
3295.25075983324	0.09062767682329907
3297.322032181	0.09180711794629746
3299.39273094501	0.08877233781728551
3301.462856383	0.09113347351146774
3303.53240875259	0.0885742392358926
3305.60138831128	0.09020812574295504
3307.6697953164	0.08818732901108314
3309.73763002519	0.09226627508565835
3311.80489269472	0.09225930988217607
3313.87158358198	0.09032933394080833
3315.93770294378	0.09047853952520803
3318.00325103681	0.08874905218603595
3320.06822811764	0.09105426139343402
3322.13263444272	0.08837375063369694
3324.19647026832	0.08750671937277113
3326.25973585064	0.08912660718656037
3328.32243144568	0.08596836541150968
3330.38455730938	0.0886674500471995
3332.44611369749	0.08511062108856024
3334.50710086564	0.08563970340797847
3336.56751906936	0.08657672813527026
3338.62736856401	0.08428312760034264
3340.68664960483	0.08376101048440668
3342.74536244693	0.08028107190930704
3344.80350734528	0.08240218122858542
3346.86108455472	0.08071229994843018
3348.91809432997	0.07800386008845535
3350.97453692559	0.07648879175844346
3353.03041259603	0.07366153372141808
3355.08572159559	0.07177587559436403
3357.14046417844	0.07275482811516677
3359.19464059863	0.06720041976959654
3361.24825111005	0.0667808686892525
3363.30129596648	0.06672262046797427
3365.35377542155	0.06706992463376688
3367.40568972878	0.06641027889221034
3369.45703914152	0.06458758074173135
3371.507823913	0.06715378022078876
3373.55804429633	0.06618650465876512
3375.60770054446	0.0662331442075729
3377.65679291024	0.06161576058929445
3379.70532164635	0.05707758908904972
3381.75328700534	0.059084455413957064
3383.80068923965	0.058235998028983986
3385.84752860155	0.05634801816743584
3387.89380534321	0.0553970630331795
3389.93951971664	0.054399468350115374
3391.98467197371	0.055497307334277324
3394.02926236618	0.05287040132683029
3396.07329114566	0.05506840102964827
3398.1167585636	0.04807123955492623
3400.15966487137	0.05110130792864136
3402.20201032014	0.05237860333193483
3404.24379516099	0.05003843153450808
3406.28501964484	0.05082864069820292
3408.3256840225	0.049341569754737434
3410.3657885446	0.048674890523389976
3412.40533346167	0.04622054401790084
3414.44431902408	0.049127082459268584
3416.48274548209	0.04486635823106776
3418.5206130858	0.039256023398713376
3420.55792208516	0.04282917278511992
3422.59467273003	0.046779945458359555
3424.63086527009	0.04105072416264597
3426.6664999549	0.04144698961174044
3428.70157703386	0.043817480530207675
3430.73609675628	0.043069267446332424
3432.77005937129	0.04184325506083491
3434.80346512789	0.04073606085238794
3436.83631427494	0.04012537639413328
3438.86860706119	0.03552663493811622
3440.90034373521	0.03577608482361373
3442.93152454546	0.03560823707695266
3444.96214974025	0.0340722048501853
3446.99221956775	0.03414445176473673
3449.021734276	0.03189755906492553
3451.05069411289	0.03197444944846514
3453.07909932619	0.0318905255751346
3455.1069501635	0.030953569134151458
3457.1342468723	0.029286973485245785
3459.16098969993	0.02641075416491854
3461.1871788936	0.025809356644640236
3463.21281470035	0.02364870955265366
3465.23789736712	0.020021887127648415
3467.26242714067	0.019490483073736103
3469.28640426765	0.01705942219949654
3471.30982899455	0.01612239747220474
3473.33270156774	0.013337067228690302
3475.35502223343	0.013882469975875812
3477.3767912377	0.011808000205405216
3479.39800882649	0.011446765632648067
3481.41867524559	0.013689014863471086
3483.43879074066	0.010248682347388294
3485.45835555721	0.013353387656457591
3487.47736994062	0.006633536881162157
3489.49583413611	0.008715040141423677
3491.51374838879	0.0049274034595482834
3493.53111294359	0.0009579886240472694
3495.54792804533	0.005218781138556745
3497.56419393867	0.0001888116434165443
3499.57991086814	0.0
