1000.07700129088	0.022684369870480864
1002.83416209528	0.020361015164099352
1005.59045264208	0.019586597972596726
1008.34587328813	0.018530527651514223
1011.10042439014	0.017164649201082904
1013.85410630472	0.018122125457033095
1016.60691938837	0.01620717294513271
1019.35886399746	0.018065815457486777
1022.10994048823	0.016615472007748655
1024.86014921684	0.016263482944670577
1027.60949053928	0.015629840752021076
1030.35796481149	0.015038482624966015
1033.10557238924	0.014109058236919577
1035.85231362819	0.01377119823966701
1038.5981888839	0.012644688853221127
1041.34319851182	0.012208131658971067
1044.08734286727	0.011954736661033756
1046.83062230544	0.012588378853683259
1049.57303718143	0.01251793978831988
1052.31458785021	0.011673083531453876
1055.05527466665	0.012039201660340558
1057.79509798549	0.011405559467691055
1060.53405816134	0.012827747917668693
1063.27215554874	0.012250415724557059
1066.00939050209	0.010743762275272618
1068.74576337565	0.011954736661033756
1071.48127452361	0.011616773531907557
1074.21592430002	0.010476238211518248
1076.94971305882	0.012334880723872314
1079.68264115384	0.012053330726166068
1082.41470893879	0.010377644146385936
1085.14591676728	0.011954736661033756
1087.8762649928	0.011025415404852497
1090.60575396871	0.010095991016806057
1093.33438404827	0.01094084727367206
1096.06215558464	0.011363275402105064
1098.78906893086	0.010448083211740861
1101.51512443981	0.011292939468606865
1104.24032246435	0.010814201340635996
1106.96466335716	0.011602747597955678
1109.68814747081	0.010729633209455561
1112.41077515779	0.011363275402105064
1115.13254677044	0.010574832276650561
1117.85346266104	0.010912692273903127
1120.57352318169	0.01063114227618843
1123.29272868445	0.01078604634086706
1126.01107952121	0.011123906338119629
1128.72857604378	0.010504393211287183
1131.44521860385	0.011292939468606865
1134.16100755301	0.01036361821243406
1136.87594324271	0.010152404148217558
1139.59002602433	0.010715607275503683
1142.3032562491	0.010828227274587873
1145.01563426818	0.01105357040462143
1147.72716043257	0.012377164789466757
1150.43783509322	0.011123906338119629
1153.14765860091	0.011447843533285498
1155.85663130634	0.011518179466775243
1158.56475356012	0.011138035403936685
1161.27202571271	0.008997739762002742
1163.97844811448	0.010828227274587873
1166.68402111569	0.010645168210140306
1169.38874506649	0.01116619040370562
1172.09262031694	0.012447603854821684
1174.79564721695	0.009842596018868745
1177.49782611635	0.010448083211740861
1180.19915736486	0.009589097889057801
1182.89964131208	0.010462109145692738
1185.59927830751	0.010053810083085247
1188.29806870054	0.010969105405306176
1190.99601284046	0.01078604634086706
1193.69311107643	0.01051841914523906
1196.38936375753	0.011109880404167752
1199.08477123271	0.010588858210602438
1201.77933385082	0.010954976339489119
1204.47305196061	0.010800072274818938
1207.1659259107	0.010659297275957363
1209.85795604964	0.010828227274587873
1212.54914272585	0.012602404787635135
1215.23948628763	0.010279050081253625
1217.92898708319	0.011335120402336129
1220.61764546064	0.012250415724557059
1223.30546176798	0.011630902597733065
1225.99243635308	0.011321094468384252
1228.67856956373	0.010659297275957363
1231.36386174761	0.011208474469300064
1234.04831325228	0.009715846953959047
1236.73192442522	0.010293179147070682
1239.41469561377	0.009687691954190112
1242.09662716519	0.010152404148217558
1244.77771942662	0.010800072274818938
1247.45797274511	0.012264544790382569
1250.13738746759	0.011095751338342242
1252.81596394089	0.010250895081476238
1255.49370251175	0.012081485725935
1258.17060352676	0.010448083211740861
1260.84666733246	0.012053330726166068
1263.52189427525	0.009828466953043236
1266.19628470144	0.012011046660571624
1268.86983895722	0.01040579914615487
1271.5425573887	0.009927061018175547
1274.21444034186	0.012222260724788124
1276.8854881626	0.010602987276419494
1279.55570119671	0.011968762594985633
1282.22507978985	0.01348954511008713
1284.89362428759	0.010800072274818938
1287.56133503543	0.012588378853683259
1290.22821237872	0.012433474789004625
1292.89425666274	0.012405319789235692
1295.55946823263	0.014263962301589756
1298.22384743346	0.013968283238066453
1300.88739461019	0.013897844172703075
1303.55011010766	0.011025415404852497
1306.21199427063	0.011152061337888562
1308.87304744373	0.012067356660117944
1311.53326997152	0.011039441338804374
1314.19266219843	0.009715846953959047
1316.8512244688	0.011236629469068997
1319.50895712687	0.010293179147070682
1322.16586051676	0.010011526017490802
1324.82193498252	0.009729976019784555
1327.47718086806	0.010448083211740861
1330.1315985172	0.009969345083769992
1332.78518827369	0.010715607275503683
1335.43795048114	0.01137740446792212
1338.08988548307	0.009729976019784555
1340.74099362289	0.009729976019784555
1343.39127524392	0.009546916955336989
1346.04073068939	0.011433714467468442
1348.6893603024	0.009772156953505367
1351.33716442597	0.010391773212202993
1353.98414340301	0.011363275402105064
1356.63029757632	0.00943419382438762
1359.27562728863	0.011405559467691055
1361.92013288252	0.009237108825988176
1364.56381470053	0.011574489466321565
1367.20667308505	0.010617013210371371
1369.84870837838	0.009870751018637679
1372.48992092274	0.010138275082392048
1375.13031106023	0.008631621633107607
1377.76987913284	0.01067332320990924
1380.40862548251	0.009687691954190112
1383.04655045101	0.009997500083538925
1385.68365438006	0.009546916955336989
1388.31993761126	0.009884776952589557
1390.95540048612	0.009504632889742546
1393.59004334605	0.009870751018637679
1396.22386653233	0.01068745227573475
1398.85687038619	0.009828466953043236
1401.48905524873	0.011715367597039868
1404.12042146094	0.011208474469300064
1406.75096936375	0.00964540788860412
1409.38069929796	0.010856382274356806
1412.00961160428	0.01078604634086706
1414.63770662332	0.01063114227618843
1417.26498469557	0.01116619040370562
1419.89144616146	0.011250655403020875
1422.51709136132	0.009659536954421179
1425.14192063532	0.010307205081022558
1427.76593432361	0.009969345083769992
1430.3891327662	0.009335702891120488
1433.01151630299	0.007899385375325793
1435.63308527382	0.010011526017490802
1438.2538400184	0.010138275082392048
1440.87378087637	0.009715846953959047
1443.49290818722	0.011771677596586188
1446.1112222904	0.011011286339035439
1448.72872352524	0.009969345083769992
1451.34541223097	0.010602987276419494
1453.96128874671	0.010504393211287183
1456.5763534115	0.011152061337888562
1459.19060656429	0.011687212597270933
1461.8040485439	0.011306965402558744
1464.41667968907	0.010462109145692738
1467.02850033846	0.010983131339258052
1469.63951083061	0.010152404148217558
1472.24971150397	0.012489784788550947
1474.8591026969	0.011278810402789809
1477.46768474763	0.009898906018406614
1480.07545799434	0.009180798826441856
1482.68242277508	0.011123906338119629
1485.28857942782	0.01068745227573475
1487.89392829042	0.011363275402105064
1490.49846970065	0.009420167890435743
1493.10220399619	0.008842835697324108
1495.70513151461	0.00861749256729055
1498.30725259339	0.008673905698702052
1500.90856756992	0.008223322570491663
1503.50907678146	0.00964540788860412
1506.10878056524	0.008955455696408297
1508.70767925832	0.00873021569823992
1511.30577319772	0.009800311953274302
1513.90306272032	0.008040263506052548
1516.49954816295	0.008814680697555175
1519.09522986229	0.010265024147301747
1521.69010815498	0.00922297976017112
1524.28418337751	0.008209193504674606
1526.87745586632	0.008533027567975296
1529.46992595773	0.008561182567744229
1532.06159398796	0.01063114227618843
1534.65246029316	0.008279632570037984
1537.24252520935	0.009138514760855865
1539.83178907249	0.009152643826672921
1542.42025221841	0.010574832276650561
1545.00791498287	0.00911035976108693
1547.59477770152	0.008716086632422862
1550.18084070993	0.009251134759940053
1552.76610434356	0.009603226954874857
1555.35056893777	0.008575311633569739
1557.93423482785	0.009462348824156554
1560.51710234896	0.009617252888826734
1563.0991718362	0.009406038824610235
1565.68044362457	0.007941669440920236
1568.26091804893	0.010715607275503683
1570.84059544411	0.008997739762002742
1573.41947614481	0.008124728505359351
1575.99756048562	0.010265024147301747
1578.57484880108	0.009575071955105924
1581.15134142559	0.01312342698120045
1583.72703869349	0.009349728825072366
1586.301940939	0.010757891341089674
1588.87604849628	0.010208714147755427
1591.44936169934	0.010490264145470125
1594.02188088215	0.010011526017490802
1596.59360637855	0.012968522916521816
1599.16453852232	0.014489305431631768
1601.73467764709	0.015911493881600954
1604.30402408647	0.016418387009349212
1606.87257817391	0.016263482944670577
1609.44034024281	0.014503331365583644
1612.00731062644	0.013306486045639564
1614.57348965801	0.012377164789466757
1617.13887767062	0.013672604174534697
1619.70347499726	0.012067356660117944
1622.26728197086	0.013306486045639564
1624.83029892423	0.010969105405306176
1627.39252619012	0.012574249787857749
1629.95396410112	0.014292117301367143
1632.5146129898	0.015953674815321766
1635.07447318858	0.016390232009580275
1637.63354502984	0.01344726104450114
1640.19182884582	0.01181396166217218
1642.74932496868	0.011954736661033756
1645.3060337305	0.010377644146385936
1647.86195546325	0.009518761955568056
1650.41709049882	0.01023686914752436
1652.971439169	0.010715607275503683
1655.52500180548	0.010138275082392048
1658.07777873987	0.008955455696408297
1660.62977030368	0.010293179147070682
1663.18097682833	0.009603226954874857
1665.73139864514	0.009335702891120488
1668.28103608534	0.009293418825526045
1670.82988948008	0.009659536954421179
1673.37795916039	0.009744001953736434
1675.92524545724	0.009124488826903988
1678.47174870147	0.008828706631507052
1681.01746922386	0.008659776632876542
1683.56240735508	0.010095991016806057
1686.10656342572	0.00943419382438762
1688.64993776626	0.010053810083085247
1691.19253070709	0.009335702891120488
1693.73434257853	0.00905404976154061
1696.27537371078	0.009659536954421179
1698.81562443395	0.009011765695954618
1701.35509507809	0.009194824760393733
1703.89378597311	0.009208953826219243
1706.43169744886	0.00991303508422367
1708.96882983509	0.01034948914660855
1711.50518346144	0.010433954145923805
1714.0407586575	0.009715846953959047
1716.57555575272	0.012560223853905872
1719.10957507649	0.011659057597502
1721.64281695809	0.01339095104495482
1724.17528172671	0.013306486045639564
1726.70696971146	0.012053330726166068
1729.23788124135	0.012602404787635135
1731.7680166453	0.01251793978831988
1734.29737625213	0.012292699790151502
1736.82596039057	0.012334880723872314
1739.35376938927	0.010532548211056116
1741.88080357677	0.010279050081253625
1744.40706328154	0.009124488826903988
1746.93254883193	0.011419688533516565
1749.45726055623	0.01137740446792212
1751.9811987826	0.009884776952589557
1754.50436383915	0.00943419382438762
1757.02675605387	0.008716086632422862
1759.54837575466	0.009237108825988176
1762.06922326934	0.009265263825757111
1764.58929892564	0.008434536634708164
1767.10860305118	0.008645750698924665
1769.6271359735	0.009546916955336989
1772.14489802005	0.008870990697093043
1774.66188951817	0.009138514760855865
1777.17811079515	0.009997500083538925
1779.69356217815	0.008293658503989861
1782.20824399425	0.009589097889057801
1784.72215657043	0.010419928211971928
1787.23530023361	0.008561182567744229
1789.74767531057	0.009152643826672921
1792.25928212804	0.008378123503305116
1794.77012101264	0.008561182567744229
1797.2801922909	0.008181038504905671
1799.78949628926	0.007983850374641048
1802.29803333406	0.009983371017721869
1804.80580375158	0.008800551631738117
1807.31280786797	0.009335702891120488
1809.81904600929	0.007448802247123856
1812.32451850154	0.008870990697093043
1814.82922567061	0.008983610696177232
1817.33316784231	0.008955455696408297
1819.83634534233	0.009518761955568056
1822.33875849629	0.009828466953043236
1824.84040762973	0.009307547891351554
1827.34129306808	0.007885359441373915
1829.84141513667	0.008406278503074049
1832.34077416077	0.008702060698470985
1834.83937046553	0.008913274762687487
1837.33720437602	0.009884776952589557
1839.83427621723	0.009025894761771675
1842.33058631404	0.00878652569778624
1844.82613499125	0.00911035976108693
1847.32092257355	0.008913274762687487
1849.81494938558	0.009251134759940053
1852.30821575184	0.006899625053789608
1854.80072199677	0.00877239663196073
1857.29246844473	0.009518761955568056
1859.78345541994	0.009772156953505367
1862.27368324658	0.009476477889973611
1864.76315224871	0.009828466953043236
1867.2518627503	0.009279392891574168
1869.73981507524	0.008659776632876542
1872.22700954733	0.00877239663196073
1874.71344649027	0.007800894442058661
1877.19912622768	0.008040263506052548
1879.68404908308	0.007927540375094726
1882.16821537988	0.010138275082392048
1884.65162544145	0.009194824760393733
1887.13427959102	0.008603466633338674
1889.61617815175	0.008166909439088614
1892.0973214467	0.009659536954421179
1894.57770979887	0.009321573825303431
1897.05734353113	0.007814920376010538
1899.53622296628	0.008096573505590416
1902.014348427	0.009265263825757111
1904.49172023593	0.009349728825072366
1906.96833871558	0.007899385375325793
1909.44420418839	0.00846269163448555
1911.91931697668	0.009772156953505367
1914.39367740272	0.00991303508422367
1916.86728578865	0.009589097889057801
1919.34014245654	0.00861749256729055
1921.81224772838	0.008124728505359351
1924.28360192604	0.010222740081707303
1926.75420537132	0.008561182567744229
1929.22405838593	0.00949060695579067
1931.69316129147	0.007519241312487234
1934.16151440948	0.009406038824610235
1936.62911806136	0.008758370698008854
1939.09597256848	0.009363857890889423
1941.56207825207	0.008406278503074049
1944.0274354333	0.008335942569575852
1946.49204443322	0.00808244443977336
1948.95590557284	0.008702060698470985
1951.41901917301	0.006871470054012222
1953.88138555454	0.008476717568437427
1956.34300503813	0.007871230375556858
1958.8038779444	0.009448322890204678
1961.26400459387	0.008195064438857548
1963.72338530697	0.008321813503758794
1966.18202040403	0.008842835697324108
1968.63991020531	0.008744241632191797
1971.09705503097	0.008955455696408297
1973.55345520107	0.008068418505821483
1976.0091110356	0.008716086632422862
1978.46402285444	0.008124728505359351
1980.91819097737	0.008899145696870428
1983.3716157241	0.009392012890658356
1985.82429741427	0.009589097889057801
1988.27623636736	0.009025894761771675
1990.72743290284	0.006885599119837731
1993.17788734002	0.009856621952820622
1995.62759999817	0.00850487256820636
1998.07657119644	0.00964540788860412
2000.5248012539	0.00791351444114285
2002.97229048952	0.009814441019091359
2005.41903922219	0.010462109145692738
2007.86504777071	0.008800551631738117
2010.31031645378	0.009124488826903988
2012.75484559	0.009237108825988176
2015.19863549792	0.008195064438857548
2017.64168649594	0.008152883505136738
2020.08399890242	0.00943419382438762
2022.5255730356	0.008575311633569739
2024.96640921365	0.009420167890435743
2027.40650775462	0.008490846634254484
2029.84586897649	0.008673905698702052
2032.28449319715	0.007758610376472669
2034.72238073438	0.009518761955568056
2037.15953190591	0.008406278503074049
2039.59594702932	0.009870751018637679
2042.03162642215	0.009321573825303431
2044.46657040182	0.00949060695579067
2046.90077928567	0.010011526017490802
2049.33425339095	0.00991303508422367
2051.76699303481	0.009532787889519933
2054.19899853433	0.008997739762002742
2056.63027020645	0.009039920695723552
2059.06080836809	0.009082204761309543
2061.49061333602	0.009124488826903988
2063.91968542694	0.008364097569353237
2066.34802495747	0.009152643826672921
2068.77563224411	0.008659776632876542
2071.20250760329	0.01034948914660855
2073.62865135136	0.009532787889519933
2076.05406380455	0.00796982444068917
2078.47874527901	0.009800311953274302
2080.9026960908	0.009307547891351554
2083.3259165559	0.009349728825072366
2085.74840699018	0.008152883505136738
2088.17016770944	0.00878652569778624
2090.59119902935	0.008589337567521615
2093.01150126553	0.008983610696177232
2095.43107473348	0.008110599439542293
2097.84991974864	0.008687931632653929
2100.26803662633	0.008589337567521615
2102.68542568178	0.007885359441373915
2105.10208723015	0.008899145696870428
2107.51802158648	0.008378123503305116
2109.93322906574	0.008378123503305116
2112.3477099828	0.00850487256820636
2114.76146465245	0.008321813503758794
2117.17449338937	0.008251477570269049
2119.58679650815	0.009293418825526045
2121.9983743233	0.009068178827357666
2124.40922714924	0.008702060698470985
2126.81935530029	0.008856964763141165
2129.22875909067	0.008885119762918552
2131.63743883452	0.008054289440004424
2134.04539484589	0.008856964763141165
2136.45262743874	0.008955455696408297
2138.85913692692	0.008152883505136738
2141.26492362422	0.008983610696177232
2143.6699878443	0.0093778838248413
2146.07432990076	0.008547156633792352
2148.47795010708	0.009575071955105924
2150.88084877667	0.008702060698470985
2153.28302622285	0.008181038504905671
2155.68448275883	0.00844856256866004
2158.08521869774	0.008490846634254484
2160.48523435261	0.008364097569353237
2162.88453003639	0.008519001634023419
2165.28310606193	0.010039681017259737
2167.68096274199	0.008997739762002742
2170.07810038922	0.009082204761309543
2172.47451931622	0.00975813101955349
2174.87021983546	0.008152883505136738
2177.26520225933	0.0077444813106556125
2179.65946690013	0.009208953826219243
2182.05301407006	0.00747695724689279
2184.44584408123	0.008279632570037984
2186.83795724567	0.008983610696177232
2189.22935387531	0.00878652569778624
2191.62003428198	0.009096333827135053
2194.00999877743	0.008969584762225355
2196.39924767329	0.008110599439542293
2198.78778128115	0.008673905698702052
2201.17559991245	0.008181038504905671
2203.56270387857	0.008885119762918552
2205.94909349081	0.009039920695723552
2208.33476906033	0.00877239663196073
2210.71973089824	0.008575311633569739
2213.10397931554	0.008434536634708164
2215.48751462314	0.008265503504220926
2217.87033713186	0.008997739762002742
2220.25244715242	0.008631621633107607
2222.63384499546	0.008702060698470985
2225.01453097151	0.009392012890658356
2227.39450539101	0.010476238211518248
2229.77376856434	0.009898906018406614
2232.15232080173	0.008392252569122172
2234.53016241336	0.008547156633792352
2236.9072937093	0.00846269163448555
2239.28371499954	0.008758370698008854
2241.65942659396	0.008490846634254484
2244.03442880236	0.007519241312487234
2246.40872193443	0.008054289440004424
2248.78230629979	0.009082204761309543
2251.15518220795	0.008279632570037984
2253.52734996835	0.008223322570491663
2255.89880989029	0.008842835697324108
2258.26956228301	0.007448802247123856
2260.63960745567	0.0067025400553901646
2263.00894571731	0.008955455696408297
2265.37757737688	0.008997739762002742
2267.74550274324	0.008152883505136738
2270.11272212517	0.007941669440920236
2272.47923583134	0.007237588182907356
2274.84504417031	0.00796982444068917
2277.2101474506	0.008533027567975296
2279.57454598058	0.007561422246208045
2281.93824006856	0.008885119762918552
2284.30123002275	0.008152883505136738
2286.66351615125	0.00878652569778624
2289.02509876208	0.007885359441373915
2291.38597816317	0.009025894761771675
2293.74615466236	0.008012108506275161
2296.10562856737	0.007871230375556858
2298.46440018585	0.008969584762225355
2300.82246982535	0.008251477570269049
2303.1798377933	0.00846269163448555
2305.5365043971	0.00732205318222261
2307.89246994399	0.00878652569778624
2310.24773474116	0.00894142976245642
2312.60229909566	0.007730455376703735
2314.95616331451	0.008997739762002742
2317.30932770456	0.007702300376926348
2319.66179257263	0.008279632570037984
2322.01355822542	0.008181038504905671
2324.36462496953	0.009589097889057801
2326.71499311146	0.008519001634023419
2329.06466295764	0.009842596018868745
2331.41363481439	0.00796982444068917
2333.76190898794	0.007885359441373915
2336.10948578441	0.008645750698924665
2338.45636550986	0.00861749256729055
2340.80254847022	0.010335463212656673
2343.14803497132	0.007674145377157414
2345.49282531895	0.008392252569122172
2347.83691981874	0.007040503184507912
2350.18031877626	0.007491086312709848
2352.52302249699	0.008885119762918552
2354.8650312863	0.0074629313129409135
2357.20634544946	0.008110599439542293
2359.54696529166	0.006927780053558542
2361.88689111798	0.008913274762687487
2364.22612323341	0.009011765695954618
2366.56466194287	0.00834996850352773
2368.90250755114	0.008166909439088614
2371.23966036293	0.008842835697324108
2373.57612068286	0.007519241312487234
2375.91188881545	0.0074629313129409135
2378.2469650651	0.008364097569353237
2380.58134973615	0.006801134120522476
2382.91504313282	0.007406621313403045
2385.24804555926	0.008138754439311228
2387.58035731949	0.007871230375556858
2389.91197871745	0.007251717248724412
2392.24291005701	0.008110599439542293
2394.57315164189	0.007589680377842159
2396.90270377577	0.007730455376703735
2399.23156676218	0.007885359441373915
2401.55974090461	0.006111181928326653
2403.88722650642	0.006787005054705419
2406.21402387086	0.007843075375787925
2408.54013330113	0.007955695374872113
2410.8655551003	0.007026374118690854
2413.19028957133	0.007336182248039667
2415.51433701713	0.007575551312025103
2417.83769774049	0.008406278503074049
2420.16037204408	0.007167252249409157
2422.48236023051	0.008561182567744229
2424.80366260228	0.007308027248270733
2427.12427946179	0.007561422246208045
2429.44421111134	0.007293898182445224
2431.76345785315	0.007800894442058661
2434.08201998932	0.007068658184276846
2436.39989782188	0.008012108506275161
2438.71709165273	0.0077444813106556125
2441.0336017837	0.006449041925579219
2443.34942851653	0.007279872248493346
2445.66457215282	0.008758370698008854
2447.97903299412	0.006970064119144533
2450.29281134185	0.007420647247354922
2452.60590749736	0.00635055099232054
2454.91832176188	0.008124728505359351
2457.23005443656	0.007336182248039667
2459.54110582243	0.008490846634254484
2461.85147622045	0.007237588182907356
2464.16116593146	0.007012348184738977
2466.47017525621	0.008561182567744229
2468.77850449536	0.008181038504905671
2471.08615394947	0.007153123183592101
2473.39312391899	0.006984193184970043
2475.69941470429	0.008758370698008854
2478.00502660562	0.007378466313625659
2480.30995992316	0.008209193504674606
2482.61421495697	0.007955695374872113
2484.91779200702	0.00726574318267629
2487.22069137316	0.006815160054474353
2489.5229133552	0.0075051122466617244
2491.8244582528	0.007997979440458105
2494.12532636553	0.0071249681838231665
2496.42551799287	0.00796982444068917
2498.72503343421	0.007364337247808601
2501.02387298882	0.0066602559897957206
2503.32203695588	0.006730695055159099
2505.61952563449	0.006885599119837731
2507.91633932361	0.008040263506052548
2510.21247832216	0.006632100990026786
2512.50794292891	0.008631621633107607
2514.80273344255	0.006871470054012222
2517.09685016167	0.0071249681838231665
2519.39029338476	0.007434776313171979
2521.68306341022	0.006899625053789608
2523.97516053634	0.006913754119606665
2526.26658506132	0.008885119762918552
2528.55733728325	0.007533267246439111
2530.84741750012	0.007406621313403045
2533.13682600984	0.008195064438857548
2535.4255631102	0.006956038185192657
2537.7136290989	0.007040503184507912
2540.00102427354	0.007885359441373915
2542.28774893162	0.008561182567744229
2544.57380337053	0.006899625053789608
2546.85918788758	0.006449041925579219
2549.14390277997	0.007350208181991545
2551.4279483448	0.008476717568437427
2553.71132487906	0.007899385375325793
2555.99403267966	0.005984432863425406
2558.27607204341	0.007096813184054232
2560.55744326699	0.006575790990488918
2562.83814664702	0.006857444120060344
2565.11818247999	0.007702300376926348
2567.3975510623	0.0067025400553901646
2569.67625269025	0.007110839118006109
2571.95428766003	0.007251717248724412
2574.23165626776	0.007026374118690854
2576.50835880942	0.006815160054474353
2578.78439558093	0.006984193184970043
2581.05976687806	0.006054768796923604
2583.33447299652	0.006603945990257852
2585.60851423191	0.005801373798977839
2587.88189087972	0.006885599119837731
2590.15460323534	0.006603945990257852
2592.42665159406	0.008012108506275161
2594.69803625108	0.007392492247577535
2596.9687575015	0.007138994117775043
2599.23881564029	0.006195646927641908
2601.50821096235	0.0067025400553901646
2603.77694376245	0.006463170991404729
2606.0450143353	0.007308027248270733
2608.31242297548	0.006575790990488918
2610.57916997746	0.006857444120060344
2612.84525563562	0.006054768796923604
2615.11068024426	0.006956038185192657
2617.37544409753	0.006927780053558542
2619.63954748952	0.007040503184507912
2621.90299071421	0.0067025400553901646
2624.16577406546	0.0075051122466617244
2626.42789783705	0.005998458797377283
2628.68936232264	0.005998458797377283
2630.9501678158	0.007406621313403045
2633.21031460999	0.007772636310424547
2635.46980299857	0.004505934413909899
2637.72863327481	0.007223562248955478
2639.98680573185	0.007068658184276846
2642.24432066276	0.0075473963122561685
2644.50117836048	0.006054768796923604
2646.75737911786	0.006716565989342041
2649.01292322765	0.004984672541889222
2651.26781098249	0.006857444120060344
2653.52204267492	0.004984672541889222
2655.77561859738	0.007336182248039667
2658.0285390422	0.006477196925356606
2660.28080430161	0.006519480990942597
2662.53241466774	0.0071249681838231665
2664.78337043263	0.004646709412763022
2667.03367188817	0.005547875669175347
2669.2833193262	0.006406860991858408
2671.53231303844	0.00661807505607491
2673.78065331648	0.006885599119837731
2676.02834045184	0.007575551312025103
2678.27537473592	0.006843315054243287
2680.52175646002	0.005660495668259536
2682.76748591535	0.005815399732929717
2685.01256339298	0.006885599119837731
2687.25698918391	0.00682928912029141
2689.50076357901	0.005562004734992404
2691.74388686909	0.0071249681838231665
2693.9863593448	0.005519720669406413
2696.22818129672	0.005970303797608349
2698.46935301532	0.0066602559897957206
2700.70987479096	0.006364576926272417
2702.94974691389	0.006899625053789608
2705.18896967428	0.00661807505607491
2707.42754336216	0.005097292540973411
2709.66546826749	0.005519720669406413
2711.90274468011	0.0050551116072441475
2714.13937288974	0.006054768796923604
2716.37535318602	0.005942148797839415
2718.61068585848	0.006561765056537041
2720.84537119652	0.005139576606559402
2723.07940948947	0.005294480671238035
2725.31280102654	0.006815160054474353
2727.54554609682	0.0061674919278729735
2729.77764498933	0.006871470054012222
2732.00909799294	0.0060125878631943405
2734.23990539644	0.005773218799208905
2736.47006748853	0.00553384973522347
2738.69958455777	0.007054529118459788
2740.92845689263	0.00585768379852416
2743.15668478147	0.0066602559897957206
2745.38426851257	0.006843315054243287
2747.61120837406	0.005519720669406413
2749.83750465399	0.005026853475610033
2752.0631576403	0.006378705992089474
2754.28816762083	0.005463410669860092
2756.51253488329	0.005885838798293094
2758.73625971532	0.007068658184276846
2760.95934240442	0.005308506605189912
2763.18178323801	0.004928362542342901
2765.40358250338	0.005266325671460648
2767.62474048773	0.0055901597347613385
2769.84525747814	0.004900207542573967
2772.06513376159	0.005026853475610033
2774.28436962496	0.004956517542111835
2776.50296535501	0.00618151786182485
2778.7209212384	0.006111181928326653
2780.93823756168	0.004928362542342901
2783.15491461129	0.007040503184507912
2785.37095267358	0.006068897862740661
2787.58635203477	0.006449041925579219
2789.80111298097	0.005224041605874657
2792.01523579822	0.004703019412309343
2794.2287207724	0.004984672541889222
2796.44156818932	0.005646469734307659
2798.65377833468	0.006054768796923604
2800.86535149404	0.0046326834788111455
2803.07628795289	0.0062096728615937844
2805.28658799659	0.005083266607021534
2807.4962519104	0.004928362542342901
2809.70527997946	0.00618151786182485
2811.91367248883	0.005069137541196024
2814.12142972342	0.006026613797146217
2816.32855196807	0.005097292540973411
2818.53503950749	0.004815639411393532
2820.74089262628	0.005083266607021534
2822.94611160894	0.006519480990942597
2825.15069673987	0.005336661604958846
2827.35464830333	0.004928362542342901
2829.55796658351	0.005407100670322224
2831.76065186445	0.00585768379852416
2833.96270443012	0.006097052862509595
2836.16412456437	0.005477539735677149
2838.3649125509	0.004421469414594644
2840.56506867336	0.004984672541889222
2842.76459321526	0.0032949600281572135
2844.96348645999	0.005195886606105723
2847.16174869086	0.005970303797608349
2849.35938019105	0.00553384973522347
2851.55638124363	0.0057169087996710366
2853.75275213157	0.005899967864110151
2855.94849313772	0.0060125878631943405
2858.14360454483	0.005421126604274101
2860.33808663553	0.0048297684772105895
2862.53193969234	0.006054768796923604
2864.72516399768	0.005435255670091158
2866.91775983385	0.006026613797146217
2869.10972748304	0.006927780053558542
2871.30106722733	0.005928122863887538
2873.4917793487	0.006632100990026786
2875.68186412899	0.006364576926272417
2877.87132184997	0.007237588182907356
2880.06015279325	0.008870990697093043
2882.24835724039	0.007167252249409157
2884.43593547278	0.005913993798062028
2886.62288777173	0.007237588182907356
2888.80921441843	0.007589680377842159
2890.99491569397	0.008434536634708164
2893.1799918793	0.007800894442058661
2895.36444325529	0.007814920376010538
2897.54827010269	0.008814680697555175
2899.73147270213	0.008927300696639363
2901.91405133412	0.008885119762918552
2904.09600627909	0.008335942569575852
2906.27733781731	0.009194824760393733
2908.45804622899	0.009237108825988176
2910.63813179418	0.009729976019784555
2912.81759479286	0.008321813503758794
2914.99643550486	0.00894142976245642
2917.17465420994	0.009237108825988176
2919.3522511877	0.009180798826441856
2921.52922671765	0.010391773212202993
2923.7055810792	0.009955216017952934
2925.88131455162	0.01023686914752436
2928.05642741408	0.011081725404390366
2930.23091994566	0.011363275402105064
2932.40479242528	0.010969105405306176
2934.57804513178	0.011025415404852497
2936.75067834387	0.010307205081022558
2938.92269234017	0.010307205081022558
2941.09408739916	0.010166430082169435
2943.26486379921	0.010926821339720184
2945.4350218186	0.008575311633569739
2947.60456173546	0.01116619040370562
2949.77348382783	0.010011526017490802
2951.94178837363	0.010279050081253625
2954.10947565068	0.010983131339258052
2956.27654593666	0.009856621952820622
2958.44299950915	0.011194345403474554
2960.60883664562	0.010983131339258052
2962.77405762341	0.011673083531453876
2964.93866271975	0.012123666659655813
2967.10265221178	0.011391533533739178
2969.26602637648	0.01279959291789976
2971.42878549076	0.011278810402789809
2973.59092983139	0.010462109145692738
2975.75245967501	0.00991303508422367
2977.9133752982	0.009546916955336989
2980.07367697736	0.009321573825303431
2982.23336498882	0.008744241632191797
2984.39243960877	0.009265263825757111
2986.5509011133	0.009532787889519933
2988.70874977837	0.008885119762918552
2990.86598587984	0.008152883505136738
2993.02260969344	0.009152643826672921
2995.17862149478	0.008152883505136738
2997.33402155938	0.008955455696408297
2999.48881016262	0.007941669440920236
3001.64298757978	0.007054529118459788
3003.796554086	0.007096813184054232
3005.94950995633	0.00633642192649503
3008.10185546569	0.00747695724689279
3010.25359088888	0.005843554732707103
3012.40471650059	0.005632340668490602
3014.5552325754	0.005956277863656472
3016.70513938776	0.006899625053789608
3018.85443721201	0.006913754119606665
3021.00312632236	0.006308266926726096
3023.15120699292	0.005801373798977839
3025.29867949769	0.0057169087996710366
3027.44554411052	0.007153123183592101
3029.59180110516	0.007772636310424547
3031.73745075527	0.007096813184054232
3033.88249333434	0.008181038504905671
3036.02692911578	0.008476717568437427
3038.17075837287	0.008054289440004424
3040.31398137877	0.008392252569122172
3042.45659840653	0.00905404976154061
3044.59860972907	0.008758370698008854
3046.7400156192	0.008490846634254484
3048.88081634961	0.007688171311109292
3051.02101219287	0.006237827861362719
3053.16060342144	0.006378705992089474
3055.29959030765	0.006435015991627342
3057.43797312371	0.005688753799893651
3059.57575214172	0.006956038185192657
3061.71292763366	0.005618314734538725
3063.84949987139	0.006970064119144533
3065.98546912665	0.0076600163113403575
3068.12083567105	0.006153362862055916
3070.2555997761	0.007153123183592101
3072.38976171319	0.00796982444068917
3074.52332175356	0.0061393369281040385
3076.65628016837	0.007068658184276846
3078.78863722863	0.006758850054928033
3080.92039320526	0.004970543476063713
3083.05154836902	0.004618554412994088
3085.1821029906	0.005660495668259536
3087.31205734051	0.004674864412540409
3089.44141168921	0.0033794250274640164
3091.57016630696	0.0049986984758410985
3093.69832146398	0.004449624414372031
3095.82587743032	0.004519960347861776
3097.9528344759	0.00488607847675691
3100.07919287056	0.0025627237703753987
3102.204952884	0.005562004734992404
3104.33011478579	0.004928362542342901
3106.45467884538	0.005435255670091158
3108.57864533212	0.005562004734992404
3110.70201451522	0.004843897543027646
3112.82478666378	0.005097292540973411
3114.94696204676	0.003815982221722528
3117.06854093301	0.004449624414372031
3119.18952359127	0.003210495028841959
3121.30991029013	0.005083266607021534
3123.4297012981	0.0038863181552122733
3125.54889688352	0.00423841035015553
3127.66749731464	0.002647188769682201
3129.78550285957	0.003830008155674405
3131.90291378633	0.0033794250274640164
3134.01973036277	0.003224520962793836
3136.13595285665	0.004534089413678833
3138.2515815356	0.004027196285939029
3140.36661666714	0.0031963659630249016
3142.48105851863	0.003323115027926148
3144.59490735734	0.00342170909305846
3146.70816345041	0.003323115027926148
3148.82082706486	0.004280591283876341
3150.93289846758	0.002802092834360834
3153.04437792532	0.0036469490912268377
3155.15526570475	0.002506413770829078
3157.26556207238	0.0034357350270103368
3159.37526729461	0.003463890026779271
3161.48438163771	0.0033794250274640164
3163.59290536784	0.002464129705243087
3165.70083875102	0.004027196285939029
3167.80818205315	0.002590878770144333
3169.91493554002	0.003323115027926148
3172.02109947727	0.0030274359643943922
3174.12667413044	0.002619033769913267
3176.23165976493	0.002478258771060144
3178.33605664602	0.001591118448599696
3180.43986503887	0.00260500783596139
3182.54308520852	0.001548937514878885
3184.64571741986	0.0039144731549812075
3186.74776193769	0.003125926897661524
3188.84921902664	0.002703498769228522
3190.95008895128	0.0025627237703753987
3193.05037197599	0.003210495028841959
3195.15006836504	0.0037314140905420927
3197.24917838262	0.002816221900177891
3199.34770229274	0.003013306898577335
3201.44564035931	0.003492045026548205
3203.5429928461	0.002069856576579019
3205.63976001677	0.003041461898346269
3207.73594213484	0.003168210963247515
3209.83153946372	0.002041701576810085
3211.92655226669	0.002182579707528388
3214.02098080688	0.002717627835045579
3216.11482534732	0.003956757220575651
3218.20808615091	0.003182340029073025
3220.30076348041	0.0030555909641633264
3222.39285759847	0.0028725318997242116
3224.4843687676	0.002464129705243087
3226.57529725019	0.0016334025141941397
3228.66564330851	0.002717627835045579
3230.75540720468	0.0030555909641633264
3232.8445892007	0.002295199706612577
3234.93318955847	0.0026894728352766448
3237.02120853974	0.003323115027926148
3239.10864640612	0.0024501037712912096
3241.19550341911	0.002971125964856524
3243.28177984009	0.0031963659630249016
3245.36747593029	0.0027880669004089567
3247.45259195083	0.002703498769228522
3249.53712816268	0.0030837459639407126
3251.62108482672	0.002041701576810085
3253.70446220366	0.003140055963478581
3255.78726055411	0.001675686579780131
3257.86948013853	0.002802092834360834
3259.95112121728	0.0036187940914579036
3262.03218405055	0.0035766131577286402
3264.11266889845	0.002168450641711331
3266.19257602092	0.002295199706612577
3268.27190567779	0.0025627237703753987
3270.35065812876	0.0017178675135093946
3272.4288336334	0.0027739378345918997
3274.50643245114	0.002098114708213133
3276.5834548413	0.002323354706381511
3278.65990106305	0.002478258771060144
3280.73577137545	0.0014080593841605815
3282.81106603742	0.001760151579095386
3284.88578530774	0.001591118448599696
3286.95992944508	0.0012814134511245155
3289.03349870796	0.0016052475144252055
3291.1064933548	0.003506174092373715
3293.17891364384	0.0024501037712912096
3295.25075983324	0.0026894728352766448
3297.322032181	0.0016474284481460169
3299.39273094501	0.0023656387719759547
3301.462856383	0.0015348084490618278
3303.53240875259	0.0027880669004089567
3305.60138831128	0.002210734707297322
3307.6697953164	0.002633162835730324
3309.73763002519	0.002407819705696766
3311.80489269472	0.002407819705696766
3313.87158358198	0.00195723657749483
3315.93770294378	0.0020135465770326983
3318.00325103681	0.00228107064079552
3320.06822811764	0.0014080593841605815
3322.13263444272	0.0016897125137320082
3324.19647026832	0.0016334025141941397
3326.25973585064	0.002802092834360834
3328.32243144568	0.002956996899031014
3330.38455730938	0.00228107064079552
3332.44611369749	0.002309328772429634
3334.50710086564	0.003238650028610893
3336.56751906936	0.002379664705927832
3338.62736856401	0.0017883065788643201
3340.68664960483	0.0011968453199440805
3342.74536244693	0.002492284705012021
3344.80350734528	0.0018446165784106409
3346.86108455472	0.001872771578179575
3348.91809432997	0.001872771578179575
3350.97453692559	0.0017178675135093946
3353.03041259603	0.0020135465770326983
3355.08572159559	0.001337723450662384
3357.14046417844	0.0016192734483770827
3359.19464059863	0.0020276756428582077
3361.24825111005	0.003013306898577335
3363.30129596648	0.00195723657749483
3365.35377542155	0.0006759262582439467
3367.40568972878	0.0015066534492928936
3369.45703914152	0.002478258771060144
3371.507823913	0.0018446165784106409
3373.55804429633	0.001548937514878885
3375.60770054446	0.0020276756428582077
3377.65679291024	0.0019432106435429528
3379.70532164635	0.002196605641480265
3381.75328700534	0.0013235943848453268
3383.80068923965	0.001548937514878885
3385.84752860155	0.001774177513047263
3387.89380534321	0.001774177513047263
3389.93951971664	0.0019432106435429528
3391.98467197371	0.0019432106435429528
3394.02926236618	0.0010701993869080145
3396.07329114566	0.0014503434497465729
3398.1167585636	0.0018586425123625178
3400.15966487137	0.0009997603215446368
3402.20201032014	0.00195723657749483
3404.24379516099	0.000830830322914127
3406.28501964484	0.0015066534492928936
3408.3256840225	0.002647188769682201
3410.3657885446	0.0013799043843831951
3412.40533346167	0.001802332512816197
3414.44431902408	0.002252915641026586
3416.48274548209	0.0005068931277482569
3418.5206130858	0.002267044706843643
3420.55792208516	0.0011968453199440805
3422.59467273003	0.00211214064216501
3424.63086527009	0.0010137862554965137
3426.6664999549	0.0013799043843831951
3428.70157703386	0.001661557513963074
3430.73609675628	0.001760151579095386
3432.77005937129	0.0011828193859922036
3434.80346512789	0.0016897125137320082
3436.83631427494	0.0013235943848453268
3438.86860706119	0.0009997603215446368
3440.90034373521	0.0019150556437740186
3442.93152454546	0.00114053532039776
3444.96214974025	0.0015207825151099508
3446.99221956775	0.0009152953222293818
3449.021734276	0.002323354706381511
3451.05069411289	0.002478258771060144
3453.07909932619	0.001675686579780131
3455.1069501635	0.0015770925146478191
3457.1342468723	0.001337723450662384
3459.16098969993	0.00035198906307807654
3461.1871788936	0.0008589853226915135
3463.21281470035	0.001154664386214817
3465.23789736712	0.0007744171915110786
3467.26242714067	0.0012250003197130147
3469.28640426765	0.0004928671937963799
3471.30982899455	0.0022388897070747087
3473.33270156774	0.0007603912575592015
3475.35502223343	0.0009434503219983161
3477.3767912377	0.0002816531295798788
3479.39800882649	0.0007885462573281357
3481.41867524559	0.0013095684508934499
3483.43879074066	0.0008730112566433906
3485.45835555721	0.0012109743857611377
3487.47736994062	0.0014503434497465729
3489.49583413611	0.0004365571942585115
3491.51374838879	0.0015348084490618278
3493.53111294359	0.0003661181288951337
3495.54792804533	0.0013940334502087046
3497.56419393867	0.0007885462573281357
3499.57991086814	0.0
