1000.07700129088	0.036393263821749657
1002.83416209528	0.03207866833413758
1005.59045264208	0.030147292954498736
1008.34587328813	0.030243199606427615
1011.10042439014	0.027147702062580933
1013.85410630472	0.023942553921909818
1016.60691938837	0.026668269123700107
1019.35886399746	0.02513416397590054
1022.10994048823	0.024778025257959697
1024.86014921684	0.023408345845006777
1027.60949053928	0.02058672399129583
1030.35796481149	0.020819568488288465
1033.10557238924	0.0178198772756071
1035.85231362819	0.017518614016460255
1038.5981888839	0.01757338915448247
1041.34319851182	0.014792898814669966
1044.08734286727	0.01553246349879097
1046.83062230544	0.01362857600893501
1049.57303718143	0.014053233809785399
1052.31458785021	0.015066774504805702
1055.05527466665	0.014929836659741945
1057.79509798549	0.014121652571939609
1060.53405816134	0.014012102295886958
1063.27215554874	0.014025846240774293
1066.00939050209	0.015176324780858352
1068.74576337565	0.012875267379926671
1071.48127452361	0.013066980363012643
1074.21592430002	0.013039592794001536
1076.94971305882	0.013286181235889725
1079.68264115384	0.01208082723701167
1082.41470893879	0.013258793666870397
1085.14591676728	0.012847879810907343
1087.8762649928	0.01236844687203474
1090.60575396871	0.013601188439923903
1093.33438404827	0.014724379731760417
1096.06215558464	0.014286078306778034
1098.78906893086	0.013176630959837076
1101.51512443981	0.014286078306778034
1104.24032246435	0.01208082723701167
1106.96466335716	0.013601188439923903
1109.68814747081	0.013108111876919307
1112.41077515779	0.011245255580198227
1115.13254677044	0.012560260175892493
1117.85346266104	0.013190274583960849
1120.57352318169	0.014012102295886958
1123.29272868445	0.010834341724235173
1126.01107952121	0.01236844687203474
1128.72857604378	0.012847879810907343
1131.44521860385	0.01301220522499043
1134.16100755301	0.011683557005172387
1136.87594324271	0.012971174031855548
1139.59002602433	0.012642422882925814
1142.3032562491	0.013683351146957226
1145.01563426818	0.015409269598614547
1147.72716043257	0.014203915599744711
1150.43783509322	0.014861317576824174
1153.14765860091	0.014984611797764159
1155.85663130634	0.012573903800016268
1158.56475356012	0.01294378646283622
1161.27202571271	0.012491741092974724
1163.97844811448	0.013190274583960849
1166.68402111569	0.013655963577946118
1169.38874506649	0.01269719802095625
1172.09262031694	0.012779360727997794
1174.79564721695	0.01247799714808739
1177.49782611635	0.012354803247910967
1180.19915736486	0.010765922962080962
1182.89964131208	0.01240957838593318
1185.59927830751	0.012505384717098496
1188.29806870054	0.012971174031855548
1190.99601284046	0.011204224387055125
1193.69311107643	0.012519128661985832
1196.38936375753	0.014368241013819576
1199.08477123271	0.013066980363012643
1201.77933385082	0.01327243729099417
1204.47305196061	0.010806954155215842
1207.1659259107	0.012436965954944288
1209.85795604964	0.013614932384811238
1212.54914272585	0.01358754481580013
1215.23948628763	0.014190171654849157
1217.92898708319	0.013464250594851925
1220.61764546064	0.013217662152971956
1223.30546176798	0.013245049721983064
1225.99243635308	0.012601291369027373
1228.67856956373	0.012957430086959992
1231.36386174761	0.012204121457951654
1234.04831325228	0.012875267379926671
1236.73192442522	0.011779463657101264
1239.41469561377	0.013532669357006134
1242.09662716519	0.014066877433909173
1244.77771942662	0.013519025732882361
1247.45797274511	0.013286181235889725
1250.13738746759	0.014751767300771525
1252.81596394089	0.014066877433909173
1255.49370251175	0.012875267379926671
1258.17060352676	0.013491638163871254
1260.84666733246	0.01434085344480847
1263.52189427525	0.012971174031855548
1266.19628470144	0.013080724307908199
1268.86983895722	0.014395628582830684
1271.5425573887	0.013984714726867629
1274.21444034186	0.015107906018704143
1276.8854881626	0.01340947545682971
1279.55570119671	0.014436760096737347
1282.22507978985	0.014231303168755819
1284.89362428759	0.016025640382559127
1287.56133503543	0.013710738715976554
1290.22821237872	0.01616257822763111
1292.89425666274	0.017217250436549852
1295.55946823263	0.016504973000676392
1298.22384743346	0.016504973000676392
1300.88739461019	0.015244843863776123
1303.55011010766	0.014532566427902663
1306.21199427063	0.0132998248600135
1308.87304744373	0.013560157246780802
1311.53326997152	0.012998561600866656
1314.19266219843	0.01334095637391194
1316.8512244688	0.013779257798886103
1319.50895712687	0.012491741092974724
1322.16586051676	0.012519128661985832
1324.82193498252	0.013560157246780802
1327.47718086806	0.013313568804900833
1330.1315985172	0.013354700318799274
1332.78518827369	0.014108008947815835
1335.43795048114	0.012217765082075427
1338.08988548307	0.013217662152971956
1340.74099362289	0.013108111876919307
1343.39127524392	0.014464147665748453
1346.04073068939	0.013779257798886103
1348.6893603024	0.012902654948937779
1351.33716442597	0.0132998248600135
1353.98414340301	0.012902654948937779
1356.63029757632	0.012423222010056955
1359.27562728863	0.013258793666870397
1361.92013288252	0.01101241108319737
1364.56381470053	0.012669810451945145
1367.20667308505	0.011738432463966384
1369.84870837838	0.011423324939160425
1372.48992092274	0.011697300950059723
1375.13031106023	0.012724585589967358
1377.76987913284	0.011930145447052357
1380.40862548251	0.01225889659598209
1383.04655045101	0.011067186221227807
1385.68365438006	0.011217868011178897
1388.31993761126	0.012094470861135442
1390.95540048612	0.01079331053109207
1393.59004334605	0.01279310467288513
1396.22386653233	0.012710841645080025
1398.85687038619	0.012108214806022777
1401.48905524873	0.01345050664996459
1404.12042146094	0.013190274583960849
1406.75096936375	0.013245049721983064
1409.38069929796	0.012464353523963616
1412.00961160428	0.01434085344480847
1414.63770662332	0.012916298573061553
1417.26498469557	0.011984920585082793
1419.89144616146	0.011532975535984858
1422.51709136132	0.01334095637391194
1425.14192063532	0.01245060957906806
1427.76593432361	0.012162989944053213
1430.3891327662	0.012039695723105006
1433.01151630299	0.011176836818044017
1435.63308527382	0.011067186221227807
1438.2538400184	0.012806748297008902
1440.87378087637	0.013834032936916539
1443.49290818722	0.0120123081540939
1446.1112222904	0.011820595170999705
1448.72872352524	0.0132998248600135
1451.34541223097	0.013888808074938752
1453.96128874671	0.01283413586602001
1456.5763534115	0.012272540220105863
1459.19060656429	0.012053439668000562
1461.8040485439	0.01247799714808739
1464.41667968907	0.01362857600893501
1467.02850033846	0.01345050664996459
1469.63951083061	0.01409426500292028
1472.24971150397	0.013135499445930413
1474.8591026969	0.01229992778911697
1477.46768474763	0.013327212429024607
1480.07545799434	0.014025846240774293
1482.68242277508	0.013861420505927645
1485.28857942782	0.014039489864898065
1487.89392829042	0.01154661916010863
1490.49846970065	0.012217765082075427
1493.10220399619	0.010026257957196397
1495.70513151461	0.00999887038818529
1498.30725259339	0.011491844022078194
1500.90856756992	0.0117932076019886
1503.50907678146	0.010574109658223209
1506.10878056524	0.011450712508179754
1508.70767925832	0.010122164609125274
1511.30577319772	0.010163195802260154
1513.90306272032	0.009355112035221378
1516.49954816295	0.010231714885177923
1519.09522986229	0.010053645526207503
1521.69010815498	0.010533078465088328
1524.28418337751	0.011560363104995964
1526.87745586632	0.010820698100111398
1529.46992595773	0.00946466231127403
1532.06159398796	0.010697403879163193
1534.65246029316	0.011245255580198227
1537.24252520935	0.009122267538228744
1539.83178907249	0.009875576167237084
1542.42025221841	0.012135602375033883
1545.00791498287	0.010135808233249046
1547.59477770152	0.011272643149209333
1550.18084070993	0.011135705304145576
1552.76610434356	0.010875473238133614
1555.35056893777	0.01245060957906806
1557.93423482785	0.011190480442167791
1560.51710234896	0.011026155028092927
1563.0991718362	0.011574006729119738
1565.68044362457	0.012615035313914709
1568.26091804893	0.013135499445930413
1570.84059544411	0.014135396516826942
1573.41947614481	0.015655757719739177
1575.99756048562	0.014327109499921135
1578.57484880108	0.016436554238522184
1581.15134142559	0.01491609271484639
1583.72703869349	0.015683145288750283
1586.301940939	0.014943480283865718
1588.87604849628	0.014039489864898065
1591.44936169934	0.016450197862645958
1594.02188088215	0.016546104514574833
1596.59360637855	0.017244638005560958
1599.16453852232	0.02017581013533278
1601.73467764709	0.0203402358701712
1604.30402408647	0.02370970942491718
1606.87257817391	0.02353164006594676
1609.44034024281	0.019244432147354017
1612.00731062644	0.01747748250255359
1614.57348965801	0.01642281029363485
1617.13887767062	0.01449153523475956
1619.70347499726	0.015272231432787229
1622.26728197086	0.014532566427902663
1624.83029892423	0.015327006570809444
1627.39252619012	0.015915989785742917
1629.95396410112	0.017587032778606244
1632.5146129898	0.019121137926405813
1635.07447318858	0.017080312591486093
1637.63354502984	0.01686111171860901
1640.19182884582	0.014272334361890699
1642.74932496868	0.013929939588845416
1645.3060337305	0.012423222010056955
1647.86195546325	0.01247799714808739
1650.41709049882	0.011204224387055125
1652.971439169	0.011122061680021804
1655.52500180548	0.009628987725357115
1658.07777873987	0.010601497227234316
1660.62977030368	0.010204327316166816
1663.18097682833	0.011916501822928582
1665.73139864514	0.011122061680021804
1668.28103608534	0.011163092873156684
1670.82988948008	0.00971125075316222
1673.37795916039	0.009944095250154853
1675.92524545724	0.011998664529970126
1678.47174870147	0.011354906177014438
1681.01746922386	0.008451121616261948
1683.56240735508	0.009738638322173325
1686.10656342572	0.01136854980113821
1688.64993776626	0.012245152651086534
1691.19253070709	0.009779669515308207
1693.73434257853	0.010190583371271262
1696.27537371078	0.009163298731363624
1698.81562443395	0.010135808233249046
1701.35509507809	0.011026155028092927
1703.89378597311	0.009820801029214869
1706.43169744886	0.011039798652216699
1708.96882983509	0.011163092873156684
1711.50518346144	0.011628781867141951
1714.0407586575	0.01279310467288513
1716.57555575272	0.012642422882925814
1719.10957507649	0.01387516445081498
1721.64281695809	0.014820286383689294
1724.17528172671	0.016340647586593305
1726.70696971146	0.0155598510678103
1729.23788124135	0.015806439509690268
1731.7680166453	0.014573697941801104
1734.29737625213	0.01340947545682971
1736.82596039057	0.012245152651086534
1739.35376938927	0.012505384717098496
1741.88080357677	0.013354700318799274
1744.40706328154	0.011354906177014438
1746.93254883193	0.010998767459073596
1749.45726055623	0.01114944924903291
1751.9811987826	0.009944095250154853
1754.50436383915	0.011026155028092927
1757.02675605387	0.009409887173251814
1759.54837575466	0.008314083450426408
1762.06922326934	0.009574212587326679
1764.58929892564	0.009300336897199165
1767.10860305118	0.009026360886299867
1769.6271359735	0.010724791448182521
1772.14489802005	0.009889320112132638
1774.66188951817	0.01003990158132017
1777.17811079515	0.010546722089212101
1779.69356217815	0.010464559382170557
1782.20824399425	0.010724791448182521
1784.72215657043	0.010985023514186263
1787.23530023361	0.009957738874278626
1789.74767531057	0.010546722089212101
1792.25928212804	0.009820801029214869
1794.77012101264	0.009642731670244448
1797.2801922909	0.008273052257291528
1799.78949628926	0.010670016310152085
1802.29803333406	0.01014955217813638
1804.80580375158	0.010313877592219467
1807.31280786797	0.009875576167237084
1809.81904600929	0.008807160013431006
1812.32451850154	0.008683966113254582
1814.82922567061	0.00971125075316222
1817.33316784231	0.008670222168367249
1819.83634534233	0.011724688519070828
1822.33875849629	0.010437171813159452
1824.84040762973	0.011122061680021804
1827.34129306808	0.008971585748277652
1829.84141513667	0.010313877592219467
1832.34077416077	0.010231714885177923
1834.83937046553	0.00860170308544948
1837.33720437602	0.009587956532222235
1839.83427621723	0.010779566586204735
1842.33058631404	0.009492049880293358
1844.82613499125	0.009190686300382953
1847.32092257355	0.009492049880293358
1849.81494938558	0.00986193254311331
1852.30821575184	0.009766025891184433
1854.80072199677	0.010135808233249046
1857.29246844473	0.009368755659345153
1859.78345541994	0.008683966113254582
1862.27368324658	0.009944095250154853
1864.76315224871	0.009081136024330303
1867.2518627503	0.009012616941412534
1869.73981507524	0.008026463815403338
1872.22700954733	0.009478406256169584
1874.71344649027	0.009245561759168729
1877.19912622768	0.010409784244148344
1879.68404908308	0.010683760255039419
1882.16821537988	0.010135808233249046
1884.65162544145	0.010423427868272118
1887.13427959102	0.008779772444419898
1889.61617815175	0.009355112035221378
1892.0973214467	0.01003990158132017
1894.57770979887	0.009724894377285992
1897.05734353113	0.010697403879163193
1899.53622296628	0.010094777040114166
1902.014348427	0.008615447030336813
1904.49172023593	0.009820801029214869
1906.96833871558	0.00999887038818529
1909.44420418839	0.011847982740019036
1911.91931697668	0.01101241108319737
1914.39367740272	0.009190686300382953
1916.86728578865	0.008190789229486423
1919.34014245654	0.00999887038818529
1921.81224772838	0.010163195802260154
1924.28360192604	0.010491946951181665
1926.75420537132	0.011491844022078194
1929.22405838593	0.008163401660475317
1931.69316129147	0.007889525970339581
1934.16151440948	0.00928659295231183
1936.62911806136	0.009122267538228744
1939.09597256848	0.008519540378407936
1941.56207825207	0.009766025891184433
1944.0274354333	0.009505793825180691
1946.49204443322	0.008848291527329447
1948.95590557284	0.009368755659345153
1951.41901917301	0.009834444653338643
1953.88138555454	0.008985229372401426
1956.34300503813	0.009081136024330303
1958.8038779444	0.010231714885177923
1961.26400459387	0.011094674111002473
1963.72338530697	0.008903066665359883
1966.18202040403	0.010615241172129872
1968.63991020531	0.008697609737378357
1971.09705503097	0.011574006729119738
1973.55345520107	0.009190686300382953
1976.0091110356	0.009902963736256412
1978.46402285444	0.009944095250154853
1980.91819097737	0.008300439826302635
1983.3716157241	0.00999887038818529
1985.82429741427	0.00986193254311331
1988.27623636736	0.009724894377285992
1990.72743290284	0.010409784244148344
1993.17788734002	0.009492049880293358
1995.62759999817	0.009163298731363624
1998.07657119644	0.009313980521322937
2000.5248012539	0.009615344101233343
2002.97229048952	0.008314083450426408
2005.41903922219	0.01223150902696276
2007.86504777071	0.010026257957196397
2010.31031645378	0.010875473238133614
2012.75484559	0.01114944924903291
2015.19863549792	0.0090401048311872
2017.64168649594	0.009451018687150255
2020.08399890242	0.010848085669122506
2022.5255730356	0.009971482819165961
2024.96640921365	0.00875238487540057
2027.40650775462	0.010259102454189031
2029.84586897649	0.009889320112132638
2032.28449319715	0.01108093016611514
2034.72238073438	0.009437274742262922
2037.15953190591	0.009245561759168729
2039.59594702932	0.008546927947419042
2042.03162642215	0.011286387094096668
2044.46657040182	0.010574109658223209
2046.90077928567	0.01132751860800333
2049.33425339095	0.009820801029214869
2051.76699303481	0.009382499604240707
2054.19899853433	0.012505384717098496
2056.63027020645	0.009766025891184433
2059.06080836809	0.009492049880293358
2061.49061333602	0.009615344101233343
2063.91968542694	0.00946466231127403
2066.34802495747	0.010300233968095695
2068.77563224411	0.008642834599347919
2071.20250760329	0.00875238487540057
2073.62865135136	0.009108523593341411
2076.05406380455	0.008944198179258324
2078.47874527901	0.008971585748277652
2080.9026960908	0.010875473238133614
2083.3259165559	0.009382499604240707
2085.74840699018	0.009560568963202907
2088.17016770944	0.008807160013431006
2090.59119902935	0.010231714885177923
2093.01150126553	0.009012616941412534
2095.43107473348	0.01021797094029059
2097.84991974864	0.008779772444419898
2100.26803662633	0.01136854980113821
2102.68542568178	0.010135808233249046
2105.10208723015	0.009423530797375589
2107.51802158648	0.011122061680021804
2109.93322906574	0.00986193254311331
2112.3477099828	0.01021797094029059
2114.76146465245	0.01101241108319737
2117.17449338937	0.010670016310152085
2119.58679650815	0.010313877592219467
2121.9983743233	0.010697403879163193
2124.40922714924	0.009670119239255556
2126.81935530029	0.008875679096348775
2129.22875909067	0.008957841803382098
2131.63743883452	0.009848188598225976
2134.04539484589	0.010546722089212101
2136.45262743874	0.010820698100111398
2138.85913692692	0.009505793825180691
2141.26492362422	0.008985229372401426
2143.6699878443	0.009122267538228744
2146.07432990076	0.01003990158132017
2148.47795010708	0.011231611956074453
2150.88084877667	0.008218277119261092
2153.28302622285	0.009368755659345153
2155.68448275883	0.00777987537352337
2158.08521869774	0.010176939747147487
2160.48523435261	0.010834341724235173
2162.88453003639	0.008273052257291528
2165.28310606193	0.009656475615131783
2167.68096274199	0.008505896754284162
2170.07810038922	0.009163298731363624
2172.47451931622	0.00946466231127403
2174.87021983546	0.010382396675129016
2177.26520225933	0.008382602533344179
2179.65946690013	0.008300439826302635
2182.05301407006	0.008163401660475317
2184.44584408123	0.009615344101233343
2186.83795724567	0.009135911162352517
2189.22935387531	0.008697609737378357
2191.62003428198	0.00824566468828042
2194.00999877743	0.007930557163474461
2196.39924767329	0.010108420664237939
2198.78778128115	0.009533181394191799
2201.17559991245	0.0097522819462971
2203.56270387857	0.009122267538228744
2205.94909349081	0.010670016310152085
2208.33476906033	0.009231817814281394
2210.71973089824	0.008670222168367249
2213.10397931554	0.00893045423437099
2215.48751462314	0.009902963736256412
2217.87033713186	0.008204533174373758
2220.25244715242	0.009519437449304466
2222.63384499546	0.009889320112132638
2225.01453097151	0.009724894377285992
2227.39450539101	0.007670325097470719
2229.77376856434	0.010848085669122506
2232.15232080173	0.009889320112132638
2234.53016241336	0.008848291527329447
2236.9072937093	0.009628987725357115
2239.28371499954	0.010820698100111398
2241.65942659396	0.007944301108370017
2244.03442880236	0.00888942304123611
2246.40872193443	0.008944198179258324
2248.78230629979	0.008875679096348775
2251.15518220795	0.009245561759168729
2253.52734996835	0.009026360886299867
2255.89880989029	0.010546722089212101
2258.26956228301	0.009820801029214869
2260.63960745567	0.011108317735126248
2263.00894571731	0.0082866958814153
2265.37757737688	0.010341265161230575
2267.74550274324	0.00882090395831834
2270.11272212517	0.008985229372401426
2272.47923583134	0.00888942304123611
2274.84504417031	0.009834444653338643
2277.2101474506	0.009190686300382953
2279.57454598058	0.009108523593341411
2281.93824006856	0.009094879969217637
2284.30123002275	0.008423734047242618
2286.66351615125	0.008944198179258324
2289.02509876208	0.009437274742262922
2291.38597816317	0.011108317735126248
2293.74615466236	0.010135808233249046
2296.10562856737	0.008779772444419898
2298.46440018585	0.008862035472225003
2300.82246982535	0.009341368090334045
2303.1798377933	0.00784839445644114
2305.5365043971	0.008546927947419042
2307.89246994399	0.009820801029214869
2310.24773474116	0.008478509185273056
2312.60229909566	0.009423530797375589
2314.95616331451	0.009355112035221378
2317.30932770456	0.009396143228364481
2319.66179257263	0.008314083450426408
2322.01355822542	0.009026360886299867
2324.36462496953	0.009094879969217637
2326.71499311146	0.010176939747147487
2329.06466295764	0.009834444653338643
2331.41363481439	0.009875576167237084
2333.76190898794	0.008122370467332215
2336.10948578441	0.009683863184151112
2338.45636550986	0.009505793825180691
2340.80254847022	0.009560568963202907
2343.14803497132	0.00777987537352337
2345.49282531895	0.008848291527329447
2347.83691981874	0.008848291527329447
2350.18031877626	0.00853328432329527
2352.52302249699	0.00917704267625918
2354.8650312863	0.008382602533344179
2357.20634544946	0.010875473238133614
2359.54696529166	0.010848085669122506
2361.88689111798	0.009848188598225976
2364.22612323341	0.009916707681143746
2366.56466194287	0.009149655107239852
2368.90250755114	0.0103276215371068
2371.23966036293	0.009396143228364481
2373.57612068286	0.009793413460203761
2375.91188881545	0.008588059461325705
2378.2469650651	0.00971125075316222
2380.58134973615	0.008053851384422666
2382.91504313282	0.009601600156346007
2385.24804555926	0.008957841803382098
2387.58035731949	0.008451121616261948
2389.91197871745	0.008834647903205674
2392.24291005701	0.010012514012309062
2394.57315164189	0.008807160013431006
2396.90270377577	0.009971482819165961
2399.23156676218	0.008916810610247216
2401.55974090461	0.009094879969217637
2403.88722650642	0.009683863184151112
2406.21402387086	0.008615447030336813
2408.54013330113	0.007382705462447649
2410.8655551003	0.007642937528459612
2413.19028957133	0.008683966113254582
2415.51433701713	0.0097522819462971
2417.83769774049	0.008848291527329447
2420.16037204408	0.008040207760298894
2422.48236023051	0.008505896754284162
2424.80366260228	0.008560671892314598
2427.12427946179	0.008903066665359883
2429.44421111134	0.010752179017193629
2431.76345785315	0.007930557163474461
2434.08201998932	0.01036865273024168
2436.39989782188	0.009642731670244448
2438.71709165273	0.008971585748277652
2441.0336017837	0.008314083450426408
2443.34942851653	0.011313774663107774
2445.66457215282	0.009026360886299867
2447.97903299412	0.009300336897199165
2450.29281134185	0.008916810610247216
2452.60590749736	0.00928659295231183
2454.91832176188	0.009163298731363624
2457.23005443656	0.008451121616261948
2459.54110582243	0.009396143228364481
2461.85147622045	0.00921807386939406
2464.16116593146	0.00882090395831834
2466.47017525621	0.008478509185273056
2468.77850449536	0.008163401660475317
2471.08615394947	0.008916810610247216
2473.39312391899	0.008738741251276796
2475.69941470429	0.007656681473346946
2478.00502660562	0.006752590733615733
2480.30995992316	0.009122267538228744
2482.61421495697	0.0090401048311872
2484.91779200702	0.008588059461325705
2487.22069137316	0.008492152809396828
2489.5229133552	0.008300439826302635
2491.8244582528	0.009451018687150255
2494.12532636553	0.008382602533344179
2496.42551799287	0.010259102454189031
2498.72503343421	0.008040207760298894
2501.02387298882	0.009944095250154853
2503.32203695588	0.009437274742262922
2505.61952563449	0.008163401660475317
2507.91633932361	0.00760190633531651
2510.21247832216	0.00871135368226569
2512.50794292891	0.007245767617383892
2514.80273344255	0.008916810610247216
2517.09685016167	0.008423734047242618
2519.39029338476	0.009135911162352517
2521.68306341022	0.007588162390429176
2523.97516053634	0.008971585748277652
2526.26658506132	0.009546825018315571
2528.55733728325	0.010601497227234316
2530.84741750012	0.008588059461325705
2533.13682600984	0.009409887173251814
2535.4255631102	0.009190686300382953
2537.7136290989	0.008519540378407936
2540.00102427354	0.00875238487540057
2542.28774893162	0.008478509185273056
2544.57380337053	0.00928659295231183
2546.85918788758	0.008478509185273056
2549.14390277997	0.009875576167237084
2551.4279483448	0.009971482819165961
2553.71132487906	0.009656475615131783
2555.99403267966	0.008957841803382098
2558.27607204341	0.009300336897199165
2560.55744326699	0.008341471019437515
2562.83814664702	0.008218277119261092
2565.11818247999	0.0090401048311872
2567.3975510623	0.0082866958814153
2569.67625269025	0.009724894377285992
2571.95428766003	0.008875679096348775
2574.23165626776	0.006286901739622242
2576.50835880942	0.008040207760298894
2578.78439558093	0.008985229372401426
2581.05976687806	0.008300439826302635
2583.33447299652	0.008108626522444881
2585.60851423191	0.00871135368226569
2587.88189087972	0.007752487804512262
2590.15460323534	0.00824566468828042
2592.42665159406	0.008218277119261092
2594.69803625108	0.007862138401328473
2596.9687575015	0.008012820191279564
2599.23881564029	0.009272949328188057
2601.50821096235	0.009985126443289733
2603.77694376245	0.008807160013431006
2606.0450143353	0.008327827395313741
2608.31242297548	0.007067698258413471
2610.57916997746	0.006903272523566825
2612.84525563562	0.00932772446621027
2615.11068024426	0.008190789229486423
2617.37544409753	0.00875238487540057
2619.63954748952	0.009766025891184433
2621.90299071421	0.008163401660475317
2624.16577406546	0.010094777040114166
2626.42789783705	0.008642834599347919
2628.68936232264	0.008738741251276796
2630.9501678158	0.009505793825180691
2633.21031460999	0.007588162390429176
2635.46980299857	0.00871135368226569
2637.72863327481	0.008327827395313741
2639.98680573185	0.009642731670244448
2642.24432066276	0.007053954313526138
2644.50117836048	0.008204533174373758
2646.75737911786	0.01021797094029059
2649.01292322765	0.00893045423437099
2651.26781098249	0.009492049880293358
2653.52204267492	0.010861729293246278
2655.77561859738	0.0097522819462971
2658.0285390422	0.009574212587326679
2660.28080430161	0.009519437449304466
2662.53241466774	0.010916604752040275
2664.78337043263	0.011532975535984858
2667.03367188817	0.009902963736256412
2669.2833193262	0.011231611956074453
2671.53231303844	0.011437068884055981
2673.78065331648	0.010752179017193629
2676.02834045184	0.011779463657101264
2678.27537473592	0.011738432463966384
2680.52175646002	0.011491844022078194
2682.76748591535	0.011491844022078194
2685.01256339298	0.010848085669122506
2687.25698918391	0.011409681315036651
2689.50076357901	0.012217765082075427
2691.74388686909	0.013094367932031972
2693.9863593448	0.01283413586602001
2696.22818129672	0.011984920585082793
2698.46935301532	0.010806954155215842
2700.70987479096	0.012313671734004304
2702.94974691389	0.011532975535984858
2705.18896967428	0.01008103309521861
2707.42754336216	0.00882090395831834
2709.66546826749	0.010834341724235173
2711.90274468011	0.009642731670244448
2714.13937288974	0.01212195875091011
2716.37535318602	0.008190789229486423
2718.61068585848	0.008574315516438372
2720.84537119652	0.010765922962080962
2723.07940948947	0.008204533174373758
2725.31280102654	0.01003990158132017
2727.54554609682	0.008656578544243475
2729.77764498933	0.009628987725357115
2732.00909799294	0.008766128820296126
2734.23990539644	0.009656475615131783
2736.47006748853	0.012135602375033883
2738.69958455777	0.008149758036351543
2740.92845689263	0.008478509185273056
2743.15668478147	0.009533181394191799
2745.38426851257	0.009902963736256412
2747.61120837406	0.008546927947419042
2749.83750465399	0.009259205383292501
2752.0631576403	0.007916913539350687
2754.28816762083	0.00795794473249379
2756.51253488329	0.007053954313526138
2758.73625971532	0.00928659295231183
2760.95934240442	0.007437480600478085
2763.18178323801	0.009313980521322937
2765.40358250338	0.007163504589578788
2767.62474048773	0.008368858588456844
2769.84525747814	0.008903066665359883
2772.06513376159	0.009026360886299867
2774.28436962496	0.006930660092586153
2776.50296535501	0.009149655107239852
2778.7209212384	0.0075333872524069615
2780.93823756168	0.007588162390429176
2783.15491461129	0.006780078623390401
2785.37095267358	0.00846476524038572
2787.58635203477	0.00824566468828042
2789.80111298097	0.008944198179258324
2792.01523579822	0.006478715043479996
2794.2287207724	0.009587956532222235
2796.44156818932	0.008122370467332215
2798.65377833468	0.00784839445644114
2800.86535149404	0.008204533174373758
2803.07628795289	0.008122370467332215
2805.28658799659	0.007368961517560315
2807.4962519104	0.008697609737378357
2809.70527997946	0.00777987537352337
2811.91367248883	0.007368961517560315
2814.12142972342	0.007314186379529879
2816.32855196807	0.007163504589578788
2818.53503950749	0.007930557163474461
2820.74089262628	0.007793619318410703
2822.94611160894	0.008341471019437515
2825.15069673987	0.007793619318410703
2827.35464830333	0.008163401660475317
2829.55796658351	0.007437480600478085
2831.76065186445	0.007396449407334983
2833.96270443012	0.0075333872524069615
2836.16412456437	0.008314083450426408
2838.3649125509	0.008423734047242618
2840.56506867336	0.008177145605362651
2842.76459321526	0.009533181394191799
2844.96348645999	0.009779669515308207
2847.16174869086	0.008875679096348775
2849.35938019105	0.008738741251276796
2851.55638124363	0.00882090395831834
2853.75275213157	0.008519540378407936
2855.94849313772	0.008190789229486423
2858.14360454483	0.009889320112132638
2860.33808663553	0.009108523593341411
2862.53193969234	0.009382499604240707
2864.72516399768	0.008081238953433774
2866.91775983385	0.008724997306389462
2869.10972748304	0.009916707681143746
2871.30106722733	0.009149655107239852
2873.4917793487	0.009985126443289733
2875.68186412899	0.010245358509301698
2877.87132184997	0.01114944924903291
2880.06015279325	0.008615447030336813
2882.24835724039	0.00999887038818529
2884.43593547278	0.012327415678891637
2886.62288777173	0.011108317735126248
2888.80921441843	0.011779463657101264
2890.99491569397	0.011806851226112372
2893.1799918793	0.012327415678891637
2895.36444325529	0.014299721930901807
2897.54827010269	0.011519231591089302
2899.73147270213	0.011382293746025545
2901.91405133412	0.012436965954944288
2904.09600627909	0.011190480442167791
2906.27733781731	0.012382190816922073
2908.45804622899	0.013806645367905431
2910.63813179418	0.013066980363012643
2912.81759479286	0.013519025732882361
2914.99643550486	0.011587750674007071
2917.17465420994	0.012532872606873165
2919.3522511877	0.013943583212969188
2921.52922671765	0.016011896437671796
2923.7055810792	0.013245049721983064
2925.88131455162	0.015436657167633877
2928.05642741408	0.01553246349879097
2930.23091994566	0.016450197862645958
2932.40479242528	0.014847673952700402
2934.57804513178	0.01687485566350457
2936.75067834387	0.015833827078701374
2938.92269234017	0.016368035155612637
2941.09408739916	0.015861214647720705
2943.26486379921	0.01753225764058403
2945.4350218186	0.013902552019834308
2947.60456173546	0.014368241013819576
2949.77348382783	0.014861317576824174
2951.94178837363	0.015080518449693036
2954.10947565068	0.014696992162741089
2956.27654593666	0.01624474093466443
2958.44299950915	0.015190068725745687
2960.60883664562	0.01542291322273832
2962.77405762341	0.016463941807541512
2964.93866271975	0.016902243232515674
2967.10265221178	0.016011896437671796
2969.26602637648	0.01549143230565609
2971.42878549076	0.016025640382559127
2973.59092983139	0.013614932384811238
2975.75245967501	0.013984714726867629
2977.9133752982	0.01434085344480847
2980.07367697736	0.01362857600893501
2982.23336498882	0.013984714726867629
2984.39243960877	0.012204121457951654
2986.5509011133	0.01283413586602001
2988.70874977837	0.013039592794001536
2990.86598587984	0.01240957838593318
2993.02260969344	0.013204018528848184
2995.17862149478	0.011984920585082793
2997.33402155938	0.012327415678891637
2999.48881016262	0.01340947545682971
3001.64298757978	0.010491946951181665
3003.796554086	0.010957635945175155
3005.94950995633	0.010464559382170557
3008.10185546569	0.01014955217813638
3010.25359088888	0.01097137989006249
3012.40471650059	0.009355112035221378
3014.5552325754	0.010396040299252788
3016.70513938776	0.009546825018315571
3018.85443721201	0.008971585748277652
3021.00312632236	0.00946466231127403
3023.15120699292	0.008519540378407936
3025.29867949769	0.009533181394191799
3027.44554411052	0.011176836818044017
3029.59180110516	0.009793413460203761
3031.73745075527	0.010848085669122506
3033.88249333434	0.010779566586204735
3036.02692911578	0.011711044894947056
3038.17075837287	0.013149243390817746
3040.31398137877	0.011354906177014438
3042.45659840653	0.012587647744903601
3044.59860972907	0.010697403879163193
3046.7400156192	0.010834341724235173
3048.88081634961	0.010231714885177923
3051.02101219287	0.010272846399076364
3053.16060342144	0.008957841803382098
3055.29959030765	0.010519334520200995
3057.43797312371	0.009738638322173325
3059.57575214172	0.009875576167237084
3061.71292763366	0.010012514012309062
3063.84949987139	0.0097522819462971
3065.98546912665	0.010560466034099434
3068.12083567105	0.010300233968095695
3070.2555997761	0.010053645526207503
3072.38976171319	0.009108523593341411
3074.52332175356	0.010437171813159452
3076.65628016837	0.010478303327057892
3078.78863722863	0.008848291527329447
3080.92039320526	0.008409990102355285
3083.05154836902	0.0082866958814153
3085.1821029906	0.007656681473346946
3087.31205734051	0.007930557163474461
3089.44141168921	0.006793722247514174
3091.57016630696	0.007177248534466121
3093.69832146398	0.007451224545365419
3095.82587743032	0.005903375452678517
3097.9528344759	0.006766334678503067
3100.07919287056	0.00921807386939406
3102.204952884	0.008697609737378357
3104.33011478579	0.008026463815403338
3106.45467884538	0.007903169594463353
3108.57864533212	0.006766334678503067
3110.70201451522	0.007218380048372784
3112.82478666378	0.008903066665359883
3114.94696204676	0.005574724624520566
3117.06854093301	0.006177351463569592
3119.18952359127	0.007232023672496557
3121.30991029013	0.00777987537352337
3123.4297012981	0.00684849738554461
3125.54889688352	0.00662939683343931
3127.66749731464	0.00667042802657419
3129.78550285957	0.005780181552502093
3131.90291378633	0.006314289308641571
3134.01973036277	0.006328033253528906
3136.13595285665	0.006547133805634206
3138.2515815356	0.005273361044610162
3140.36661666714	0.004506308470706267
3142.48105851863	0.004163913697660982
3144.59490735734	0.0061637078394458185
3146.70816345041	0.0052459734755908325
3148.82082706486	0.005314392237745042
3150.93289846758	0.00330095447182821
3153.04437792532	0.006588265319532646
3155.15526570475	0.006903272523566825
3157.26556207238	0.006437583529581556
3159.37526729461	0.005903375452678517
3161.48438163771	0.004889834757658214
3163.59290536784	0.004903478381781987
3165.70083875102	0.004999385033710864
3167.80818205315	0.004629602691646251
3169.91493554002	0.0038351625487394706
3172.02109947727	0.00569791852469699
3174.12667413044	0.005026772602721972
3176.23165976493	0.004013231907701669
3178.33605664602	0.0058075691215132
3180.43986503887	0.004958353840575984
3182.54308520852	0.00545143040357236
3184.64571741986	0.00702656674451503
3186.74776193769	0.0053007486136212685
3188.84921902664	0.005643143386666554
3190.95008895128	0.004862447188647107
3193.05037197599	0.0053418801275197094
3195.15006836504	0.003985844338690561
3197.24917838262	0.0049172223266693215
3199.34770229274	0.006766334678503067
3201.44564035931	0.004670633884789353
3203.5429928461	0.0049172223266693215
3205.63976001677	0.004684377829676687
3207.73594213484	0.005752793983482764
3209.83153946372	0.004615858746758917
3211.92655226669	0.0061637078394458185
3214.02098080688	0.005574724624520566
3216.11482534732	0.004930966271556655
3218.20808615091	0.004273463973713632
3220.30076348041	0.0049172223266693215
3222.39285759847	0.0042460764047025255
3224.4843687676	0.0043282391117358465
3226.57529725019	0.005725306093708096
3228.66564330851	0.004670633884789353
3230.75540720468	0.006574621695408873
3232.8445892007	0.004876090812770881
3234.93318955847	0.005999282104607394
3237.02120853974	0.0051500668236619555
3239.10864640612	0.004793928105729337
3241.19550341911	0.004862447188647107
3243.28177984009	0.004930966271556655
3245.36747593029	0.004684377829676687
3247.45259195083	0.0039036816316490187
3249.53712816268	0.005218585906579726
3251.62108482672	0.005684274900573216
3253.70446220366	0.005643143386666554
3255.78726055411	0.004835059619627778
3257.86948013853	0.004958353840575984
3259.95112121728	0.005424042834561253
3262.03218405055	0.0039036816316490187
3264.11266889845	0.004889834757658214
3266.19257602092	0.003794031034832808
3268.27190567779	0.004109138559630546
3270.35065812876	0.004437789387788497
3272.4288336334	0.003999487962814335
3274.50643245114	0.0043282391117358465
3276.5834548413	0.00454743998461293
3278.65990106305	0.0032598229579297693
3280.73577137545	0.0038077749797201417
3282.81106603742	0.0035749304827275073
3284.88578530774	0.004889834757658214
3286.95992944508	0.0045200524155936
3289.03349870796	0.0053007486136212685
3291.1064933548	0.004862447188647107
3293.17891364384	0.004081650669855878
3295.25075983324	0.004835059619627778
3297.322032181	0.006245870546487362
3299.39273094501	0.0044789209016951595
3301.462856383	0.0028489091019667143
3303.53240875259	0.003451636261787523
3305.60138831128	0.003972100393803228
3307.6697953164	0.0045200524155936
3309.73763002519	0.004369370625642509
3311.80489269472	0.0040542631008447716
3313.87158358198	0.0050131289785981985
3315.93770294378	0.0035475429137164
3318.00325103681	0.003122885112866012
3320.06822811764	0.004081650669855878
3322.13263444272	0.005519849165726569
3324.19647026832	0.0033831171788697534
3326.25973585064	0.0041501697527736485
3328.32243144568	0.0017668493240286418
3330.38455730938	0.0039036816316490187
3332.44611369749	0.0032598229579297693
3334.50710086564	0.00336947355474598
3336.56751906936	0.0037666434658217007
3338.62736856401	0.004561083608736703
3340.68664960483	0.0033557296098586462
3342.74536244693	0.0049719974646997575
3344.80350734528	0.0037256122726868203
3346.86108455472	0.0041913012666720895
3348.91809432997	0.004026875531825442
3350.97453692559	0.004026875531825442
3353.03041259603	0.0036433492448817166
3355.08572159559	0.00465699026066558
3357.14046417844	0.0036433492448817166
3359.19464059863	0.00469802145380046
3361.24825111005	0.003232435388918662
3363.30129596648	0.0029722033229066984
3365.35377542155	0.0036433492448817166
3367.40568972878	0.0036982247036674914
3369.45703914152	0.002835265477842941
3371.507823913	0.003876193741874351
3373.55804429633	0.0030954975438466825
3375.60770054446	0.0032873108477044365
3377.65679291024	0.0034378923169001894
3379.70532164635	0.002013437765916832
3381.75328700534	0.0024517391908909936
3383.80068923965	0.0025476458428198706
3385.84752860155	0.0042871075978374055
3387.89380534321	0.002287413776816129
3389.93951971664	0.003972100393803228
3391.98467197371	0.003150272681877119
3394.02926236618	0.0031092414887422385
3396.07329114566	0.003122885112866012
3398.1167585636	0.0033146984167237658
3400.15966487137	0.0028489091019667143
3402.20201032014	0.0022188946938983592
3404.24379516099	0.003492767775685964
3406.28501964484	0.003451636261787523
3408.3256840225	0.0032873108477044365
3410.3657885446	0.00261606460497408
3412.40533346167	0.004040619476720998
3414.44431902408	0.003958456769679455
3416.48274548209	0.0027257152017902907
3418.5206130858	0.0018491123518337457
3420.55792208516	0.0011094473469491796
3422.59467273003	0.0031914041957755595
3424.63086527009	0.0039036816316490187
3426.6664999549	0.002698327632779184
3428.70157703386	0.003342085985734873
3430.73609675628	0.002862653046854048
3432.77005937129	0.0024243516218798865
3434.80346512789	0.001821624462059078
3436.83631427494	0.0030681099748355754
3438.86860706119	0.0019312750588752889
3440.90034373521	0.0019038874898641817
3442.93152454546	0.0018764999208530746
3444.96214974025	0.0024517391908909936
3446.99221956775	0.0029311721297718184
3449.021734276	0.0036982247036674914
3451.05069411289	0.0027941339639362783
3453.07909932619	0.001794236893047971
3455.1069501635	0.003342085985734873
3457.1342468723	0.002054569279815273
3459.16098969993	0.0016436554238522182
3461.1871788936	0.003054366029948242
3463.21281470035	0.0024928707047976563
3465.23789736712	0.002835265477842941
3467.26242714067	0.00330095447182821
3469.28640426765	0.0025750334118309777
3471.30982899455	0.0013833230370849164
3473.33270156774	0.0011642224849796158
3475.35502223343	0.0016025239099537775
3477.3767912377	0.0025339018979325368
3479.39800882649	0.0001917129830941935
3481.41867524559	0.0022736698319205735
3483.43879074066	0.0015066172580249005
3485.45835555721	0.0012601291369084928
3487.47736994062	0.0023558325389621167
3489.49583413611	0.0023010574009399024
3491.51374838879	0.0006163707839445819
3493.53111294359	0.001123090971072953
3495.54792804533	0.0
3497.56419393867	0.001999693821029498
3499.57991086814	0.0019312750588752889
