-173.428722450078	1145.13330078125
-170.294344013779	1146.06665039063
-167.160990304052	1146.83337402344
-164.028660894548	1146.91662597656
-160.897355359205	1145.80004882813
-157.767073272189	1146.31665039063
-154.637814207931	1145.98327636719
-151.50957774112	1146.26672363281
-148.382363446704	1145.88330078125
-145.256170899859	1146.75
-142.130999676054	1145.93334960938
-139.006849350965	1146.34997558594
-135.883719500571	1145.88330078125
-132.761609701053	1146.61669921875
-129.640519528863	1145.69995117188
-126.520448560715	1147.41662597656
-123.401396373553	1145.34997558594
-120.28336254458	1145.38330078125
-117.166346651252	1146.61669921875
-114.050348271258	1145.51672363281
-110.935366982541	1145.58337402344
-107.821402363301	1146.21667480469
-104.708453991972	1146.23327636719
-101.596521447235	1146.33337402344
-98.4856043080122	1145.88330078125
-95.3757021534957	1145.73327636719
-92.2668145630801	1146.25
-89.1589411164452	1145.83337402344
-86.0520813934781	1146.83337402344
-82.946234974338	1146.31665039063
-79.8414014394074	1147.33337402344
-76.7375803693083	1146.30004882813
-73.6347713449181	1146.03332519531
-70.532973947345	1146.44995117188
-67.4321877579402	1145.30004882813
-64.3324123582935	1147.11669921875
-61.2336473302252	1146.09997558594
-58.1358922558143	1145.84997558594
-55.0391467173494	1146.34997558594
-51.9434102973817	1145.98327636719
-48.8486825786838	1145.81665039063
-45.7549631442702	1145.63330078125
-42.662251577389	1146.61669921875
-39.5705474615295	1145.03332519531
-36.4798503804062	1146.31665039063
-33.3901599179706	1146.19995117188
-30.301475658403	1145.46667480469
-27.2137971861287	1146.40002441406
-24.1271240858053	1145.76672363281
-21.0414559423028	1145.31665039063
-17.9567923407513	1146.05004882813
-14.8731328664812	1145.91662597656
-11.7904771050747	1146.98327636719
-8.70882464233763	1144.88330078125
-5.62817506431157	1146.15002441406
-2.54852795725342	1148.5
0.530117092344597	1152.41662597656
3.6077604977471	1154.53332519531
6.68440267202787	1150.05004882813
9.76004402799773	1147.53332519531
12.8346849782609	1147.21667480469
15.9083259351831	1146
18.9809673109237	1146.86669921875
22.0526095173877	1146.41662597656
25.1232529662903	1146.48327636719
28.1928980690886	1146.31665039063
31.2615452370419	1146.34997558594
34.32919488118	1145.43334960938
37.3958474123071	1146.28332519531
40.4615032409942	1145.63330078125
43.5261627776189	1146.53332519531
46.58982643231	1145.91662597656
49.6524946149833	1146.53332519531
52.7141677353456	1145.76672363281
55.7748462028835	1145.58337402344
58.8345304268427	1146.69995117188
61.8932208162729	1145.46667480469
64.9509177800033	1146.71667480469
68.0076217266271	1147
71.0633330645419	1146.61669921875
74.118052201909	1146.23327636719
77.1717795467022	1148.08337402344
80.224515506648	1153.58337402344
83.2762604892772	1162.65002441406
86.3270149018856	1173.78332519531
89.3767791515896	1178.41662597656
92.4255536452548	1180.63330078125
95.4733387895519	1181.34997558594
98.5201349909248	1179.90002441406
101.565942655643	1179.59997558594
104.610762189717	1177.56665039063
107.654593998963	1177.03332519531
110.697438488996	1177.21667480469
113.739296065204	1175.18334960938
116.78016713278	1176.18334960938
119.820052096698	1173.59997558594
122.85895136172	1173.46667480469
125.896865332408	1170.98327636719
128.933794413111	1170.16662597656
131.969739007965	1170.13330078125
135.004699520911	1167.68334960938
138.038676355664	1165.76672363281
141.071669915751	1167.11669921875
144.103680604487	1165.25
147.134708824975	1166.11669921875
150.164754980118	1163.66662597656
153.193819472611	1164.40002441406
156.221902704945	1162.40002441406
159.24900507942	1163.61669921875
162.275126998099	1163.40002441406
165.300268862873	1162.69995117188
168.324431075425	1161.76672363281
171.347614037231	1161.53332519531
174.369818149562	1161.58337402344
177.391043813491	1161.68334960938
180.411291429897	1161.91662597656
183.430561399437	1160.25
186.448854122582	1161.63330078125
189.466169999607	1160.51672363281
192.482509430598	1159.66662597656
195.497872815412	1159.61669921875
198.512260553716	1159.90002441406
201.525673045011	1159.13330078125
204.538110688552	1159.05004882813
207.549573883427	1159.26672363281
210.560063028519	1158.93334960938
213.569578522523	1160.65002441406
216.578120763917	1159.73327636719
219.585690151021	1157.98327636719
222.592287081907	1160.66662597656
225.597911954507	1158.56665039063
228.602565166512	1159.30004882813
231.606247115456	1158.96667480469
234.608958198646	1158.25
237.610698813222	1158.36669921875
240.611469356122	1159.08337402344
243.611270224103	1159.36669921875
246.610101813707	1158.05004882813
249.607964521295	1158.83337402344
252.604858743044	1158.28332519531
255.600784874935	1158.91662597656
258.595743312749	1158.31665039063
261.589734452097	1158.91662597656
264.582758688393	1158.34997558594
267.574816416842	1156.90002441406
270.565908032503	1159.56665039063
273.556033930195	1159.11669921875
276.545194504586	1158.05004882813
279.533390150138	1158.84997558594
282.520621261151	1159.21667480469
285.506888231708	1158.51672363281
288.49219145571	1158.44995117188
291.476531326902	1158.84997558594
294.459908238794	1159.15002441406
297.442322584762	1160.30004882813
300.423774757966	1158.25
303.404265151375	1159.38330078125
306.383794157805	1160.46667480469
309.362362169862	1159.46667480469
312.339969579982	1158.93334960938
315.316616780414	1158.75
318.292304163227	1157.86669921875
321.267032120295	1158.26672363281
324.24080104332	1158.81665039063
327.213611323833	1158.48327636719
330.185463353171	1157.69995117188
333.156357522491	1158.51672363281
336.126294222774	1159.53332519531
339.095273844812	1158.26672363281
342.063296779227	1157.15002441406
345.030363416467	1158.43334960938
347.996474146782	1157.83337402344
350.961629360257	1157.56665039063
353.925829446806	1157.88330078125
356.889074796147	1156.91662597656
359.851365797829	1157.84997558594
362.812702841222	1157.51672363281
365.773086315536	1157.34997558594
368.732516609768	1159.06665039063
371.690994112778	1158.31665039063
374.648519213243	1157.75
377.605092299631	1158.13330078125
380.560713760273	1157.16662597656
383.515383983307	1157.81665039063
386.469103356711	1157
389.421872268273	1158.46667480469
392.373691105615	1156.66662597656
395.32456025619	1156.06665039063
398.274480107272	1157.98327636719
401.223451045967	1157.46667480469
404.171473459202	1157.76672363281
407.118547733728	1156.15002441406
410.064674256155	1157.08337402344
413.009853412892	1157.63330078125
415.954085590181	1157.56665039063
418.8973711741	1157.53332519531
421.83971055055	1156.96667480469
424.781104105281	1156.76672363281
427.721552223856	1156.93334960938
430.661055291665	1155.78332519531
433.599613693946	1157.81665039063
436.537227815752	1156.33337402344
439.473898041993	1157.25
442.409624757378	1157.61669921875
445.344408346476	1156.33337402344
448.278249193683	1156.98327636719
451.211147683207	1157.28332519531
454.143104199122	1156.93334960938
457.074119125312	1157.05004882813
460.004192845497	1156.56665039063
462.933325743267	1157.56665039063
465.861518202001	1156.16662597656
468.788770604917	1157.55004882813
471.71508333511	1156.80004882813
474.640456775471	1157.16662597656
477.564891308737	1157.41662597656
480.488387317487	1156.76672363281
483.410945184141	1157.33337402344
486.332565290942	1156.68334960938
489.253248019986	1157.5
492.172993753197	1157.94995117188
495.091802872338	1157.94995117188
498.009675759011	1156.08337402344
500.926612794666	1159.78332519531
503.842614360571	1159.86669921875
506.757680837864	1159.73327636719
509.671812607493	1163.44995117188
512.585010050263	1173.21667480469
515.497273546817	1207.65002441406
518.408603477637	1267.73327636719
521.319000223045	1270.75
524.228464163205	1222
527.136995678121	1189.33337402344
530.044595147647	1171.96667480469
532.951262951471	1166.88330078125
535.856999469123	1162.46667480469
538.761805079986	1161.90002441406
541.665680163279	1158.38330078125
544.568625098049	1159.5
547.470640263216	1157.98327636719
550.371726037533	1157.66662597656
553.271882799588	1158.09997558594
556.171110927825	1157.43334960938
559.069410800531	1155.91662597656
561.966782795823	1156.93334960938
564.863227291685	1157.96667480469
567.758744665944	1155.75
570.653335296256	1156.33337402344
573.546999560148	1157.13330078125
576.439737834969	1157.13330078125
579.331550497935	1157.30004882813
582.222437926093	1155.75
585.112400496356	1157.25
588.001438585469	1156.03332519531
590.889552570021	1156.71667480469
593.77674282648	1158.11669921875
596.663009731132	1155.65002441406
599.548353660116	1156.65002441406
602.432774989433	1157.16662597656
605.316274094926	1156.40002441406
608.198851352303	1156.51672363281
611.080507137075	1156.43334960938
613.961241824667	1157.25
616.841055790315	1156.94995117188
619.71994940911	1157.15002441406
622.597923056008	1157.03332519531
625.474977105798	1156.86669921875
628.351111933143	1158.05004882813
631.22632791255	1156.80004882813
634.10062541835	1156.44995117188
636.97400482478	1157.11669921875
639.846466505882	1156.16662597656
642.718010835585	1156.53332519531
645.58863818764	1157.75
648.458348935679	1157.06665039063
651.327143453188	1157.11669921875
654.195022113475	1158.05004882813
657.061985289745	1157.75
659.928033355022	1156.96667480469
662.79316668221	1156.38330078125
665.657385644057	1155.75
668.520690613176	1156.88330078125
671.383081962017	1156.11669921875
674.244560062899	1156.91662597656
677.105125288002	1156.69995117188
679.964778009343	1155.68334960938
682.823518598832	1156.18334960938
685.681347428202	1156.83337402344
688.538264869057	1156.53332519531
691.394271292855	1156.84997558594
694.249367070914	1157.09997558594
697.103552574412	1157.44995117188
699.956828174378	1155.73327636719
702.809194241715	1156.46667480469
705.660651147175	1155.94995117188
708.511199261361	1156.59997558594
711.360838954755	1156.01672363281
714.209570597676	1156.66662597656
717.057394560329	1156.09997558594
719.90431121275	1156.31665039063
722.750320924861	1157.23327636719
725.59542406643	1156.11669921875
728.439621007094	1157.5
731.282912116347	1157.65002441406
734.125297763539	1156.21667480469
736.966778317898	1157.18334960938
739.807354148498	1155.73327636719
742.647025624275	1156.58337402344
745.485793114042	1157.73327636719
748.323656986468	1157.88330078125
751.160617610072	1157.93334960938
753.996675353258	1157.25
756.831830584275	1156.19995117188
759.666083671249	1156.71667480469
762.499434982158	1156.46667480469
765.331884884853	1155.68334960938
768.163433747055	1157.16662597656
770.994081936328	1157.03332519531
773.823829820116	1156.90002441406
776.652677765732	1157.76672363281
779.480626140347	1156.51672363281
782.307675310993	1157.73327636719
785.133825644576	1157.98327636719
787.959077507869	1157.36669921875
790.783431267511	1156.56665039063
793.606887289986	1156.98327636719
796.429445941685	1158.11669921875
799.251107588836	1156.98327636719
802.071872597536	1156.98327636719
804.891741333751	1158.11669921875
807.71071416334	1157.78332519531
810.528791451981	1157.43334960938
813.345973565269	1157.36669921875
816.162260868638	1157.56665039063
818.977653727395	1158.31665039063
821.792152506717	1157.91662597656
824.605757571661	1157.43334960938
827.418469287133	1158.53332519531
830.230288017926	1156.56665039063
833.0412141287	1158.03332519531
835.851247983973	1158.84997558594
838.660389948141	1158.73327636719
841.468640385466	1157.96667480469
844.27599966009	1159.18334960938
847.082468136026	1158.76672363281
849.888046177135	1158.36669921875
852.692734147171	1158.31665039063
855.496532409758	1158.81665039063
858.29944132839	1158.46667480469
861.10146126642	1158.63330078125
863.902592587094	1158.94995117188
866.702835653509	1158.65002441406
869.502190828641	1158.40002441406
872.300658475353	1158.5
875.098238956361	1158.18334960938
877.894932634271	1158.63330078125
880.690739871548	1157.38330078125
883.485661030531	1158.05004882813
886.279696473447	1157.71667480469
889.072846562376	1157.36669921875
891.86511165929	1157.44995117188
894.65649212603	1159.33337402344
897.446988324303	1158.44995117188
900.236600615703	1159
903.025329361687	1158.36669921875
905.813174923597	1159.66662597656
908.600137662639	1159.43334960938
911.38621793991	1158.38330078125
914.171416116365	1160.05004882813
916.95573255285	1160
919.739167610082	1159.13330078125
922.521721648641	1158.40002441406
925.303395029005	1161.21667480469
928.084188111517	1162.08337402344
930.864101256396	1159.98327636719
933.643134823733	1161.63330078125
936.42128917351	1162.19995117188
939.198564665577	1162.83337402344
941.97496165967	1162.71667480469
944.750480515391	1163.55004882813
947.525121592226	1162.09997558594
950.298885249534	1161.38330078125
953.071771846555	1162.76672363281
955.843781742413	1162.38330078125
958.614915296108	1162.13330078125
961.385172866513	1162.73327636719
964.154554812387	1163.18334960938
966.92306149236	1163.71667480469
969.690693264949	1163.38330078125
972.457450488552	1162.43334960938
975.223333521431	1163.23327636719
977.988342721749	1164.48327636719
980.752478447535	1162.90002441406
983.515741056708	1162.91662597656
986.278130907059	1162.33337402344
989.039648356259	1161.90002441406
991.800293761863	1162.55004882813
994.560067481312	1161.94995117188
997.318969871913	1160.93334960938
1000.07700129088	1162.48327636719
1002.83416209528	1161.81665039063
1005.59045264208	1159.43334960938
1008.34587328813	1161.18334960938
1011.10042439014	1159.94995117188
1013.85410630472	1159.81665039063
1016.60691938837	1159.83337402344
1019.35886399746	1159.98327636719
1022.10994048823	1160.28332519531
1024.86014921684	1160.91662597656
1027.60949053928	1161.90002441406
1030.35796481149	1159.56665039063
1033.10557238924	1158.18334960938
1035.85231362819	1160.69995117188
1038.5981888839	1160.36669921875
1041.34319851182	1159.55004882813
1044.08734286727	1158.61669921875
1046.83062230544	1158.65002441406
1049.57303718143	1159.55004882813
1052.31458785021	1158.43334960938
1055.05527466665	1158.78332519531
1057.79509798549	1157.73327636719
1060.53405816134	1158.16662597656
1063.27215554874	1157.93334960938
1066.00939050209	1159.51672363281
1068.74576337565	1158.63330078125
1071.48127452361	1158.31665039063
1074.21592430002	1157.18334960938
1076.94971305882	1158.09997558594
1079.68264115384	1157.48327636719
1082.41470893879	1156.69995117188
1085.14591676728	1157.96667480469
1087.8762649928	1159.38330078125
1090.60575396871	1156.5
1093.33438404827	1157.96667480469
1096.06215558464	1158.66662597656
1098.78906893086	1158.61669921875
1101.51512443981	1158.53332519531
1104.24032246435	1157.58337402344
1106.96466335716	1157.55004882813
1109.68814747081	1158.01672363281
1112.41077515779	1158.61669921875
1115.13254677044	1158.30004882813
1117.85346266104	1157.91662597656
1120.57352318169	1157.75
1123.29272868445	1156.13330078125
1126.01107952121	1157.21667480469
1128.72857604378	1159.11669921875
1131.44521860385	1157.16662597656
1134.16100755301	1157.93334960938
1136.87594324271	1159.03332519531
1139.59002602433	1158.43334960938
1142.3032562491	1159.40002441406
1145.01563426818	1159.78332519531
1147.72716043257	1160.15002441406
1150.43783509322	1160
1153.14765860091	1159.61669921875
1155.85663130634	1159.36669921875
1158.56475356012	1160
1161.27202571271	1159.53332519531
1163.97844811448	1159.68334960938
1166.68402111569	1160.28332519531
1169.38874506649	1158.41662597656
1172.09262031694	1157.78332519531
1174.79564721695	1158.96667480469
1177.49782611635	1158.68334960938
1180.19915736486	1159.59997558594
1182.89964131208	1159.58337402344
1185.59927830751	1160.43334960938
1188.29806870054	1158.40002441406
1190.99601284046	1158.65002441406
1193.69311107643	1159.53332519531
1196.38936375753	1158.21667480469
1199.08477123271	1159.65002441406
1201.77933385082	1159.26672363281
1204.47305196061	1158.63330078125
1207.1659259107	1159.31665039063
1209.85795604964	1158.34997558594
1212.54914272585	1159.46667480469
1215.23948628763	1159.65002441406
1217.92898708319	1159.80004882813
1220.61764546064	1160.25
1223.30546176798	1161.28332519531
1225.99243635308	1161.03332519531
1228.67856956373	1158.33337402344
1231.36386174761	1159.51672363281
1234.04831325228	1158.66662597656
1236.73192442522	1158.44995117188
1239.41469561377	1160.16662597656
1242.09662716519	1159.58337402344
1244.77771942662	1159.61669921875
1247.45797274511	1161
1250.13738746759	1161.16662597656
1252.81596394089	1160.26672363281
1255.49370251175	1160.19995117188
1258.17060352676	1159.90002441406
1260.84666733246	1160.25
1263.52189427525	1160.18334960938
1266.19628470144	1162.01672363281
1268.86983895722	1162.05004882813
1271.5425573887	1161.58337402344
1274.21444034186	1161.40002441406
1276.8854881626	1161.55004882813
1279.55570119671	1161.31665039063
1282.22507978985	1162.86669921875
1284.89362428759	1162.66662597656
1287.56133503543	1162.55004882813
1290.22821237872	1162.53332519531
1292.89425666274	1164.46667480469
1295.55946823263	1164
1298.22384743346	1165.03332519531
1300.88739461019	1161.91662597656
1303.55011010766	1163.05004882813
1306.21199427063	1162.23327636719
1308.87304744373	1160.30004882813
1311.53326997152	1161.75
1314.19266219843	1161.93334960938
1316.8512244688	1160.41662597656
1319.50895712687	1159.73327636719
1322.16586051676	1159.93334960938
1324.82193498252	1160.08337402344
1327.47718086806	1160.63330078125
1330.1315985172	1160.90002441406
1332.78518827369	1161.83337402344
1335.43795048114	1163.05004882813
1338.08988548307	1162.68334960938
1340.74099362289	1164.59997558594
1343.39127524392	1164.15002441406
1346.04073068939	1165.51672363281
1348.6893603024	1165.46667480469
1351.33716442597	1162.78332519531
1353.98414340301	1162.68334960938
1356.63029757632	1160.63330078125
1359.27562728863	1162.15002441406
1361.92013288252	1161.5
1364.56381470053	1160.56665039063
1367.20667308505	1158.43334960938
1369.84870837838	1159.90002441406
1372.48992092274	1159.93334960938
1375.13031106023	1162.13330078125
1377.76987913284	1158.19995117188
1380.40862548251	1158.08337402344
1383.04655045101	1158.46667480469
1385.68365438006	1159.81665039063
1388.31993761126	1158.75
1390.95540048612	1158.78332519531
1393.59004334605	1158.90002441406
1396.22386653233	1157.98327636719
1398.85687038619	1161.25
1401.48905524873	1160.41662597656
1404.12042146094	1160.11669921875
1406.75096936375	1161.98327636719
1409.38069929796	1160.43334960938
1412.00961160428	1161.18334960938
1414.63770662332	1159.96667480469
1417.26498469557	1160.5
1419.89144616146	1159.19995117188
1422.51709136132	1158.84997558594
1425.14192063532	1159.90002441406
1427.76593432361	1158.78332519531
1430.3891327662	1160.5
1433.01151630299	1159.08337402344
1435.63308527382	1159.05004882813
1438.2538400184	1159.91662597656
1440.87378087637	1161.28332519531
1443.49290818722	1158.51672363281
1446.1112222904	1161.23327636719
1448.72872352524	1162.13330078125
1451.34541223097	1162.13330078125
1453.96128874671	1160.88330078125
1456.5763534115	1162.40002441406
1459.19060656429	1162.11669921875
1461.8040485439	1161.93334960938
1464.41667968907	1161.84997558594
1467.02850033846	1161.44995117188
1469.63951083061	1161.59997558594
1472.24971150397	1159.15002441406
1474.8591026969	1161.21667480469
1477.46768474763	1161.55004882813
1480.07545799434	1162.25
1482.68242277508	1163.26672363281
1485.28857942782	1160.94995117188
1487.89392829042	1160.05004882813
1490.49846970065	1159.41662597656
1493.10220399619	1158.05004882813
1495.70513151461	1159.75
1498.30725259339	1159.65002441406
1500.90856756992	1158.56665039063
1503.50907678146	1159.23327636719
1506.10878056524	1160.05004882813
1508.70767925832	1158.41662597656
1511.30577319772	1158.23327636719
1513.90306272032	1159.68334960938
1516.49954816295	1159.13330078125
1519.09522986229	1159.66662597656
1521.69010815498	1158.76672363281
1524.28418337751	1158.43334960938
1526.87745586632	1159.21667480469
1529.46992595773	1159.41662597656
1532.06159398796	1160.05004882813
1534.65246029316	1159.55004882813
1537.24252520935	1159.44995117188
1539.83178907249	1159.81665039063
1542.42025221841	1160.61669921875
1545.00791498287	1161.18334960938
1547.59477770152	1160.86669921875
1550.18084070993	1160.16662597656
1552.76610434356	1160.40002441406
1555.35056893777	1161
1557.93423482785	1161.36669921875
1560.51710234896	1162.88330078125
1563.0991718362	1162.03332519531
1565.68044362457	1162.84997558594
1568.26091804893	1165.15002441406
1570.84059544411	1165.46667480469
1573.41947614481	1168.46667480469
1575.99756048562	1169.13330078125
1578.57484880108	1173.40002441406
1581.15134142559	1173.46667480469
1583.72703869349	1174.40002441406
1586.301940939	1175.69995117188
1588.87604849628	1174.59997558594
1591.44936169934	1175.66662597656
1594.02188088215	1176.75
1596.59360637855	1176.19995117188
1599.16453852232	1177.75
1601.73467764709	1176.46667480469
1604.30402408647	1178.71667480469
1606.87257817391	1172.78332519531
1609.44034024281	1171.03332519531
1612.00731062644	1168.15002441406
1614.57348965801	1165.65002441406
1617.13887767062	1165
1619.70347499726	1164.65002441406
1622.26728197086	1164.06665039063
1624.83029892423	1166.06665039063
1627.39252619012	1166.25
1629.95396410112	1165.71667480469
1632.5146129898	1168.71667480469
1635.07447318858	1167
1637.63354502984	1164.66662597656
1640.19182884582	1163.34997558594
1642.74932496868	1161.40002441406
1645.3060337305	1160.93334960938
1647.86195546325	1158.66662597656
1650.41709049882	1158.93334960938
1652.971439169	1157.61669921875
1655.52500180548	1157.34997558594
1658.07777873987	1157.53332519531
1660.62977030368	1159.21667480469
1663.18097682833	1158.03332519531
1665.73139864514	1158.94995117188
1668.28103608534	1159.19995117188
1670.82988948008	1159.31665039063
1673.37795916039	1159.01672363281
1675.92524545724	1156.90002441406
1678.47174870147	1157.84997558594
1681.01746922386	1157.44995117188
1683.56240735508	1158.78332519531
1686.10656342572	1157.69995117188
1688.64993776626	1158.58337402344
1691.19253070709	1158.15002441406
1693.73434257853	1157.59997558594
1696.27537371078	1158.66662597656
1698.81562443395	1159.55004882813
1701.35509507809	1159.76672363281
1703.89378597311	1158.33337402344
1706.43169744886	1159.41662597656
1708.96882983509	1159.03332519531
1711.50518346144	1158.83337402344
1714.0407586575	1161.76672363281
1716.57555575272	1162.40002441406
1719.10957507649	1162.26672363281
1721.64281695809	1163.23327636719
1724.17528172671	1163.5
1726.70696971146	1164.93334960938
1729.23788124135	1164.53332519531
1731.7680166453	1162.38330078125
1734.29737625213	1160.96667480469
1736.82596039057	1162.41662597656
1739.35376938927	1160.23327636719
1741.88080357677	1161.48327636719
1744.40706328154	1160.19995117188
1746.93254883193	1160.25
1749.45726055623	1159.98327636719
1751.9811987826	1160.09997558594
1754.50436383915	1158.76672363281
1757.02675605387	1159.63330078125
1759.54837575466	1157.81665039063
1762.06922326934	1157.03332519531
1764.58929892564	1157.94995117188
1767.10860305118	1159.21667480469
1769.6271359735	1156.76672363281
1772.14489802005	1158.11669921875
1774.66188951817	1157.46667480469
1777.17811079515	1156.78332519531
1779.69356217815	1157.03332519531
1782.20824399425	1158.86669921875
1784.72215657043	1157.43334960938
1787.23530023361	1156.73327636719
1789.74767531057	1158.06665039063
1792.25928212804	1158.30004882813
1794.77012101264	1158.5
1797.2801922909	1158.03332519531
1799.78949628926	1157.34997558594
1802.29803333406	1156.81665039063
1804.80580375158	1157.48327636719
1807.31280786797	1158.33337402344
1809.81904600929	1157.19995117188
1812.32451850154	1156.93334960938
1814.82922567061	1157.63330078125
1817.33316784231	1156.46667480469
1819.83634534233	1156.33337402344
1822.33875849629	1156.98327636719
1824.84040762973	1156.88330078125
1827.34129306808	1157.06665039063
1829.84141513667	1157.13330078125
1832.34077416077	1157.63330078125
1834.83937046553	1156.61669921875
1837.33720437602	1157.65002441406
1839.83427621723	1157.48327636719
1842.33058631404	1157.68334960938
1844.82613499125	1157.23327636719
1847.32092257355	1157.78332519531
1849.81494938558	1158.55004882813
1852.30821575184	1157.96667480469
1854.80072199677	1155.46667480469
1857.29246844473	1158.03332519531
1859.78345541994	1157.91662597656
1862.27368324658	1156.84997558594
1864.76315224871	1157.28332519531
1867.2518627503	1158.41662597656
1869.73981507524	1157.53332519531
1872.22700954733	1157.26672363281
1874.71344649027	1158.98327636719
1877.19912622768	1157.81665039063
1879.68404908308	1158.34997558594
1882.16821537988	1157
1884.65162544145	1157.33337402344
1887.13427959102	1156.40002441406
1889.61617815175	1156.80004882813
1892.0973214467	1155.5
1894.57770979887	1156.09997558594
1897.05734353113	1157
1899.53622296628	1156.96667480469
1902.014348427	1157.75
1904.49172023593	1156.90002441406
1906.96833871558	1156.84997558594
1909.44420418839	1157.53332519531
1911.91931697668	1156.51672363281
1914.39367740272	1157.36669921875
1916.86728578865	1157.68334960938
1919.34014245654	1158.31665039063
1921.81224772838	1156.78332519531
1924.28360192604	1158.31665039063
1926.75420537132	1155.78332519531
1929.22405838593	1157.40002441406
1931.69316129147	1156.73327636719
1934.16151440948	1157.40002441406
1936.62911806136	1157.66662597656
1939.09597256848	1158.36669921875
1941.56207825207	1156.91662597656
1944.0274354333	1157.66662597656
1946.49204443322	1156.94995117188
1948.95590557284	1156.73327636719
1951.41901917301	1155.90002441406
1953.88138555454	1157.5
1956.34300503813	1158.44995117188
1958.8038779444	1156.06665039063
1961.26400459387	1156.33337402344
1963.72338530697	1158.09997558594
1966.18202040403	1157.06665039063
1968.63991020531	1156.68334960938
1971.09705503097	1157.51672363281
1973.55345520107	1156.11669921875
1976.0091110356	1156.78332519531
1978.46402285444	1157.26672363281
1980.91819097737	1157.01672363281
1983.3716157241	1156.48327636719
1985.82429741427	1156.76672363281
1988.27623636736	1157.38330078125
1990.72743290284	1157.69995117188
1993.17788734002	1156.71667480469
1995.62759999817	1156.90002441406
1998.07657119644	1156.98327636719
2000.5248012539	1157.01672363281
2002.97229048952	1157.31665039063
2005.41903922219	1158.43334960938
2007.86504777071	1157.09997558594
2010.31031645378	1156.33337402344
2012.75484559	1157.01672363281
2015.19863549792	1157.33337402344
2017.64168649594	1157.5
2020.08399890242	1157.53332519531
2022.5255730356	1156.86669921875
2024.96640921365	1157.25
2027.40650775462	1158
2029.84586897649	1157.11669921875
2032.28449319715	1156.5
2034.72238073438	1156.40002441406
2037.15953190591	1157.03332519531
2039.59594702932	1157.84997558594
2042.03162642215	1156.18334960938
2044.46657040182	1157.80004882813
2046.90077928567	1156.84997558594
2049.33425339095	1157.86669921875
2051.76699303481	1157.55004882813
2054.19899853433	1156.88330078125
2056.63027020645	1156.33337402344
2059.06080836809	1156.88330078125
2061.49061333602	1157.28332519531
2063.91968542694	1157.08337402344
2066.34802495747	1157.65002441406
2068.77563224411	1156.55004882813
2071.20250760329	1158.03332519531
2073.62865135136	1156.55004882813
2076.05406380455	1157.44995117188
2078.47874527901	1156.75
2080.9026960908	1158.26672363281
2083.3259165559	1157.43334960938
2085.74840699018	1157.44995117188
2088.17016770944	1157.13330078125
2090.59119902935	1157.55004882813
2093.01150126553	1156.84997558594
2095.43107473348	1157.61669921875
2097.84991974864	1156.84997558594
2100.26803662633	1157.34997558594
2102.68542568178	1156.83337402344
2105.10208723015	1156.34997558594
2107.51802158648	1157.40002441406
2109.93322906574	1157.13330078125
2112.3477099828	1157.91662597656
2114.76146465245	1157.30004882813
2117.17449338937	1156.96667480469
2119.58679650815	1157.75
2121.9983743233	1157.05004882813
2124.40922714924	1156.56665039063
2126.81935530029	1157
2129.22875909067	1157.19995117188
2131.63743883452	1157.34997558594
2134.04539484589	1157.63330078125
2136.45262743874	1157.84997558594
2138.85913692692	1156.31665039063
2141.26492362422	1157.25
2143.6699878443	1157
2146.07432990076	1156.48327636719
2148.47795010708	1158.11669921875
2150.88084877667	1156.91662597656
2153.28302622285	1157.78332519531
2155.68448275883	1156.03332519531
2158.08521869774	1157.51672363281
2160.48523435261	1157.18334960938
2162.88453003639	1157.06665039063
2165.28310606193	1157.41662597656
2167.68096274199	1157.96667480469
2170.07810038922	1157.15002441406
2172.47451931622	1158.41662597656
2174.87021983546	1156.26672363281
2177.26520225933	1157.40002441406
2179.65946690013	1157.40002441406
2182.05301407006	1155.69995117188
2184.44584408123	1157.48327636719
2186.83795724567	1158.09997558594
2189.22935387531	1157.44995117188
2191.62003428198	1157.98327636719
2194.00999877743	1157.08337402344
2196.39924767329	1158.03332519531
2198.78778128115	1157.05004882813
2201.17559991245	1157.51672363281
2203.56270387857	1157.91662597656
2205.94909349081	1157.44995117188
2208.33476906033	1157.05004882813
2210.71973089824	1157.18334960938
2213.10397931554	1157.66662597656
2215.48751462314	1158.11669921875
2217.87033713186	1158.11669921875
2220.25244715242	1157.25
2222.63384499546	1156.91662597656
2225.01453097151	1156.53332519531
2227.39450539101	1156.03332519531
2229.77376856434	1156.46667480469
2232.15232080173	1156.08337402344
2234.53016241336	1157.38330078125
2236.9072937093	1157.53332519531
2239.28371499954	1158.46667480469
2241.65942659396	1157.56665039063
2244.03442880236	1156.53332519531
2246.40872193443	1157.26672363281
2248.78230629979	1157.30004882813
2251.15518220795	1158.11669921875
2253.52734996835	1156.25
2255.89880989029	1156.65002441406
2258.26956228301	1156.36669921875
2260.63960745567	1157.03332519531
2263.00894571731	1157.56665039063
2265.37757737688	1158.09997558594
2267.74550274324	1157.93334960938
2270.11272212517	1157.86669921875
2272.47923583134	1156.86669921875
2274.84504417031	1157.18334960938
2277.2101474506	1157.26672363281
2279.57454598058	1157.98327636719
2281.93824006856	1157.31665039063
2284.30123002275	1157.09997558594
2286.66351615125	1156.98327636719
2289.02509876208	1156.33337402344
2291.38597816317	1156.80004882813
2293.74615466236	1158.13330078125
2296.10562856737	1157.08337402344
2298.46440018585	1156.81665039063
2300.82246982535	1157.93334960938
2303.1798377933	1157.44995117188
2305.5365043971	1157.06665039063
2307.89246994399	1157.81665039063
2310.24773474116	1158.05004882813
2312.60229909566	1157.43334960938
2314.95616331451	1157.78332519531
2317.30932770456	1157
2319.66179257263	1158.23327636719
2322.01355822542	1158.76672363281
2324.36462496953	1156.13330078125
2326.71499311146	1157.36669921875
2329.06466295764	1158.01672363281
2331.41363481439	1156.46667480469
2333.76190898794	1155.65002441406
2336.10948578441	1156.69995117188
2338.45636550986	1156.40002441406
2340.80254847022	1156.90002441406
2343.14803497132	1156.28332519531
2345.49282531895	1158.53332519531
2347.83691981874	1157.31665039063
2350.18031877626	1158.34997558594
2352.52302249699	1156.34997558594
2354.8650312863	1156.44995117188
2357.20634544946	1156.86669921875
2359.54696529166	1159.01672363281
2361.88689111798	1159.75
2364.22612323341	1156.86669921875
2366.56466194287	1157.28332519531
2368.90250755114	1157.68334960938
2371.23966036293	1157.23327636719
2373.57612068286	1156.81665039063
2375.91188881545	1157.61669921875
2378.2469650651	1157.08337402344
2380.58134973615	1157.63330078125
2382.91504313282	1156.81665039063
2385.24804555926	1156.96667480469
2387.58035731949	1157.68334960938
2389.91197871745	1156.94995117188
2392.24291005701	1156.55004882813
2394.57315164189	1158.56665039063
2396.90270377577	1158.18334960938
2399.23156676218	1158.34997558594
2401.55974090461	1157.41662597656
2403.88722650642	1157.09997558594
2406.21402387086	1158.68334960938
2408.54013330113	1158.56665039063
2410.8655551003	1157.55004882813
2413.19028957133	1157.71667480469
2415.51433701713	1158.48327636719
2417.83769774049	1157.46667480469
2420.16037204408	1156.84997558594
2422.48236023051	1157.53332519531
2424.80366260228	1158.18334960938
2427.12427946179	1158.76672363281
2429.44421111134	1157.80004882813
2431.76345785315	1157.46667480469
2434.08201998932	1157.65002441406
2436.39989782188	1157.76672363281
2438.71709165273	1157.59997558594
2441.0336017837	1158.13330078125
2443.34942851653	1158.56665039063
2445.66457215282	1157.81665039063
2447.97903299412	1158.86669921875
2450.29281134185	1158.81665039063
2452.60590749736	1159.23327636719
2454.91832176188	1159.09997558594
2457.23005443656	1158.61669921875
2459.54110582243	1159.55004882813
2461.85147622045	1158.84997558594
2464.16116593146	1158.05004882813
2466.47017525621	1159.51672363281
2468.77850449536	1158.5
2471.08615394947	1157.81665039063
2473.39312391899	1158.93334960938
2475.69941470429	1157.69995117188
2478.00502660562	1157.81665039063
2480.30995992316	1157.78332519531
2482.61421495697	1157.19995117188
2484.91779200702	1158.31665039063
2487.22069137316	1158.43334960938
2489.5229133552	1157.84997558594
2491.8244582528	1158.78332519531
2494.12532636553	1158.94995117188
2496.42551799287	1157.11669921875
2498.72503343421	1156.91662597656
2501.02387298882	1159.05004882813
2503.32203695588	1157.90002441406
2505.61952563449	1157.88330078125
2507.91633932361	1158.90002441406
2510.21247832216	1157.61669921875
2512.50794292891	1158.13330078125
2514.80273344255	1157.63330078125
2517.09685016167	1157.86669921875
2519.39029338476	1156.90002441406
2521.68306341022	1158.28332519531
2523.97516053634	1158.68334960938
2526.26658506132	1158.28332519531
2528.55733728325	1158.19995117188
2530.84741750012	1157.90002441406
2533.13682600984	1157.26672363281
2535.4255631102	1158.55004882813
2537.7136290989	1158.86669921875
2540.00102427354	1158.71667480469
2542.28774893162	1158.73327636719
2544.57380337053	1157.46667480469
2546.85918788758	1157.53332519531
2549.14390277997	1157.88330078125
2551.4279483448	1158.75
2553.71132487906	1158.59997558594
2555.99403267966	1158.01672363281
2558.27607204341	1157.51672363281
2560.55744326699	1157.05004882813
2562.83814664702	1157.23327636719
2565.11818247999	1158.34997558594
2567.3975510623	1157.98327636719
2569.67625269025	1157.59997558594
2571.95428766003	1158.21667480469
2574.23165626776	1157.94995117188
2576.50835880942	1157.03332519531
2578.78439558093	1158.73327636719
2581.05976687806	1157.13330078125
2583.33447299652	1159.28332519531
2585.60851423191	1158.69995117188
2587.88189087972	1158.71667480469
2590.15460323534	1158.51672363281
2592.42665159406	1158.44995117188
2594.69803625108	1157.11669921875
2596.9687575015	1158.43334960938
2599.23881564029	1157.36669921875
2601.50821096235	1158.56665039063
2603.77694376245	1159.13330078125
2606.0450143353	1158.08337402344
2608.31242297548	1157.81665039063
2610.57916997746	1158.90002441406
2612.84525563562	1158.51672363281
2615.11068024426	1159.58337402344
2617.37544409753	1159.93334960938
2619.63954748952	1157.86669921875
2621.90299071421	1159.41662597656
2624.16577406546	1159.05004882813
2626.42789783705	1158.90002441406
2628.68936232264	1159.88330078125
2630.9501678158	1161.19995117188
2633.21031460999	1158.80004882813
2635.46980299857	1160.88330078125
2637.72863327481	1159.91662597656
2639.98680573185	1160.80004882813
2642.24432066276	1159.76672363281
2644.50117836048	1160.15002441406
2646.75737911786	1163.33337402344
2649.01292322765	1161.84997558594
2651.26781098249	1163.63330078125
2653.52204267492	1162.73327636719
2655.77561859738	1165.43334960938
2658.0285390422	1166.78332519531
2660.28080430161	1166.96667480469
2662.53241466774	1168.23327636719
2664.78337043263	1170.46667480469
2667.03367188817	1170.96667480469
2669.2833193262	1173.46667480469
2671.53231303844	1174.38330078125
2673.78065331648	1176.98327636719
2676.02834045184	1179.43334960938
2678.27537473592	1180.51672363281
2680.52175646002	1183.09997558594
2682.76748591535	1182.75
2685.01256339298	1182.98327636719
2687.25698918391	1181.76672363281
2689.50076357901	1182.93334960938
2691.74388686909	1182.75
2693.9863593448	1179.80004882813
2696.22818129672	1178
2698.46935301532	1175.83337402344
2700.70987479096	1174.58337402344
2702.94974691389	1172.36669921875
2705.18896967428	1170.36669921875
2707.42754336216	1169.91662597656
2709.66546826749	1168.41662597656
2711.90274468011	1168.30004882813
2714.13937288974	1166.80004882813
2716.37535318602	1163.91662597656
2718.61068585848	1163.73327636719
2720.84537119652	1162.09997558594
2723.07940948947	1161.16662597656
2725.31280102654	1159.96667480469
2727.54554609682	1160.25
2729.77764498933	1161.96667480469
2732.00909799294	1160.19995117188
2734.23990539644	1161.41662597656
2736.47006748853	1160.48327636719
2738.69958455777	1159.98327636719
2740.92845689263	1160.5
2743.15668478147	1159.63330078125
2745.38426851257	1159.81665039063
2747.61120837406	1158.63330078125
2749.83750465399	1159.68334960938
2752.0631576403	1159.55004882813
2754.28816762083	1159.03332519531
2756.51253488329	1158.84997558594
2758.73625971532	1159.06665039063
2760.95934240442	1157.83337402344
2763.18178323801	1157.63330078125
2765.40358250338	1158.98327636719
2767.62474048773	1157.28332519531
2769.84525747814	1157.96667480469
2772.06513376159	1158.88330078125
2774.28436962496	1159.16662597656
2776.50296535501	1158.56665039063
2778.7209212384	1158.59997558594
2780.93823756168	1157.25
2783.15491461129	1158.05004882813
2785.37095267358	1159.34997558594
2787.58635203477	1156.44995117188
2789.80111298097	1158.93334960938
2792.01523579822	1158.36669921875
2794.2287207724	1157.86669921875
2796.44156818932	1158.21667480469
2798.65377833468	1159.06665039063
2800.86535149404	1158.11669921875
2803.07628795289	1158.40002441406
2805.28658799659	1157.55004882813
2807.4962519104	1158.13330078125
2809.70527997946	1156.98327636719
2811.91367248883	1157.33337402344
2814.12142972342	1158.38330078125
2816.32855196807	1158.08337402344
2818.53503950749	1157
2820.74089262628	1158.51672363281
2822.94611160894	1156.06665039063
2825.15069673987	1157.51672363281
2827.35464830333	1158.05004882813
2829.55796658351	1157.31665039063
2831.76065186445	1158.81665039063
2833.96270443012	1158.58337402344
2836.16412456437	1158.34997558594
2838.3649125509	1158.19995117188
2840.56506867336	1157.80004882813
2842.76459321526	1159.05004882813
2844.96348645999	1158.5
2847.16174869086	1159.13330078125
2849.35938019105	1159.03332519531
2851.55638124363	1156.13330078125
2853.75275213157	1157.51672363281
2855.94849313772	1159.03332519531
2858.14360454483	1158.40002441406
2860.33808663553	1160.28332519531
2862.53193969234	1159.98327636719
2864.72516399768	1159.66662597656
2866.91775983385	1159.86669921875
2869.10972748304	1160.71667480469
2871.30106722733	1161.19995117188
2873.4917793487	1161.05004882813
2875.68186412899	1160.75
2877.87132184997	1161.31665039063
2880.06015279325	1161.16662597656
2882.24835724039	1162.16662597656
2884.43593547278	1163.56665039063
2886.62288777173	1161.90002441406
2888.80921441843	1162.96667480469
2890.99491569397	1162.80004882813
2893.1799918793	1163.26672363281
2895.36444325529	1163.36669921875
2897.54827010269	1163.63330078125
2899.73147270213	1165.16662597656
2901.91405133412	1163.84997558594
2904.09600627909	1165.09997558594
2906.27733781731	1166.26672363281
2908.45804622899	1166.16662597656
2910.63813179418	1164.90002441406
2912.81759479286	1166.76672363281
2914.99643550486	1165.26672363281
2917.17465420994	1166.43334960938
2919.3522511877	1166.08337402344
2921.52922671765	1168.38330078125
2923.7055810792	1166.65002441406
2925.88131455162	1167.41662597656
2928.05642741408	1169.80004882813
2930.23091994566	1169.31665039063
2932.40479242528	1169.41662597656
2934.57804513178	1168.80004882813
2936.75067834387	1169.21667480469
2938.92269234017	1168.81665039063
2941.09408739916	1170.84997558594
2943.26486379921	1168.36669921875
2945.4350218186	1169.21667480469
2947.60456173546	1168.55004882813
2949.77348382783	1168.26672363281
2951.94178837363	1169.43334960938
2954.10947565068	1169.98327636719
2956.27654593666	1170.01672363281
2958.44299950915	1168.19995117188
2960.60883664562	1168.08337402344
2962.77405762341	1169.19995117188
2964.93866271975	1169.36669921875
2967.10265221178	1170.58337402344
2969.26602637648	1170.33337402344
2971.42878549076	1167.65002441406
2973.59092983139	1167.61669921875
2975.75245967501	1168.08337402344
2977.9133752982	1167.31665039063
2980.07367697736	1165.51672363281
2982.23336498882	1165.93334960938
2984.39243960877	1164.19995117188
2986.5509011133	1166.01672363281
2988.70874977837	1165.01672363281
2990.86598587984	1165.71667480469
2993.02260969344	1164.34997558594
2995.17862149478	1163.11669921875
2997.33402155938	1163.68334960938
2999.48881016262	1162.58337402344
3001.64298757978	1162.16662597656
3003.796554086	1161.80004882813
3005.94950995633	1161.65002441406
3008.10185546569	1162.55004882813
3010.25359088888	1161.34997558594
3012.40471650059	1161.59997558594
3014.5552325754	1159.80004882813
3016.70513938776	1160.59997558594
3018.85443721201	1160.71667480469
3021.00312632236	1160.98327636719
3023.15120699292	1159.13330078125
3025.29867949769	1160.98327636719
3027.44554411052	1161.98327636719
3029.59180110516	1161.13330078125
3031.73745075527	1160.83337402344
3033.88249333434	1161.33337402344
3036.02692911578	1164.28332519531
3038.17075837287	1164.26672363281
3040.31398137877	1162.68334960938
3042.45659840653	1162.01672363281
3044.59860972907	1162.90002441406
3046.7400156192	1162.30004882813
3048.88081634961	1162.38330078125
3051.02101219287	1161.73327636719
3053.16060342144	1160.11669921875
3055.29959030765	1160.43334960938
3057.43797312371	1160.06665039063
3059.57575214172	1160.41662597656
3061.71292763366	1161.71667480469
3063.84949987139	1161.41662597656
3065.98546912665	1161.75
3068.12083567105	1161.80004882813
3070.2555997761	1161.76672363281
3072.38976171319	1161.48327636719
3074.52332175356	1159.84997558594
3076.65628016837	1160.21667480469
3078.78863722863	1159.46667480469
3080.92039320526	1160.36669921875
3083.05154836902	1159.06665039063
3085.1821029906	1158.81665039063
3087.31205734051	1158.06665039063
3089.44141168921	1157.61669921875
3091.57016630696	1158.66662597656
3093.69832146398	1158.31665039063
3095.82587743032	1158.36669921875
3097.9528344759	1157.09997558594
3100.07919287056	1158.19995117188
3102.204952884	1158.19995117188
3104.33011478579	1158.78332519531
3106.45467884538	1159.38330078125
3108.57864533212	1158.05004882813
3110.70201451522	1158.90002441406
3112.82478666378	1157.41662597656
3114.94696204676	1158.71667480469
3117.06854093301	1158.51672363281
3119.18952359127	1156.51672363281
3121.30991029013	1157.44995117188
3123.4297012981	1156.34997558594
3125.54889688352	1157.38330078125
3127.66749731464	1156.61669921875
3129.78550285957	1156.43334960938
3131.90291378633	1157.66662597656
3134.01973036277	1156.11669921875
3136.13595285665	1156.36669921875
3138.2515815356	1157.80004882813
3140.36661666714	1155.41662597656
3142.48105851863	1155.23327636719
3144.59490735734	1156
3146.70816345041	1155.63330078125
3148.82082706486	1156.68334960938
3150.93289846758	1156
3153.04437792532	1156.21667480469
3155.15526570475	1155.33337402344
3157.26556207238	1156.11669921875
3159.37526729461	1155
3161.48438163771	1155.48327636719
3163.59290536784	1155.66662597656
3165.70083875102	1155.94995117188
3167.80818205315	1156.44995117188
3169.91493554002	1155.66662597656
3172.02109947727	1156.55004882813
3174.12667413044	1156.06665039063
3176.23165976493	1155.78332519531
3178.33605664602	1156.88330078125
3180.43986503887	1156.84997558594
3182.54308520852	1155.43334960938
3184.64571741986	1154.69995117188
3186.74776193769	1155.59997558594
3188.84921902664	1156.81665039063
3190.95008895128	1156.86669921875
3193.05037197599	1156.76672363281
3195.15006836504	1156.56665039063
3197.24917838262	1155.59997558594
3199.34770229274	1156.41662597656
3201.44564035931	1155.68334960938
3203.5429928461	1155.68334960938
3205.63976001677	1156.36669921875
3207.73594213484	1155.16662597656
3209.83153946372	1156.46667480469
3211.92655226669	1155.98327636719
3214.02098080688	1156.08337402344
3216.11482534732	1155.06665039063
3218.20808615091	1155.88330078125
3220.30076348041	1155.81665039063
3222.39285759847	1155.40002441406
3224.4843687676	1156.40002441406
3226.57529725019	1155.86669921875
3228.66564330851	1155.80004882813
3230.75540720468	1156.98327636719
3232.8445892007	1155.73327636719
3234.93318955847	1156.68334960938
3237.02120853974	1158.26672363281
3239.10864640612	1156.83337402344
3241.19550341911	1157.15002441406
3243.28177984009	1156.80004882813
3245.36747593029	1155.13330078125
3247.45259195083	1157.66662597656
3249.53712816268	1157.06665039063
3251.62108482672	1156.15002441406
3253.70446220366	1156.33337402344
3255.78726055411	1154.88330078125
3257.86948013853	1156.36669921875
3259.95112121728	1154.73327636719
3262.03218405055	1156.25
3264.11266889845	1154.26672363281
3266.19257602092	1155.86669921875
3268.27190567779	1156.90002441406
3270.35065812876	1155.05004882813
3272.4288336334	1156.21667480469
3274.50643245114	1156.48327636719
3276.5834548413	1154.93334960938
3278.65990106305	1155.11669921875
3280.73577137545	1155.11669921875
3282.81106603742	1155.65002441406
3284.88578530774	1156.58337402344
3286.95992944508	1155.40002441406
3289.03349870796	1155.25
3291.1064933548	1155.30004882813
3293.17891364384	1156.16662597656
3295.25075983324	1154.34997558594
3297.322032181	1155.15002441406
3299.39273094501	1155.31665039063
3301.462856383	1153.84997558594
3303.53240875259	1153.86669921875
3305.60138831128	1155.51672363281
3307.6697953164	1154.53332519531
3309.73763002519	1154.63330078125
3311.80489269472	1155.91662597656
3313.87158358198	1155.56665039063
3315.93770294378	1155.91662597656
3318.00325103681	1154.36669921875
3320.06822811764	1153.94995117188
3322.13263444272	1154.40002441406
3324.19647026832	1155.68334960938
3326.25973585064	1155.28332519531
3328.32243144568	1155.55004882813
3330.38455730938	1153.43334960938
3332.44611369749	1154.55004882813
3334.50710086564	1155.03332519531
3336.56751906936	1155.01672363281
3338.62736856401	1154.80004882813
3340.68664960483	1155.90002441406
3342.74536244693	1154.58337402344
3344.80350734528	1154.69995117188
3346.86108455472	1155.93334960938
3348.91809432997	1155.53332519531
3350.97453692559	1155.11669921875
3353.03041259603	1155.75
3355.08572159559	1154.63330078125
3357.14046417844	1155.01672363281
3359.19464059863	1155.63330078125
3361.24825111005	1152.38330078125
3363.30129596648	1154.21667480469
3365.35377542155	1155.58337402344
3367.40568972878	1155.81665039063
3369.45703914152	1154.46667480469
3371.507823913	1155.15002441406
3373.55804429633	1155.33337402344
3375.60770054446	1155.16662597656
3377.65679291024	1154.38330078125
3379.70532164635	1154.71667480469
3381.75328700534	1154.23327636719
3383.80068923965	1154.83337402344
3385.84752860155	1153.69995117188
3387.89380534321	1154.38330078125
3389.93951971664	1154.18334960938
3391.98467197371	1155.36669921875
3394.02926236618	1153.83337402344
3396.07329114566	1155.16662597656
3398.1167585636	1154.38330078125
3400.15966487137	1154.21667480469
3402.20201032014	1155.26672363281
3404.24379516099	1155.66662597656
3406.28501964484	1154.81665039063
3408.3256840225	1153.96667480469
3410.3657885446	1155.03332519531
3412.40533346167	1154.81665039063
3414.44431902408	1155.03332519531
3416.48274548209	1153.5
3418.5206130858	1155.5
3420.55792208516	1153.66662597656
3422.59467273003	1154.71667480469
3424.63086527009	1155.08337402344
3426.6664999549	1153.98327636719
3428.70157703386	1155.44995117188
3430.73609675628	1153.56665039063
3432.77005937129	1155.01672363281
3434.80346512789	1153.98327636719
3436.83631427494	1153.84997558594
3438.86860706119	1153.96667480469
3440.90034373521	1154.61669921875
3442.93152454546	1153.59997558594
3444.96214974025	1153.31665039063
3446.99221956775	1154.26672363281
3449.021734276	1154.94995117188
3451.05069411289	1154.71667480469
3453.07909932619	1154.06665039063
3455.1069501635	1154.01672363281
3457.1342468723	1154.33337402344
3459.16098969993	1155.18334960938
3461.1871788936	1154.08337402344
3463.21281470035	1153.25
3465.23789736712	1154.18334960938
3467.26242714067	1154.40002441406
3469.28640426765	1154.30004882813
3471.30982899455	1153.18334960938
3473.33270156774	1153.06665039063
3475.35502223343	1154.38330078125
3477.3767912377	1153.5
3479.39800882649	1153.94995117188
3481.41867524559	1153.65002441406
3483.43879074066	1155.06665039063
3485.45835555721	1153.98327636719
3487.47736994062	1154.69995117188
3489.49583413611	1153.91662597656
3491.51374838879	1154
3493.53111294359	1153.86669921875
3495.54792804533	1152.90002441406
3497.56419393867	1154.03332519531
3499.57991086814	1153.55004882813
3501.59507907811	1154.78332519531
3503.60969881284	1153.86669921875
3505.6237703164	1152.83337402344
3507.63729383278	1154.13330078125
3509.65026960577	1153.63330078125
3511.66269787904	1154.33337402344
3513.67457889613	1154.73327636719
3515.68591290042	1154.75
3517.69670013515	1153.63330078125
3519.70694084342	1154.69995117188
3521.7166352682	1154.33337402344
3523.72578365229	1153.48327636719
3525.73438623836	1154.43334960938
3527.74244326893	1152.65002441406
3529.74995498641	1153.21667480469
3531.75692163301	1154.43334960938
3533.76334345084	1154.43334960938
3535.76922068186	1153.80004882813
3537.77455356786	1153.88330078125
3539.77934235051	1153.38330078125
3541.78358727133	1152.5
3543.78728857169	1153.01672363281
3545.79044649283	1153.61669921875
3547.79306127584	1152.56665039063
3549.79513316164	1153.80004882813
3551.79666239104	1153.48327636719
3553.79764920469	1153.55004882813
3555.7980938431	1154.03332519531
3557.79799654663	1152.83337402344
3559.79735755548	1153.98327636719
3561.79617710974	1153.48327636719
3563.79445544932	1152.66662597656
3565.79219281401	1154.41662597656
3567.78938944344	1153.83337402344
3569.7860455771	1154.43334960938
3571.78216145432	1153.15002441406
3573.77773731431	1152.09997558594
3575.7727733961	1152.18334960938
3577.76726993861	1154.28332519531
3579.76122718059	1152.98327636719
3581.75464536064	1152.81665039063
3583.74752471725	1153.30004882813
3585.7398654887	1153.94995117188
3587.73166791317	1153.43334960938
3589.7229322287	1152.65002441406
3591.71365867314	1152.80004882813
3593.70384748424	1152.83337402344
3595.69349889955	1152.94995117188
3597.68261315654	1152.19995117188
3599.67119049245	1153.78332519531
3601.65923114446	1152.23327636719
3603.64673534952	1153.25
3605.63370334449	1153.13330078125
3607.62013536607	1153.28332519531
3609.60603165079	1152.80004882813
3611.59139243504	1152.15002441406
3613.57621795509	1153.83337402344
3615.56050844701	1152.30004882813
3617.54426414677	1152.75
3619.52748529017	1152.61669921875
3621.51017211285	1153.75
3623.49232485031	1153.09997558594
3625.47394373792	1153.41662597656
3627.45502901088	1152.55004882813
3629.43558090423	1153.30004882813
3631.41559965288	1152.46667480469
3633.3950854916	1152.31665039063
3635.37403865498	1152.78332519531
3637.35245937747	1153.44995117188
3639.33034789339	1152.73327636719
3641.30770443688	1153.15002441406
3643.28452924196	1152
3645.26082254248	1152.75
3647.23658457212	1152.71667480469
3649.21181556447	1152.94995117188
3651.18651575291	1154.21667480469
3653.16068537069	1152.63330078125
3655.13432465092	1153.18334960938
3657.10743382653	1152.56665039063
3659.08001313034	1152.08337402344
3661.05206279498	1152.36669921875
3663.02358305295	1152.33337402344
3664.9945741366	1151.55004882813
3666.96503627811	1151.41662597656
3668.93496970952	1152
3670.90437466272	1151.81665039063
3672.87325136944	1153.06665039063
3674.84160006127	1152.11669921875
3676.80942096963	1152.65002441406
3678.77671432581	1153.30004882813
3680.74348036092	1151.44995117188
3682.70971930595	1152.63330078125
3684.6754313917	1152.91662597656
3686.64061684885	1152.28332519531
3688.60527590791	1152.68334960938
3690.56940879924	1152.05004882813
3692.53301575303	1151.51672363281
3694.49609699936	1151.03332519531
3696.45865276812	1152.33337402344
3698.42068328904	1151.44995117188
3700.38218879173	1151.53332519531
3702.34316950563	1152.25
3704.30362566	1152.76672363281
3706.26355748399	1152.51672363281
3708.22296520657	1151.84997558594
3710.18184905656	1152.44995117188
3712.14020926263	1151.44995117188
3714.09804605328	1152.03332519531
3716.05535965687	1151.48327636719
3718.01215030162	1152.21667480469
3719.96841821555	1152
3721.92416362657	1152.05004882813
3723.8793867624	1152.13330078125
3725.83408785063	1152.44995117188
3727.78826711869	1151.61669921875
3729.74192479384	1151.71667480469
3731.69506110319	1152.40002441406
3733.64767627371	1151.83337402344
3735.59977053219	1152.93334960938
3737.55134410528	1151.73327636719
3739.50239721947	1150.58337402344
3741.45293010108	1151.46667480469
3743.40294297631	1152.90002441406
3745.35243607116	1150.73327636719
3747.3014096115	1152.73327636719
3749.24986382303	1151.81665039063
3751.19779893131	1151.28332519531
3753.14521516171	1152.38330078125
3755.09211273949	1151.46667480469
3757.0384918897	1151.08337402344
3758.98435283728	1151.94995117188
3760.92969580698	1151.58337402344
3762.87452102341	1150.68334960938
3764.81882871101	1151.13330078125
3766.76261909407	1151.51672363281
3768.70589239672	1150.96667480469
3770.64864884293	1150.46667480469
3772.59088865651	1150.90002441406
3774.53261206112	1151.11669921875
3776.47381928025	1151.61669921875
