-173.428722450078	1147.31665039063
-170.294344013779	1147.63330078125
-167.160990304052	1148.15002441406
-164.028660894548	1147.18334960938
-160.897355359205	1146.75
-157.767073272189	1148.56665039063
-154.637814207931	1147.71667480469
-151.50957774112	1147.65002441406
-148.382363446704	1148.38330078125
-145.256170899859	1148.01672363281
-142.130999676054	1148.25
-139.006849350965	1147.16662597656
-135.883719500571	1147.5
-132.761609701053	1147.65002441406
-129.640519528863	1148.03332519531
-126.520448560715	1148.23327636719
-123.401396373553	1147.36669921875
-120.28336254458	1147.84997558594
-117.166346651252	1148.61669921875
-114.050348271258	1147.5
-110.935366982541	1148.15002441406
-107.821402363301	1147.80004882813
-104.708453991972	1147.21667480469
-101.596521447235	1147.53332519531
-98.4856043080122	1147.73327636719
-95.3757021534957	1147.41662597656
-92.2668145630801	1147.91662597656
-89.1589411164452	1147.61669921875
-86.0520813934781	1147.44995117188
-82.946234974338	1147.81665039063
-79.8414014394074	1147.76672363281
-76.7375803693083	1148.13330078125
-73.6347713449181	1148.48327636719
-70.532973947345	1148.21667480469
-67.4321877579402	1148.21667480469
-64.3324123582935	1148.21667480469
-61.2336473302252	1147.48327636719
-58.1358922558143	1147.58337402344
-55.0391467173494	1147.81665039063
-51.9434102973817	1147.15002441406
-48.8486825786838	1147.94995117188
-45.7549631442702	1147.65002441406
-42.662251577389	1147.15002441406
-39.5705474615295	1147.48327636719
-36.4798503804062	1147.38330078125
-33.3901599179706	1147.71667480469
-30.301475658403	1147.19995117188
-27.2137971861287	1147.76672363281
-24.1271240858053	1146.93334960938
-21.0414559423028	1148.33337402344
-17.9567923407513	1147.18334960938
-14.8731328664812	1148.03332519531
-11.7904771050747	1146.96667480469
-8.70882464233763	1147.23327636719
-5.62817506431157	1147.31665039063
-2.54852795725342	1147
0.530117092344597	1150.46667480469
3.6077604977471	1150.61669921875
6.68440267202787	1149.19995117188
9.76004402799773	1148.25
12.8346849782609	1147.81665039063
15.9083259351831	1148.03332519531
18.9809673109237	1147.94995117188
22.0526095173877	1147.23327636719
25.1232529662903	1147.68334960938
28.1928980690886	1148.61669921875
31.2615452370419	1146.93334960938
34.32919488118	1147.71667480469
37.3958474123071	1146.81665039063
40.4615032409942	1147.34997558594
43.5261627776189	1147.65002441406
46.58982643231	1147.44995117188
49.6524946149833	1147.68334960938
52.7141677353456	1147.68334960938
55.7748462028835	1147.38330078125
58.8345304268427	1147.44995117188
61.8932208162729	1147.88330078125
64.9509177800033	1148.40002441406
68.0076217266271	1148.30004882813
71.0633330645419	1147.83337402344
74.118052201909	1149.83337402344
77.1717795467022	1158.81665039063
80.224515506648	1186.59997558594
83.2762604892772	1251.19995117188
86.3270149018856	1312.63330078125
89.3767791515896	1351.08337402344
92.4255536452548	1373.94995117188
95.4733387895519	1383
98.5201349909248	1397.48327636719
101.565942655643	1394.68334960938
104.610762189717	1405.58337402344
107.654593998963	1407.90002441406
110.697438488996	1408.34997558594
113.739296065204	1416.88330078125
116.78016713278	1416.76672363281
119.820052096698	1412.81665039063
122.85895136172	1414.76672363281
125.896865332408	1411.53332519531
128.933794413111	1409.21667480469
131.969739007965	1411.98327636719
135.004699520911	1415.51672363281
138.038676355664	1409.09997558594
141.071669915751	1416.61669921875
144.103680604487	1415.94995117188
147.134708824975	1412.40002441406
150.164754980118	1410.91662597656
153.193819472611	1405.90002441406
156.221902704945	1412.25
159.24900507942	1413.01672363281
162.275126998099	1415.71667480469
165.300268862873	1410.83337402344
168.324431075425	1417.05004882813
171.347614037231	1420.51672363281
174.369818149562	1426.31665039063
177.391043813491	1424.98327636719
180.411291429897	1424.05004882813
183.430561399437	1427.96667480469
186.448854122582	1428.44995117188
189.466169999607	1423.88330078125
192.482509430598	1429.96667480469
195.497872815412	1424.71667480469
198.512260553716	1425.61669921875
201.525673045011	1429.51672363281
204.538110688552	1428.80004882813
207.549573883427	1432.21667480469
210.560063028519	1430.34997558594
213.569578522523	1429.93334960938
216.578120763917	1432.19995117188
219.585690151021	1429.38330078125
222.592287081907	1428.41662597656
225.597911954507	1428.93334960938
228.602565166512	1424.08337402344
231.606247115456	1432.03332519531
234.608958198646	1431.26672363281
237.610698813222	1430.43334960938
240.611469356122	1434.94995117188
243.611270224103	1435.90002441406
246.610101813707	1435.44995117188
249.607964521295	1434.90002441406
252.604858743044	1440.08337402344
255.600784874935	1442.44995117188
258.595743312749	1447.93334960938
261.589734452097	1443.83337402344
264.582758688393	1442.40002441406
267.574816416842	1436.86669921875
270.565908032503	1443.05004882813
273.556033930195	1442.69995117188
276.545194504586	1443.86669921875
279.533390150138	1444.83337402344
282.520621261151	1435.91662597656
285.506888231708	1441.65002441406
288.49219145571	1441.31665039063
291.476531326902	1442.05004882813
294.459908238794	1448.25
297.442322584762	1446.61669921875
300.423774757966	1450.36669921875
303.404265151375	1449.05004882813
306.383794157805	1449.88330078125
309.362362169862	1447.80004882813
312.339969579982	1446.21667480469
315.316616780414	1451.08337402344
318.292304163227	1454.76672363281
321.267032120295	1455.11669921875
324.24080104332	1448.61669921875
327.213611323833	1449.16662597656
330.185463353171	1446.66662597656
333.156357522491	1450.48327636719
336.126294222774	1454.26672363281
339.095273844812	1450.84997558594
342.063296779227	1451.81665039063
345.030363416467	1457.36669921875
347.996474146782	1455.71667480469
350.961629360257	1455.18334960938
353.925829446806	1453.94995117188
356.889074796147	1461.44995117188
359.851365797829	1460.03332519531
362.812702841222	1466.19995117188
365.773086315536	1459.30004882813
368.732516609768	1469.83337402344
371.690994112778	1466.48327636719
374.648519213243	1467.09997558594
377.605092299631	1462.06665039063
380.560713760273	1464.09997558594
383.515383983307	1463.88330078125
386.469103356711	1461.56665039063
389.421872268273	1458.73327636719
392.373691105615	1462.51672363281
395.32456025619	1459.13330078125
398.274480107272	1461.48327636719
401.223451045967	1459.61669921875
404.171473459202	1468.03332519531
407.118547733728	1462.34997558594
410.064674256155	1460.55004882813
413.009853412892	1466.16662597656
415.954085590181	1460.11669921875
418.8973711741	1465.34997558594
421.83971055055	1464.23327636719
424.781104105281	1471.63330078125
427.721552223856	1470.25
430.661055291665	1471.16662597656
433.599613693946	1472
436.537227815752	1469.53332519531
439.473898041993	1474.61669921875
442.409624757378	1475.08337402344
445.344408346476	1472.80004882813
448.278249193683	1476.76672363281
451.211147683207	1473.48327636719
454.143104199122	1479.59997558594
457.074119125312	1475.66662597656
460.004192845497	1473.91662597656
462.933325743267	1476.34997558594
465.861518202001	1481.40002441406
468.788770604917	1482.25
471.71508333511	1478.53332519531
474.640456775471	1476.88330078125
477.564891308737	1481.65002441406
480.488387317487	1480.44995117188
483.410945184141	1476.34997558594
486.332565290942	1479.26672363281
489.253248019986	1481.68334960938
492.172993753197	1488.28332519531
495.091802872338	1478.34997558594
498.009675759011	1478.08337402344
500.926612794666	1487.61669921875
503.842614360571	1481.31665039063
506.757680837864	1484.34997558594
509.671812607493	1480.41662597656
512.585010050263	1486.11669921875
515.497273546817	1490.58337402344
518.408603477637	1500.30004882813
521.319000223045	1493.84997558594
524.228464163205	1495.71667480469
527.136995678121	1492.90002441406
530.044595147647	1490.34997558594
532.951262951471	1484.80004882813
535.856999469123	1486.30004882813
538.761805079986	1487.65002441406
541.665680163279	1489.66662597656
544.568625098049	1486.93334960938
547.470640263216	1491.5
550.371726037533	1494.55004882813
553.271882799588	1486.84997558594
556.171110927825	1493.94995117188
559.069410800531	1492.23327636719
561.966782795823	1496.96667480469
564.863227291685	1492.21667480469
567.758744665944	1500.23327636719
570.653335296256	1494.05004882813
573.546999560148	1498.68334960938
576.439737834969	1503.43334960938
579.331550497935	1508.09997558594
582.222437926093	1502.30004882813
585.112400496356	1497.43334960938
588.001438585469	1500.5
590.889552570021	1502.11669921875
593.77674282648	1499.84997558594
596.663009731132	1496.21667480469
599.548353660116	1501.63330078125
602.432774989433	1502.38330078125
605.316274094926	1502.18334960938
608.198851352303	1499.88330078125
611.080507137075	1500.40002441406
613.961241824667	1502.69995117188
616.841055790315	1500.48327636719
619.71994940911	1506.21667480469
622.597923056008	1504.56665039063
625.474977105798	1502.06665039063
628.351111933143	1505.90002441406
631.22632791255	1508.93334960938
634.10062541835	1507.96667480469
636.97400482478	1513.11669921875
639.846466505882	1512.05004882813
642.718010835585	1509.09997558594
645.58863818764	1512.98327636719
648.458348935679	1513.09997558594
651.327143453188	1511.19995117188
654.195022113475	1518.23327636719
657.061985289745	1520.11669921875
659.928033355022	1523.59997558594
662.79316668221	1517.15002441406
665.657385644057	1517.28332519531
668.520690613176	1518.78332519531
671.383081962017	1519.30004882813
674.244560062899	1516.28332519531
677.105125288002	1520.08337402344
679.964778009343	1527.15002441406
682.823518598832	1522.06665039063
685.681347428202	1520.5
688.538264869057	1514.75
691.394271292855	1515.94995117188
694.249367070914	1527.88330078125
697.103552574412	1522.94995117188
699.956828174378	1523.11669921875
702.809194241715	1523.16662597656
705.660651147175	1522.01672363281
708.511199261361	1521.56665039063
711.360838954755	1523.41662597656
714.209570597676	1523.65002441406
717.057394560329	1522.43334960938
719.90431121275	1518.93334960938
722.750320924861	1522.15002441406
725.59542406643	1527.78332519531
728.439621007094	1523.63330078125
731.282912116347	1525.96667480469
734.125297763539	1525.63330078125
736.966778317898	1528.65002441406
739.807354148498	1530.76672363281
742.647025624275	1536.71667480469
745.485793114042	1529.19995117188
748.323656986468	1537.28332519531
751.160617610072	1539.78332519531
753.996675353258	1531.65002441406
756.831830584275	1534.76672363281
759.666083671249	1536.76672363281
762.499434982158	1540.28332519531
765.331884884853	1537.06665039063
768.163433747055	1537.41662597656
770.994081936328	1538.19995117188
773.823829820116	1541.55004882813
776.652677765732	1538.41662597656
779.480626140347	1537.84997558594
782.307675310993	1540.15002441406
785.133825644576	1541.58337402344
787.959077507869	1538.63330078125
790.783431267511	1534.38330078125
793.606887289986	1539.23327636719
796.429445941685	1534.13330078125
799.251107588836	1539.75
802.071872597536	1543.43334960938
804.891741333751	1541.18334960938
807.71071416334	1539.58337402344
810.528791451981	1536.68334960938
813.345973565269	1540.38330078125
816.162260868638	1545.61669921875
818.977653727395	1542.48327636719
821.792152506717	1547.66662597656
824.605757571661	1544.71667480469
827.418469287133	1547.55004882813
830.230288017926	1552.81665039063
833.0412141287	1546.81665039063
835.851247983973	1544.96667480469
838.660389948141	1545.58337402344
841.468640385466	1556.65002441406
844.27599966009	1553.96667480469
847.082468136026	1554.71667480469
849.888046177135	1557.46667480469
852.692734147171	1559.31665039063
855.496532409758	1563.25
858.29944132839	1558.23327636719
861.10146126642	1556.34997558594
863.902592587094	1556.59997558594
866.702835653509	1558.83337402344
869.502190828641	1560.66662597656
872.300658475353	1561.36669921875
875.098238956361	1564.86669921875
877.894932634271	1563.76672363281
880.690739871548	1562.03332519531
883.485661030531	1561.73327636719
886.279696473447	1560.5
889.072846562376	1564.59997558594
891.86511165929	1559.55004882813
894.65649212603	1565.11669921875
897.446988324303	1566.91662597656
900.236600615703	1560.63330078125
903.025329361687	1563.33337402344
905.813174923597	1567.56665039063
908.600137662639	1565.30004882813
911.38621793991	1565.96667480469
914.171416116365	1562.76672363281
916.95573255285	1565.66662597656
919.739167610082	1568.06665039063
922.521721648641	1574.21667480469
925.303395029005	1570.36669921875
928.084188111517	1577.84997558594
930.864101256396	1579.01672363281
933.643134823733	1572.56665039063
936.42128917351	1574.18334960938
939.198564665577	1573.84997558594
941.97496165967	1581.63330078125
944.750480515391	1575.81665039063
947.525121592226	1577.98327636719
950.298885249534	1580.98327636719
953.071771846555	1580.16662597656
955.843781742413	1578.94995117188
958.614915296108	1586.68334960938
961.385172866513	1582.86669921875
964.154554812387	1584.86669921875
966.92306149236	1582.96667480469
969.690693264949	1583.44995117188
972.457450488552	1588.90002441406
975.223333521431	1590.81665039063
977.988342721749	1592.31665039063
980.752478447535	1589.41662597656
983.515741056708	1591.26672363281
986.278130907059	1591.81665039063
989.039648356259	1598.18334960938
991.800293761863	1593.76672363281
994.560067481312	1590.48327636719
997.318969871913	1596.98327636719
1000.07700129088	1594.71667480469
1002.83416209528	1587.05004882813
1005.59045264208	1599.51672363281
1008.34587328813	1600.19995117188
1011.10042439014	1602.46667480469
1013.85410630472	1595.48327636719
1016.60691938837	1597.51672363281
1019.35886399746	1604.81665039063
1022.10994048823	1602.34997558594
1024.86014921684	1600.06665039063
1027.60949053928	1604.71667480469
1030.35796481149	1603.5
1033.10557238924	1610.21667480469
1035.85231362819	1604.98327636719
1038.5981888839	1610.48327636719
1041.34319851182	1606.28332519531
1044.08734286727	1610.31665039063
1046.83062230544	1604.01672363281
1049.57303718143	1608.18334960938
1052.31458785021	1615.40002441406
1055.05527466665	1616.01672363281
1057.79509798549	1613.48327636719
1060.53405816134	1616.38330078125
1063.27215554874	1620.01672363281
1066.00939050209	1618.83337402344
1068.74576337565	1616.38330078125
1071.48127452361	1621.75
1074.21592430002	1620.36669921875
1076.94971305882	1623.83337402344
1079.68264115384	1622.88330078125
1082.41470893879	1627.44995117188
1085.14591676728	1625.21667480469
1087.8762649928	1628.25
1090.60575396871	1626.90002441406
1093.33438404827	1630.23327636719
1096.06215558464	1624.05004882813
1098.78906893086	1628.51672363281
1101.51512443981	1627.56665039063
1104.24032246435	1634.15002441406
1106.96466335716	1631.71667480469
1109.68814747081	1636.06665039063
1112.41077515779	1632.18334960938
1115.13254677044	1634.53332519531
1117.85346266104	1638.48327636719
1120.57352318169	1639.55004882813
1123.29272868445	1637.73327636719
1126.01107952121	1645.46667480469
1128.72857604378	1638.48327636719
1131.44521860385	1645.83337402344
1134.16100755301	1647.93334960938
1136.87594324271	1639.5
1139.59002602433	1646.61669921875
1142.3032562491	1650.66662597656
1145.01563426818	1652.05004882813
1147.72716043257	1648.09997558594
1150.43783509322	1647.90002441406
1153.14765860091	1647.11669921875
1155.85663130634	1650.15002441406
1158.56475356012	1642.51672363281
1161.27202571271	1650.40002441406
1163.97844811448	1649.08337402344
1166.68402111569	1652.65002441406
1169.38874506649	1658.96667480469
1172.09262031694	1662.96667480469
1174.79564721695	1661.44995117188
1177.49782611635	1665.86669921875
1180.19915736486	1668.71667480469
1182.89964131208	1673.80004882813
1185.59927830751	1670.63330078125
1188.29806870054	1669.93334960938
1190.99601284046	1668.25
1193.69311107643	1677.30004882813
1196.38936375753	1676.06665039063
1199.08477123271	1676.66662597656
1201.77933385082	1674.28332519531
1204.47305196061	1677.30004882813
1207.1659259107	1678.78332519531
1209.85795604964	1680.31665039063
1212.54914272585	1691.84997558594
1215.23948628763	1683.03332519531
1217.92898708319	1694.18334960938
1220.61764546064	1693.33337402344
1223.30546176798	1693.13330078125
1225.99243635308	1697.96667480469
1228.67856956373	1691.76672363281
1231.36386174761	1694.68334960938
1234.04831325228	1709.91662597656
1236.73192442522	1705.63330078125
1239.41469561377	1698.83337402344
1242.09662716519	1706.51672363281
1244.77771942662	1699.18334960938
1247.45797274511	1703.93334960938
1250.13738746759	1705
1252.81596394089	1712.81665039063
1255.49370251175	1711.19995117188
1258.17060352676	1719.90002441406
1260.84666733246	1715.19995117188
1263.52189427525	1716.63330078125
1266.19628470144	1715.08337402344
1268.86983895722	1725.16662597656
1271.5425573887	1727.08337402344
1274.21444034186	1724.5
1276.8854881626	1726.15002441406
1279.55570119671	1724.03332519531
1282.22507978985	1726.94995117188
1284.89362428759	1730.40002441406
1287.56133503543	1733.51672363281
1290.22821237872	1737.86669921875
1292.89425666274	1739.86669921875
1295.55946823263	1745.53332519531
1298.22384743346	1747.30004882813
1300.88739461019	1745.44995117188
1303.55011010766	1750.71667480469
1306.21199427063	1750.5
1308.87304744373	1753.73327636719
1311.53326997152	1756.93334960938
1314.19266219843	1756.34997558594
1316.8512244688	1758.30004882813
1319.50895712687	1759.58337402344
1322.16586051676	1763.21667480469
1324.82193498252	1762.48327636719
1327.47718086806	1763.43334960938
1330.1315985172	1774.84997558594
1332.78518827369	1776.93334960938
1335.43795048114	1790.40002441406
1338.08988548307	1784.61669921875
1340.74099362289	1782.31665039063
1343.39127524392	1783.65002441406
1346.04073068939	1782
1348.6893603024	1784.09997558594
1351.33716442597	1782.56665039063
1353.98414340301	1788.05004882813
1356.63029757632	1791.15002441406
1359.27562728863	1787.66662597656
1361.92013288252	1783.06665039063
1364.56381470053	1785.40002441406
1367.20667308505	1781.33337402344
1369.84870837838	1789.73327636719
1372.48992092274	1783.09997558594
1375.13031106023	1783.69995117188
1377.76987913284	1783.48327636719
1380.40862548251	1786.46667480469
1383.04655045101	1780.40002441406
1385.68365438006	1785.65002441406
1388.31993761126	1777.08337402344
1390.95540048612	1785
1393.59004334605	1777.15002441406
1396.22386653233	1782.94995117188
1398.85687038619	1776.66662597656
1401.48905524873	1786.16662597656
1404.12042146094	1779.98327636719
1406.75096936375	1783.58337402344
1409.38069929796	1790.21667480469
1412.00961160428	1784.81665039063
1414.63770662332	1784.59997558594
1417.26498469557	1778.86669921875
1419.89144616146	1777.11669921875
1422.51709136132	1787.90002441406
1425.14192063532	1778.05004882813
1427.76593432361	1777.98327636719
1430.3891327662	1775.53332519531
1433.01151630299	1776.06665039063
1435.63308527382	1788.88330078125
1438.2538400184	1774.36669921875
1440.87378087637	1781.53332519531
1443.49290818722	1781.5
1446.1112222904	1779.98327636719
1448.72872352524	1779.48327636719
1451.34541223097	1771.16662597656
1453.96128874671	1769.31665039063
1456.5763534115	1770.65002441406
1459.19060656429	1769.43334960938
1461.8040485439	1773.96667480469
1464.41667968907	1774.78332519531
1467.02850033846	1766.09997558594
1469.63951083061	1770.36669921875
1472.24971150397	1777.81665039063
1474.8591026969	1777.26672363281
1477.46768474763	1769.76672363281
1480.07545799434	1771.90002441406
1482.68242277508	1772.98327636719
1485.28857942782	1768.78332519531
1487.89392829042	1774.03332519531
1490.49846970065	1767.80004882813
1493.10220399619	1777.05004882813
1495.70513151461	1773.59997558594
1498.30725259339	1776.16662597656
1500.90856756992	1785.13330078125
1503.50907678146	1780.61669921875
1506.10878056524	1776.5
1508.70767925832	1781.40002441406
1511.30577319772	1779.09997558594
1513.90306272032	1784.38330078125
1516.49954816295	1782.18334960938
1519.09522986229	1784.03332519531
1521.69010815498	1792.33337402344
1524.28418337751	1793.73327636719
1526.87745586632	1800.81665039063
1529.46992595773	1799.73327636719
1532.06159398796	1808.55004882813
1534.65246029316	1809.94995117188
1537.24252520935	1815.98327636719
1539.83178907249	1815.88330078125
1542.42025221841	1823.78332519531
1545.00791498287	1820.93334960938
1547.59477770152	1824.53332519531
1550.18084070993	1834.56665039063
1552.76610434356	1836.63330078125
1555.35056893777	1844.51672363281
1557.93423482785	1851.38330078125
1560.51710234896	1859.65002441406
1563.0991718362	1853.41662597656
1565.68044362457	1865.73327636719
1568.26091804893	1870.96667480469
1570.84059544411	1874.40002441406
1573.41947614481	1882.61669921875
1575.99756048562	1875.53332519531
1578.57484880108	1873.21667480469
1581.15134142559	1871.28332519531
1583.72703869349	1886.31665039063
1586.301940939	1879.01672363281
1588.87604849628	1883.69995117188
1591.44936169934	1890.98327636719
1594.02188088215	1886.51672363281
1596.59360637855	1887.86669921875
1599.16453852232	1878.31665039063
1601.73467764709	1882.96667480469
1604.30402408647	1881.98327636719
1606.87257817391	1880.15002441406
1609.44034024281	1860.28332519531
1612.00731062644	1856.19995117188
1614.57348965801	1861.98327636719
1617.13887767062	1853.09997558594
1619.70347499726	1856.63330078125
1622.26728197086	1847.56665039063
1624.83029892423	1832.81665039063
1627.39252619012	1828.78332519531
1629.95396410112	1826.75
1632.5146129898	1819.18334960938
1635.07447318858	1820.90002441406
1637.63354502984	1812.19995117188
1640.19182884582	1808.78332519531
1642.74932496868	1799.15002441406
1645.3060337305	1801.09997558594
1647.86195546325	1796.91662597656
1650.41709049882	1786.19995117188
1652.971439169	1789.46667480469
1655.52500180548	1788.73327636719
1658.07777873987	1788.88330078125
1660.62977030368	1787.88330078125
1663.18097682833	1781.84997558594
1665.73139864514	1786.44995117188
1668.28103608534	1779.90002441406
1670.82988948008	1774.03332519531
1673.37795916039	1773.75
1675.92524545724	1777.43334960938
1678.47174870147	1770.98327636719
1681.01746922386	1771.23327636719
1683.56240735508	1778.65002441406
1686.10656342572	1773.19995117188
1688.64993776626	1771.65002441406
1691.19253070709	1770.16662597656
1693.73434257853	1771.66662597656
1696.27537371078	1768.84997558594
1698.81562443395	1769.05004882813
1701.35509507809	1764.06665039063
1703.89378597311	1764.73327636719
1706.43169744886	1770.55004882813
1708.96882983509	1766.36669921875
1711.50518346144	1763.51672363281
1714.0407586575	1765.38330078125
1716.57555575272	1765.66662597656
1719.10957507649	1762.91662597656
1721.64281695809	1762.93334960938
1724.17528172671	1766.90002441406
1726.70696971146	1769.19995117188
1729.23788124135	1771.69995117188
1731.7680166453	1769.66662597656
1734.29737625213	1765.53332519531
1736.82596039057	1761.94995117188
1739.35376938927	1764.71667480469
1741.88080357677	1762.61669921875
1744.40706328154	1763.41662597656
1746.93254883193	1772.55004882813
1749.45726055623	1774.81665039063
1751.9811987826	1773.38330078125
1754.50436383915	1768.31665039063
1757.02675605387	1768.86669921875
1759.54837575466	1775.81665039063
1762.06922326934	1771.63330078125
1764.58929892564	1769.15002441406
1767.10860305118	1772.5
1769.6271359735	1779.40002441406
1772.14489802005	1779.09997558594
1774.66188951817	1779.16662597656
1777.17811079515	1779.25
1779.69356217815	1777.11669921875
1782.20824399425	1773.73327636719
1784.72215657043	1779.48327636719
1787.23530023361	1779.73327636719
1789.74767531057	1780.13330078125
1792.25928212804	1770.43334960938
1794.77012101264	1773.66662597656
1797.2801922909	1776.51672363281
1799.78949628926	1780.13330078125
1802.29803333406	1775.88330078125
1804.80580375158	1780.86669921875
1807.31280786797	1779.56665039063
1809.81904600929	1776.75
1812.32451850154	1777.84997558594
1814.82922567061	1776.51672363281
1817.33316784231	1779.40002441406
1819.83634534233	1780.26672363281
1822.33875849629	1776.31665039063
1824.84040762973	1787.36669921875
1827.34129306808	1778.15002441406
1829.84141513667	1775.5
1832.34077416077	1784
1834.83937046553	1776.44995117188
1837.33720437602	1780.61669921875
1839.83427621723	1781.30004882813
1842.33058631404	1779.91662597656
1844.82613499125	1780.48327636719
1847.32092257355	1775.65002441406
1849.81494938558	1780.78332519531
1852.30821575184	1785.51672363281
1854.80072199677	1784.18334960938
1857.29246844473	1780.28332519531
1859.78345541994	1790.63330078125
1862.27368324658	1792.05004882813
1864.76315224871	1798.41662597656
1867.2518627503	1784.75
1869.73981507524	1791.96667480469
1872.22700954733	1784.76672363281
1874.71344649027	1795.61669921875
1877.19912622768	1789.65002441406
1879.68404908308	1792.33337402344
1882.16821537988	1793.44995117188
1884.65162544145	1791.98327636719
1887.13427959102	1794.11669921875
1889.61617815175	1800.76672363281
1892.0973214467	1795.34997558594
1894.57770979887	1796.38330078125
1897.05734353113	1793.55004882813
1899.53622296628	1800.98327636719
1902.014348427	1796.03332519531
1904.49172023593	1790.69995117188
1906.96833871558	1799.73327636719
1909.44420418839	1794.44995117188
1911.91931697668	1794.81665039063
1914.39367740272	1793.43334960938
1916.86728578865	1795.05004882813
1919.34014245654	1795.65002441406
1921.81224772838	1797.38330078125
1924.28360192604	1805.68334960938
1926.75420537132	1801.98327636719
1929.22405838593	1792.11669921875
1931.69316129147	1799.58337402344
1934.16151440948	1798.31665039063
1936.62911806136	1797.66662597656
1939.09597256848	1799.75
1941.56207825207	1798.21667480469
1944.0274354333	1801.05004882813
1946.49204443322	1799.33337402344
1948.95590557284	1796.21667480469
1951.41901917301	1801
1953.88138555454	1800.65002441406
1956.34300503813	1802.36669921875
1958.8038779444	1798.75
1961.26400459387	1799.28332519531
1963.72338530697	1803.40002441406
1966.18202040403	1801.28332519531
1968.63991020531	1798.78332519531
1971.09705503097	1803.31665039063
1973.55345520107	1811.05004882813
1976.0091110356	1807.19995117188
1978.46402285444	1802.30004882813
1980.91819097737	1807.59997558594
1983.3716157241	1810.98327636719
1985.82429741427	1811.31665039063
1988.27623636736	1816.01672363281
1990.72743290284	1816.51672363281
1993.17788734002	1810.43334960938
1995.62759999817	1818.94995117188
1998.07657119644	1820.55004882813
2000.5248012539	1820.98327636719
2002.97229048952	1815.30004882813
2005.41903922219	1821.76672363281
2007.86504777071	1811.56665039063
2010.31031645378	1819
2012.75484559	1814.66662597656
2015.19863549792	1823.31665039063
2017.64168649594	1820.11669921875
2020.08399890242	1821.91662597656
2022.5255730356	1824.55004882813
2024.96640921365	1815.43334960938
2027.40650775462	1813.28332519531
2029.84586897649	1812.56665039063
2032.28449319715	1817.51672363281
2034.72238073438	1821.11669921875
2037.15953190591	1818.06665039063
2039.59594702932	1820.25
2042.03162642215	1813.96667480469
2044.46657040182	1827.38330078125
2046.90077928567	1830.84997558594
2049.33425339095	1821.5
2051.76699303481	1830.94995117188
2054.19899853433	1826.15002441406
2056.63027020645	1826.33337402344
2059.06080836809	1827.63330078125
2061.49061333602	1828.61669921875
2063.91968542694	1823.03332519531
2066.34802495747	1831.31665039063
2068.77563224411	1823.83337402344
2071.20250760329	1826.59997558594
2073.62865135136	1829.73327636719
2076.05406380455	1832.63330078125
2078.47874527901	1825.51672363281
2080.9026960908	1827.40002441406
2083.3259165559	1828.66662597656
2085.74840699018	1837.15002441406
2088.17016770944	1834.90002441406
2090.59119902935	1826.91662597656
2093.01150126553	1828.61669921875
2095.43107473348	1827.59997558594
2097.84991974864	1843.15002441406
2100.26803662633	1839.21667480469
2102.68542568178	1839.66662597656
2105.10208723015	1823.84997558594
2107.51802158648	1833.01672363281
2109.93322906574	1835.55004882813
2112.3477099828	1832.69995117188
2114.76146465245	1835.80004882813
2117.17449338937	1841.19995117188
2119.58679650815	1837.94995117188
2121.9983743233	1836.63330078125
2124.40922714924	1838.73327636719
2126.81935530029	1830.68334960938
2129.22875909067	1839.26672363281
2131.63743883452	1844.25
2134.04539484589	1842.30004882813
2136.45262743874	1841.11669921875
2138.85913692692	1848.81665039063
2141.26492362422	1846.71667480469
2143.6699878443	1842.88330078125
2146.07432990076	1849.31665039063
2148.47795010708	1847.73327636719
2150.88084877667	1840.25
2153.28302622285	1843.38330078125
2155.68448275883	1843.55004882813
2158.08521869774	1840.96667480469
2160.48523435261	1852.61669921875
2162.88453003639	1852.48327636719
2165.28310606193	1853.73327636719
2167.68096274199	1843.44995117188
2170.07810038922	1846.06665039063
2172.47451931622	1859.53332519531
2174.87021983546	1847.78332519531
2177.26520225933	1856.94995117188
2179.65946690013	1851.18334960938
2182.05301407006	1848.61669921875
2184.44584408123	1848.21667480469
2186.83795724567	1856.34997558594
2189.22935387531	1854.94995117188
2191.62003428198	1847.76672363281
2194.00999877743	1851.16662597656
2196.39924767329	1849.61669921875
2198.78778128115	1849.26672363281
2201.17559991245	1852.86669921875
2203.56270387857	1848.06665039063
2205.94909349081	1854.73327636719
2208.33476906033	1853.26672363281
2210.71973089824	1848.83337402344
2213.10397931554	1855.63330078125
2215.48751462314	1855.84997558594
2217.87033713186	1861.94995117188
2220.25244715242	1860.40002441406
2222.63384499546	1852.80004882813
2225.01453097151	1845.23327636719
2227.39450539101	1863.03332519531
2229.77376856434	1861.98327636719
2232.15232080173	1861.86669921875
2234.53016241336	1849.19995117188
2236.9072937093	1858.48327636719
2239.28371499954	1864.01672363281
2241.65942659396	1853.46667480469
2244.03442880236	1857.5
2246.40872193443	1854.06665039063
2248.78230629979	1857.55004882813
2251.15518220795	1855.19995117188
2253.52734996835	1861.48327636719
2255.89880989029	1870.34997558594
2258.26956228301	1870.41662597656
2260.63960745567	1865.96667480469
2263.00894571731	1859.08337402344
2265.37757737688	1860.83337402344
2267.74550274324	1860.16662597656
2270.11272212517	1862.68334960938
2272.47923583134	1863.76672363281
2274.84504417031	1866.78332519531
2277.2101474506	1865.31665039063
2279.57454598058	1868.15002441406
2281.93824006856	1867.15002441406
2284.30123002275	1862.38330078125
2286.66351615125	1868.59997558594
2289.02509876208	1869.03332519531
2291.38597816317	1869.91662597656
2293.74615466236	1870.01672363281
2296.10562856737	1871
2298.46440018585	1871.46667480469
2300.82246982535	1875.46667480469
2303.1798377933	1877.61669921875
2305.5365043971	1870.68334960938
2307.89246994399	1874.16662597656
2310.24773474116	1873.53332519531
2312.60229909566	1881.16662597656
2314.95616331451	1876.51672363281
2317.30932770456	1875.30004882813
2319.66179257263	1881.46667480469
2322.01355822542	1881.31665039063
2324.36462496953	1880.65002441406
2326.71499311146	1884.08337402344
2329.06466295764	1887.94995117188
2331.41363481439	1884.78332519531
2333.76190898794	1886.41662597656
2336.10948578441	1885.08337402344
2338.45636550986	1876.75
2340.80254847022	1879.88330078125
2343.14803497132	1890.69995117188
2345.49282531895	1886.84997558594
2347.83691981874	1882.53332519531
2350.18031877626	1887.69995117188
2352.52302249699	1882.53332519531
2354.8650312863	1881.78332519531
2357.20634544946	1889.88330078125
2359.54696529166	1897.53332519531
2361.88689111798	1887.16662597656
2364.22612323341	1892.34997558594
2366.56466194287	1893.43334960938
2368.90250755114	1891.40002441406
2371.23966036293	1891.41662597656
2373.57612068286	1892.28332519531
2375.91188881545	1895.69995117188
2378.2469650651	1896.44995117188
2380.58134973615	1900.23327636719
2382.91504313282	1896.73327636719
2385.24804555926	1894.83337402344
2387.58035731949	1889.76672363281
2389.91197871745	1885.83337402344
2392.24291005701	1894.75
2394.57315164189	1899.51672363281
2396.90270377577	1887.5
2399.23156676218	1898.30004882813
2401.55974090461	1898.69995117188
2403.88722650642	1898.71667480469
2406.21402387086	1899.43334960938
2408.54013330113	1902.98327636719
2410.8655551003	1888.91662597656
2413.19028957133	1906.15002441406
2415.51433701713	1902.25
2417.83769774049	1900.01672363281
2420.16037204408	1900.61669921875
2422.48236023051	1902.61669921875
2424.80366260228	1896.90002441406
2427.12427946179	1903.43334960938
2429.44421111134	1903.83337402344
2431.76345785315	1907.41662597656
2434.08201998932	1895.86669921875
2436.39989782188	1908.51672363281
2438.71709165273	1905.96667480469
2441.0336017837	1898.21667480469
2443.34942851653	1905.05004882813
2445.66457215282	1906.88330078125
2447.97903299412	1909.80004882813
2450.29281134185	1904.40002441406
2452.60590749736	1909.66662597656
2454.91832176188	1911.23327636719
2457.23005443656	1898.86669921875
2459.54110582243	1909.63330078125
2461.85147622045	1901.83337402344
2464.16116593146	1897.69995117188
2466.47017525621	1908.94995117188
2468.77850449536	1909.30004882813
2471.08615394947	1906.33337402344
2473.39312391899	1907.40002441406
2475.69941470429	1909.98327636719
2478.00502660562	1902.01672363281
2480.30995992316	1912.69995117188
2482.61421495697	1912.51672363281
2484.91779200702	1908.26672363281
2487.22069137316	1920.51672363281
2489.5229133552	1910.31665039063
2491.8244582528	1912.01672363281
2494.12532636553	1913.26672363281
2496.42551799287	1916.61669921875
2498.72503343421	1910.43334960938
2501.02387298882	1911.16662597656
2503.32203695588	1916.90002441406
2505.61952563449	1920.43334960938
2507.91633932361	1922.78332519531
2510.21247832216	1911.03332519531
2512.50794292891	1914.33337402344
2514.80273344255	1915.26672363281
2517.09685016167	1913.08337402344
2519.39029338476	1926.88330078125
2521.68306341022	1921.21667480469
2523.97516053634	1927.75
2526.26658506132	1916.65002441406
2528.55733728325	1923.86669921875
2530.84741750012	1918.69995117188
2533.13682600984	1920.83337402344
2535.4255631102	1926.83337402344
2537.7136290989	1921.38330078125
2540.00102427354	1921.84997558594
2542.28774893162	1921.80004882813
2544.57380337053	1924.68334960938
2546.85918788758	1932.69995117188
2549.14390277997	1928.11669921875
2551.4279483448	1932.63330078125
2553.71132487906	1923.76672363281
2555.99403267966	1927.09997558594
2558.27607204341	1933.40002441406
2560.55744326699	1927
2562.83814664702	1936.65002441406
2565.11818247999	1920.63330078125
2567.3975510623	1929.73327636719
2569.67625269025	1927.65002441406
2571.95428766003	1928.18334960938
2574.23165626776	1921.69995117188
2576.50835880942	1923.30004882813
2578.78439558093	1928.5
2581.05976687806	1933.08337402344
2583.33447299652	1928.31665039063
2585.60851423191	1931.58337402344
2587.88189087972	1936.46667480469
2590.15460323534	1928.75
2592.42665159406	1932.91662597656
2594.69803625108	1928.40002441406
2596.9687575015	1932.43334960938
2599.23881564029	1931.01672363281
2601.50821096235	1941.21667480469
2603.77694376245	1932.31665039063
2606.0450143353	1939.43334960938
2608.31242297548	1944.05004882813
2610.57916997746	1931.90002441406
2612.84525563562	1932.01672363281
2615.11068024426	1935.84997558594
2617.37544409753	1938.84997558594
2619.63954748952	1931.71667480469
2621.90299071421	1943.71667480469
2624.16577406546	1933.23327636719
2626.42789783705	1934.19995117188
2628.68936232264	1937.86669921875
2630.9501678158	1936.26672363281
2633.21031460999	1937.48327636719
2635.46980299857	1945.15002441406
2637.72863327481	1940.36669921875
2639.98680573185	1942.38330078125
2642.24432066276	1929.40002441406
2644.50117836048	1943.59997558594
2646.75737911786	1937.28332519531
2649.01292322765	1933.93334960938
2651.26781098249	1944.56665039063
2653.52204267492	1952.36669921875
2655.77561859738	1944.06665039063
2658.0285390422	1944.84997558594
2660.28080430161	1941.88330078125
2662.53241466774	1943.96667480469
2664.78337043263	1939.26672363281
2667.03367188817	1943.19995117188
2669.2833193262	1949.66662597656
2671.53231303844	1946.31665039063
2673.78065331648	1946.40002441406
2676.02834045184	1947.90002441406
2678.27537473592	1956.75
2680.52175646002	1951.55004882813
2682.76748591535	1950.30004882813
2685.01256339298	1947.91662597656
2687.25698918391	1949.11669921875
2689.50076357901	1957.81665039063
2691.74388686909	1944.61669921875
2693.9863593448	1950.93334960938
2696.22818129672	1952.05004882813
2698.46935301532	1948.78332519531
2700.70987479096	1950.75
2702.94974691389	1961.25
2705.18896967428	1950.59997558594
2707.42754336216	1955.55004882813
2709.66546826749	1941.86669921875
2711.90274468011	1946.41662597656
2714.13937288974	1939.68334960938
2716.37535318602	1949.05004882813
2718.61068585848	1948.23327636719
2720.84537119652	1949.65002441406
2723.07940948947	1946.08337402344
2725.31280102654	1949.41662597656
2727.54554609682	1942.63330078125
2729.77764498933	1939.91662597656
2732.00909799294	1942.71667480469
2734.23990539644	1948.15002441406
2736.47006748853	1940.71667480469
2738.69958455777	1940.16662597656
2740.92845689263	1949.15002441406
2743.15668478147	1947.25
2745.38426851257	1950.56665039063
2747.61120837406	1953
2749.83750465399	1946.44995117188
2752.0631576403	1947.96667480469
2754.28816762083	1947.88330078125
2756.51253488329	1942.65002441406
2758.73625971532	1944.65002441406
2760.95934240442	1949.98327636719
2763.18178323801	1947.33337402344
2765.40358250338	1939.38330078125
2767.62474048773	1940.73327636719
2769.84525747814	1957.65002441406
2772.06513376159	1950.51672363281
2774.28436962496	1944.59997558594
2776.50296535501	1951.53332519531
2778.7209212384	1946.68334960938
2780.93823756168	1945.86669921875
2783.15491461129	1951.46667480469
2785.37095267358	1950.34997558594
2787.58635203477	1948.71667480469
2789.80111298097	1942.5
2792.01523579822	1938.30004882813
2794.2287207724	1951.05004882813
2796.44156818932	1944.75
2798.65377833468	1946.91662597656
2800.86535149404	1945.03332519531
2803.07628795289	1957.18334960938
2805.28658799659	1943.46667480469
2807.4962519104	1946.43334960938
2809.70527997946	1943.21667480469
2811.91367248883	1943.15002441406
2814.12142972342	1949.55004882813
2816.32855196807	1947.75
2818.53503950749	1939.76672363281
2820.74089262628	1951.13330078125
2822.94611160894	1947.36669921875
2825.15069673987	1949.38330078125
2827.35464830333	1955.44995117188
2829.55796658351	1944.23327636719
2831.76065186445	1942.36669921875
2833.96270443012	1948.43334960938
2836.16412456437	1943.90002441406
2838.3649125509	1937.61669921875
2840.56506867336	1949.75
2842.76459321526	1946.30004882813
2844.96348645999	1948.84997558594
2847.16174869086	1947.76672363281
2849.35938019105	1947.78332519531
2851.55638124363	1954.16662597656
2853.75275213157	1951.96667480469
2855.94849313772	1948.90002441406
2858.14360454483	1949.66662597656
2860.33808663553	1953.30004882813
2862.53193969234	1949.28332519531
2864.72516399768	1952.53332519531
2866.91775983385	1951.61669921875
2869.10972748304	1962.98327636719
2871.30106722733	1954.13330078125
2873.4917793487	1956.98327636719
2875.68186412899	1952.88330078125
2877.87132184997	1956.98327636719
2880.06015279325	1959.46667480469
2882.24835724039	1954.73327636719
2884.43593547278	1955.21667480469
2886.62288777173	1963.05004882813
2888.80921441843	1955.78332519531
2890.99491569397	1954.16662597656
2893.1799918793	1958.23327636719
2895.36444325529	1950.08337402344
2897.54827010269	1961.28332519531
2899.73147270213	1954.84997558594
2901.91405133412	1955.65002441406
2904.09600627909	1955.5
2906.27733781731	1947.61669921875
2908.45804622899	1952.58337402344
2910.63813179418	1949.48327636719
2912.81759479286	1946.09997558594
2914.99643550486	1952.25
2917.17465420994	1956.91662597656
2919.3522511877	1948.86669921875
2921.52922671765	1948.93334960938
2923.7055810792	1949.18334960938
2925.88131455162	1951.08337402344
2928.05642741408	1945.30004882813
2930.23091994566	1946.93334960938
2932.40479242528	1943.51672363281
2934.57804513178	1945.91662597656
2936.75067834387	1944.84997558594
2938.92269234017	1946.61669921875
2941.09408739916	1940.58337402344
2943.26486379921	1948.30004882813
2945.4350218186	1948.46667480469
2947.60456173546	1936.09997558594
2949.77348382783	1945.96667480469
2951.94178837363	1939.03332519531
2954.10947565068	1945.43334960938
2956.27654593666	1947.71667480469
2958.44299950915	1945.55004882813
2960.60883664562	1943.53332519531
2962.77405762341	1945.16662597656
2964.93866271975	1940.40002441406
2967.10265221178	1942.88330078125
2969.26602637648	1949.43334960938
2971.42878549076	1943.93334960938
2973.59092983139	1943.15002441406
2975.75245967501	1942.26672363281
2977.9133752982	1959.13330078125
2980.07367697736	1944.71667480469
2982.23336498882	1949.23327636719
2984.39243960877	1945.90002441406
2986.5509011133	1943.75
2988.70874977837	1956.31665039063
2990.86598587984	1942.55004882813
2993.02260969344	1949.36669921875
2995.17862149478	1935.56665039063
2997.33402155938	1947.11669921875
2999.48881016262	1946.75
3001.64298757978	1935.31665039063
3003.796554086	1944.09997558594
3005.94950995633	1943.38330078125
3008.10185546569	1949.51672363281
3010.25359088888	1949.43334960938
3012.40471650059	1948.06665039063
3014.5552325754	1946.73327636719
3016.70513938776	1944.90002441406
3018.85443721201	1941.98327636719
3021.00312632236	1943.81665039063
3023.15120699292	1945.05004882813
3025.29867949769	1944.94995117188
3027.44554411052	1947.81665039063
3029.59180110516	1942
3031.73745075527	1938.66662597656
3033.88249333434	1937.75
3036.02692911578	1935.83337402344
3038.17075837287	1941.41662597656
3040.31398137877	1930.81665039063
3042.45659840653	1938.08337402344
3044.59860972907	1930.76672363281
3046.7400156192	1941
3048.88081634961	1934.78332519531
3051.02101219287	1941.41662597656
3053.16060342144	1934.63330078125
3055.29959030765	1933.91662597656
3057.43797312371	1931.05004882813
3059.57575214172	1927.94995117188
3061.71292763366	1927.40002441406
3063.84949987139	1931.80004882813
3065.98546912665	1933.03332519531
3068.12083567105	1924.73327636719
3070.2555997761	1933
3072.38976171319	1930.94995117188
3074.52332175356	1929.58337402344
3076.65628016837	1924.26672363281
3078.78863722863	1922.53332519531
3080.92039320526	1926.88330078125
3083.05154836902	1923.48327636719
3085.1821029906	1926.66662597656
3087.31205734051	1924.86669921875
3089.44141168921	1935.19995117188
3091.57016630696	1919.11669921875
3093.69832146398	1921.09997558594
3095.82587743032	1929.33337402344
3097.9528344759	1932.34997558594
3100.07919287056	1933.43334960938
3102.204952884	1927.43334960938
3104.33011478579	1923.01672363281
3106.45467884538	1936.51672363281
3108.57864533212	1937.34997558594
3110.70201451522	1931.5
3112.82478666378	1926.75
3114.94696204676	1931.40002441406
3117.06854093301	1924.46667480469
3119.18952359127	1928.06665039063
3121.30991029013	1930.06665039063
3123.4297012981	1932.48327636719
3125.54889688352	1925.01672363281
3127.66749731464	1925.81665039063
3129.78550285957	1926.96667480469
3131.90291378633	1925.71667480469
3134.01973036277	1918.78332519531
3136.13595285665	1926.90002441406
3138.2515815356	1917.78332519531
3140.36661666714	1924.06665039063
3142.48105851863	1920.69995117188
3144.59490735734	1918.56665039063
3146.70816345041	1924.31665039063
3148.82082706486	1912.66662597656
3150.93289846758	1923.68334960938
3153.04437792532	1931.86669921875
3155.15526570475	1908.76672363281
3157.26556207238	1918.76672363281
3159.37526729461	1916.93334960938
3161.48438163771	1918.59997558594
3163.59290536784	1917.93334960938
3165.70083875102	1919.86669921875
3167.80818205315	1909.83337402344
3169.91493554002	1909.30004882813
3172.02109947727	1912.75
3174.12667413044	1914.26672363281
3176.23165976493	1916.38330078125
3178.33605664602	1917.25
3180.43986503887	1913.38330078125
3182.54308520852	1922.40002441406
3184.64571741986	1915.18334960938
3186.74776193769	1914.83337402344
3188.84921902664	1911.96667480469
3190.95008895128	1915.75
3193.05037197599	1919.31665039063
3195.15006836504	1921.90002441406
3197.24917838262	1919.73327636719
3199.34770229274	1912.30004882813
3201.44564035931	1915
3203.5429928461	1917.44995117188
3205.63976001677	1908.58337402344
3207.73594213484	1915.48327636719
3209.83153946372	1911.05004882813
3211.92655226669	1910.98327636719
3214.02098080688	1917.78332519531
3216.11482534732	1922.80004882813
3218.20808615091	1917.34997558594
3220.30076348041	1913.76672363281
3222.39285759847	1925.09997558594
3224.4843687676	1906.25
3226.57529725019	1913.61669921875
3228.66564330851	1902.31665039063
3230.75540720468	1900.03332519531
3232.8445892007	1911.11669921875
3234.93318955847	1910.44995117188
3237.02120853974	1900.88330078125
3239.10864640612	1904.09997558594
3241.19550341911	1907.31665039063
3243.28177984009	1902.40002441406
3245.36747593029	1897.56665039063
3247.45259195083	1904.91662597656
3249.53712816268	1902.58337402344
3251.62108482672	1899.91662597656
3253.70446220366	1902.46667480469
3255.78726055411	1896.65002441406
3257.86948013853	1896.33337402344
3259.95112121728	1894.40002441406
3262.03218405055	1900.05004882813
3264.11266889845	1889
3266.19257602092	1896.58337402344
3268.27190567779	1892.86669921875
3270.35065812876	1895.43334960938
3272.4288336334	1895.63330078125
3274.50643245114	1896.61669921875
3276.5834548413	1886.06665039063
3278.65990106305	1890.28332519531
3280.73577137545	1883.63330078125
3282.81106603742	1889.18334960938
3284.88578530774	1893.05004882813
3286.95992944508	1884.53332519531
3289.03349870796	1886.94995117188
3291.1064933548	1888.78332519531
3293.17891364384	1893.59997558594
3295.25075983324	1890.63330078125
3297.322032181	1882.36669921875
3299.39273094501	1892.61669921875
3301.462856383	1885.69995117188
3303.53240875259	1885.83337402344
3305.60138831128	1888.80004882813
3307.6697953164	1890.18334960938
3309.73763002519	1890.69995117188
3311.80489269472	1888.30004882813
3313.87158358198	1888.84997558594
3315.93770294378	1894.86669921875
3318.00325103681	1893.30004882813
3320.06822811764	1887.44995117188
3322.13263444272	1877.75
3324.19647026832	1890.98327636719
3326.25973585064	1884.56665039063
3328.32243144568	1895.41662597656
3330.38455730938	1884.94995117188
3332.44611369749	1892.34997558594
3334.50710086564	1889.65002441406
3336.56751906936	1890.19995117188
3338.62736856401	1889.51672363281
3340.68664960483	1882.98327636719
3342.74536244693	1886.84997558594
3344.80350734528	1891.48327636719
3346.86108455472	1883.01672363281
3348.91809432997	1881.88330078125
3350.97453692559	1881.51672363281
3353.03041259603	1878.05004882813
3355.08572159559	1880.91662597656
3357.14046417844	1876.21667480469
3359.19464059863	1873.21667480469
3361.24825111005	1875.44995117188
3363.30129596648	1866.56665039063
3365.35377542155	1874.63330078125
3367.40568972878	1874.81665039063
3369.45703914152	1876.86669921875
3371.507823913	1873.31665039063
3373.55804429633	1870.36669921875
3375.60770054446	1874.80004882813
3377.65679291024	1874.30004882813
3379.70532164635	1868.53332519531
3381.75328700534	1860.58337402344
3383.80068923965	1865.40002441406
3385.84752860155	1862.80004882813
3387.89380534321	1857.5
3389.93951971664	1871.68334960938
3391.98467197371	1862.26672363281
3394.02926236618	1866.36669921875
3396.07329114566	1863.63330078125
3398.1167585636	1862.78332519531
3400.15966487137	1864.16662597656
3402.20201032014	1862.09997558594
3404.24379516099	1865.21667480469
3406.28501964484	1872.19995117188
3408.3256840225	1862.5
3410.3657885446	1864.59997558594
3412.40533346167	1865.31665039063
3414.44431902408	1865.69995117188
3416.48274548209	1862.63330078125
3418.5206130858	1859.73327636719
3420.55792208516	1859.55004882813
3422.59467273003	1859.09997558594
3424.63086527009	1862.19995117188
3426.6664999549	1859.40002441406
3428.70157703386	1859.76672363281
3430.73609675628	1860.19995117188
3432.77005937129	1853.55004882813
3434.80346512789	1855.96667480469
3436.83631427494	1855.76672363281
3438.86860706119	1860.13330078125
3440.90034373521	1859.94995117188
3442.93152454546	1861.33337402344
3444.96214974025	1854.63330078125
3446.99221956775	1853.98327636719
3449.021734276	1853.91662597656
3451.05069411289	1844.90002441406
3453.07909932619	1842.55004882813
3455.1069501635	1853.98327636719
3457.1342468723	1847.21667480469
3459.16098969993	1852.73327636719
3461.1871788936	1845.88330078125
3463.21281470035	1844.23327636719
3465.23789736712	1839.5
3467.26242714067	1839.59997558594
3469.28640426765	1840.73327636719
3471.30982899455	1835.63330078125
3473.33270156774	1834.08337402344
3475.35502223343	1840.19995117188
3477.3767912377	1829.90002441406
3479.39800882649	1837.15002441406
3481.41867524559	1833.73327636719
3483.43879074066	1832.51672363281
3485.45835555721	1839.06665039063
3487.47736994062	1833.21667480469
3489.49583413611	1829.06665039063
3491.51374838879	1825.58337402344
3493.53111294359	1831.88330078125
3495.54792804533	1830.46667480469
3497.56419393867	1826.05004882813
3499.57991086814	1822.15002441406
3501.59507907811	1822.46667480469
3503.60969881284	1834.68334960938
3505.6237703164	1820.80004882813
3507.63729383278	1823.19995117188
3509.65026960577	1816.41662597656
3511.66269787904	1817.58337402344
3513.67457889613	1815.18334960938
3515.68591290042	1823.15002441406
3517.69670013515	1818.16662597656
3519.70694084342	1815.76672363281
3521.7166352682	1820.11669921875
3523.72578365229	1817.78332519531
3525.73438623836	1814.34997558594
3527.74244326893	1820.15002441406
3529.74995498641	1824.21667480469
3531.75692163301	1817.80004882813
3533.76334345084	1818.19995117188
3535.76922068186	1813.65002441406
3537.77455356786	1816.88330078125
3539.77934235051	1817.30004882813
3541.78358727133	1814.5
3543.78728857169	1812.55004882813
3545.79044649283	1815.18334960938
3547.79306127584	1812.68334960938
3549.79513316164	1812.18334960938
3551.79666239104	1810.75
3553.79764920469	1812.94995117188
3555.7980938431	1814.55004882813
3557.79799654663	1809.58337402344
3559.79735755548	1816.88330078125
3561.79617710974	1808
3563.79445544932	1816.69995117188
3565.79219281401	1802.69995117188
3567.78938944344	1801.84997558594
3569.7860455771	1802.63330078125
3571.78216145432	1795.59997558594
3573.77773731431	1801.51672363281
3575.7727733961	1799.16662597656
3577.76726993861	1801.11669921875
3579.76122718059	1794.21667480469
3581.75464536064	1795.33337402344
3583.74752471725	1796.23327636719
3585.7398654887	1792.40002441406
3587.73166791317	1795.34997558594
3589.7229322287	1794.05004882813
3591.71365867314	1797.5
3593.70384748424	1791.19995117188
3595.69349889955	1784.69995117188
3597.68261315654	1786.03332519531
3599.67119049245	1784.16662597656
3601.65923114446	1781.18334960938
3603.64673534952	1789.83337402344
3605.63370334449	1783.38330078125
3607.62013536607	1787.68334960938
3609.60603165079	1784.98327636719
3611.59139243504	1779.09997558594
3613.57621795509	1768.30004882813
3615.56050844701	1772.63330078125
3617.54426414677	1775.41662597656
3619.52748529017	1764.44995117188
3621.51017211285	1772.11669921875
3623.49232485031	1771.05004882813
3625.47394373792	1774.76672363281
3627.45502901088	1766.84997558594
3629.43558090423	1762.76672363281
3631.41559965288	1768.71667480469
3633.3950854916	1767.58337402344
3635.37403865498	1763.26672363281
3637.35245937747	1766.08337402344
3639.33034789339	1767.41662597656
3641.30770443688	1770.53332519531
3643.28452924196	1762.06665039063
3645.26082254248	1759.46667480469
3647.23658457212	1766.73327636719
3649.21181556447	1765.28332519531
3651.18651575291	1764.41662597656
3653.16068537069	1758.28332519531
3655.13432465092	1763.91662597656
3657.10743382653	1767.90002441406
3659.08001313034	1763.76672363281
3661.05206279498	1758.84997558594
3663.02358305295	1758.11669921875
3664.9945741366	1759.65002441406
3666.96503627811	1759.01672363281
3668.93496970952	1757.09997558594
3670.90437466272	1755.96667480469
3672.87325136944	1749.01672363281
3674.84160006127	1763.01672363281
3676.80942096963	1761.23327636719
3678.77671432581	1755.98327636719
3680.74348036092	1752.56665039063
3682.70971930595	1752.66662597656
3684.6754313917	1755.09997558594
3686.64061684885	1755.05004882813
3688.60527590791	1744.01672363281
3690.56940879924	1753.83337402344
3692.53301575303	1748.19995117188
3694.49609699936	1745.05004882813
3696.45865276812	1749.96667480469
3698.42068328904	1747.23327636719
3700.38218879173	1749.66662597656
3702.34316950563	1743.30004882813
3704.30362566	1746.56665039063
3706.26355748399	1743.5
3708.22296520657	1742.13330078125
3710.18184905656	1741.03332519531
3712.14020926263	1739.15002441406
3714.09804605328	1737.08337402344
3716.05535965687	1729.30004882813
3718.01215030162	1740.40002441406
3719.96841821555	1733.81665039063
3721.92416362657	1736.55004882813
3723.8793867624	1728.63330078125
3725.83408785063	1729.93334960938
3727.78826711869	1725.59997558594
3729.74192479384	1719.18334960938
3731.69506110319	1728.16662597656
3733.64767627371	1726.91662597656
3735.59977053219	1723.61669921875
3737.55134410528	1724.40002441406
3739.50239721947	1726.31665039063
3741.45293010108	1720.76672363281
3743.40294297631	1715.19995117188
3745.35243607116	1720.93334960938
3747.3014096115	1712.51672363281
3749.24986382303	1721
3751.19779893131	1722.03332519531
3753.14521516171	1715.5
3755.09211273949	1717.44995117188
3757.0384918897	1717.46667480469
3758.98435283728	1710.34997558594
3760.92969580698	1710.16662597656
3762.87452102341	1706.65002441406
3764.81882871101	1711.25
3766.76261909407	1710.06665039063
3768.70589239672	1706.71667480469
3770.64864884293	1710
3772.59088865651	1710.48327636719
3774.53261206112	1705.40002441406
3776.47381928025	1710.59997558594
