-173.428722450078	1147.16662597656
-170.294344013779	1146.69995117188
-167.160990304052	1145.53332519531
-164.028660894548	1146.90002441406
-160.897355359205	1145.94995117188
-157.767073272189	1146.23327636719
-154.637814207931	1147.53332519531
-151.50957774112	1146.51672363281
-148.382363446704	1146.19995117188
-145.256170899859	1147.01672363281
-142.130999676054	1145.93334960938
-139.006849350965	1146.43334960938
-135.883719500571	1146.78332519531
-132.761609701053	1145.88330078125
-129.640519528863	1145.84997558594
-126.520448560715	1146.28332519531
-123.401396373553	1146.51672363281
-120.28336254458	1146.28332519531
-117.166346651252	1146.30004882813
-114.050348271258	1146.56665039063
-110.935366982541	1146.38330078125
-107.821402363301	1145.76672363281
-104.708453991972	1146.5
-101.596521447235	1146.28332519531
-98.4856043080122	1146.55004882813
-95.3757021534957	1146.83337402344
-92.2668145630801	1146.88330078125
-89.1589411164452	1147.40002441406
-86.0520813934781	1146.16662597656
-82.946234974338	1146.65002441406
-79.8414014394074	1146.73327636719
-76.7375803693083	1146.58337402344
-73.6347713449181	1146.61669921875
-70.532973947345	1145.86669921875
-67.4321877579402	1146.53332519531
-64.3324123582935	1147.31665039063
-61.2336473302252	1146.48327636719
-58.1358922558143	1147.03332519531
-55.0391467173494	1146.34997558594
-51.9434102973817	1147.43334960938
-48.8486825786838	1146.90002441406
-45.7549631442702	1146.33337402344
-42.662251577389	1145.75
-39.5705474615295	1146.61669921875
-36.4798503804062	1146.43334960938
-33.3901599179706	1146.76672363281
-30.301475658403	1146.80004882813
-27.2137971861287	1146.90002441406
-24.1271240858053	1146.93334960938
-21.0414559423028	1145.86669921875
-17.9567923407513	1146.36669921875
-14.8731328664812	1147.18334960938
-11.7904771050747	1145.66662597656
-8.70882464233763	1147.84997558594
-5.62817506431157	1146.33337402344
-2.54852795725342	1147.41662597656
0.530117092344597	1153.23327636719
3.6077604977471	1153.91662597656
6.68440267202787	1150.23327636719
9.76004402799773	1147.23327636719
12.8346849782609	1146.33337402344
15.9083259351831	1146.55004882813
18.9809673109237	1146.81665039063
22.0526095173877	1146.03332519531
25.1232529662903	1145.83337402344
28.1928980690886	1147.23327636719
31.2615452370419	1146.75
34.32919488118	1146.36669921875
37.3958474123071	1146.59997558594
40.4615032409942	1146.46667480469
43.5261627776189	1146.31665039063
46.58982643231	1146.93334960938
49.6524946149833	1146.44995117188
52.7141677353456	1146.44995117188
55.7748462028835	1146.59997558594
58.8345304268427	1147.18334960938
61.8932208162729	1147.34997558594
64.9509177800033	1146.15002441406
68.0076217266271	1146.58337402344
71.0633330645419	1146.66662597656
74.118052201909	1147.34997558594
77.1717795467022	1152.68334960938
80.224515506648	1166.71667480469
83.2762604892772	1194.46667480469
86.3270149018856	1229.13330078125
89.3767791515896	1248.08337402344
92.4255536452548	1254.56665039063
95.4733387895519	1258.01672363281
98.5201349909248	1263.05004882813
101.565942655643	1261.94995117188
104.610762189717	1256.33337402344
107.654593998963	1256.75
110.697438488996	1259.5
113.739296065204	1260.34997558594
116.78016713278	1255
119.820052096698	1254.69995117188
122.85895136172	1253.06665039063
125.896865332408	1248.5
128.933794413111	1250.21667480469
131.969739007965	1243.61669921875
135.004699520911	1245.65002441406
138.038676355664	1243.94995117188
141.071669915751	1242.5
144.103680604487	1241.31665039063
147.134708824975	1238.5
150.164754980118	1238.36669921875
153.193819472611	1237.19995117188
156.221902704945	1236.01672363281
159.24900507942	1235.63330078125
162.275126998099	1237.38330078125
165.300268862873	1235.5
168.324431075425	1236.34997558594
171.347614037231	1235.15002441406
174.369818149562	1234.48327636719
177.391043813491	1233.23327636719
180.411291429897	1233.31665039063
183.430561399437	1235.11669921875
186.448854122582	1233.21667480469
189.466169999607	1233.16662597656
192.482509430598	1234
195.497872815412	1233.68334960938
198.512260553716	1235.55004882813
201.525673045011	1234
204.538110688552	1233.75
207.549573883427	1232.93334960938
210.560063028519	1231.56665039063
213.569578522523	1233.78332519531
216.578120763917	1230.38330078125
219.585690151021	1230.98327636719
222.592287081907	1232.23327636719
225.597911954507	1232.91662597656
228.602565166512	1231.19995117188
231.606247115456	1233.81665039063
234.608958198646	1233.01672363281
237.610698813222	1233.90002441406
240.611469356122	1234.23327636719
243.611270224103	1232.66662597656
246.610101813707	1236.05004882813
249.607964521295	1235.11669921875
252.604858743044	1233.86669921875
255.600784874935	1233.88330078125
258.595743312749	1238.31665039063
261.589734452097	1234.33337402344
264.582758688393	1235.26672363281
267.574816416842	1236.5
270.565908032503	1234.30004882813
273.556033930195	1236.51672363281
276.545194504586	1234.76672363281
279.533390150138	1235.81665039063
282.520621261151	1234.84997558594
285.506888231708	1234.41662597656
288.49219145571	1234.56665039063
291.476531326902	1239.23327636719
294.459908238794	1236.38330078125
297.442322584762	1237.5
300.423774757966	1238.84997558594
303.404265151375	1241.68334960938
306.383794157805	1237.48327636719
309.362362169862	1241.06665039063
312.339969579982	1236.56665039063
315.316616780414	1239.16662597656
318.292304163227	1235.08337402344
321.267032120295	1237.08337402344
324.24080104332	1235.08337402344
327.213611323833	1233.59997558594
330.185463353171	1234.71667480469
333.156357522491	1235.94995117188
336.126294222774	1234.53332519531
339.095273844812	1231.65002441406
342.063296779227	1231.80004882813
345.030363416467	1230.48327636719
347.996474146782	1229.76672363281
350.961629360257	1232.16662597656
353.925829446806	1229.46667480469
356.889074796147	1228.83337402344
359.851365797829	1232.46667480469
362.812702841222	1230.55004882813
365.773086315536	1232.86669921875
368.732516609768	1232.71667480469
371.690994112778	1227.71667480469
374.648519213243	1229.98327636719
377.605092299631	1231.06665039063
380.560713760273	1227.48327636719
383.515383983307	1231.43334960938
386.469103356711	1231.11669921875
389.421872268273	1228.71667480469
392.373691105615	1231.15002441406
395.32456025619	1224.73327636719
398.274480107272	1225.98327636719
401.223451045967	1225.40002441406
404.171473459202	1226.58337402344
407.118547733728	1227.90002441406
410.064674256155	1227.03332519531
413.009853412892	1226.75
415.954085590181	1229.51672363281
418.8973711741	1228.48327636719
421.83971055055	1225.21667480469
424.781104105281	1226.98327636719
427.721552223856	1229.71667480469
430.661055291665	1227.80004882813
433.599613693946	1228.09997558594
436.537227815752	1226.94995117188
439.473898041993	1229.69995117188
442.409624757378	1229.58337402344
445.344408346476	1228.63330078125
448.278249193683	1227.33337402344
451.211147683207	1224.71667480469
454.143104199122	1225.40002441406
457.074119125312	1221.94995117188
460.004192845497	1222.71667480469
462.933325743267	1224.66662597656
465.861518202001	1225.71667480469
468.788770604917	1224.93334960938
471.71508333511	1227.56665039063
474.640456775471	1224.51672363281
477.564891308737	1227.15002441406
480.488387317487	1229.46667480469
483.410945184141	1229
486.332565290942	1228.11669921875
489.253248019986	1232.09997558594
492.172993753197	1229.88330078125
495.091802872338	1231.91662597656
498.009675759011	1234.53332519531
500.926612794666	1233.65002441406
503.842614360571	1240.73327636719
506.757680837864	1252.81665039063
509.671812607493	1274.18334960938
512.585010050263	1343.86669921875
515.497273546817	1567.40002441406
518.408603477637	1946.19995117188
521.319000223045	1983.01672363281
524.228464163205	1670.48327636719
527.136995678121	1439.13330078125
530.044595147647	1338.90002441406
532.951262951471	1286.51672363281
535.856999469123	1259.03332519531
538.761805079986	1249.93334960938
541.665680163279	1241.11669921875
544.568625098049	1233.86669921875
547.470640263216	1231
550.371726037533	1228.09997558594
553.271882799588	1227.31665039063
556.171110927825	1227.28332519531
559.069410800531	1223.93334960938
561.966782795823	1223.13330078125
564.863227291685	1222.03332519531
567.758744665944	1225.08337402344
570.653335296256	1223.66662597656
573.546999560148	1220.83337402344
576.439737834969	1224.5
579.331550497935	1221.5
582.222437926093	1222.44995117188
585.112400496356	1224.28332519531
588.001438585469	1221.78332519531
590.889552570021	1224.25
593.77674282648	1222.88330078125
596.663009731132	1222
599.548353660116	1222.65002441406
602.432774989433	1220.30004882813
605.316274094926	1220.88330078125
608.198851352303	1222.40002441406
611.080507137075	1225.06665039063
613.961241824667	1223.31665039063
616.841055790315	1224.61669921875
619.71994940911	1223.19995117188
622.597923056008	1222.71667480469
625.474977105798	1223.81665039063
628.351111933143	1224.96667480469
631.22632791255	1224.73327636719
634.10062541835	1223.53332519531
636.97400482478	1221.76672363281
639.846466505882	1221.53332519531
642.718010835585	1225.75
645.58863818764	1222.68334960938
648.458348935679	1223.46667480469
651.327143453188	1222.30004882813
654.195022113475	1225.63330078125
657.061985289745	1224.53332519531
659.928033355022	1223.33337402344
662.79316668221	1225.09997558594
665.657385644057	1222.88330078125
668.520690613176	1224.61669921875
671.383081962017	1223.65002441406
674.244560062899	1223.08337402344
677.105125288002	1221.28332519531
679.964778009343	1223.36669921875
682.823518598832	1221.40002441406
685.681347428202	1222.48327636719
688.538264869057	1220.09997558594
691.394271292855	1222.44995117188
694.249367070914	1221.36669921875
697.103552574412	1221.86669921875
699.956828174378	1220.73327636719
702.809194241715	1221.40002441406
705.660651147175	1221.48327636719
708.511199261361	1216.65002441406
711.360838954755	1219.66662597656
714.209570597676	1220.33337402344
717.057394560329	1221.15002441406
719.90431121275	1219.31665039063
722.750320924861	1219.56665039063
725.59542406643	1219.16662597656
728.439621007094	1217.11669921875
731.282912116347	1220.48327636719
734.125297763539	1220.69995117188
736.966778317898	1220.65002441406
739.807354148498	1220.33337402344
742.647025624275	1221.88330078125
745.485793114042	1220.18334960938
748.323656986468	1222.30004882813
751.160617610072	1221.36669921875
753.996675353258	1219.53332519531
756.831830584275	1221.19995117188
759.666083671249	1222.03332519531
762.499434982158	1220.38330078125
765.331884884853	1221.58337402344
768.163433747055	1223.21667480469
770.994081936328	1218.91662597656
773.823829820116	1219.84997558594
776.652677765732	1219.58337402344
779.480626140347	1218.78332519531
782.307675310993	1221.73327636719
785.133825644576	1219.94995117188
787.959077507869	1221.93334960938
790.783431267511	1220.30004882813
793.606887289986	1218.84997558594
796.429445941685	1221.53332519531
799.251107588836	1221.43334960938
802.071872597536	1221.58337402344
804.891741333751	1221.19995117188
807.71071416334	1222.03332519531
810.528791451981	1220.73327636719
813.345973565269	1218.80004882813
816.162260868638	1221.66662597656
818.977653727395	1223.23327636719
821.792152506717	1221.80004882813
824.605757571661	1219.51672363281
827.418469287133	1222.43334960938
830.230288017926	1220.11669921875
833.0412141287	1219.98327636719
835.851247983973	1222.48327636719
838.660389948141	1221.44995117188
841.468640385466	1220.61669921875
844.27599966009	1222.31665039063
847.082468136026	1221.80004882813
849.888046177135	1220.88330078125
852.692734147171	1221.63330078125
855.496532409758	1223.51672363281
858.29944132839	1220.65002441406
861.10146126642	1221.84997558594
863.902592587094	1220.90002441406
866.702835653509	1225.09997558594
869.502190828641	1220.78332519531
872.300658475353	1220.73327636719
875.098238956361	1220.88330078125
877.894932634271	1221.28332519531
880.690739871548	1219.68334960938
883.485661030531	1223.58337402344
886.279696473447	1220.5
889.072846562376	1222.53332519531
891.86511165929	1221.25
894.65649212603	1220.03332519531
897.446988324303	1220.96667480469
900.236600615703	1221.90002441406
903.025329361687	1221.36669921875
905.813174923597	1222.11669921875
908.600137662639	1221.59997558594
911.38621793991	1222.51672363281
914.171416116365	1219.96667480469
916.95573255285	1223.28332519531
919.739167610082	1223.01672363281
922.521721648641	1225.01672363281
925.303395029005	1228.65002441406
928.084188111517	1228.51672363281
930.864101256396	1233.46667480469
933.643134823733	1237.34997558594
936.42128917351	1239.94995117188
939.198564665577	1245.21667480469
941.97496165967	1249.31665039063
944.750480515391	1245.83337402344
947.525121592226	1248.69995117188
950.298885249534	1248.53332519531
953.071771846555	1244.16662597656
955.843781742413	1245.44995117188
958.614915296108	1245.98327636719
961.385172866513	1246.91662597656
964.154554812387	1247.11669921875
966.92306149236	1248.21667480469
969.690693264949	1250.06665039063
972.457450488552	1249.26672363281
975.223333521431	1244.81665039063
977.988342721749	1246.5
980.752478447535	1248.03332519531
983.515741056708	1247.55004882813
986.278130907059	1244.56665039063
989.039648356259	1241.30004882813
991.800293761863	1238.94995117188
994.560067481312	1236.09997558594
997.318969871913	1234.19995117188
1000.07700129088	1231.98327636719
1002.83416209528	1228
1005.59045264208	1228.53332519531
1008.34587328813	1225.90002441406
1011.10042439014	1224.03332519531
1013.85410630472	1223.33337402344
1016.60691938837	1223.98327636719
1019.35886399746	1225.71667480469
1022.10994048823	1226.18334960938
1024.86014921684	1223.03332519531
1027.60949053928	1224.36669921875
1030.35796481149	1221.51672363281
1033.10557238924	1223.21667480469
1035.85231362819	1221.55004882813
1038.5981888839	1218.23327636719
1041.34319851182	1218
1044.08734286727	1217.15002441406
1046.83062230544	1217.11669921875
1049.57303718143	1217.26672363281
1052.31458785021	1217.11669921875
1055.05527466665	1216.09997558594
1057.79509798549	1218.40002441406
1060.53405816134	1218.5
1063.27215554874	1217.75
1066.00939050209	1215.61669921875
1068.74576337565	1217.91662597656
1071.48127452361	1216.81665039063
1074.21592430002	1218.31665039063
1076.94971305882	1217.19995117188
1079.68264115384	1216.86669921875
1082.41470893879	1214.58337402344
1085.14591676728	1217.61669921875
1087.8762649928	1215.26672363281
1090.60575396871	1213.21667480469
1093.33438404827	1216.05004882813
1096.06215558464	1217.31665039063
1098.78906893086	1215.43334960938
1101.51512443981	1212.78332519531
1104.24032246435	1215.05004882813
1106.96466335716	1213.90002441406
1109.68814747081	1215.71667480469
1112.41077515779	1216.34997558594
1115.13254677044	1215.15002441406
1117.85346266104	1215.69995117188
1120.57352318169	1213.25
1123.29272868445	1214.65002441406
1126.01107952121	1214.75
1128.72857604378	1212.15002441406
1131.44521860385	1212.40002441406
1134.16100755301	1213.93334960938
1136.87594324271	1213.44995117188
1139.59002602433	1212.83337402344
1142.3032562491	1214.01672363281
1145.01563426818	1216.44995117188
1147.72716043257	1219.26672363281
1150.43783509322	1218.96667480469
1153.14765860091	1219
1155.85663130634	1220.51672363281
1158.56475356012	1215.28332519531
1161.27202571271	1215.03332519531
1163.97844811448	1213.16662597656
1166.68402111569	1214.81665039063
1169.38874506649	1217.46667480469
1172.09262031694	1213.16662597656
1174.79564721695	1214.90002441406
1177.49782611635	1214.76672363281
1180.19915736486	1214.28332519531
1182.89964131208	1215.05004882813
1185.59927830751	1214.36669921875
1188.29806870054	1215.08337402344
1190.99601284046	1213.56665039063
1193.69311107643	1216.94995117188
1196.38936375753	1213.58337402344
1199.08477123271	1214.61669921875
1201.77933385082	1212.59997558594
1204.47305196061	1213.28332519531
1207.1659259107	1213.69995117188
1209.85795604964	1212.09997558594
1212.54914272585	1215.91662597656
1215.23948628763	1216.25
1217.92898708319	1215.16662597656
1220.61764546064	1216.33337402344
1223.30546176798	1219.56665039063
1225.99243635308	1217.78332519531
1228.67856956373	1217.23327636719
1231.36386174761	1216.38330078125
1234.04831325228	1215.28332519531
1236.73192442522	1214.06665039063
1239.41469561377	1215.13330078125
1242.09662716519	1217.19995117188
1244.77771942662	1213
1247.45797274511	1214.86669921875
1250.13738746759	1214.33337402344
1252.81596394089	1215.98327636719
1255.49370251175	1215.06665039063
1258.17060352676	1217
1260.84666733246	1215.38330078125
1263.52189427525	1217.15002441406
1266.19628470144	1217.26672363281
1268.86983895722	1215.84997558594
1271.5425573887	1217.63330078125
1274.21444034186	1219.34997558594
1276.8854881626	1218.33337402344
1279.55570119671	1216.59997558594
1282.22507978985	1217.25
1284.89362428759	1217.75
1287.56133503543	1218.25
1290.22821237872	1221.41662597656
1292.89425666274	1219.46667480469
1295.55946823263	1221.56665039063
1298.22384743346	1222.15002441406
1300.88739461019	1220.58337402344
1303.55011010766	1215.06665039063
1306.21199427063	1216.34997558594
1308.87304744373	1215.63330078125
1311.53326997152	1215.31665039063
1314.19266219843	1216.55004882813
1316.8512244688	1213.66662597656
1319.50895712687	1216.26672363281
1322.16586051676	1212.56665039063
1324.82193498252	1213.63330078125
1327.47718086806	1211.78332519531
1330.1315985172	1214.43334960938
1332.78518827369	1214.44995117188
1335.43795048114	1213.38330078125
1338.08988548307	1215.38330078125
1340.74099362289	1212.63330078125
1343.39127524392	1214.16662597656
1346.04073068939	1213.98327636719
1348.6893603024	1212.73327636719
1351.33716442597	1214.03332519531
1353.98414340301	1213.13330078125
1356.63029757632	1211.69995117188
1359.27562728863	1213.55004882813
1361.92013288252	1212.26672363281
1364.56381470053	1213.09997558594
1367.20667308505	1210.68334960938
1369.84870837838	1210.68334960938
1372.48992092274	1212
1375.13031106023	1212.31665039063
1377.76987913284	1211.23327636719
1380.40862548251	1211.55004882813
1383.04655045101	1209.98327636719
1385.68365438006	1211.06665039063
1388.31993761126	1211.65002441406
1390.95540048612	1212.75
1393.59004334605	1212.05004882813
1396.22386653233	1210.30004882813
1398.85687038619	1212.48327636719
1401.48905524873	1213.98327636719
1404.12042146094	1212.53332519531
1406.75096936375	1214.63330078125
1409.38069929796	1215.25
1412.00961160428	1212.5
1414.63770662332	1213.71667480469
1417.26498469557	1212.06665039063
1419.89144616146	1212.76672363281
1422.51709136132	1211.59997558594
1425.14192063532	1213.63330078125
1427.76593432361	1212.06665039063
1430.3891327662	1211.18334960938
1433.01151630299	1209.06665039063
1435.63308527382	1211.33337402344
1438.2538400184	1211.48327636719
1440.87378087637	1213.93334960938
1443.49290818722	1211.98327636719
1446.1112222904	1214.28332519531
1448.72872352524	1214.31665039063
1451.34541223097	1214.06665039063
1453.96128874671	1216.43334960938
1456.5763534115	1215.86669921875
1459.19060656429	1212.46667480469
1461.8040485439	1214.41662597656
1464.41667968907	1212.08337402344
1467.02850033846	1212.56665039063
1469.63951083061	1212.65002441406
1472.24971150397	1216.26672363281
1474.8591026969	1212.76672363281
1477.46768474763	1215.26672363281
1480.07545799434	1211.68334960938
1482.68242277508	1214.28332519531
1485.28857942782	1213.01672363281
1487.89392829042	1210.38330078125
1490.49846970065	1210.91662597656
1493.10220399619	1211.56665039063
1495.70513151461	1209.08337402344
1498.30725259339	1210.01672363281
1500.90856756992	1212.46667480469
1503.50907678146	1210.83337402344
1506.10878056524	1208.55004882813
1508.70767925832	1211.40002441406
1511.30577319772	1209.51672363281
1513.90306272032	1206.93334960938
1516.49954816295	1207.30004882813
1519.09522986229	1208.88330078125
1521.69010815498	1208.13330078125
1524.28418337751	1209.86669921875
1526.87745586632	1210.26672363281
1529.46992595773	1207.30004882813
1532.06159398796	1206.63330078125
1534.65246029316	1209.53332519531
1537.24252520935	1209.88330078125
1539.83178907249	1209.18334960938
1542.42025221841	1207.48327636719
1545.00791498287	1209.71667480469
1547.59477770152	1209.84997558594
1550.18084070993	1210.5
1552.76610434356	1207.68334960938
1555.35056893777	1207.34997558594
1557.93423482785	1208.91662597656
1560.51710234896	1210.28332519531
1563.0991718362	1211.15002441406
1565.68044362457	1210.46667480469
1568.26091804893	1208.03332519531
1570.84059544411	1211.81665039063
1573.41947614481	1211.33337402344
1575.99756048562	1211.94995117188
1578.57484880108	1210.33337402344
1581.15134142559	1213.03332519531
1583.72703869349	1212.44995117188
1586.301940939	1213.15002441406
1588.87604849628	1213.06665039063
1591.44936169934	1215.06665039063
1594.02188088215	1216.65002441406
1596.59360637855	1221.26672363281
1599.16453852232	1225.08337402344
1601.73467764709	1230.91662597656
1604.30402408647	1231.84997558594
1606.87257817391	1230
1609.44034024281	1226.46667480469
1612.00731062644	1224.81665039063
1614.57348965801	1216.21667480469
1617.13887767062	1218.30004882813
1619.70347499726	1215.65002441406
1622.26728197086	1212.66662597656
1624.83029892423	1215.94995117188
1627.39252619012	1216.25
1629.95396410112	1219.59997558594
1632.5146129898	1221.5
1635.07447318858	1220.59997558594
1637.63354502984	1220.46667480469
1640.19182884582	1215.53332519531
1642.74932496868	1211.44995117188
1645.3060337305	1210.41662597656
1647.86195546325	1209.78332519531
1650.41709049882	1207.90002441406
1652.971439169	1207.98327636719
1655.52500180548	1207.25
1658.07777873987	1206.76672363281
1660.62977030368	1207.88330078125
1663.18097682833	1208.41662597656
1665.73139864514	1208.38330078125
1668.28103608534	1206.66662597656
1670.82988948008	1210.28332519531
1673.37795916039	1208.98327636719
1675.92524545724	1209.69995117188
1678.47174870147	1208.83337402344
1681.01746922386	1209.73327636719
1683.56240735508	1208.05004882813
1686.10656342572	1206.53332519531
1688.64993776626	1208.46667480469
1691.19253070709	1208.19995117188
1693.73434257853	1209.21667480469
1696.27537371078	1208.21667480469
1698.81562443395	1206.96667480469
1701.35509507809	1207
1703.89378597311	1209.25
1706.43169744886	1209.41662597656
1708.96882983509	1211.01672363281
1711.50518346144	1210.46667480469
1714.0407586575	1210.59997558594
1716.57555575272	1213.61669921875
1719.10957507649	1215.58337402344
1721.64281695809	1216.13330078125
1724.17528172671	1216.15002441406
1726.70696971146	1217.94995117188
1729.23788124135	1215.68334960938
1731.7680166453	1214.38330078125
1734.29737625213	1214.11669921875
1736.82596039057	1212.81665039063
1739.35376938927	1211.65002441406
1741.88080357677	1209.61669921875
1744.40706328154	1208.15002441406
1746.93254883193	1207.59997558594
1749.45726055623	1210.91662597656
1751.9811987826	1206.48327636719
1754.50436383915	1208.63330078125
1757.02675605387	1205.76672363281
1759.54837575466	1208.26672363281
1762.06922326934	1205.96667480469
1764.58929892564	1207.30004882813
1767.10860305118	1207.15002441406
1769.6271359735	1207.16662597656
1772.14489802005	1205.66662597656
1774.66188951817	1207.65002441406
1777.17811079515	1206.33337402344
1779.69356217815	1207.13330078125
1782.20824399425	1204.05004882813
1784.72215657043	1205.31665039063
1787.23530023361	1208.01672363281
1789.74767531057	1205.18334960938
1792.25928212804	1206.75
1794.77012101264	1206.43334960938
1797.2801922909	1205.68334960938
1799.78949628926	1203.05004882813
1802.29803333406	1206.23327636719
1804.80580375158	1205.51672363281
1807.31280786797	1205.13330078125
1809.81904600929	1205.21667480469
1812.32451850154	1206.68334960938
1814.82922567061	1205.81665039063
1817.33316784231	1204.53332519531
1819.83634534233	1206.53332519531
1822.33875849629	1205.33337402344
1824.84040762973	1206.25
1827.34129306808	1207.65002441406
1829.84141513667	1206.15002441406
1832.34077416077	1205.66662597656
1834.83937046553	1205.33337402344
1837.33720437602	1205.15002441406
1839.83427621723	1206.31665039063
1842.33058631404	1204.03332519531
1844.82613499125	1205.48327636719
1847.32092257355	1206.36669921875
1849.81494938558	1203.31665039063
1852.30821575184	1204.36669921875
1854.80072199677	1205.83337402344
1857.29246844473	1206.56665039063
1859.78345541994	1206.69995117188
1862.27368324658	1208.69995117188
1864.76315224871	1204.63330078125
1867.2518627503	1206.59997558594
1869.73981507524	1206.36669921875
1872.22700954733	1204.46667480469
1874.71344649027	1205.26672363281
1877.19912622768	1206.43334960938
1879.68404908308	1204.23327636719
1882.16821537988	1204.36669921875
1884.65162544145	1203.94995117188
1887.13427959102	1205.65002441406
1889.61617815175	1204.13330078125
1892.0973214467	1207.30004882813
1894.57770979887	1206.13330078125
1897.05734353113	1203.88330078125
1899.53622296628	1204.68334960938
1902.014348427	1204.71667480469
1904.49172023593	1206.83337402344
1906.96833871558	1204.19995117188
1909.44420418839	1207.83337402344
1911.91931697668	1204.91662597656
1914.39367740272	1206.86669921875
1916.86728578865	1205.63330078125
1919.34014245654	1205.84997558594
1921.81224772838	1205.46667480469
1924.28360192604	1206.09997558594
1926.75420537132	1203.48327636719
1929.22405838593	1207.16662597656
1931.69316129147	1205.48327636719
1934.16151440948	1203.83337402344
1936.62911806136	1202.33337402344
1939.09597256848	1205.48327636719
1941.56207825207	1206.18334960938
1944.0274354333	1205.28332519531
1946.49204443322	1205.03332519531
1948.95590557284	1205.48327636719
1951.41901917301	1204.63330078125
1953.88138555454	1204.15002441406
1956.34300503813	1204.21667480469
1958.8038779444	1204.18334960938
1961.26400459387	1202.65002441406
1963.72338530697	1203.21667480469
1966.18202040403	1205.09997558594
1968.63991020531	1206.78332519531
1971.09705503097	1204.40002441406
1973.55345520107	1203.15002441406
1976.0091110356	1205.43334960938
1978.46402285444	1204.80004882813
1980.91819097737	1203.11669921875
1983.3716157241	1203.84997558594
1985.82429741427	1206.40002441406
1988.27623636736	1203.76672363281
1990.72743290284	1204.84997558594
1993.17788734002	1204.91662597656
1995.62759999817	1206.98327636719
1998.07657119644	1205.03332519531
2000.5248012539	1204.26672363281
2002.97229048952	1205.03332519531
2005.41903922219	1204.43334960938
2007.86504777071	1205.31665039063
2010.31031645378	1204.55004882813
2012.75484559	1203.84997558594
2015.19863549792	1204.69995117188
2017.64168649594	1205.83337402344
2020.08399890242	1205.96667480469
2022.5255730356	1205.44995117188
2024.96640921365	1203.66662597656
2027.40650775462	1203.43334960938
2029.84586897649	1205.78332519531
2032.28449319715	1205.33337402344
2034.72238073438	1203.41662597656
2037.15953190591	1205.94995117188
2039.59594702932	1203.91662597656
2042.03162642215	1202.36669921875
2044.46657040182	1203.84997558594
2046.90077928567	1207.28332519531
2049.33425339095	1202.5
2051.76699303481	1206.61669921875
2054.19899853433	1205.16662597656
2056.63027020645	1204.71667480469
2059.06080836809	1203.18334960938
2061.49061333602	1206.81665039063
2063.91968542694	1203.58337402344
2066.34802495747	1203.86669921875
2068.77563224411	1202.80004882813
2071.20250760329	1204.18334960938
2073.62865135136	1202.15002441406
2076.05406380455	1205.38330078125
2078.47874527901	1206.21667480469
2080.9026960908	1204.16662597656
2083.3259165559	1206.66662597656
2085.74840699018	1204.71667480469
2088.17016770944	1204.21667480469
2090.59119902935	1207.21667480469
2093.01150126553	1202.93334960938
2095.43107473348	1206.19995117188
2097.84991974864	1201.91662597656
2100.26803662633	1206.43334960938
2102.68542568178	1203.11669921875
2105.10208723015	1203.44995117188
2107.51802158648	1206.18334960938
2109.93322906574	1204.01672363281
2112.3477099828	1205.36669921875
2114.76146465245	1204.55004882813
2117.17449338937	1205.86669921875
2119.58679650815	1206.08337402344
2121.9983743233	1204.68334960938
2124.40922714924	1202.73327636719
2126.81935530029	1203.15002441406
2129.22875909067	1205.71667480469
2131.63743883452	1204.63330078125
2134.04539484589	1203.03332519531
2136.45262743874	1204.43334960938
2138.85913692692	1205.01672363281
2141.26492362422	1205.33337402344
2143.6699878443	1204.71667480469
2146.07432990076	1204.44995117188
2148.47795010708	1203.58337402344
2150.88084877667	1204.46667480469
2153.28302622285	1202.80004882813
2155.68448275883	1203.84997558594
2158.08521869774	1204.06665039063
2160.48523435261	1202.40002441406
2162.88453003639	1201.53332519531
2165.28310606193	1202.65002441406
2167.68096274199	1203.59997558594
2170.07810038922	1201.86669921875
2172.47451931622	1202.13330078125
2174.87021983546	1205
2177.26520225933	1204.73327636719
2179.65946690013	1204.15002441406
2182.05301407006	1205.05004882813
2184.44584408123	1201.31665039063
2186.83795724567	1203.21667480469
2189.22935387531	1202.05004882813
2191.62003428198	1202.73327636719
2194.00999877743	1200.66662597656
2196.39924767329	1203.09997558594
2198.78778128115	1202.01672363281
2201.17559991245	1203.34997558594
2203.56270387857	1202.93334960938
2205.94909349081	1202.5
2208.33476906033	1202.59997558594
2210.71973089824	1204.51672363281
2213.10397931554	1203.08337402344
2215.48751462314	1204.09997558594
2217.87033713186	1200.46667480469
2220.25244715242	1201.86669921875
2222.63384499546	1201.5
2225.01453097151	1202.33337402344
2227.39450539101	1201.46667480469
2229.77376856434	1201.69995117188
2232.15232080173	1204.63330078125
2234.53016241336	1202.59997558594
2236.9072937093	1202.26672363281
2239.28371499954	1204.44995117188
2241.65942659396	1203.51672363281
2244.03442880236	1201.69995117188
2246.40872193443	1202.66662597656
2248.78230629979	1202.73327636719
2251.15518220795	1203.23327636719
2253.52734996835	1203.93334960938
2255.89880989029	1202.31665039063
2258.26956228301	1199.66662597656
2260.63960745567	1200.88330078125
2263.00894571731	1203.76672363281
2265.37757737688	1205.73327636719
2267.74550274324	1203.44995117188
2270.11272212517	1202.63330078125
2272.47923583134	1203.30004882813
2274.84504417031	1201.33337402344
2277.2101474506	1202.13330078125
2279.57454598058	1202.94995117188
2281.93824006856	1202.16662597656
2284.30123002275	1200.65002441406
2286.66351615125	1201.38330078125
2289.02509876208	1202.06665039063
2291.38597816317	1200.06665039063
2293.74615466236	1203.40002441406
2296.10562856737	1202
2298.46440018585	1203.51672363281
2300.82246982535	1202.51672363281
2303.1798377933	1202.21667480469
2305.5365043971	1203.34997558594
2307.89246994399	1203.43334960938
2310.24773474116	1200.28332519531
2312.60229909566	1201.40002441406
2314.95616331451	1202.19995117188
2317.30932770456	1202.11669921875
2319.66179257263	1202.83337402344
2322.01355822542	1201.41662597656
2324.36462496953	1200.76672363281
2326.71499311146	1204.96667480469
2329.06466295764	1201.76672363281
2331.41363481439	1201.59997558594
2333.76190898794	1202.41662597656
2336.10948578441	1202.71667480469
2338.45636550986	1202.46667480469
2340.80254847022	1202.34997558594
2343.14803497132	1204.21667480469
2345.49282531895	1199.59997558594
2347.83691981874	1202.44995117188
2350.18031877626	1205.03332519531
2352.52302249699	1200.31665039063
2354.8650312863	1202.94995117188
2357.20634544946	1204.09997558594
2359.54696529166	1199.34997558594
2361.88689111798	1199.48327636719
2364.22612323341	1200.78332519531
2366.56466194287	1202.36669921875
2368.90250755114	1204.19995117188
2371.23966036293	1201.56665039063
2373.57612068286	1201.36669921875
2375.91188881545	1201.33337402344
2378.2469650651	1202.19995117188
2380.58134973615	1202.11669921875
2382.91504313282	1198.66662597656
2385.24804555926	1198.94995117188
2387.58035731949	1200.09997558594
2389.91197871745	1201.08337402344
2392.24291005701	1201.25
2394.57315164189	1202.46667480469
2396.90270377577	1200.93334960938
2399.23156676218	1200.26672363281
2401.55974090461	1200.91662597656
2403.88722650642	1202.41662597656
2406.21402387086	1201.05004882813
2408.54013330113	1199.71667480469
2410.8655551003	1200.30004882813
2413.19028957133	1199.83337402344
2415.51433701713	1200.91662597656
2417.83769774049	1198.58337402344
2420.16037204408	1198.34997558594
2422.48236023051	1200.88330078125
2424.80366260228	1202.16662597656
2427.12427946179	1201.84997558594
2429.44421111134	1199.98327636719
2431.76345785315	1197.80004882813
2434.08201998932	1199.91662597656
2436.39989782188	1200.81665039063
2438.71709165273	1199.86669921875
2441.0336017837	1201.68334960938
2443.34942851653	1200.71667480469
2445.66457215282	1200.01672363281
2447.97903299412	1199.71667480469
2450.29281134185	1198.58337402344
2452.60590749736	1201.25
2454.91832176188	1199.88330078125
2457.23005443656	1198
2459.54110582243	1200.40002441406
2461.85147622045	1200.53332519531
2464.16116593146	1200.26672363281
2466.47017525621	1199.06665039063
2468.77850449536	1201.63330078125
2471.08615394947	1201.71667480469
2473.39312391899	1199.13330078125
2475.69941470429	1200.40002441406
2478.00502660562	1198.96667480469
2480.30995992316	1199.53332519531
2482.61421495697	1199.26672363281
2484.91779200702	1199.23327636719
2487.22069137316	1198.66662597656
2489.5229133552	1196.31665039063
2491.8244582528	1199.21667480469
2494.12532636553	1200.28332519531
2496.42551799287	1199.88330078125
2498.72503343421	1199.56665039063
2501.02387298882	1202.43334960938
2503.32203695588	1196.75
2505.61952563449	1200.68334960938
2507.91633932361	1198.01672363281
2510.21247832216	1201.18334960938
2512.50794292891	1197.65002441406
2514.80273344255	1202.58337402344
2517.09685016167	1198.48327636719
2519.39029338476	1201.90002441406
2521.68306341022	1200.13330078125
2523.97516053634	1199.80004882813
2526.26658506132	1199.90002441406
2528.55733728325	1199.69995117188
2530.84741750012	1197.91662597656
2533.13682600984	1198.25
2535.4255631102	1200.55004882813
2537.7136290989	1201.15002441406
2540.00102427354	1198.83337402344
2542.28774893162	1199.31665039063
2544.57380337053	1199.44995117188
2546.85918788758	1199.53332519531
2549.14390277997	1199.43334960938
2551.4279483448	1200.15002441406
2553.71132487906	1200.16662597656
2555.99403267966	1200.96667480469
2558.27607204341	1197.96667480469
2560.55744326699	1199.23327636719
2562.83814664702	1201.44995117188
2565.11818247999	1197.90002441406
2567.3975510623	1201
2569.67625269025	1199.76672363281
2571.95428766003	1199.43334960938
2574.23165626776	1198.88330078125
2576.50835880942	1196.75
2578.78439558093	1198.78332519531
2581.05976687806	1198.08337402344
2583.33447299652	1200.16662597656
2585.60851423191	1196.78332519531
2587.88189087972	1198.43334960938
2590.15460323534	1196
2592.42665159406	1198.38330078125
2594.69803625108	1198.63330078125
2596.9687575015	1199.93334960938
2599.23881564029	1199.86669921875
2601.50821096235	1200.80004882813
2603.77694376245	1199.41662597656
2606.0450143353	1198.88330078125
2608.31242297548	1196.94995117188
2610.57916997746	1197.06665039063
2612.84525563562	1197.75
2615.11068024426	1200.61669921875
2617.37544409753	1196.13330078125
2619.63954748952	1197.75
2621.90299071421	1195.81665039063
2624.16577406546	1199.16662597656
2626.42789783705	1197.93334960938
2628.68936232264	1197.59997558594
2630.9501678158	1198.43334960938
2633.21031460999	1198.46667480469
2635.46980299857	1199.38330078125
2637.72863327481	1197.34997558594
2639.98680573185	1199.09997558594
2642.24432066276	1198.58337402344
2644.50117836048	1198.41662597656
2646.75737911786	1198.43334960938
2649.01292322765	1199.34997558594
2651.26781098249	1195.16662597656
2653.52204267492	1198.28332519531
2655.77561859738	1196.65002441406
2658.0285390422	1197.76672363281
2660.28080430161	1197.81665039063
2662.53241466774	1198.15002441406
2664.78337043263	1197.41662597656
2667.03367188817	1198.15002441406
2669.2833193262	1199.41662597656
2671.53231303844	1198.13330078125
2673.78065331648	1196.58337402344
2676.02834045184	1197.25
2678.27537473592	1196.83337402344
2680.52175646002	1197.86669921875
2682.76748591535	1197.28332519531
2685.01256339298	1197.30004882813
2687.25698918391	1198.73327636719
2689.50076357901	1196.56665039063
2691.74388686909	1199.06665039063
2693.9863593448	1197.19995117188
2696.22818129672	1199.53332519531
2698.46935301532	1198.13330078125
2700.70987479096	1197.08337402344
2702.94974691389	1197.84997558594
2705.18896967428	1196.25
2707.42754336216	1195
2709.66546826749	1195.59997558594
2711.90274468011	1197.91662597656
2714.13937288974	1195.53332519531
2716.37535318602	1197.5
2718.61068585848	1197.06665039063
2720.84537119652	1194.31665039063
2723.07940948947	1195.69995117188
2725.31280102654	1196.63330078125
2727.54554609682	1197.30004882813
2729.77764498933	1198.05004882813
2732.00909799294	1196
2734.23990539644	1195.36669921875
2736.47006748853	1197.03332519531
2738.69958455777	1194.88330078125
2740.92845689263	1195.06665039063
2743.15668478147	1195.53332519531
2745.38426851257	1197.19995117188
2747.61120837406	1197.56665039063
2749.83750465399	1195.75
2752.0631576403	1193.55004882813
2754.28816762083	1197.09997558594
2756.51253488329	1196.58337402344
2758.73625971532	1196.98327636719
2760.95934240442	1194.61669921875
2763.18178323801	1196.36669921875
2765.40358250338	1194.15002441406
2767.62474048773	1194.48327636719
2769.84525747814	1197.11669921875
2772.06513376159	1197.36669921875
2774.28436962496	1198.25
2776.50296535501	1197.25
2778.7209212384	1195.18334960938
2780.93823756168	1195.51672363281
2783.15491461129	1195.78332519531
2785.37095267358	1195.83337402344
2787.58635203477	1196.21667480469
2789.80111298097	1195.69995117188
2792.01523579822	1194.34997558594
2794.2287207724	1195.88330078125
2796.44156818932	1195.19995117188
2798.65377833468	1194.44995117188
2800.86535149404	1196.08337402344
2803.07628795289	1196.5
2805.28658799659	1195.83337402344
2807.4962519104	1194.63330078125
2809.70527997946	1193.91662597656
2811.91367248883	1195.81665039063
2814.12142972342	1196.94995117188
2816.32855196807	1194.91662597656
2818.53503950749	1196.86669921875
2820.74089262628	1194.16662597656
2822.94611160894	1195.18334960938
2825.15069673987	1195.63330078125
2827.35464830333	1193.56665039063
2829.55796658351	1193.84997558594
2831.76065186445	1194.56665039063
2833.96270443012	1194.59997558594
2836.16412456437	1193.93334960938
2838.3649125509	1194.84997558594
2840.56506867336	1194.05004882813
2842.76459321526	1195.11669921875
2844.96348645999	1197.06665039063
2847.16174869086	1195.59997558594
2849.35938019105	1196.05004882813
2851.55638124363	1195.44995117188
2853.75275213157	1196.18334960938
2855.94849313772	1195.48327636719
2858.14360454483	1196.61669921875
2860.33808663553	1196.05004882813
2862.53193969234	1196.43334960938
2864.72516399768	1197.30004882813
2866.91775983385	1199.46667480469
2869.10972748304	1197.55004882813
2871.30106722733	1200.06665039063
2873.4917793487	1199.75
2875.68186412899	1197.93334960938
2877.87132184997	1201.01672363281
2880.06015279325	1199.65002441406
2882.24835724039	1199.73327636719
2884.43593547278	1197.5
2886.62288777173	1199.91662597656
2888.80921441843	1200.18334960938
2890.99491569397	1200.73327636719
2893.1799918793	1199.83337402344
2895.36444325529	1200.58337402344
2897.54827010269	1203.33337402344
2899.73147270213	1202.68334960938
2901.91405133412	1202.11669921875
2904.09600627909	1204.40002441406
2906.27733781731	1202.48327636719
2908.45804622899	1201.5
2910.63813179418	1204.03332519531
2912.81759479286	1203.65002441406
2914.99643550486	1207.94995117188
2917.17465420994	1206.51672363281
2919.3522511877	1205.81665039063
2921.52922671765	1208.90002441406
2923.7055810792	1208.58337402344
2925.88131455162	1207.15002441406
2928.05642741408	1209.16662597656
2930.23091994566	1207.23327636719
2932.40479242528	1208.61669921875
2934.57804513178	1207.48327636719
2936.75067834387	1207.31665039063
2938.92269234017	1208.88330078125
2941.09408739916	1207.41662597656
2943.26486379921	1207.34997558594
2945.4350218186	1208.73327636719
2947.60456173546	1204.84997558594
2949.77348382783	1205.93334960938
2951.94178837363	1205.98327636719
2954.10947565068	1207.75
2956.27654593666	1208.03332519531
2958.44299950915	1209.23327636719
2960.60883664562	1208.13330078125
2962.77405762341	1209.84997558594
2964.93866271975	1209.30004882813
2967.10265221178	1206.18334960938
2969.26602637648	1208.81665039063
2971.42878549076	1205.19995117188
2973.59092983139	1206.31665039063
2975.75245967501	1206.68334960938
2977.9133752982	1205.91662597656
2980.07367697736	1204.65002441406
2982.23336498882	1203.43334960938
2984.39243960877	1203.56665039063
2986.5509011133	1204.06665039063
2988.70874977837	1204.88330078125
2990.86598587984	1202.01672363281
2993.02260969344	1201.69995117188
2995.17862149478	1198.86669921875
2997.33402155938	1200.21667480469
2999.48881016262	1200.21667480469
3001.64298757978	1199.78332519531
3003.796554086	1199.18334960938
3005.94950995633	1199.34997558594
3008.10185546569	1197.71667480469
3010.25359088888	1198.94995117188
3012.40471650059	1197.68334960938
3014.5552325754	1195.5
3016.70513938776	1196.61669921875
3018.85443721201	1196.53332519531
3021.00312632236	1195.61669921875
3023.15120699292	1196.66662597656
3025.29867949769	1195.06665039063
3027.44554411052	1198.56665039063
3029.59180110516	1198.19995117188
3031.73745075527	1199.13330078125
3033.88249333434	1198.58337402344
3036.02692911578	1202.51672363281
3038.17075837287	1203.73327636719
3040.31398137877	1201.28332519531
3042.45659840653	1200.18334960938
3044.59860972907	1200.26672363281
3046.7400156192	1197.15002441406
3048.88081634961	1199.48327636719
3051.02101219287	1195.61669921875
3053.16060342144	1199.16662597656
3055.29959030765	1198.55004882813
3057.43797312371	1196.81665039063
3059.57575214172	1197.34997558594
3061.71292763366	1200.43334960938
3063.84949987139	1197.90002441406
3065.98546912665	1199.51672363281
3068.12083567105	1199.08337402344
3070.2555997761	1200.66662597656
3072.38976171319	1198.46667480469
3074.52332175356	1197.75
3076.65628016837	1198.19995117188
3078.78863722863	1196.03332519531
3080.92039320526	1195.01672363281
3083.05154836902	1193.36669921875
3085.1821029906	1192.65002441406
3087.31205734051	1195.09997558594
3089.44141168921	1194.58337402344
3091.57016630696	1191.05004882813
3093.69832146398	1193.43334960938
3095.82587743032	1193.98327636719
3097.9528344759	1192.40002441406
3100.07919287056	1192.91662597656
3102.204952884	1191.38330078125
3104.33011478579	1193.90002441406
3106.45467884538	1194.13330078125
3108.57864533212	1193.01672363281
3110.70201451522	1193.05004882813
3112.82478666378	1194.58337402344
3114.94696204676	1192.84997558594
3117.06854093301	1191.41662597656
3119.18952359127	1192.81665039063
3121.30991029013	1190.86669921875
3123.4297012981	1190.03332519531
3125.54889688352	1190.78332519531
3127.66749731464	1191.69995117188
3129.78550285957	1190.23327636719
3131.90291378633	1191.41662597656
3134.01973036277	1188.43334960938
3136.13595285665	1189.65002441406
3138.2515815356	1188.83337402344
3140.36661666714	1189.18334960938
3142.48105851863	1191.03332519531
3144.59490735734	1189.44995117188
3146.70816345041	1188.96667480469
3148.82082706486	1189.09997558594
3150.93289846758	1187.31665039063
3153.04437792532	1189.08337402344
3155.15526570475	1188.88330078125
3157.26556207238	1188.73327636719
3159.37526729461	1189.43334960938
3161.48438163771	1189.53332519531
3163.59290536784	1188.69995117188
3165.70083875102	1189.30004882813
3167.80818205315	1188.80004882813
3169.91493554002	1188.5
3172.02109947727	1187.40002441406
3174.12667413044	1188.98327636719
3176.23165976493	1188.55004882813
3178.33605664602	1187.55004882813
3180.43986503887	1188.48327636719
3182.54308520852	1189.11669921875
3184.64571741986	1189.40002441406
3186.74776193769	1188.03332519531
3188.84921902664	1186.76672363281
3190.95008895128	1188.25
3193.05037197599	1187.76672363281
3195.15006836504	1186.90002441406
3197.24917838262	1188.08337402344
3199.34770229274	1187.46667480469
3201.44564035931	1188.88330078125
3203.5429928461	1187.55004882813
3205.63976001677	1189.36669921875
3207.73594213484	1187.63330078125
3209.83153946372	1187.81665039063
3211.92655226669	1187.53332519531
3214.02098080688	1189.33337402344
3216.11482534732	1186.75
3218.20808615091	1187.73327636719
3220.30076348041	1189.96667480469
3222.39285759847	1186.38330078125
3224.4843687676	1187.23327636719
3226.57529725019	1187.69995117188
3228.66564330851	1185.91662597656
3230.75540720468	1188.63330078125
3232.8445892007	1187.23327636719
3234.93318955847	1188.66662597656
3237.02120853974	1188.75
3239.10864640612	1186.59997558594
3241.19550341911	1187.18334960938
3243.28177984009	1189.06665039063
3245.36747593029	1188.03332519531
3247.45259195083	1185.55004882813
3249.53712816268	1188.53332519531
3251.62108482672	1186.96667480469
3253.70446220366	1184.86669921875
3255.78726055411	1186.31665039063
3257.86948013853	1187.69995117188
3259.95112121728	1185.94995117188
3262.03218405055	1187.33337402344
3264.11266889845	1187.40002441406
3266.19257602092	1188.51672363281
3268.27190567779	1187.81665039063
3270.35065812876	1185.58337402344
3272.4288336334	1185.88330078125
3274.50643245114	1186.16662597656
3276.5834548413	1186.55004882813
3278.65990106305	1185.81665039063
3280.73577137545	1185.08337402344
3282.81106603742	1184.73327636719
3284.88578530774	1185.83337402344
3286.95992944508	1184.44995117188
3289.03349870796	1185.48327636719
3291.1064933548	1185.40002441406
3293.17891364384	1187.46667480469
3295.25075983324	1184.78332519531
3297.322032181	1186.03332519531
3299.39273094501	1185.38330078125
3301.462856383	1184.83337402344
3303.53240875259	1184.78332519531
3305.60138831128	1186.26672363281
3307.6697953164	1186.69995117188
3309.73763002519	1185.93334960938
3311.80489269472	1186.34997558594
3313.87158358198	1183.98327636719
3315.93770294378	1185.61669921875
3318.00325103681	1186.23327636719
3320.06822811764	1185.76672363281
3322.13263444272	1185.86669921875
3324.19647026832	1186.75
3326.25973585064	1185.19995117188
3328.32243144568	1184.71667480469
3330.38455730938	1186.05004882813
3332.44611369749	1185.48327636719
3334.50710086564	1183.66662597656
3336.56751906936	1185.68334960938
3338.62736856401	1185.06665039063
3340.68664960483	1186.03332519531
3342.74536244693	1184.53332519531
3344.80350734528	1183.58337402344
3346.86108455472	1187.68334960938
3348.91809432997	1184.19995117188
3350.97453692559	1184.81665039063
3353.03041259603	1183.68334960938
3355.08572159559	1184.65002441406
3357.14046417844	1184.13330078125
3359.19464059863	1184.5
3361.24825111005	1184.59997558594
3363.30129596648	1184.66662597656
3365.35377542155	1185.61669921875
3367.40568972878	1182.46667480469
3369.45703914152	1182.66662597656
3371.507823913	1184.55004882813
3373.55804429633	1184.66662597656
3375.60770054446	1184.36669921875
3377.65679291024	1184.13330078125
3379.70532164635	1183.55004882813
3381.75328700534	1183.81665039063
3383.80068923965	1184.80004882813
3385.84752860155	1184.61669921875
3387.89380534321	1182.26672363281
3389.93951971664	1182.26672363281
3391.98467197371	1183.44995117188
3394.02926236618	1183.18334960938
3396.07329114566	1182.25
3398.1167585636	1183.73327636719
3400.15966487137	1184.03332519531
3402.20201032014	1181.73327636719
3404.24379516099	1182.40002441406
3406.28501964484	1182.96667480469
3408.3256840225	1183.38330078125
3410.3657885446	1183.65002441406
3412.40533346167	1182.94995117188
3414.44431902408	1182.69995117188
3416.48274548209	1183.58337402344
3418.5206130858	1182.16662597656
3420.55792208516	1181.30004882813
3422.59467273003	1182.63330078125
3424.63086527009	1183.78332519531
3426.6664999549	1183.40002441406
3428.70157703386	1185.19995117188
3430.73609675628	1182.68334960938
3432.77005937129	1180.46667480469
3434.80346512789	1184.33337402344
3436.83631427494	1181.69995117188
3438.86860706119	1183.5
3440.90034373521	1183.21667480469
3442.93152454546	1181.38330078125
3444.96214974025	1181.31665039063
3446.99221956775	1183.18334960938
3449.021734276	1182.08337402344
3451.05069411289	1182.21667480469
3453.07909932619	1180.84997558594
3455.1069501635	1183.65002441406
3457.1342468723	1182.48327636719
3459.16098969993	1182.69995117188
3461.1871788936	1181.13330078125
3463.21281470035	1182.65002441406
3465.23789736712	1180.48327636719
3467.26242714067	1182.68334960938
3469.28640426765	1179.48327636719
3471.30982899455	1182.19995117188
3473.33270156774	1182.69995117188
3475.35502223343	1181.41662597656
3477.3767912377	1179.41662597656
3479.39800882649	1180.06665039063
3481.41867524559	1179.94995117188
3483.43879074066	1179.03332519531
3485.45835555721	1181.44995117188
3487.47736994062	1180.84997558594
3489.49583413611	1180.34997558594
3491.51374838879	1178.88330078125
3493.53111294359	1182.44995117188
3495.54792804533	1181.78332519531
3497.56419393867	1180.19995117188
3499.57991086814	1178.93334960938
3501.59507907811	1178.08337402344
3503.60969881284	1182.01672363281
3505.6237703164	1179.69995117188
3507.63729383278	1180.26672363281
3509.65026960577	1179.21667480469
3511.66269787904	1178.31665039063
3513.67457889613	1180.23327636719
3515.68591290042	1178.76672363281
3517.69670013515	1179.46667480469
3519.70694084342	1180.5
3521.7166352682	1178.40002441406
3523.72578365229	1179.08337402344
3525.73438623836	1179.34997558594
3527.74244326893	1179.73327636719
3529.74995498641	1178.66662597656
3531.75692163301	1177.59997558594
3533.76334345084	1178.78332519531
3535.76922068186	1179.28332519531
3537.77455356786	1180.03332519531
3539.77934235051	1179.56665039063
3541.78358727133	1179.83337402344
3543.78728857169	1180.30004882813
3545.79044649283	1176.81665039063
3547.79306127584	1177.01672363281
3549.79513316164	1179.58337402344
3551.79666239104	1177.71667480469
3553.79764920469	1179.13330078125
3555.7980938431	1178.31665039063
3557.79799654663	1177.56665039063
3559.79735755548	1178.66662597656
3561.79617710974	1178.78332519531
3563.79445544932	1179.33337402344
3565.79219281401	1178.76672363281
3567.78938944344	1177.16662597656
3569.7860455771	1178.65002441406
3571.78216145432	1178.15002441406
3573.77773731431	1177.94995117188
3575.7727733961	1178.63330078125
3577.76726993861	1178.06665039063
3579.76122718059	1177.36669921875
3581.75464536064	1177.69995117188
3583.74752471725	1177.15002441406
3585.7398654887	1179.11669921875
3587.73166791317	1176.80004882813
3589.7229322287	1176.76672363281
3591.71365867314	1176.25
3593.70384748424	1176.84997558594
3595.69349889955	1177.11669921875
3597.68261315654	1177.61669921875
3599.67119049245	1176
3601.65923114446	1177.80004882813
3603.64673534952	1177.53332519531
3605.63370334449	1177
3607.62013536607	1177.90002441406
3609.60603165079	1176.28332519531
3611.59139243504	1176.69995117188
3613.57621795509	1176.90002441406
3615.56050844701	1176.11669921875
3617.54426414677	1175.65002441406
3619.52748529017	1176.55004882813
3621.51017211285	1176.18334960938
3623.49232485031	1176.19995117188
3625.47394373792	1176.68334960938
3627.45502901088	1175.65002441406
3629.43558090423	1174.90002441406
3631.41559965288	1178.5
3633.3950854916	1176.80004882813
3635.37403865498	1176.05004882813
3637.35245937747	1176.38330078125
3639.33034789339	1174.56665039063
3641.30770443688	1174.58337402344
3643.28452924196	1175.90002441406
3645.26082254248	1174.51672363281
3647.23658457212	1175.05004882813
3649.21181556447	1175.26672363281
3651.18651575291	1174.81665039063
3653.16068537069	1175.71667480469
3655.13432465092	1176.43334960938
3657.10743382653	1175.78332519531
3659.08001313034	1177.21667480469
3661.05206279498	1175.83337402344
3663.02358305295	1174.68334960938
3664.9945741366	1175.30004882813
3666.96503627811	1173.51672363281
3668.93496970952	1174.75
3670.90437466272	1175.5
3672.87325136944	1173.19995117188
3674.84160006127	1175.41662597656
3676.80942096963	1175.88330078125
3678.77671432581	1174.73327636719
3680.74348036092	1173.40002441406
3682.70971930595	1174.34997558594
3684.6754313917	1175.28332519531
3686.64061684885	1175.75
3688.60527590791	1176.25
3690.56940879924	1173.63330078125
3692.53301575303	1175.58337402344
3694.49609699936	1174.31665039063
3696.45865276812	1174.41662597656
3698.42068328904	1174.51672363281
3700.38218879173	1172.96667480469
3702.34316950563	1173.51672363281
3704.30362566	1172.61669921875
3706.26355748399	1174.03332519531
3708.22296520657	1172.53332519531
3710.18184905656	1173.84997558594
3712.14020926263	1173.91662597656
3714.09804605328	1172.65002441406
3716.05535965687	1172.69995117188
3718.01215030162	1172.46667480469
3719.96841821555	1171.09997558594
3721.92416362657	1172.55004882813
3723.8793867624	1172.91662597656
3725.83408785063	1173.61669921875
3727.78826711869	1171.19995117188
3729.74192479384	1171.65002441406
3731.69506110319	1172.66662597656
3733.64767627371	1172.5
3735.59977053219	1171.53332519531
3737.55134410528	1171.16662597656
3739.50239721947	1171.96667480469
3741.45293010108	1172.68334960938
3743.40294297631	1171.43334960938
3745.35243607116	1172.53332519531
3747.3014096115	1172.56665039063
3749.24986382303	1171.51672363281
3751.19779893131	1172.46667480469
3753.14521516171	1170.88330078125
3755.09211273949	1172.23327636719
3757.0384918897	1171.5
3758.98435283728	1172.01672363281
3760.92969580698	1171.18334960938
3762.87452102341	1170.21667480469
3764.81882871101	1171.25
3766.76261909407	1169.51672363281
3768.70589239672	1170.55004882813
3770.64864884293	1172.13330078125
3772.59088865651	1169.86669921875
3774.53261206112	1170.5
3776.47381928025	1171.28332519531
