-173.428722450078	1146.13330078125
-170.294344013779	1146.41662597656
-167.160990304052	1146.80004882813
-164.028660894548	1146.98327636719
-160.897355359205	1145.16662597656
-157.767073272189	1145.5
-154.637814207931	1146.13330078125
-151.50957774112	1146.80004882813
-148.382363446704	1146.86669921875
-145.256170899859	1146.68334960938
-142.130999676054	1145.76672363281
-139.006849350965	1146.93334960938
-135.883719500571	1146.15002441406
-132.761609701053	1146.26672363281
-129.640519528863	1145.84997558594
-126.520448560715	1146.53332519531
-123.401396373553	1146.66662597656
-120.28336254458	1146.48327636719
-117.166346651252	1146.93334960938
-114.050348271258	1145.98327636719
-110.935366982541	1146.61669921875
-107.821402363301	1146.65002441406
-104.708453991972	1145.18334960938
-101.596521447235	1146.68334960938
-98.4856043080122	1146.05004882813
-95.3757021534957	1146.13330078125
-92.2668145630801	1145.56665039063
-89.1589411164452	1146.66662597656
-86.0520813934781	1146.78332519531
-82.946234974338	1145.90002441406
-79.8414014394074	1146.76672363281
-76.7375803693083	1145.65002441406
-73.6347713449181	1147.19995117188
-70.532973947345	1147.03332519531
-67.4321877579402	1145.83337402344
-64.3324123582935	1146.13330078125
-61.2336473302252	1145.69995117188
-58.1358922558143	1146.76672363281
-55.0391467173494	1146.33337402344
-51.9434102973817	1146.36669921875
-48.8486825786838	1146.31665039063
-45.7549631442702	1145.61669921875
-42.662251577389	1146.84997558594
-39.5705474615295	1146.33337402344
-36.4798503804062	1147.13330078125
-33.3901599179706	1146.30004882813
-30.301475658403	1147.09997558594
-27.2137971861287	1146.75
-24.1271240858053	1146.28332519531
-21.0414559423028	1146.23327636719
-17.9567923407513	1147.78332519531
-14.8731328664812	1146.58337402344
-11.7904771050747	1146.09997558594
-8.70882464233763	1146.06665039063
-5.62817506431157	1146.98327636719
-2.54852795725342	1148.98327636719
0.530117092344597	1155.86669921875
3.6077604977471	1157.83337402344
6.68440267202787	1151.21667480469
9.76004402799773	1147.81665039063
12.8346849782609	1147.16662597656
15.9083259351831	1147.19995117188
18.9809673109237	1147.09997558594
22.0526095173877	1146.36669921875
25.1232529662903	1145.94995117188
28.1928980690886	1147.08337402344
31.2615452370419	1145.86669921875
34.32919488118	1146.46667480469
37.3958474123071	1145.78332519531
40.4615032409942	1146.69995117188
43.5261627776189	1146.30004882813
46.58982643231	1147.38330078125
49.6524946149833	1146.48327636719
52.7141677353456	1146.90002441406
55.7748462028835	1146.30004882813
58.8345304268427	1146.69995117188
61.8932208162729	1146.58337402344
64.9509177800033	1146.84997558594
68.0076217266271	1146.51672363281
71.0633330645419	1146.68334960938
74.118052201909	1147.18334960938
77.1717795467022	1151.63330078125
80.224515506648	1167.86669921875
83.2762604892772	1200.59997558594
86.3270149018856	1232.88330078125
89.3767791515896	1254.19995117188
92.4255536452548	1263.65002441406
95.4733387895519	1269.26672363281
98.5201349909248	1270.08337402344
101.565942655643	1271.30004882813
104.610762189717	1269.25
107.654593998963	1272.86669921875
110.697438488996	1272.63330078125
113.739296065204	1273.11669921875
116.78016713278	1273.58337402344
119.820052096698	1273.30004882813
122.85895136172	1270.58337402344
125.896865332408	1271.98327636719
128.933794413111	1268.15002441406
131.969739007965	1266.01672363281
135.004699520911	1266.91662597656
138.038676355664	1265.31665039063
141.071669915751	1263.80004882813
144.103680604487	1262.59997558594
147.134708824975	1260.91662597656
150.164754980118	1262.48327636719
153.193819472611	1262.25
156.221902704945	1258.83337402344
159.24900507942	1256.59997558594
162.275126998099	1257.73327636719
165.300268862873	1260.05004882813
168.324431075425	1264.53332519531
171.347614037231	1260.23327636719
174.369818149562	1260.31665039063
177.391043813491	1264.5
180.411291429897	1259.55004882813
183.430561399437	1262.56665039063
186.448854122582	1256.88330078125
189.466169999607	1258.53332519531
192.482509430598	1259.25
195.497872815412	1261.21667480469
198.512260553716	1260.88330078125
201.525673045011	1259.23327636719
204.538110688552	1258.46667480469
207.549573883427	1262.83337402344
210.560063028519	1256.40002441406
213.569578522523	1262.13330078125
216.578120763917	1259.90002441406
219.585690151021	1260.81665039063
222.592287081907	1260.31665039063
225.597911954507	1260.96667480469
228.602565166512	1265.36669921875
231.606247115456	1262.03332519531
234.608958198646	1265.09997558594
237.610698813222	1264.34997558594
240.611469356122	1263.11669921875
243.611270224103	1265.58337402344
246.610101813707	1266.23327636719
249.607964521295	1265.63330078125
252.604858743044	1264.33337402344
255.600784874935	1267.48327636719
258.595743312749	1269.09997558594
261.589734452097	1267.13330078125
264.582758688393	1268.36669921875
267.574816416842	1267.75
270.565908032503	1268.31665039063
273.556033930195	1267.03332519531
276.545194504586	1269.78332519531
279.533390150138	1266.33337402344
282.520621261151	1270.94995117188
285.506888231708	1271.09997558594
288.49219145571	1268.96667480469
291.476531326902	1270.28332519531
294.459908238794	1274.30004882813
297.442322584762	1272.21667480469
300.423774757966	1277.61669921875
303.404265151375	1280.68334960938
306.383794157805	1275.69995117188
309.362362169862	1274.28332519531
312.339969579982	1274.56665039063
315.316616780414	1272.78332519531
318.292304163227	1270.55004882813
321.267032120295	1267.83337402344
324.24080104332	1265.84997558594
327.213611323833	1267.43334960938
330.185463353171	1265.71667480469
333.156357522491	1263.75
336.126294222774	1263.53332519531
339.095273844812	1260.65002441406
342.063296779227	1264.38330078125
345.030363416467	1260.96667480469
347.996474146782	1262.30004882813
350.961629360257	1262.56665039063
353.925829446806	1263.65002441406
356.889074796147	1261.46667480469
359.851365797829	1260.30004882813
362.812702841222	1260.46667480469
365.773086315536	1262
368.732516609768	1260.98327636719
371.690994112778	1260.68334960938
374.648519213243	1259.09997558594
377.605092299631	1254.93334960938
380.560713760273	1256.71667480469
383.515383983307	1260.61669921875
386.469103356711	1255.25
389.421872268273	1257.81665039063
392.373691105615	1255.94995117188
395.32456025619	1254.69995117188
398.274480107272	1256.51672363281
401.223451045967	1254.81665039063
404.171473459202	1256.56665039063
407.118547733728	1252.93334960938
410.064674256155	1255.91662597656
413.009853412892	1256.48327636719
415.954085590181	1255.25
418.8973711741	1257.55004882813
421.83971055055	1257.03332519531
424.781104105281	1256.78332519531
427.721552223856	1255.44995117188
430.661055291665	1260.21667480469
433.599613693946	1257.78332519531
436.537227815752	1258.78332519531
439.473898041993	1256.58337402344
442.409624757378	1256.19995117188
445.344408346476	1253.44995117188
448.278249193683	1251.63330078125
451.211147683207	1250.06665039063
454.143104199122	1250.84997558594
457.074119125312	1253.5
460.004192845497	1251.56665039063
462.933325743267	1250.43334960938
465.861518202001	1248.33337402344
468.788770604917	1254.53332519531
471.71508333511	1251.83337402344
474.640456775471	1253.86669921875
477.564891308737	1253.43334960938
480.488387317487	1254.44995117188
483.410945184141	1252.26672363281
486.332565290942	1256.84997558594
489.253248019986	1256.21667480469
492.172993753197	1260.28332519531
495.091802872338	1264.86669921875
498.009675759011	1269.43334960938
500.926612794666	1275.84997558594
503.842614360571	1281.86669921875
506.757680837864	1303.78332519531
509.671812607493	1349.05004882813
512.585010050263	1487.13330078125
515.497273546817	1932.73327636719
518.408603477637	2645.81665039063
521.319000223045	2682.7666015625
524.228464163205	2104.2666015625
527.136995678121	1667.88330078125
530.044595147647	1462.16662597656
532.951262951471	1371.06665039063
535.856999469123	1326.46667480469
538.761805079986	1297.94995117188
541.665680163279	1279.93334960938
544.568625098049	1273.66662597656
547.470640263216	1267.43334960938
550.371726037533	1261.63330078125
553.271882799588	1257.30004882813
556.171110927825	1256.38330078125
559.069410800531	1255.09997558594
561.966782795823	1253.13330078125
564.863227291685	1249.84997558594
567.758744665944	1252.44995117188
570.653335296256	1249.59997558594
573.546999560148	1249.11669921875
576.439737834969	1248.5
579.331550497935	1247.61669921875
582.222437926093	1248.19995117188
585.112400496356	1247.90002441406
588.001438585469	1248.94995117188
590.889552570021	1243.88330078125
593.77674282648	1250.44995117188
596.663009731132	1246.68334960938
599.548353660116	1246.86669921875
602.432774989433	1250.41662597656
605.316274094926	1248.5
608.198851352303	1248
611.080507137075	1247.18334960938
613.961241824667	1248.90002441406
616.841055790315	1249.06665039063
619.71994940911	1248.78332519531
622.597923056008	1248.61669921875
625.474977105798	1248.03332519531
628.351111933143	1248.58337402344
631.22632791255	1245.69995117188
634.10062541835	1245.30004882813
636.97400482478	1247.61669921875
639.846466505882	1249.23327636719
642.718010835585	1249.01672363281
645.58863818764	1247.30004882813
648.458348935679	1248.06665039063
651.327143453188	1250.25
654.195022113475	1246.81665039063
657.061985289745	1248.16662597656
659.928033355022	1247.58337402344
662.79316668221	1249.19995117188
665.657385644057	1249.51672363281
668.520690613176	1248.15002441406
671.383081962017	1249.48327636719
674.244560062899	1249.40002441406
677.105125288002	1249
679.964778009343	1244.73327636719
682.823518598832	1247.25
685.681347428202	1250.05004882813
688.538264869057	1245.36669921875
691.394271292855	1244.68334960938
694.249367070914	1244.13330078125
697.103552574412	1246.23327636719
699.956828174378	1242.34997558594
702.809194241715	1242.80004882813
705.660651147175	1242.08337402344
708.511199261361	1242.15002441406
711.360838954755	1239.65002441406
714.209570597676	1239.76672363281
717.057394560329	1241.56665039063
719.90431121275	1241.16662597656
722.750320924861	1243.46667480469
725.59542406643	1241.71667480469
728.439621007094	1239.05004882813
731.282912116347	1241.36669921875
734.125297763539	1240.71667480469
736.966778317898	1243.15002441406
739.807354148498	1244.09997558594
742.647025624275	1241.90002441406
745.485793114042	1241.05004882813
748.323656986468	1242.55004882813
751.160617610072	1242.19995117188
753.996675353258	1242.71667480469
756.831830584275	1240.15002441406
759.666083671249	1244.73327636719
762.499434982158	1243.08337402344
765.331884884853	1243.96667480469
768.163433747055	1246.25
770.994081936328	1240.56665039063
773.823829820116	1241.30004882813
776.652677765732	1242.88330078125
779.480626140347	1241.15002441406
782.307675310993	1242.65002441406
785.133825644576	1242.48327636719
787.959077507869	1242.41662597656
790.783431267511	1244.34997558594
793.606887289986	1247.28332519531
796.429445941685	1246.36669921875
799.251107588836	1244.53332519531
802.071872597536	1243.83337402344
804.891741333751	1243.01672363281
807.71071416334	1244.90002441406
810.528791451981	1245.71667480469
813.345973565269	1243.69995117188
816.162260868638	1246.94995117188
818.977653727395	1242.01672363281
821.792152506717	1243.40002441406
824.605757571661	1244.59997558594
827.418469287133	1247.33337402344
830.230288017926	1245.63330078125
833.0412141287	1244.34997558594
835.851247983973	1243.76672363281
838.660389948141	1245.86669921875
841.468640385466	1243
844.27599966009	1245.84997558594
847.082468136026	1244.56665039063
849.888046177135	1242.44995117188
852.692734147171	1245.63330078125
855.496532409758	1245.43334960938
858.29944132839	1244.84997558594
861.10146126642	1247.34997558594
863.902592587094	1243.93334960938
866.702835653509	1244.65002441406
869.502190828641	1249.40002441406
872.300658475353	1245.08337402344
875.098238956361	1244.30004882813
877.894932634271	1242.59997558594
880.690739871548	1246.01672363281
883.485661030531	1243.91662597656
886.279696473447	1245.81665039063
889.072846562376	1246.30004882813
891.86511165929	1243.15002441406
894.65649212603	1245.94995117188
897.446988324303	1245.33337402344
900.236600615703	1244.90002441406
903.025329361687	1247
905.813174923597	1244.75
908.600137662639	1245.05004882813
911.38621793991	1247.78332519531
914.171416116365	1244.78332519531
916.95573255285	1248.69995117188
919.739167610082	1246.80004882813
922.521721648641	1247.91662597656
925.303395029005	1253.84997558594
928.084188111517	1256.56665039063
930.864101256396	1261.23327636719
933.643134823733	1272.91662597656
936.42128917351	1281.08337402344
939.198564665577	1291.94995117188
941.97496165967	1293.78332519531
944.750480515391	1293.03332519531
947.525121592226	1296.05004882813
950.298885249534	1293.76672363281
953.071771846555	1294.38330078125
955.843781742413	1293.56665039063
958.614915296108	1294.28332519531
961.385172866513	1293.98327636719
964.154554812387	1295.16662597656
966.92306149236	1294.63330078125
969.690693264949	1299.43334960938
972.457450488552	1299.71667480469
975.223333521431	1296.53332519531
977.988342721749	1298.25
980.752478447535	1298.06665039063
983.515741056708	1293.69995117188
986.278130907059	1289.78332519531
989.039648356259	1278.5
991.800293761863	1274.63330078125
994.560067481312	1270.31665039063
997.318969871913	1263.48327636719
1000.07700129088	1262.5
1002.83416209528	1257
1005.59045264208	1255.51672363281
1008.34587328813	1254
1011.10042439014	1251.69995117188
1013.85410630472	1251.66662597656
1016.60691938837	1249.56665039063
1019.35886399746	1245.11669921875
1022.10994048823	1248.73327636719
1024.86014921684	1247.71667480469
1027.60949053928	1246.34997558594
1030.35796481149	1244.40002441406
1033.10557238924	1242.43334960938
1035.85231362819	1239.28332519531
1038.5981888839	1236.80004882813
1041.34319851182	1237.68334960938
1044.08734286727	1237.76672363281
1046.83062230544	1234.59997558594
1049.57303718143	1235.09997558594
1052.31458785021	1238.09997558594
1055.05527466665	1236.86669921875
1057.79509798549	1236.18334960938
1060.53405816134	1235.56665039063
1063.27215554874	1237.41662597656
1066.00939050209	1236.61669921875
1068.74576337565	1238.46667480469
1071.48127452361	1235.08337402344
1074.21592430002	1235.71667480469
1076.94971305882	1233.53332519531
1079.68264115384	1235.88330078125
1082.41470893879	1236.06665039063
1085.14591676728	1233.51672363281
1087.8762649928	1235.93334960938
1090.60575396871	1235.46667480469
1093.33438404827	1234.11669921875
1096.06215558464	1235.03332519531
1098.78906893086	1235.58337402344
1101.51512443981	1237.40002441406
1104.24032246435	1234
1106.96466335716	1234.58337402344
1109.68814747081	1236.53332519531
1112.41077515779	1233.44995117188
1115.13254677044	1234.69995117188
1117.85346266104	1233.68334960938
1120.57352318169	1235.44995117188
1123.29272868445	1233.56665039063
1126.01107952121	1235.55004882813
1128.72857604378	1233.73327636719
1131.44521860385	1233.30004882813
1134.16100755301	1233.93334960938
1136.87594324271	1234.25
1139.59002602433	1232.81665039063
1142.3032562491	1232.59997558594
1145.01563426818	1233.71667480469
1147.72716043257	1232.41662597656
1150.43783509322	1237.08337402344
1153.14765860091	1235.11669921875
1155.85663130634	1234.93334960938
1158.56475356012	1233.65002441406
1161.27202571271	1233.08337402344
1163.97844811448	1233.46667480469
1166.68402111569	1233.09997558594
1169.38874506649	1233.88330078125
1172.09262031694	1233.81665039063
1174.79564721695	1234.71667480469
1177.49782611635	1234.18334960938
1180.19915736486	1233.25
1182.89964131208	1231.78332519531
1185.59927830751	1231.05004882813
1188.29806870054	1235.61669921875
1190.99601284046	1233.43334960938
1193.69311107643	1234.51672363281
1196.38936375753	1232.23327636719
1199.08477123271	1232.25
1201.77933385082	1232.61669921875
1204.47305196061	1230.98327636719
1207.1659259107	1233.43334960938
1209.85795604964	1232.09997558594
1212.54914272585	1233.93334960938
1215.23948628763	1235.61669921875
1217.92898708319	1233.43334960938
1220.61764546064	1235.03332519531
1223.30546176798	1236.59997558594
1225.99243635308	1234.86669921875
1228.67856956373	1233.69995117188
1231.36386174761	1233.16662597656
1234.04831325228	1234.06665039063
1236.73192442522	1232.5
1239.41469561377	1230.94995117188
1242.09662716519	1231.69995117188
1244.77771942662	1230.84997558594
1247.45797274511	1231.80004882813
1250.13738746759	1233.88330078125
1252.81596394089	1230.25
1255.49370251175	1234
1258.17060352676	1232.56665039063
1260.84666733246	1233.03332519531
1263.52189427525	1235.33337402344
1266.19628470144	1232
1268.86983895722	1231.15002441406
1271.5425573887	1234.93334960938
1274.21444034186	1232.05004882813
1276.8854881626	1232.5
1279.55570119671	1232.98327636719
1282.22507978985	1231.41662597656
1284.89362428759	1234.16662597656
1287.56133503543	1233
1290.22821237872	1235.05004882813
1292.89425666274	1234.28332519531
1295.55946823263	1237.86669921875
1298.22384743346	1237.16662597656
1300.88739461019	1234.86669921875
1303.55011010766	1233.65002441406
1306.21199427063	1230.13330078125
1308.87304744373	1231.48327636719
1311.53326997152	1231.23327636719
1314.19266219843	1232.16662597656
1316.8512244688	1229.61669921875
1319.50895712687	1232.65002441406
1322.16586051676	1232.25
1324.82193498252	1231.05004882813
1327.47718086806	1231.16662597656
1330.1315985172	1231.55004882813
1332.78518827369	1230.43334960938
1335.43795048114	1230.09997558594
1338.08988548307	1233.16662597656
1340.74099362289	1232.66662597656
1343.39127524392	1233.03332519531
1346.04073068939	1232.81665039063
1348.6893603024	1229.58337402344
1351.33716442597	1230.36669921875
1353.98414340301	1230.69995117188
1356.63029757632	1228.34997558594
1359.27562728863	1231.03332519531
1361.92013288252	1227.26672363281
1364.56381470053	1230
1367.20667308505	1231.56665039063
1369.84870837838	1229.34997558594
1372.48992092274	1230.53332519531
1375.13031106023	1229.28332519531
1377.76987913284	1226.86669921875
1380.40862548251	1228.05004882813
1383.04655045101	1229.65002441406
1385.68365438006	1229.09997558594
1388.31993761126	1229.43334960938
1390.95540048612	1232.61669921875
1393.59004334605	1230.91662597656
1396.22386653233	1229.19995117188
1398.85687038619	1229.06665039063
1401.48905524873	1229.63330078125
1404.12042146094	1230.93334960938
1406.75096936375	1231.5
1409.38069929796	1230.59997558594
1412.00961160428	1229.23327636719
1414.63770662332	1229.48327636719
1417.26498469557	1229.69995117188
1419.89144616146	1229.66662597656
1422.51709136132	1228.36669921875
1425.14192063532	1227.58337402344
1427.76593432361	1225.53332519531
1430.3891327662	1229.28332519531
1433.01151630299	1227.86669921875
1435.63308527382	1227.73327636719
1438.2538400184	1228.05004882813
1440.87378087637	1228.09997558594
1443.49290818722	1229.44995117188
1446.1112222904	1229.94995117188
1448.72872352524	1229.98327636719
1451.34541223097	1228.84997558594
1453.96128874671	1229.93334960938
1456.5763534115	1230.28332519531
1459.19060656429	1229.06665039063
1461.8040485439	1229.78332519531
1464.41667968907	1227.76672363281
1467.02850033846	1230.01672363281
1469.63951083061	1231.56665039063
1472.24971150397	1231.33337402344
1474.8591026969	1227.36669921875
1477.46768474763	1228.86669921875
1480.07545799434	1227.90002441406
1482.68242277508	1231.09997558594
1485.28857942782	1231.53332519531
1487.89392829042	1227.80004882813
1490.49846970065	1227.83337402344
1493.10220399619	1230.18334960938
1495.70513151461	1225.44995117188
1498.30725259339	1226.15002441406
1500.90856756992	1227.71667480469
1503.50907678146	1228.56665039063
1506.10878056524	1226.96667480469
1508.70767925832	1227.38330078125
1511.30577319772	1226.86669921875
1513.90306272032	1229.18334960938
1516.49954816295	1224.08337402344
1519.09522986229	1227.88330078125
1521.69010815498	1226.16662597656
1524.28418337751	1227.94995117188
1526.87745586632	1226.05004882813
1529.46992595773	1225.96667480469
1532.06159398796	1226.40002441406
1534.65246029316	1228.06665039063
1537.24252520935	1227.56665039063
1539.83178907249	1226.19995117188
1542.42025221841	1226.83337402344
1545.00791498287	1225.18334960938
1547.59477770152	1224.75
1550.18084070993	1226.91662597656
1552.76610434356	1224.46667480469
1555.35056893777	1224.38330078125
1557.93423482785	1226.08337402344
1560.51710234896	1227.93334960938
1563.0991718362	1224.34997558594
1565.68044362457	1225.41662597656
1568.26091804893	1226.93334960938
1570.84059544411	1228.16662597656
1573.41947614481	1227.15002441406
1575.99756048562	1225.73327636719
1578.57484880108	1226.34997558594
1581.15134142559	1227.30004882813
1583.72703869349	1229.15002441406
1586.301940939	1226.61669921875
1588.87604849628	1228.28332519531
1591.44936169934	1228.21667480469
1594.02188088215	1229.98327636719
1596.59360637855	1231.96667480469
1599.16453852232	1235.30004882813
1601.73467764709	1235.98327636719
1604.30402408647	1234.59997558594
1606.87257817391	1236.36669921875
1609.44034024281	1233.86669921875
1612.00731062644	1228.19995117188
1614.57348965801	1232.80004882813
1617.13887767062	1229.5
1619.70347499726	1227.58337402344
1622.26728197086	1228.58337402344
1624.83029892423	1228.33337402344
1627.39252619012	1228.03332519531
1629.95396410112	1231.05004882813
1632.5146129898	1226.28332519531
1635.07447318858	1231.18334960938
1637.63354502984	1230.41662597656
1640.19182884582	1229.86669921875
1642.74932496868	1226.80004882813
1645.3060337305	1224.84997558594
1647.86195546325	1227.19995117188
1650.41709049882	1225.18334960938
1652.971439169	1224.55004882813
1655.52500180548	1224.15002441406
1658.07777873987	1223.46667480469
1660.62977030368	1224.18334960938
1663.18097682833	1227.18334960938
1665.73139864514	1225.58337402344
1668.28103608534	1226.06665039063
1670.82988948008	1224.59997558594
1673.37795916039	1226.26672363281
1675.92524545724	1226.69995117188
1678.47174870147	1225
1681.01746922386	1223.05004882813
1683.56240735508	1229.01672363281
1686.10656342572	1226.11669921875
1688.64993776626	1225.01672363281
1691.19253070709	1224.16662597656
1693.73434257853	1225.81665039063
1696.27537371078	1223.73327636719
1698.81562443395	1223.26672363281
1701.35509507809	1222.38330078125
1703.89378597311	1223.81665039063
1706.43169744886	1222.34997558594
1708.96882983509	1225.30004882813
1711.50518346144	1226.06665039063
1714.0407586575	1224.71667480469
1716.57555575272	1226.06665039063
1719.10957507649	1227.90002441406
1721.64281695809	1227.33337402344
1724.17528172671	1227.93334960938
1726.70696971146	1229.59997558594
1729.23788124135	1228.36669921875
1731.7680166453	1228.59997558594
1734.29737625213	1226.43334960938
1736.82596039057	1227.71667480469
1739.35376938927	1227.01672363281
1741.88080357677	1226.03332519531
1744.40706328154	1223.19995117188
1746.93254883193	1225.58337402344
1749.45726055623	1224
1751.9811987826	1224.68334960938
1754.50436383915	1224.71667480469
1757.02675605387	1223.69995117188
1759.54837575466	1226.75
1762.06922326934	1226.15002441406
1764.58929892564	1223.5
1767.10860305118	1224.21667480469
1769.6271359735	1223.21667480469
1772.14489802005	1221.63330078125
1774.66188951817	1221.63330078125
1777.17811079515	1226.48327636719
1779.69356217815	1223.15002441406
1782.20824399425	1224.88330078125
1784.72215657043	1223.61669921875
1787.23530023361	1221.31665039063
1789.74767531057	1223.96667480469
1792.25928212804	1222.98327636719
1794.77012101264	1222.61669921875
1797.2801922909	1222.11669921875
1799.78949628926	1225.38330078125
1802.29803333406	1222.43334960938
1804.80580375158	1223.43334960938
1807.31280786797	1223.76672363281
1809.81904600929	1222.59997558594
1812.32451850154	1223.08337402344
1814.82922567061	1222.19995117188
1817.33316784231	1222.03332519531
1819.83634534233	1222.23327636719
1822.33875849629	1221.55004882813
1824.84040762973	1222.48327636719
1827.34129306808	1223.05004882813
1829.84141513667	1221.91662597656
1832.34077416077	1224.75
1834.83937046553	1222.76672363281
1837.33720437602	1220.08337402344
1839.83427621723	1221.36669921875
1842.33058631404	1224.73327636719
1844.82613499125	1222.59997558594
1847.32092257355	1223.31665039063
1849.81494938558	1222.71667480469
1852.30821575184	1221.83337402344
1854.80072199677	1222.23327636719
1857.29246844473	1221.11669921875
1859.78345541994	1223.44995117188
1862.27368324658	1223.71667480469
1864.76315224871	1222.40002441406
1867.2518627503	1221.88330078125
1869.73981507524	1223.98327636719
1872.22700954733	1222.18334960938
1874.71344649027	1222.84997558594
1877.19912622768	1222.23327636719
1879.68404908308	1221.03332519531
1882.16821537988	1221.59997558594
1884.65162544145	1223.68334960938
1887.13427959102	1223.63330078125
1889.61617815175	1221.46667480469
1892.0973214467	1220.11669921875
1894.57770979887	1223.96667480469
1897.05734353113	1221.43334960938
1899.53622296628	1220.44995117188
1902.014348427	1222.16662597656
1904.49172023593	1224.91662597656
1906.96833871558	1221.25
1909.44420418839	1220.76672363281
1911.91931697668	1223.5
1914.39367740272	1219.84997558594
1916.86728578865	1220.84997558594
1919.34014245654	1220.83337402344
1921.81224772838	1220.53332519531
1924.28360192604	1222.76672363281
1926.75420537132	1221.36669921875
1929.22405838593	1221.90002441406
1931.69316129147	1221.65002441406
1934.16151440948	1222.91662597656
1936.62911806136	1223.30004882813
1939.09597256848	1220.71667480469
1941.56207825207	1222.73327636719
1944.0274354333	1222.30004882813
1946.49204443322	1221.59997558594
1948.95590557284	1221.38330078125
1951.41901917301	1220.65002441406
1953.88138555454	1220.58337402344
1956.34300503813	1219.38330078125
1958.8038779444	1221.23327636719
1961.26400459387	1220.55004882813
1963.72338530697	1222.21667480469
1966.18202040403	1222.28332519531
1968.63991020531	1220.73327636719
1971.09705503097	1223.23327636719
1973.55345520107	1218.86669921875
1976.0091110356	1220.31665039063
1978.46402285444	1221.93334960938
1980.91819097737	1219.41662597656
1983.3716157241	1221.48327636719
1985.82429741427	1220.94995117188
1988.27623636736	1222.59997558594
1990.72743290284	1222.23327636719
1993.17788734002	1219.5
1995.62759999817	1220.75
1998.07657119644	1219.05004882813
2000.5248012539	1220.69995117188
2002.97229048952	1222.5
2005.41903922219	1220.16662597656
2007.86504777071	1220.05004882813
2010.31031645378	1221.43334960938
2012.75484559	1222.05004882813
2015.19863549792	1219.11669921875
2017.64168649594	1224.03332519531
2020.08399890242	1221.31665039063
2022.5255730356	1220.51672363281
2024.96640921365	1219.88330078125
2027.40650775462	1218.69995117188
2029.84586897649	1221.78332519531
2032.28449319715	1220.69995117188
2034.72238073438	1221.65002441406
2037.15953190591	1219.91662597656
2039.59594702932	1221.90002441406
2042.03162642215	1218.63330078125
2044.46657040182	1222.31665039063
2046.90077928567	1220.34997558594
2049.33425339095	1220.03332519531
2051.76699303481	1220.80004882813
2054.19899853433	1221.78332519531
2056.63027020645	1222.15002441406
2059.06080836809	1220.93334960938
2061.49061333602	1219.43334960938
2063.91968542694	1222.25
2066.34802495747	1220.09997558594
2068.77563224411	1218.34997558594
2071.20250760329	1223.44995117188
2073.62865135136	1218.86669921875
2076.05406380455	1219.91662597656
2078.47874527901	1220.41662597656
2080.9026960908	1220.75
2083.3259165559	1219.68334960938
2085.74840699018	1218.83337402344
2088.17016770944	1221.86669921875
2090.59119902935	1221.19995117188
2093.01150126553	1220.34997558594
2095.43107473348	1218.36669921875
2097.84991974864	1218.68334960938
2100.26803662633	1218.81665039063
2102.68542568178	1221.93334960938
2105.10208723015	1219.66662597656
2107.51802158648	1220.98327636719
2109.93322906574	1219.93334960938
2112.3477099828	1221.98327636719
2114.76146465245	1222.11669921875
2117.17449338937	1219.15002441406
2119.58679650815	1219.93334960938
2121.9983743233	1217.80004882813
2124.40922714924	1220.13330078125
2126.81935530029	1220.71667480469
2129.22875909067	1222.90002441406
2131.63743883452	1221.03332519531
2134.04539484589	1221.46667480469
2136.45262743874	1218.21667480469
2138.85913692692	1221.21667480469
2141.26492362422	1221.46667480469
2143.6699878443	1218.61669921875
2146.07432990076	1220.76672363281
2148.47795010708	1219.80004882813
2150.88084877667	1221.26672363281
2153.28302622285	1221.51672363281
2155.68448275883	1220.56665039063
2158.08521869774	1223.53332519531
2160.48523435261	1219.36669921875
2162.88453003639	1223.11669921875
2165.28310606193	1219.11669921875
2167.68096274199	1217.91662597656
2170.07810038922	1219.69995117188
2172.47451931622	1218.34997558594
2174.87021983546	1218.55004882813
2177.26520225933	1218.31665039063
2179.65946690013	1223.09997558594
2182.05301407006	1219.69995117188
2184.44584408123	1219.03332519531
2186.83795724567	1220.84997558594
2189.22935387531	1220.46667480469
2191.62003428198	1220.68334960938
2194.00999877743	1219.46667480469
2196.39924767329	1218.15002441406
2198.78778128115	1219.91662597656
2201.17559991245	1221.86669921875
2203.56270387857	1219.93334960938
2205.94909349081	1216.94995117188
2208.33476906033	1217.76672363281
2210.71973089824	1218.71667480469
2213.10397931554	1220.46667480469
2215.48751462314	1218.66662597656
2217.87033713186	1219.69995117188
2220.25244715242	1218.84997558594
2222.63384499546	1216.40002441406
2225.01453097151	1220.26672363281
2227.39450539101	1220.83337402344
2229.77376856434	1218.46667480469
2232.15232080173	1219.61669921875
2234.53016241336	1219.63330078125
2236.9072937093	1220.55004882813
2239.28371499954	1219.68334960938
2241.65942659396	1218.98327636719
2244.03442880236	1217.40002441406
2246.40872193443	1219.34997558594
2248.78230629979	1217.31665039063
2251.15518220795	1218.84997558594
2253.52734996835	1219.16662597656
2255.89880989029	1217.80004882813
2258.26956228301	1215.73327636719
2260.63960745567	1218.59997558594
2263.00894571731	1217.15002441406
2265.37757737688	1216.53332519531
2267.74550274324	1218.09997558594
2270.11272212517	1220.96667480469
2272.47923583134	1219.48327636719
2274.84504417031	1218.36669921875
2277.2101474506	1219.40002441406
2279.57454598058	1219.69995117188
2281.93824006856	1219.55004882813
2284.30123002275	1215.13330078125
2286.66351615125	1220.93334960938
2289.02509876208	1218.66662597656
2291.38597816317	1217.73327636719
2293.74615466236	1220.58337402344
2296.10562856737	1220.81665039063
2298.46440018585	1216.78332519531
2300.82246982535	1216.88330078125
2303.1798377933	1215.58337402344
2305.5365043971	1219.75
2307.89246994399	1216.65002441406
2310.24773474116	1214.98327636719
2312.60229909566	1218.88330078125
2314.95616331451	1218.59997558594
2317.30932770456	1216.30004882813
2319.66179257263	1217.73327636719
2322.01355822542	1218.83337402344
2324.36462496953	1218.83337402344
2326.71499311146	1217.75
2329.06466295764	1220.75
2331.41363481439	1217.66662597656
2333.76190898794	1220.46667480469
2336.10948578441	1218.86669921875
2338.45636550986	1219.28332519531
2340.80254847022	1218.09997558594
2343.14803497132	1218.19995117188
2345.49282531895	1216.71667480469
2347.83691981874	1218.31665039063
2350.18031877626	1221.33337402344
2352.52302249699	1214.46667480469
2354.8650312863	1221.01672363281
2357.20634544946	1218.46667480469
2359.54696529166	1219.66662597656
2361.88689111798	1218.21667480469
2364.22612323341	1217.33337402344
2366.56466194287	1217.51672363281
2368.90250755114	1220.03332519531
2371.23966036293	1217.43334960938
2373.57612068286	1220.53332519531
2375.91188881545	1219.63330078125
2378.2469650651	1214.26672363281
2380.58134973615	1218.98327636719
2382.91504313282	1217.43334960938
2385.24804555926	1217.83337402344
2387.58035731949	1216.59997558594
2389.91197871745	1217.21667480469
2392.24291005701	1219.05004882813
2394.57315164189	1215.21667480469
2396.90270377577	1215.53332519531
2399.23156676218	1216.16662597656
2401.55974090461	1218.46667480469
2403.88722650642	1217.96667480469
2406.21402387086	1216.88330078125
2408.54013330113	1216.71667480469
2410.8655551003	1217.44995117188
2413.19028957133	1217.18334960938
2415.51433701713	1216.53332519531
2417.83769774049	1218.25
2420.16037204408	1216.61669921875
2422.48236023051	1216.18334960938
2424.80366260228	1219.11669921875
2427.12427946179	1215.83337402344
2429.44421111134	1217.91662597656
2431.76345785315	1218.55004882813
2434.08201998932	1218.55004882813
2436.39989782188	1217.44995117188
2438.71709165273	1216.23327636719
2441.0336017837	1215.28332519531
2443.34942851653	1217.01672363281
2445.66457215282	1215.58337402344
2447.97903299412	1214.5
2450.29281134185	1214.90002441406
2452.60590749736	1216.53332519531
2454.91832176188	1213.98327636719
2457.23005443656	1216.41662597656
2459.54110582243	1217.05004882813
2461.85147622045	1213.06665039063
2464.16116593146	1218.15002441406
2466.47017525621	1216.08337402344
2468.77850449536	1215.86669921875
2471.08615394947	1216.33337402344
2473.39312391899	1219.28332519531
2475.69941470429	1215.48327636719
2478.00502660562	1215.90002441406
2480.30995992316	1217.40002441406
2482.61421495697	1218.58337402344
2484.91779200702	1217.11669921875
2487.22069137316	1215.09997558594
2489.5229133552	1215.23327636719
2491.8244582528	1216
2494.12532636553	1214.33337402344
2496.42551799287	1215.21667480469
2498.72503343421	1217.11669921875
2501.02387298882	1215.94995117188
2503.32203695588	1215.94995117188
2505.61952563449	1216.33337402344
2507.91633932361	1216.83337402344
2510.21247832216	1217.48327636719
2512.50794292891	1215.66662597656
2514.80273344255	1217.46667480469
2517.09685016167	1214.58337402344
2519.39029338476	1214.86669921875
2521.68306341022	1216.73327636719
2523.97516053634	1215.96667480469
2526.26658506132	1215.59997558594
2528.55733728325	1216.73327636719
2530.84741750012	1218.06665039063
2533.13682600984	1214.59997558594
2535.4255631102	1217.34997558594
2537.7136290989	1213.96667480469
2540.00102427354	1215.96667480469
2542.28774893162	1216.34997558594
2544.57380337053	1216.15002441406
2546.85918788758	1218.15002441406
2549.14390277997	1215.43334960938
2551.4279483448	1213.80004882813
2553.71132487906	1215.94995117188
2555.99403267966	1215.09997558594
2558.27607204341	1215.5
2560.55744326699	1218.93334960938
2562.83814664702	1214.65002441406
2565.11818247999	1217.40002441406
2567.3975510623	1216.55004882813
2569.67625269025	1212.84997558594
2571.95428766003	1217.11669921875
2574.23165626776	1216.33337402344
2576.50835880942	1213.44995117188
2578.78439558093	1215.53332519531
2581.05976687806	1212.44995117188
2583.33447299652	1214.34997558594
2585.60851423191	1217.19995117188
2587.88189087972	1214.28332519531
2590.15460323534	1214.80004882813
2592.42665159406	1214.16662597656
2594.69803625108	1215.13330078125
2596.9687575015	1214.15002441406
2599.23881564029	1212.58337402344
2601.50821096235	1215.19995117188
2603.77694376245	1213.86669921875
2606.0450143353	1215.46667480469
2608.31242297548	1214.58337402344
2610.57916997746	1216.61669921875
2612.84525563562	1216.26672363281
2615.11068024426	1215.53332519531
2617.37544409753	1213.96667480469
2619.63954748952	1216.48327636719
2621.90299071421	1215.71667480469
2624.16577406546	1214.68334960938
2626.42789783705	1214.81665039063
2628.68936232264	1215.93334960938
2630.9501678158	1214.53332519531
2633.21031460999	1216.13330078125
2635.46980299857	1214.26672363281
2637.72863327481	1214.71667480469
2639.98680573185	1212.55004882813
2642.24432066276	1215.48327636719
2644.50117836048	1213.23327636719
2646.75737911786	1214.01672363281
2649.01292322765	1215.81665039063
2651.26781098249	1214.84997558594
2653.52204267492	1215.31665039063
2655.77561859738	1214.26672363281
2658.0285390422	1214.68334960938
2660.28080430161	1215.98327636719
2662.53241466774	1213.19995117188
2664.78337043263	1217.03332519531
2667.03367188817	1215.36669921875
2669.2833193262	1214.03332519531
2671.53231303844	1214.75
2673.78065331648	1213.21667480469
2676.02834045184	1214.15002441406
2678.27537473592	1214.21667480469
2680.52175646002	1214.33337402344
2682.76748591535	1214.36669921875
2685.01256339298	1212.30004882813
2687.25698918391	1210.91662597656
2689.50076357901	1212.09997558594
2691.74388686909	1210.44995117188
2693.9863593448	1215.28332519531
2696.22818129672	1214.18334960938
2698.46935301532	1210.65002441406
2700.70987479096	1212.11669921875
2702.94974691389	1214.48327636719
2705.18896967428	1211.80004882813
2707.42754336216	1213.19995117188
2709.66546826749	1212.93334960938
2711.90274468011	1216.51672363281
2714.13937288974	1212.25
2716.37535318602	1213.11669921875
2718.61068585848	1213.25
2720.84537119652	1212.63330078125
2723.07940948947	1211.76672363281
2725.31280102654	1211.55004882813
2727.54554609682	1211.05004882813
2729.77764498933	1212.43334960938
2732.00909799294	1211.58337402344
2734.23990539644	1212.15002441406
2736.47006748853	1213.84997558594
2738.69958455777	1211.80004882813
2740.92845689263	1211.31665039063
2743.15668478147	1215.43334960938
2745.38426851257	1212.59997558594
2747.61120837406	1212.30004882813
2749.83750465399	1213.06665039063
2752.0631576403	1212.59997558594
2754.28816762083	1214.34997558594
2756.51253488329	1213.66662597656
2758.73625971532	1212.84997558594
2760.95934240442	1215.08337402344
2763.18178323801	1213.44995117188
2765.40358250338	1210.68334960938
2767.62474048773	1211.46667480469
2769.84525747814	1211.16662597656
2772.06513376159	1213.58337402344
2774.28436962496	1209.83337402344
2776.50296535501	1211.58337402344
2778.7209212384	1211.48327636719
2780.93823756168	1212.46667480469
2783.15491461129	1210.75
2785.37095267358	1212.33337402344
2787.58635203477	1211.66662597656
2789.80111298097	1214.25
2792.01523579822	1210.94995117188
2794.2287207724	1211.01672363281
2796.44156818932	1209.69995117188
2798.65377833468	1209.88330078125
2800.86535149404	1212.28332519531
2803.07628795289	1211.23327636719
2805.28658799659	1213.13330078125
2807.4962519104	1210.43334960938
2809.70527997946	1210.90002441406
2811.91367248883	1209.41662597656
2814.12142972342	1210.63330078125
2816.32855196807	1209.98327636719
2818.53503950749	1210.28332519531
2820.74089262628	1212.28332519531
2822.94611160894	1209.81665039063
2825.15069673987	1212.56665039063
2827.35464830333	1210.40002441406
2829.55796658351	1211.5
2831.76065186445	1210.11669921875
2833.96270443012	1210.46667480469
2836.16412456437	1212.11669921875
2838.3649125509	1214.55004882813
2840.56506867336	1211.30004882813
2842.76459321526	1207.36669921875
2844.96348645999	1211.36669921875
2847.16174869086	1213.01672363281
2849.35938019105	1210.69995117188
2851.55638124363	1210
2853.75275213157	1209.69995117188
2855.94849313772	1211.68334960938
2858.14360454483	1211.01672363281
2860.33808663553	1211.63330078125
2862.53193969234	1212.33337402344
2864.72516399768	1212.05004882813
2866.91775983385	1211.05004882813
2869.10972748304	1212.65002441406
2871.30106722733	1214.01672363281
2873.4917793487	1213.41662597656
2875.68186412899	1212.71667480469
2877.87132184997	1212.41662597656
2880.06015279325	1213.98327636719
2882.24835724039	1213.75
2884.43593547278	1210.80004882813
2886.62288777173	1211.91662597656
2888.80921441843	1213.40002441406
2890.99491569397	1211.81665039063
2893.1799918793	1212.81665039063
2895.36444325529	1214.76672363281
2897.54827010269	1213.40002441406
2899.73147270213	1213.38330078125
2901.91405133412	1215.06665039063
2904.09600627909	1212.44995117188
2906.27733781731	1213.75
2908.45804622899	1211.13330078125
2910.63813179418	1211.90002441406
2912.81759479286	1213.55004882813
2914.99643550486	1213.76672363281
2917.17465420994	1213.81665039063
2919.3522511877	1215.93334960938
2921.52922671765	1214.43334960938
2923.7055810792	1213.91662597656
2925.88131455162	1213.65002441406
2928.05642741408	1213.05004882813
2930.23091994566	1215.26672363281
2932.40479242528	1216.08337402344
2934.57804513178	1215.94995117188
2936.75067834387	1214.48327636719
2938.92269234017	1213.78332519531
2941.09408739916	1216.25
2943.26486379921	1214.15002441406
2945.4350218186	1215.91662597656
2947.60456173546	1214.51672363281
2949.77348382783	1216.23327636719
2951.94178837363	1215.51672363281
2954.10947565068	1214.55004882813
2956.27654593666	1213.58337402344
2958.44299950915	1216.78332519531
2960.60883664562	1212.83337402344
2962.77405762341	1213.36669921875
2964.93866271975	1215.98327636719
2967.10265221178	1214.90002441406
2969.26602637648	1214.75
2971.42878549076	1216.96667480469
2973.59092983139	1212.56665039063
2975.75245967501	1216.01672363281
2977.9133752982	1213.80004882813
2980.07367697736	1212.51672363281
2982.23336498882	1210.26672363281
2984.39243960877	1213.36669921875
2986.5509011133	1213.71667480469
2988.70874977837	1210.86669921875
2990.86598587984	1213.58337402344
2993.02260969344	1211.51672363281
2995.17862149478	1210.09997558594
2997.33402155938	1211.81665039063
2999.48881016262	1211.98327636719
3001.64298757978	1214.34997558594
3003.796554086	1211.18334960938
3005.94950995633	1210.36669921875
3008.10185546569	1211.06665039063
3010.25359088888	1209.71667480469
3012.40471650059	1212.93334960938
3014.5552325754	1207.56665039063
3016.70513938776	1208.01672363281
3018.85443721201	1210.90002441406
3021.00312632236	1210.76672363281
3023.15120699292	1207.96667480469
3025.29867949769	1208.41662597656
3027.44554411052	1209.01672363281
3029.59180110516	1210.40002441406
3031.73745075527	1211.46667480469
3033.88249333434	1210.13330078125
3036.02692911578	1209.96667480469
3038.17075837287	1211.40002441406
3040.31398137877	1211.01672363281
3042.45659840653	1208.40002441406
3044.59860972907	1209.91662597656
3046.7400156192	1208.75
3048.88081634961	1208.13330078125
3051.02101219287	1209.71667480469
3053.16060342144	1211
3055.29959030765	1208.44995117188
3057.43797312371	1211.33337402344
3059.57575214172	1209.76672363281
3061.71292763366	1207.5
3063.84949987139	1209.5
3065.98546912665	1209.48327636719
3068.12083567105	1208.13330078125
3070.2555997761	1208.83337402344
3072.38976171319	1209.33337402344
3074.52332175356	1210.21667480469
3076.65628016837	1209.63330078125
3078.78863722863	1208.16662597656
3080.92039320526	1208.40002441406
3083.05154836902	1207.63330078125
3085.1821029906	1210.06665039063
3087.31205734051	1206.81665039063
3089.44141168921	1206.73327636719
3091.57016630696	1206.36669921875
3093.69832146398	1206.30004882813
3095.82587743032	1205.78332519531
3097.9528344759	1208.73327636719
3100.07919287056	1208.44995117188
3102.204952884	1206.81665039063
3104.33011478579	1205.48327636719
3106.45467884538	1205.73327636719
3108.57864533212	1204.48327636719
3110.70201451522	1207.23327636719
3112.82478666378	1206.83337402344
3114.94696204676	1204.68334960938
3117.06854093301	1204.16662597656
3119.18952359127	1206.28332519531
3121.30991029013	1205.91662597656
3123.4297012981	1205.25
3125.54889688352	1206.31665039063
3127.66749731464	1204.44995117188
3129.78550285957	1203.26672363281
3131.90291378633	1205.84997558594
3134.01973036277	1204.84997558594
3136.13595285665	1205.53332519531
3138.2515815356	1205.40002441406
3140.36661666714	1204.56665039063
3142.48105851863	1205.5
3144.59490735734	1205.58337402344
3146.70816345041	1207.25
3148.82082706486	1206.93334960938
3150.93289846758	1203.38330078125
3153.04437792532	1206.83337402344
3155.15526570475	1205
3157.26556207238	1203.63330078125
3159.37526729461	1205.09997558594
3161.48438163771	1205.78332519531
3163.59290536784	1204.11669921875
3165.70083875102	1203.84997558594
3167.80818205315	1201.33337402344
3169.91493554002	1203.40002441406
3172.02109947727	1206.48327636719
3174.12667413044	1205.13330078125
3176.23165976493	1202.91662597656
3178.33605664602	1205.33337402344
3180.43986503887	1202.51672363281
3182.54308520852	1203.78332519531
3184.64571741986	1205.59997558594
3186.74776193769	1204.58337402344
3188.84921902664	1204.71667480469
3190.95008895128	1202.84997558594
3193.05037197599	1202.18334960938
3195.15006836504	1203.05004882813
3197.24917838262	1203.13330078125
3199.34770229274	1203.18334960938
3201.44564035931	1202.38330078125
3203.5429928461	1203.43334960938
3205.63976001677	1204.80004882813
3207.73594213484	1203.59997558594
3209.83153946372	1202.86669921875
3211.92655226669	1204.73327636719
3214.02098080688	1204.51672363281
3216.11482534732	1203.5
3218.20808615091	1202.21667480469
3220.30076348041	1201.15002441406
3222.39285759847	1203.84997558594
3224.4843687676	1202.01672363281
3226.57529725019	1203.51672363281
3228.66564330851	1201.01672363281
3230.75540720468	1202.84997558594
3232.8445892007	1202
3234.93318955847	1202.31665039063
3237.02120853974	1202.55004882813
3239.10864640612	1204.16662597656
3241.19550341911	1202.69995117188
3243.28177984009	1202.65002441406
3245.36747593029	1202.65002441406
3247.45259195083	1199.83337402344
3249.53712816268	1200.65002441406
3251.62108482672	1202.73327636719
3253.70446220366	1203.59997558594
3255.78726055411	1201.51672363281
3257.86948013853	1201.56665039063
3259.95112121728	1201.25
3262.03218405055	1200.68334960938
3264.11266889845	1199.88330078125
3266.19257602092	1201.36669921875
3268.27190567779	1202.18334960938
3270.35065812876	1201.73327636719
3272.4288336334	1199.93334960938
3274.50643245114	1200.31665039063
3276.5834548413	1201.55004882813
3278.65990106305	1200.59997558594
3280.73577137545	1199.15002441406
3282.81106603742	1201.13330078125
3284.88578530774	1199.65002441406
3286.95992944508	1200.65002441406
3289.03349870796	1200.94995117188
3291.1064933548	1198.43334960938
3293.17891364384	1202.86669921875
3295.25075983324	1202.34997558594
3297.322032181	1198.05004882813
3299.39273094501	1199.86669921875
3301.462856383	1198.68334960938
3303.53240875259	1200.25
3305.60138831128	1199.84997558594
3307.6697953164	1201.36669921875
3309.73763002519	1200.13330078125
3311.80489269472	1201.25
3313.87158358198	1200.03332519531
3315.93770294378	1198.91662597656
3318.00325103681	1201.53332519531
3320.06822811764	1198.63330078125
3322.13263444272	1201.34997558594
3324.19647026832	1198.88330078125
3326.25973585064	1200.58337402344
3328.32243144568	1200.34997558594
3330.38455730938	1198.51672363281
3332.44611369749	1201.25
3334.50710086564	1199.15002441406
3336.56751906936	1201.83337402344
3338.62736856401	1198.48327636719
3340.68664960483	1202.36669921875
3342.74536244693	1198.09997558594
3344.80350734528	1198.46667480469
3346.86108455472	1199.48327636719
3348.91809432997	1198.26672363281
3350.97453692559	1200.25
3353.03041259603	1198.65002441406
3355.08572159559	1198.80004882813
3357.14046417844	1197.65002441406
3359.19464059863	1199.16662597656
3361.24825111005	1199.16662597656
3363.30129596648	1198.65002441406
3365.35377542155	1196.91662597656
3367.40568972878	1199.33337402344
3369.45703914152	1196.23327636719
3371.507823913	1196.51672363281
3373.55804429633	1198.96667480469
3375.60770054446	1198.33337402344
3377.65679291024	1197.33337402344
3379.70532164635	1198.13330078125
3381.75328700534	1198.88330078125
3383.80068923965	1198.33337402344
3385.84752860155	1199.61669921875
3387.89380534321	1198.19995117188
3389.93951971664	1196.09997558594
3391.98467197371	1196.48327636719
3394.02926236618	1199.06665039063
3396.07329114566	1199.08337402344
3398.1167585636	1195.90002441406
3400.15966487137	1196.44995117188
3402.20201032014	1196.65002441406
3404.24379516099	1197.5
3406.28501964484	1194.69995117188
3408.3256840225	1198.41662597656
3410.3657885446	1196.94995117188
3412.40533346167	1196.41662597656
3414.44431902408	1196.44995117188
3416.48274548209	1195
3418.5206130858	1196.56665039063
3420.55792208516	1197.43334960938
3422.59467273003	1195.76672363281
3424.63086527009	1195.56665039063
3426.6664999549	1194.78332519531
3428.70157703386	1196.09997558594
3430.73609675628	1196.26672363281
3432.77005937129	1197.11669921875
3434.80346512789	1195.88330078125
3436.83631427494	1196.58337402344
3438.86860706119	1196.44995117188
3440.90034373521	1194.88330078125
3442.93152454546	1196.81665039063
3444.96214974025	1195.43334960938
3446.99221956775	1195.26672363281
3449.021734276	1196.43334960938
3451.05069411289	1196.38330078125
3453.07909932619	1195.84997558594
3455.1069501635	1194.65002441406
3457.1342468723	1194.40002441406
3459.16098969993	1195.56665039063
3461.1871788936	1195.86669921875
3463.21281470035	1195.86669921875
3465.23789736712	1195.59997558594
3467.26242714067	1193.80004882813
3469.28640426765	1194.90002441406
3471.30982899455	1196.66662597656
3473.33270156774	1196.36669921875
3475.35502223343	1193.19995117188
3477.3767912377	1193.55004882813
3479.39800882649	1195.5
3481.41867524559	1193.94995117188
3483.43879074066	1193.83337402344
3485.45835555721	1194.30004882813
3487.47736994062	1193.06665039063
3489.49583413611	1194.55004882813
3491.51374838879	1194.55004882813
3493.53111294359	1193
3495.54792804533	1194.51672363281
3497.56419393867	1193.66662597656
3499.57991086814	1195.18334960938
3501.59507907811	1192.16662597656
3503.60969881284	1194.28332519531
3505.6237703164	1193.43334960938
3507.63729383278	1192.53332519531
3509.65026960577	1193.93334960938
3511.66269787904	1191.91662597656
3513.67457889613	1194.58337402344
3515.68591290042	1190.13330078125
3517.69670013515	1191.93334960938
3519.70694084342	1191.69995117188
3521.7166352682	1193.68334960938
3523.72578365229	1191.80004882813
3525.73438623836	1193.88330078125
3527.74244326893	1192.93334960938
3529.74995498641	1192.13330078125
3531.75692163301	1191.94995117188
3533.76334345084	1192.26672363281
3535.76922068186	1192.34997558594
3537.77455356786	1192.31665039063
3539.77934235051	1192.03332519531
3541.78358727133	1193.81665039063
3543.78728857169	1191.71667480469
3545.79044649283	1191.94995117188
3547.79306127584	1192.34997558594
3549.79513316164	1192.88330078125
3551.79666239104	1191.94995117188
3553.79764920469	1191.93334960938
3555.7980938431	1191.93334960938
3557.79799654663	1191.86669921875
3559.79735755548	1193.88330078125
3561.79617710974	1191.46667480469
3563.79445544932	1193.43334960938
3565.79219281401	1193.11669921875
3567.78938944344	1189.86669921875
3569.7860455771	1189.53332519531
3571.78216145432	1191.63330078125
3573.77773731431	1192.96667480469
3575.7727733961	1189.96667480469
3577.76726993861	1191.53332519531
3579.76122718059	1188.23327636719
3581.75464536064	1190.96667480469
3583.74752471725	1189.19995117188
3585.7398654887	1188.23327636719
3587.73166791317	1189.31665039063
3589.7229322287	1188.68334960938
3591.71365867314	1189.46667480469
3593.70384748424	1189.44995117188
3595.69349889955	1190.05004882813
3597.68261315654	1189.44995117188
3599.67119049245	1188.66662597656
3601.65923114446	1189.83337402344
3603.64673534952	1189.88330078125
3605.63370334449	1188.66662597656
3607.62013536607	1189.11669921875
3609.60603165079	1189.93334960938
3611.59139243504	1188.58337402344
3613.57621795509	1187.86669921875
3615.56050844701	1187.88330078125
3617.54426414677	1190.43334960938
3619.52748529017	1186.33337402344
3621.51017211285	1189.19995117188
3623.49232485031	1186.78332519531
3625.47394373792	1187.73327636719
3627.45502901088	1187.16662597656
3629.43558090423	1187.13330078125
3631.41559965288	1187.91662597656
3633.3950854916	1187.05004882813
3635.37403865498	1188.59997558594
3637.35245937747	1187.23327636719
3639.33034789339	1187.33337402344
3641.30770443688	1186.09997558594
3643.28452924196	1188.53332519531
3645.26082254248	1187.91662597656
3647.23658457212	1188.94995117188
3649.21181556447	1187.33337402344
3651.18651575291	1186.40002441406
3653.16068537069	1186.56665039063
3655.13432465092	1186.26672363281
3657.10743382653	1186.59997558594
3659.08001313034	1187.90002441406
3661.05206279498	1187.08337402344
3663.02358305295	1187.16662597656
3664.9945741366	1185.80004882813
3666.96503627811	1185.80004882813
3668.93496970952	1184.18334960938
3670.90437466272	1186.41662597656
3672.87325136944	1184.03332519531
3674.84160006127	1185.53332519531
3676.80942096963	1186.18334960938
3678.77671432581	1187.56665039063
3680.74348036092	1183.94995117188
3682.70971930595	1186.38330078125
3684.6754313917	1186.66662597656
3686.64061684885	1184.33337402344
3688.60527590791	1185.83337402344
3690.56940879924	1186.05004882813
3692.53301575303	1184.01672363281
3694.49609699936	1185.94995117188
3696.45865276812	1185.36669921875
3698.42068328904	1187.80004882813
3700.38218879173	1185.34997558594
3702.34316950563	1184.63330078125
3704.30362566	1185.98327636719
3706.26355748399	1183.88330078125
3708.22296520657	1185.48327636719
3710.18184905656	1185.33337402344
3712.14020926263	1184.44995117188
3714.09804605328	1182.91662597656
3716.05535965687	1184.30004882813
3718.01215030162	1184
3719.96841821555	1183.46667480469
3721.92416362657	1184.76672363281
3723.8793867624	1183.08337402344
3725.83408785063	1186.46667480469
3727.78826711869	1182.61669921875
3729.74192479384	1183.5
3731.69506110319	1183.81665039063
3733.64767627371	1182.66662597656
3735.59977053219	1183.25
3737.55134410528	1184.15002441406
3739.50239721947	1183.26672363281
3741.45293010108	1183.16662597656
3743.40294297631	1182.5
3745.35243607116	1183.56665039063
3747.3014096115	1183.33337402344
3749.24986382303	1182.63330078125
3751.19779893131	1182.55004882813
3753.14521516171	1183.16662597656
3755.09211273949	1180.94995117188
3757.0384918897	1183.23327636719
3758.98435283728	1183.16662597656
3760.92969580698	1183.30004882813
3762.87452102341	1182.38330078125
3764.81882871101	1180.66662597656
3766.76261909407	1182.03332519531
3768.70589239672	1180.28332519531
3770.64864884293	1182.55004882813
3772.59088865651	1182.21667480469
3774.53261206112	1182.30004882813
3776.47381928025	1180.94995117188
