-173.428722450078	1146.31665039063
-170.294344013779	1146.43334960938
-167.160990304052	1145.83337402344
-164.028660894548	1146
-160.897355359205	1145.98327636719
-157.767073272189	1146.13330078125
-154.637814207931	1146.58337402344
-151.50957774112	1146.08337402344
-148.382363446704	1145.91662597656
-145.256170899859	1146.28332519531
-142.130999676054	1146.46667480469
-139.006849350965	1146.59997558594
-135.883719500571	1146.41662597656
-132.761609701053	1146.11669921875
-129.640519528863	1146.16662597656
-126.520448560715	1145.69995117188
-123.401396373553	1146.46667480469
-120.28336254458	1145.38330078125
-117.166346651252	1146.30004882813
-114.050348271258	1146.65002441406
-110.935366982541	1146.09997558594
-107.821402363301	1145.93334960938
-104.708453991972	1146
-101.596521447235	1146.51672363281
-98.4856043080122	1146.65002441406
-95.3757021534957	1146.15002441406
-92.2668145630801	1146.21667480469
-89.1589411164452	1146.66662597656
-86.0520813934781	1146.01672363281
-82.946234974338	1146.78332519531
-79.8414014394074	1145.71667480469
-76.7375803693083	1146.41662597656
-73.6347713449181	1146.66662597656
-70.532973947345	1147.21667480469
-67.4321877579402	1146.23327636719
-64.3324123582935	1146.58337402344
-61.2336473302252	1145.43334960938
-58.1358922558143	1146.48327636719
-55.0391467173494	1146.59997558594
-51.9434102973817	1146.66662597656
-48.8486825786838	1146.19995117188
-45.7549631442702	1146.13330078125
-42.662251577389	1146.69995117188
-39.5705474615295	1146.05004882813
-36.4798503804062	1146.59997558594
-33.3901599179706	1146.56665039063
-30.301475658403	1145.48327636719
-27.2137971861287	1146.73327636719
-24.1271240858053	1146.36669921875
-21.0414559423028	1145.75
-17.9567923407513	1147.41662597656
-14.8731328664812	1145.98327636719
-11.7904771050747	1145.05004882813
-8.70882464233763	1146.06665039063
-5.62817506431157	1147.16662597656
-2.54852795725342	1148.33337402344
0.530117092344597	1155.18334960938
3.6077604977471	1157.75
6.68440267202787	1153.06665039063
9.76004402799773	1148.18334960938
12.8346849782609	1146.56665039063
15.9083259351831	1147.44995117188
18.9809673109237	1146.16662597656
22.0526095173877	1146.61669921875
25.1232529662903	1146.91662597656
28.1928980690886	1145.88330078125
31.2615452370419	1146.03332519531
34.32919488118	1145.65002441406
37.3958474123071	1147.38330078125
40.4615032409942	1146.71667480469
43.5261627776189	1145.73327636719
46.58982643231	1146.23327636719
49.6524946149833	1146.23327636719
52.7141677353456	1145.56665039063
55.7748462028835	1146.61669921875
58.8345304268427	1145.48327636719
61.8932208162729	1146.93334960938
64.9509177800033	1145.16662597656
68.0076217266271	1146.55004882813
71.0633330645419	1146.08337402344
74.118052201909	1147.28332519531
77.1717795467022	1148.30004882813
80.224515506648	1150.81665039063
83.2762604892772	1157.44995117188
86.3270149018856	1164.13330078125
89.3767791515896	1168.11669921875
92.4255536452548	1170.38330078125
95.4733387895519	1170.36669921875
98.5201349909248	1170.73327636719
101.565942655643	1170.09997558594
104.610762189717	1170.05004882813
107.654593998963	1168.05004882813
110.697438488996	1169.23327636719
113.739296065204	1168.11669921875
116.78016713278	1167.59997558594
119.820052096698	1165.46667480469
122.85895136172	1164.61669921875
125.896865332408	1165.48327636719
128.933794413111	1164.61669921875
131.969739007965	1164.16662597656
135.004699520911	1163.48327636719
138.038676355664	1163.03332519531
141.071669915751	1161.63330078125
144.103680604487	1162.48327636719
147.134708824975	1160.63330078125
150.164754980118	1160.43334960938
153.193819472611	1160.18334960938
156.221902704945	1160.34997558594
159.24900507942	1159.96667480469
162.275126998099	1158.94995117188
165.300268862873	1159.90002441406
168.324431075425	1159.69995117188
171.347614037231	1158.59997558594
174.369818149562	1160.11669921875
177.391043813491	1159.26672363281
180.411291429897	1158.51672363281
183.430561399437	1158.73327636719
186.448854122582	1159.59997558594
189.466169999607	1157.48327636719
192.482509430598	1159.88330078125
195.497872815412	1157.98327636719
198.512260553716	1157.88330078125
201.525673045011	1159.44995117188
204.538110688552	1158
207.549573883427	1158.69995117188
210.560063028519	1158.93334960938
213.569578522523	1157.30004882813
216.578120763917	1158.86669921875
219.585690151021	1157.76672363281
222.592287081907	1157.55004882813
225.597911954507	1158.21667480469
228.602565166512	1157.59997558594
231.606247115456	1157.65002441406
234.608958198646	1156.53332519531
237.610698813222	1157.31665039063
240.611469356122	1159.58337402344
243.611270224103	1158.41662597656
246.610101813707	1158.44995117188
249.607964521295	1158.30004882813
252.604858743044	1158.21667480469
255.600784874935	1158.06665039063
258.595743312749	1158.80004882813
261.589734452097	1157.71667480469
264.582758688393	1157.75
267.574816416842	1158.09997558594
270.565908032503	1159.25
273.556033930195	1158.06665039063
276.545194504586	1158.81665039063
279.533390150138	1159.26672363281
282.520621261151	1157.96667480469
285.506888231708	1158.71667480469
288.49219145571	1159.81665039063
291.476531326902	1158.25
294.459908238794	1159.21667480469
297.442322584762	1157.46667480469
300.423774757966	1158.80004882813
303.404265151375	1159.76672363281
306.383794157805	1158.93334960938
309.362362169862	1159.33337402344
312.339969579982	1159.21667480469
315.316616780414	1158.28332519531
318.292304163227	1158.48327636719
321.267032120295	1157.84997558594
324.24080104332	1157.33337402344
327.213611323833	1159.06665039063
330.185463353171	1158.11669921875
333.156357522491	1157.68334960938
336.126294222774	1158.18334960938
339.095273844812	1157.59997558594
342.063296779227	1157.93334960938
345.030363416467	1158.01672363281
347.996474146782	1157.88330078125
350.961629360257	1158.08337402344
353.925829446806	1158.84997558594
356.889074796147	1156.96667480469
359.851365797829	1157.71667480469
362.812702841222	1159.01672363281
365.773086315536	1156.19995117188
368.732516609768	1159.08337402344
371.690994112778	1158.5
374.648519213243	1158.76672363281
377.605092299631	1157.91662597656
380.560713760273	1155.73327636719
383.515383983307	1156.46667480469
386.469103356711	1158.13330078125
389.421872268273	1157.53332519531
392.373691105615	1156.59997558594
395.32456025619	1157.19995117188
398.274480107272	1157.21667480469
401.223451045967	1157.33337402344
404.171473459202	1157.66662597656
407.118547733728	1157.91662597656
410.064674256155	1156.63330078125
413.009853412892	1157.65002441406
415.954085590181	1157.73327636719
418.8973711741	1157.15002441406
421.83971055055	1157.31665039063
424.781104105281	1157.53332519531
427.721552223856	1157.98327636719
430.661055291665	1157.46667480469
433.599613693946	1157.38330078125
436.537227815752	1157.15002441406
439.473898041993	1156.44995117188
442.409624757378	1156.05004882813
445.344408346476	1158.18334960938
448.278249193683	1157.63330078125
451.211147683207	1158.40002441406
454.143104199122	1156.40002441406
457.074119125312	1155.66662597656
460.004192845497	1156.28332519531
462.933325743267	1157.15002441406
465.861518202001	1156.76672363281
468.788770604917	1157.56665039063
471.71508333511	1157.31665039063
474.640456775471	1157.08337402344
477.564891308737	1158.34997558594
480.488387317487	1157.44995117188
483.410945184141	1157.58337402344
486.332565290942	1157.23327636719
489.253248019986	1158.28332519531
492.172993753197	1156.71667480469
495.091802872338	1158.36669921875
498.009675759011	1158.11669921875
500.926612794666	1158.83337402344
503.842614360571	1159.01672363281
506.757680837864	1162.25
509.671812607493	1163.68334960938
512.585010050263	1175.18334960938
515.497273546817	1211.93334960938
518.408603477637	1274.86669921875
521.319000223045	1285.71667480469
524.228464163205	1227.86669921875
527.136995678121	1191.03332519531
530.044595147647	1173.34997558594
532.951262951471	1166.11669921875
535.856999469123	1161.46667480469
538.761805079986	1161.26672363281
541.665680163279	1159.05004882813
544.568625098049	1158.41662597656
547.470640263216	1157.09997558594
550.371726037533	1156.5
553.271882799588	1157.46667480469
556.171110927825	1157.11669921875
559.069410800531	1158
561.966782795823	1156.83337402344
564.863227291685	1155.94995117188
567.758744665944	1157.80004882813
570.653335296256	1156.36669921875
573.546999560148	1157.56665039063
576.439737834969	1155.75
579.331550497935	1156.18334960938
582.222437926093	1157.16662597656
585.112400496356	1156.84997558594
588.001438585469	1156
590.889552570021	1158.08337402344
593.77674282648	1157.53332519531
596.663009731132	1157.59997558594
599.548353660116	1158.01672363281
602.432774989433	1157.01672363281
605.316274094926	1156.34997558594
608.198851352303	1156.59997558594
611.080507137075	1156.13330078125
613.961241824667	1156.88330078125
616.841055790315	1156.40002441406
619.71994940911	1157.36669921875
622.597923056008	1157
625.474977105798	1156.98327636719
628.351111933143	1157.73327636719
631.22632791255	1156.78332519531
634.10062541835	1156.91662597656
636.97400482478	1156.5
639.846466505882	1156.46667480469
642.718010835585	1158.25
645.58863818764	1158.05004882813
648.458348935679	1156.76672363281
651.327143453188	1156.76672363281
654.195022113475	1156.23327636719
657.061985289745	1157.43334960938
659.928033355022	1157.55004882813
662.79316668221	1155.78332519531
665.657385644057	1156.05004882813
668.520690613176	1157.21667480469
671.383081962017	1156.26672363281
674.244560062899	1156.38330078125
677.105125288002	1157.16662597656
679.964778009343	1157.83337402344
682.823518598832	1157.40002441406
685.681347428202	1158
688.538264869057	1157.59997558594
691.394271292855	1157.19995117188
694.249367070914	1156.48327636719
697.103552574412	1156.93334960938
699.956828174378	1155.94995117188
702.809194241715	1156.73327636719
705.660651147175	1155.59997558594
708.511199261361	1157.25
711.360838954755	1157.03332519531
714.209570597676	1156.84997558594
717.057394560329	1157.03332519531
719.90431121275	1156.93334960938
722.750320924861	1155.96667480469
725.59542406643	1156.75
728.439621007094	1156.68334960938
731.282912116347	1155.98327636719
734.125297763539	1156.18334960938
736.966778317898	1156.26672363281
739.807354148498	1158.01672363281
742.647025624275	1157.91662597656
745.485793114042	1157.33337402344
748.323656986468	1156.65002441406
751.160617610072	1156.40002441406
753.996675353258	1157.83337402344
756.831830584275	1158.93334960938
759.666083671249	1156.5
762.499434982158	1156.84997558594
765.331884884853	1157.21667480469
768.163433747055	1157.71667480469
770.994081936328	1157.34997558594
773.823829820116	1157.25
776.652677765732	1156.40002441406
779.480626140347	1156.43334960938
782.307675310993	1157.18334960938
785.133825644576	1158.63330078125
787.959077507869	1157.56665039063
790.783431267511	1158.40002441406
793.606887289986	1158.01672363281
796.429445941685	1157.66662597656
799.251107588836	1157.94995117188
802.071872597536	1157.81665039063
804.891741333751	1157.26672363281
807.71071416334	1157.73327636719
810.528791451981	1158.23327636719
813.345973565269	1157.16662597656
816.162260868638	1157.26672363281
818.977653727395	1157.48327636719
821.792152506717	1157.08337402344
824.605757571661	1157.80004882813
827.418469287133	1158.43334960938
830.230288017926	1157.30004882813
833.0412141287	1158.09997558594
835.851247983973	1158.44995117188
838.660389948141	1157.33337402344
841.468640385466	1159.11669921875
844.27599966009	1158.34997558594
847.082468136026	1158.18334960938
849.888046177135	1158.61669921875
852.692734147171	1158.03332519531
855.496532409758	1157.15002441406
858.29944132839	1157.75
861.10146126642	1159.43334960938
863.902592587094	1158.23327636719
866.702835653509	1157.81665039063
869.502190828641	1157.55004882813
872.300658475353	1158.96667480469
875.098238956361	1158.98327636719
877.894932634271	1157.75
880.690739871548	1159.21667480469
883.485661030531	1159
886.279696473447	1158.34997558594
889.072846562376	1158.11669921875
891.86511165929	1158.53332519531
894.65649212603	1157.31665039063
897.446988324303	1157.71667480469
900.236600615703	1158.06665039063
903.025329361687	1159.21667480469
905.813174923597	1158.59997558594
908.600137662639	1158.71667480469
911.38621793991	1158.09997558594
914.171416116365	1158.08337402344
916.95573255285	1158.63330078125
919.739167610082	1159
922.521721648641	1158.51672363281
925.303395029005	1159.98327636719
928.084188111517	1159.86669921875
930.864101256396	1159.94995117188
933.643134823733	1161.51672363281
936.42128917351	1163.06665039063
939.198564665577	1161.63330078125
941.97496165967	1163.30004882813
944.750480515391	1163.23327636719
947.525121592226	1162.31665039063
950.298885249534	1161.13330078125
953.071771846555	1162.19995117188
955.843781742413	1163.09997558594
958.614915296108	1161.19995117188
961.385172866513	1161.19995117188
964.154554812387	1162.5
966.92306149236	1161.69995117188
969.690693264949	1163.40002441406
972.457450488552	1164.18334960938
975.223333521431	1165.51672363281
977.988342721749	1163.96667480469
980.752478447535	1162.94995117188
983.515741056708	1162.63330078125
986.278130907059	1161.90002441406
989.039648356259	1162.11669921875
991.800293761863	1161.63330078125
994.560067481312	1161.05004882813
997.318969871913	1160.96667480469
1000.07700129088	1160.68334960938
1002.83416209528	1159.55004882813
1005.59045264208	1158.91662597656
1008.34587328813	1159.76672363281
1011.10042439014	1159.51672363281
1013.85410630472	1159.38330078125
1016.60691938837	1159.06665039063
1019.35886399746	1158.25
1022.10994048823	1160.28332519531
1024.86014921684	1160.08337402344
1027.60949053928	1158.71667480469
1030.35796481149	1158.63330078125
1033.10557238924	1156.86669921875
1035.85231362819	1159.75
1038.5981888839	1158.06665039063
1041.34319851182	1157.40002441406
1044.08734286727	1158.06665039063
1046.83062230544	1157.48327636719
1049.57303718143	1157.58337402344
1052.31458785021	1157.58337402344
1055.05527466665	1158.09997558594
1057.79509798549	1157.44995117188
1060.53405816134	1156.18334960938
1063.27215554874	1157.55004882813
1066.00939050209	1156.81665039063
1068.74576337565	1157.94995117188
1071.48127452361	1158.18334960938
1074.21592430002	1158.09997558594
1076.94971305882	1157.81665039063
1079.68264115384	1159.5
1082.41470893879	1157.08337402344
1085.14591676728	1158.34997558594
1087.8762649928	1156.78332519531
1090.60575396871	1157.68334960938
1093.33438404827	1157.90002441406
1096.06215558464	1155.66662597656
1098.78906893086	1156.93334960938
1101.51512443981	1157.78332519531
1104.24032246435	1158.13330078125
1106.96466335716	1158.05004882813
1109.68814747081	1158.46667480469
1112.41077515779	1158.46667480469
1115.13254677044	1158.03332519531
1117.85346266104	1157.13330078125
1120.57352318169	1157.48327636719
1123.29272868445	1157.11669921875
1126.01107952121	1156.41662597656
1128.72857604378	1158.44995117188
1131.44521860385	1157.98327636719
1134.16100755301	1157.63330078125
1136.87594324271	1157.83337402344
1139.59002602433	1157.90002441406
1142.3032562491	1157.90002441406
1145.01563426818	1159.30004882813
1147.72716043257	1159.81665039063
1150.43783509322	1158.21667480469
1153.14765860091	1160.28332519531
1155.85663130634	1159.36669921875
1158.56475356012	1157.26672363281
1161.27202571271	1158.28332519531
1163.97844811448	1158.34997558594
1166.68402111569	1157.48327636719
1169.38874506649	1157.66662597656
1172.09262031694	1159.16662597656
1174.79564721695	1158.48327636719
1177.49782611635	1158.88330078125
1180.19915736486	1158.59997558594
1182.89964131208	1158.53332519531
1185.59927830751	1156.86669921875
1188.29806870054	1156.69995117188
1190.99601284046	1158.15002441406
1193.69311107643	1157.26672363281
1196.38936375753	1156.93334960938
1199.08477123271	1157.96667480469
1201.77933385082	1157.68334960938
1204.47305196061	1157.73327636719
1207.1659259107	1158.81665039063
1209.85795604964	1158.94995117188
1212.54914272585	1157.63330078125
1215.23948628763	1158.53332519531
1217.92898708319	1157.90002441406
1220.61764546064	1157.86669921875
1223.30546176798	1158.05004882813
1225.99243635308	1159.03332519531
1228.67856956373	1159.44995117188
1231.36386174761	1157.53332519531
1234.04831325228	1159.31665039063
1236.73192442522	1159.31665039063
1239.41469561377	1157.5
1242.09662716519	1157.69995117188
1244.77771942662	1157.81665039063
1247.45797274511	1158.36669921875
1250.13738746759	1158.98327636719
1252.81596394089	1158.98327636719
1255.49370251175	1159.71667480469
1258.17060352676	1158.09997558594
1260.84666733246	1159.69995117188
1263.52189427525	1158.41662597656
1266.19628470144	1159.86669921875
1268.86983895722	1159.36669921875
1271.5425573887	1159.25
1274.21444034186	1159.30004882813
1276.8854881626	1160.66662597656
1279.55570119671	1159.55004882813
1282.22507978985	1159.06665039063
1284.89362428759	1158.5
1287.56133503543	1158.75
1290.22821237872	1159.16662597656
1292.89425666274	1161.43334960938
1295.55946823263	1161.59997558594
1298.22384743346	1161.73327636719
1300.88739461019	1159.19995117188
1303.55011010766	1158.38330078125
1306.21199427063	1158.11669921875
1308.87304744373	1159
1311.53326997152	1159.96667480469
1314.19266219843	1158.40002441406
1316.8512244688	1157.61669921875
1319.50895712687	1158.36669921875
1322.16586051676	1157.69995117188
1324.82193498252	1157.86669921875
1327.47718086806	1158.34997558594
1330.1315985172	1158
1332.78518827369	1158
1335.43795048114	1159.03332519531
1338.08988548307	1157.83337402344
1340.74099362289	1158.51672363281
1343.39127524392	1160.26672363281
1346.04073068939	1157.90002441406
1348.6893603024	1156.93334960938
1351.33716442597	1158.46667480469
1353.98414340301	1158.05004882813
1356.63029757632	1157.66662597656
1359.27562728863	1158.83337402344
1361.92013288252	1157.71667480469
1364.56381470053	1158.09997558594
1367.20667308505	1158.36669921875
1369.84870837838	1157.40002441406
1372.48992092274	1157.05004882813
1375.13031106023	1157.13330078125
1377.76987913284	1158.16662597656
1380.40862548251	1157.16662597656
1383.04655045101	1157.26672363281
1385.68365438006	1157.68334960938
1388.31993761126	1158.21667480469
1390.95540048612	1158.30004882813
1393.59004334605	1157.48327636719
1396.22386653233	1158.44995117188
1398.85687038619	1159.05004882813
1401.48905524873	1158.31665039063
1404.12042146094	1158.80004882813
1406.75096936375	1159.91662597656
1409.38069929796	1158.08337402344
1412.00961160428	1157.28332519531
1414.63770662332	1158.11669921875
1417.26498469557	1158.13330078125
1419.89144616146	1158.48327636719
1422.51709136132	1156.59997558594
1425.14192063532	1157.26672363281
1427.76593432361	1157.38330078125
1430.3891327662	1157.65002441406
1433.01151630299	1158.05004882813
1435.63308527382	1157.51672363281
1438.2538400184	1158.21667480469
1440.87378087637	1157.96667480469
1443.49290818722	1158.80004882813
1446.1112222904	1159.01672363281
1448.72872352524	1159.36669921875
1451.34541223097	1159.88330078125
1453.96128874671	1159.55004882813
1456.5763534115	1159.75
1459.19060656429	1158.28332519531
1461.8040485439	1160.18334960938
1464.41667968907	1158.76672363281
1467.02850033846	1160.71667480469
1469.63951083061	1158.55004882813
1472.24971150397	1159.46667480469
1474.8591026969	1159.91662597656
1477.46768474763	1158.94995117188
1480.07545799434	1159.31665039063
1482.68242277508	1159.5
1485.28857942782	1159.31665039063
1487.89392829042	1158.09997558594
1490.49846970065	1157.36669921875
1493.10220399619	1156.33337402344
1495.70513151461	1156.5
1498.30725259339	1156.84997558594
1500.90856756992	1156.98327636719
1503.50907678146	1159.05004882813
1506.10878056524	1157.78332519531
1508.70767925832	1156.81665039063
1511.30577319772	1156.33337402344
1513.90306272032	1157.86669921875
1516.49954816295	1156.90002441406
1519.09522986229	1158.11669921875
1521.69010815498	1157.63330078125
1524.28418337751	1157.25
1526.87745586632	1156.81665039063
1529.46992595773	1156.28332519531
1532.06159398796	1156.58337402344
1534.65246029316	1157.83337402344
1537.24252520935	1157.28332519531
1539.83178907249	1156.36669921875
1542.42025221841	1158.01672363281
1545.00791498287	1156.84997558594
1547.59477770152	1156.80004882813
1550.18084070993	1158.83337402344
1552.76610434356	1158.25
1555.35056893777	1156.59997558594
1557.93423482785	1158.68334960938
1560.51710234896	1158.90002441406
1563.0991718362	1157.53332519531
1565.68044362457	1158.25
1568.26091804893	1158.56665039063
1570.84059544411	1158.56665039063
1573.41947614481	1158.96667480469
1575.99756048562	1159.58337402344
1578.57484880108	1161.56665039063
1581.15134142559	1158.66662597656
1583.72703869349	1161.13330078125
1586.301940939	1160.08337402344
1588.87604849628	1160.06665039063
1591.44936169934	1160.46667480469
1594.02188088215	1161.58337402344
1596.59360637855	1162.59997558594
1599.16453852232	1164.58337402344
1601.73467764709	1165.08337402344
1604.30402408647	1164.80004882813
1606.87257817391	1165.41662597656
1609.44034024281	1163.18334960938
1612.00731062644	1162.71667480469
1614.57348965801	1161.51672363281
1617.13887767062	1160.46667480469
1619.70347499726	1159.81665039063
1622.26728197086	1160.96667480469
1624.83029892423	1159.84997558594
1627.39252619012	1161.61669921875
1629.95396410112	1162.84997558594
1632.5146129898	1162.65002441406
1635.07447318858	1161.40002441406
1637.63354502984	1161.05004882813
1640.19182884582	1158.83337402344
1642.74932496868	1159.51672363281
1645.3060337305	1157.41662597656
1647.86195546325	1157.86669921875
1650.41709049882	1158.78332519531
1652.971439169	1159.06665039063
1655.52500180548	1157.96667480469
1658.07777873987	1157.38330078125
1660.62977030368	1157.98327636719
1663.18097682833	1158.09997558594
1665.73139864514	1157.40002441406
1668.28103608534	1158.13330078125
1670.82988948008	1157.41662597656
1673.37795916039	1156.90002441406
1675.92524545724	1157.23327636719
1678.47174870147	1158.09997558594
1681.01746922386	1158.55004882813
1683.56240735508	1156.86669921875
1686.10656342572	1157.90002441406
1688.64993776626	1158.83337402344
1691.19253070709	1156.88330078125
1693.73434257853	1157.96667480469
1696.27537371078	1158.83337402344
1698.81562443395	1156.83337402344
1701.35509507809	1156.43334960938
1703.89378597311	1158.51672363281
1706.43169744886	1157.80004882813
1708.96882983509	1156.63330078125
1711.50518346144	1158.84997558594
1714.0407586575	1159.38330078125
1716.57555575272	1159.94995117188
1719.10957507649	1159.81665039063
1721.64281695809	1160.34997558594
1724.17528172671	1160.93334960938
1726.70696971146	1160.53332519531
1729.23788124135	1161.48327636719
1731.7680166453	1161.30004882813
1734.29737625213	1159.98327636719
1736.82596039057	1160.15002441406
1739.35376938927	1160.58337402344
1741.88080357677	1158.19995117188
1744.40706328154	1158.40002441406
1746.93254883193	1159.05004882813
1749.45726055623	1158.06665039063
1751.9811987826	1158.21667480469
1754.50436383915	1157.91662597656
1757.02675605387	1158.09997558594
1759.54837575466	1159.18334960938
1762.06922326934	1158.01672363281
1764.58929892564	1157.11669921875
1767.10860305118	1156.96667480469
1769.6271359735	1157.55004882813
1772.14489802005	1157.09997558594
1774.66188951817	1157.09997558594
1777.17811079515	1157.08337402344
1779.69356217815	1156.75
1782.20824399425	1157.03332519531
1784.72215657043	1157.26672363281
1787.23530023361	1157.19995117188
1789.74767531057	1156.56665039063
1792.25928212804	1157.93334960938
1794.77012101264	1157.26672363281
1797.2801922909	1157.18334960938
1799.78949628926	1156.71667480469
1802.29803333406	1156.61669921875
1804.80580375158	1157.38330078125
1807.31280786797	1157.30004882813
1809.81904600929	1156.31665039063
1812.32451850154	1157.28332519531
1814.82922567061	1158
1817.33316784231	1157.25
1819.83634534233	1157.66662597656
1822.33875849629	1155.09997558594
1824.84040762973	1156.59997558594
1827.34129306808	1157.46667480469
1829.84141513667	1157.53332519531
1832.34077416077	1156.58337402344
1834.83937046553	1157.41662597656
1837.33720437602	1157.19995117188
1839.83427621723	1156.38330078125
1842.33058631404	1157.19995117188
1844.82613499125	1158.59997558594
1847.32092257355	1156.90002441406
1849.81494938558	1157.16662597656
1852.30821575184	1157.40002441406
1854.80072199677	1157.16662597656
1857.29246844473	1157.48327636719
1859.78345541994	1156.34997558594
1862.27368324658	1158.01672363281
1864.76315224871	1157.51672363281
1867.2518627503	1157.66662597656
1869.73981507524	1156.73327636719
1872.22700954733	1157.90002441406
1874.71344649027	1156.65002441406
1877.19912622768	1156.16662597656
1879.68404908308	1156.26672363281
1882.16821537988	1157.13330078125
1884.65162544145	1156.96667480469
1887.13427959102	1157.06665039063
1889.61617815175	1157.23327636719
1892.0973214467	1156.23327636719
1894.57770979887	1156.76672363281
1897.05734353113	1157.5
1899.53622296628	1156.68334960938
1902.014348427	1158.26672363281
1904.49172023593	1157.44995117188
1906.96833871558	1157.58337402344
1909.44420418839	1157.26672363281
1911.91931697668	1157.16662597656
1914.39367740272	1157.58337402344
1916.86728578865	1157.03332519531
1919.34014245654	1156.25
1921.81224772838	1156.78332519531
1924.28360192604	1156.76672363281
1926.75420537132	1156.73327636719
1929.22405838593	1158.18334960938
1931.69316129147	1156.58337402344
1934.16151440948	1156.13330078125
1936.62911806136	1158.26672363281
1939.09597256848	1157.36669921875
1941.56207825207	1159.55004882813
1944.0274354333	1158.21667480469
1946.49204443322	1157.93334960938
1948.95590557284	1157.26672363281
1951.41901917301	1157.09997558594
1953.88138555454	1157.05004882813
1956.34300503813	1157
1958.8038779444	1156.53332519531
1961.26400459387	1156.68334960938
1963.72338530697	1157.21667480469
1966.18202040403	1157.34997558594
1968.63991020531	1157.90002441406
1971.09705503097	1157.08337402344
1973.55345520107	1156.19995117188
1976.0091110356	1156.41662597656
1978.46402285444	1156.19995117188
1980.91819097737	1158.36669921875
1983.3716157241	1158.33337402344
1985.82429741427	1157.01672363281
1988.27623636736	1156.44995117188
1990.72743290284	1157.76672363281
1993.17788734002	1157.05004882813
1995.62759999817	1156.84997558594
1998.07657119644	1156.44995117188
2000.5248012539	1157.51672363281
2002.97229048952	1157.13330078125
2005.41903922219	1158.19995117188
2007.86504777071	1156.90002441406
2010.31031645378	1156.84997558594
2012.75484559	1156.94995117188
2015.19863549792	1157.93334960938
2017.64168649594	1156.96667480469
2020.08399890242	1158
2022.5255730356	1157.86669921875
2024.96640921365	1158.01672363281
2027.40650775462	1158.5
2029.84586897649	1158.5
2032.28449319715	1157.26672363281
2034.72238073438	1156.96667480469
2037.15953190591	1156.93334960938
2039.59594702932	1158.18334960938
2042.03162642215	1157.46667480469
2044.46657040182	1157.76672363281
2046.90077928567	1157.41662597656
2049.33425339095	1158.15002441406
2051.76699303481	1157.76672363281
2054.19899853433	1156.46667480469
2056.63027020645	1157.98327636719
2059.06080836809	1157.19995117188
2061.49061333602	1156.90002441406
2063.91968542694	1156.46667480469
2066.34802495747	1158.30004882813
2068.77563224411	1156.13330078125
2071.20250760329	1158.13330078125
2073.62865135136	1158.43334960938
2076.05406380455	1157.15002441406
2078.47874527901	1156.18334960938
2080.9026960908	1157.48327636719
2083.3259165559	1157.40002441406
2085.74840699018	1157.11669921875
2088.17016770944	1156.90002441406
2090.59119902935	1156.94995117188
2093.01150126553	1156.73327636719
2095.43107473348	1158.59997558594
2097.84991974864	1157.93334960938
2100.26803662633	1157.44995117188
2102.68542568178	1157.55004882813
2105.10208723015	1156.93334960938
2107.51802158648	1158.16662597656
2109.93322906574	1158.18334960938
2112.3477099828	1157.28332519531
2114.76146465245	1156.98327636719
2117.17449338937	1157.58337402344
2119.58679650815	1158.33337402344
2121.9983743233	1157.26672363281
2124.40922714924	1158.31665039063
2126.81935530029	1156.80004882813
2129.22875909067	1157.80004882813
2131.63743883452	1156.31665039063
2134.04539484589	1158.46667480469
2136.45262743874	1157.23327636719
2138.85913692692	1156.19995117188
2141.26492362422	1157.18334960938
2143.6699878443	1157.13330078125
2146.07432990076	1157.83337402344
2148.47795010708	1157.21667480469
2150.88084877667	1156.80004882813
2153.28302622285	1157.83337402344
2155.68448275883	1157.66662597656
2158.08521869774	1157.91662597656
2160.48523435261	1156.68334960938
2162.88453003639	1157.18334960938
2165.28310606193	1156.90002441406
2167.68096274199	1157.30004882813
2170.07810038922	1156.03332519531
2172.47451931622	1155.90002441406
2174.87021983546	1157.23327636719
2177.26520225933	1158.53332519531
2179.65946690013	1157.33337402344
2182.05301407006	1156.59997558594
2184.44584408123	1157.81665039063
2186.83795724567	1157.21667480469
2189.22935387531	1157.88330078125
2191.62003428198	1158.81665039063
2194.00999877743	1157.44995117188
2196.39924767329	1156.16662597656
2198.78778128115	1157.28332519531
2201.17559991245	1155.61669921875
2203.56270387857	1156.43334960938
2205.94909349081	1156.09997558594
2208.33476906033	1156.36669921875
2210.71973089824	1157.41662597656
2213.10397931554	1157.44995117188
2215.48751462314	1157.69995117188
2217.87033713186	1156.33337402344
2220.25244715242	1157.66662597656
2222.63384499546	1156.28332519531
2225.01453097151	1158.03332519531
2227.39450539101	1157.76672363281
2229.77376856434	1157.81665039063
2232.15232080173	1156.30004882813
2234.53016241336	1157.06665039063
2236.9072937093	1157.65002441406
2239.28371499954	1156.68334960938
2241.65942659396	1157.05004882813
2244.03442880236	1156.53332519531
2246.40872193443	1157.01672363281
2248.78230629979	1155.30004882813
2251.15518220795	1157.21667480469
2253.52734996835	1156.94995117188
2255.89880989029	1156
2258.26956228301	1156.41662597656
2260.63960745567	1156.30004882813
2263.00894571731	1158.18334960938
2265.37757737688	1157.34997558594
2267.74550274324	1158.25
2270.11272212517	1157.65002441406
2272.47923583134	1156.75
2274.84504417031	1157.78332519531
2277.2101474506	1156.93334960938
2279.57454598058	1157.80004882813
2281.93824006856	1158.33337402344
2284.30123002275	1156
2286.66351615125	1157.43334960938
2289.02509876208	1156.51672363281
2291.38597816317	1158.58337402344
2293.74615466236	1156.63330078125
2296.10562856737	1157.09997558594
2298.46440018585	1157.98327636719
2300.82246982535	1158.06665039063
2303.1798377933	1157.73327636719
2305.5365043971	1156.80004882813
2307.89246994399	1158
2310.24773474116	1156.26672363281
2312.60229909566	1157.25
2314.95616331451	1157.51672363281
2317.30932770456	1158.08337402344
2319.66179257263	1157.5
2322.01355822542	1157.46667480469
2324.36462496953	1156.28332519531
2326.71499311146	1156.90002441406
2329.06466295764	1157.94995117188
2331.41363481439	1157.53332519531
2333.76190898794	1156.68334960938
2336.10948578441	1156.23327636719
2338.45636550986	1158.05004882813
2340.80254847022	1156.28332519531
2343.14803497132	1157.61669921875
2345.49282531895	1156.69995117188
2347.83691981874	1158.48327636719
2350.18031877626	1156.71667480469
2352.52302249699	1156.93334960938
2354.8650312863	1156.31665039063
2357.20634544946	1156.71667480469
2359.54696529166	1157.11669921875
2361.88689111798	1157.31665039063
2364.22612323341	1157.73327636719
2366.56466194287	1156.48327636719
2368.90250755114	1157.56665039063
2371.23966036293	1157.73327636719
2373.57612068286	1157.94995117188
2375.91188881545	1157.40002441406
2378.2469650651	1156.46667480469
2380.58134973615	1157.43334960938
2382.91504313282	1157.30004882813
2385.24804555926	1156.71667480469
2387.58035731949	1157.23327636719
2389.91197871745	1156.81665039063
2392.24291005701	1156.93334960938
2394.57315164189	1156.41662597656
2396.90270377577	1157.44995117188
2399.23156676218	1157.58337402344
2401.55974090461	1157.03332519531
2403.88722650642	1157.46667480469
2406.21402387086	1157
2408.54013330113	1156.55004882813
2410.8655551003	1156.48327636719
2413.19028957133	1158.13330078125
2415.51433701713	1157.81665039063
2417.83769774049	1157.03332519531
2420.16037204408	1158.5
2422.48236023051	1157.53332519531
2424.80366260228	1157.09997558594
2427.12427946179	1156.71667480469
2429.44421111134	1155.91662597656
2431.76345785315	1157.58337402344
2434.08201998932	1157.43334960938
2436.39989782188	1157.08337402344
2438.71709165273	1157.93334960938
2441.0336017837	1156.94995117188
2443.34942851653	1157.13330078125
2445.66457215282	1157.44995117188
2447.97903299412	1156.65002441406
2450.29281134185	1158.53332519531
2452.60590749736	1157.44995117188
2454.91832176188	1156.73327636719
2457.23005443656	1156.86669921875
2459.54110582243	1156.81665039063
2461.85147622045	1157.51672363281
2464.16116593146	1157.26672363281
2466.47017525621	1157.08337402344
2468.77850449536	1157.84997558594
2471.08615394947	1157.76672363281
2473.39312391899	1157.48327636719
2475.69941470429	1157.34997558594
2478.00502660562	1156.43334960938
2480.30995992316	1156.83337402344
2482.61421495697	1156.16662597656
2484.91779200702	1158.30004882813
2487.22069137316	1156
2489.5229133552	1157.43334960938
2491.8244582528	1156.96667480469
2494.12532636553	1156.83337402344
2496.42551799287	1156.69995117188
2498.72503343421	1156.31665039063
2501.02387298882	1157.09997558594
2503.32203695588	1157.98327636719
2505.61952563449	1156.08337402344
2507.91633932361	1157.58337402344
2510.21247832216	1156.90002441406
2512.50794292891	1156.28332519531
2514.80273344255	1157.41662597656
2517.09685016167	1158.26672363281
2519.39029338476	1158.38330078125
2521.68306341022	1157.03332519531
2523.97516053634	1157.56665039063
2526.26658506132	1157.30004882813
2528.55733728325	1157.30004882813
2530.84741750012	1157.65002441406
2533.13682600984	1157.11669921875
2535.4255631102	1158.69995117188
2537.7136290989	1157.31665039063
2540.00102427354	1158.61669921875
2542.28774893162	1157.23327636719
2544.57380337053	1158.91662597656
2546.85918788758	1157.30004882813
2549.14390277997	1156.91662597656
2551.4279483448	1157.18334960938
2553.71132487906	1156.34997558594
2555.99403267966	1157.69995117188
2558.27607204341	1157.88330078125
2560.55744326699	1156.56665039063
2562.83814664702	1156.56665039063
2565.11818247999	1156.30004882813
2567.3975510623	1156.88330078125
2569.67625269025	1158.21667480469
2571.95428766003	1156.09997558594
2574.23165626776	1156.46667480469
2576.50835880942	1157.28332519531
2578.78439558093	1157.25
2581.05976687806	1156.63330078125
2583.33447299652	1156.75
2585.60851423191	1157.71667480469
2587.88189087972	1157.90002441406
2590.15460323534	1157.83337402344
2592.42665159406	1155.76672363281
2594.69803625108	1156.76672363281
2596.9687575015	1158.86669921875
2599.23881564029	1156.21667480469
2601.50821096235	1156.91662597656
2603.77694376245	1156.86669921875
2606.0450143353	1157.78332519531
2608.31242297548	1156.80004882813
2610.57916997746	1156.86669921875
2612.84525563562	1156.16662597656
2615.11068024426	1159.15002441406
2617.37544409753	1157.63330078125
2619.63954748952	1156.73327636719
2621.90299071421	1157.40002441406
2624.16577406546	1158.18334960938
2626.42789783705	1157.01672363281
2628.68936232264	1157.15002441406
2630.9501678158	1156.5
2633.21031460999	1156.19995117188
2635.46980299857	1157.06665039063
2637.72863327481	1156.58337402344
2639.98680573185	1157.26672363281
2642.24432066276	1157.43334960938
2644.50117836048	1157.06665039063
2646.75737911786	1156.88330078125
2649.01292322765	1157.5
2651.26781098249	1156.93334960938
2653.52204267492	1158.38330078125
2655.77561859738	1157.53332519531
2658.0285390422	1156.5
2660.28080430161	1158.41662597656
2662.53241466774	1157.83337402344
2664.78337043263	1158.01672363281
2667.03367188817	1156.16662597656
2669.2833193262	1158.41662597656
2671.53231303844	1157.75
2673.78065331648	1157.28332519531
2676.02834045184	1158.55004882813
2678.27537473592	1158.46667480469
2680.52175646002	1159.40002441406
2682.76748591535	1158.90002441406
2685.01256339298	1158.63330078125
2687.25698918391	1157.78332519531
2689.50076357901	1158.48327636719
2691.74388686909	1158.73327636719
2693.9863593448	1160.09997558594
2696.22818129672	1158.36669921875
2698.46935301532	1160.15002441406
2700.70987479096	1159.09997558594
2702.94974691389	1159.08337402344
2705.18896967428	1157.44995117188
2707.42754336216	1157.81665039063
2709.66546826749	1158.59997558594
2711.90274468011	1156.58337402344
2714.13937288974	1159.36669921875
2716.37535318602	1157.25
2718.61068585848	1158.06665039063
2720.84537119652	1157.94995117188
2723.07940948947	1157
2725.31280102654	1157.09997558594
2727.54554609682	1157.76672363281
2729.77764498933	1157.81665039063
2732.00909799294	1157.96667480469
2734.23990539644	1157.36669921875
2736.47006748853	1156.16662597656
2738.69958455777	1157.81665039063
2740.92845689263	1157.94995117188
2743.15668478147	1156.44995117188
2745.38426851257	1157.90002441406
2747.61120837406	1157.44995117188
2749.83750465399	1157.01672363281
2752.0631576403	1157.23327636719
2754.28816762083	1157.11669921875
2756.51253488329	1156.96667480469
2758.73625971532	1156.01672363281
2760.95934240442	1156.33337402344
2763.18178323801	1156.23327636719
2765.40358250338	1156.66662597656
2767.62474048773	1157.25
2769.84525747814	1156.78332519531
2772.06513376159	1156.75
2774.28436962496	1156.93334960938
2776.50296535501	1155.25
2778.7209212384	1156.93334960938
2780.93823756168	1157.25
2783.15491461129	1156.96667480469
2785.37095267358	1157.01672363281
2787.58635203477	1157.18334960938
2789.80111298097	1157.94995117188
2792.01523579822	1156.69995117188
2794.2287207724	1158.08337402344
2796.44156818932	1156.55004882813
2798.65377833468	1156.28332519531
2800.86535149404	1155.88330078125
2803.07628795289	1157.51672363281
2805.28658799659	1156.38330078125
2807.4962519104	1156.76672363281
2809.70527997946	1156.48327636719
2811.91367248883	1155.83337402344
2814.12142972342	1156.58337402344
2816.32855196807	1156.46667480469
2818.53503950749	1156.40002441406
2820.74089262628	1157.31665039063
2822.94611160894	1157.75
2825.15069673987	1157.31665039063
2827.35464830333	1157.11669921875
2829.55796658351	1156.63330078125
2831.76065186445	1156.81665039063
2833.96270443012	1156.03332519531
2836.16412456437	1158.66662597656
2838.3649125509	1156.94995117188
2840.56506867336	1156.36669921875
2842.76459321526	1155.93334960938
2844.96348645999	1156.30004882813
2847.16174869086	1157.06665039063
2849.35938019105	1156.75
2851.55638124363	1157.83337402344
2853.75275213157	1156.93334960938
2855.94849313772	1158.46667480469
2858.14360454483	1157.43334960938
2860.33808663553	1156.93334960938
2862.53193969234	1158.30004882813
2864.72516399768	1157.71667480469
2866.91775983385	1158.01672363281
2869.10972748304	1159.59997558594
2871.30106722733	1158.36669921875
2873.4917793487	1159.91662597656
2875.68186412899	1158.73327636719
2877.87132184997	1159.71667480469
2880.06015279325	1157.83337402344
2882.24835724039	1158.66662597656
2884.43593547278	1159.36669921875
2886.62288777173	1158.53332519531
2888.80921441843	1160.26672363281
2890.99491569397	1159.69995117188
2893.1799918793	1159.96667480469
2895.36444325529	1158.03332519531
2897.54827010269	1160.90002441406
2899.73147270213	1160.19995117188
2901.91405133412	1159.83337402344
2904.09600627909	1159.81665039063
2906.27733781731	1159.83337402344
2908.45804622899	1159.91662597656
2910.63813179418	1160.96667480469
2912.81759479286	1160.91662597656
2914.99643550486	1158.43334960938
2917.17465420994	1160.84997558594
2919.3522511877	1162.56665039063
2921.52922671765	1160.76672363281
2923.7055810792	1161.26672363281
2925.88131455162	1162.34997558594
2928.05642741408	1163.51672363281
2930.23091994566	1163.06665039063
2932.40479242528	1163.5
2934.57804513178	1162.86669921875
2936.75067834387	1162.18334960938
2938.92269234017	1162.53332519531
2941.09408739916	1162.30004882813
2943.26486379921	1163.09997558594
2945.4350218186	1161.63330078125
2947.60456173546	1161.59997558594
2949.77348382783	1162.09997558594
2951.94178837363	1162.75
2954.10947565068	1161.75
2956.27654593666	1164.48327636719
2958.44299950915	1161.51672363281
2960.60883664562	1163.06665039063
2962.77405762341	1163.33337402344
2964.93866271975	1163.41662597656
2967.10265221178	1163.43334960938
2969.26602637648	1164.08337402344
2971.42878549076	1162.34997558594
2973.59092983139	1162.16662597656
2975.75245967501	1160.91662597656
2977.9133752982	1159.44995117188
2980.07367697736	1160.73327636719
2982.23336498882	1159.94995117188
2984.39243960877	1160.59997558594
2986.5509011133	1160.63330078125
2988.70874977837	1160.09997558594
2990.86598587984	1159.18334960938
2993.02260969344	1160.18334960938
2995.17862149478	1157.76672363281
2997.33402155938	1159.26672363281
2999.48881016262	1159.53332519531
3001.64298757978	1159.48327636719
3003.796554086	1158.84997558594
3005.94950995633	1158.09997558594
3008.10185546569	1157.68334960938
3010.25359088888	1158.71667480469
3012.40471650059	1158.21667480469
3014.5552325754	1157.83337402344
3016.70513938776	1156.86669921875
3018.85443721201	1158.25
3021.00312632236	1158.09997558594
3023.15120699292	1158.16662597656
3025.29867949769	1158.5
3027.44554411052	1157
3029.59180110516	1157.73327636719
3031.73745075527	1158.53332519531
3033.88249333434	1160.13330078125
3036.02692911578	1158.65002441406
3038.17075837287	1159.01672363281
3040.31398137877	1158.63330078125
3042.45659840653	1159.44995117188
3044.59860972907	1158.98327636719
3046.7400156192	1159.59997558594
3048.88081634961	1158.05004882813
3051.02101219287	1158.16662597656
3053.16060342144	1157.34997558594
3055.29959030765	1158.41662597656
3057.43797312371	1158.23327636719
3059.57575214172	1158.80004882813
3061.71292763366	1158.48327636719
3063.84949987139	1159.40002441406
3065.98546912665	1159.15002441406
3068.12083567105	1157.05004882813
3070.2555997761	1158.81665039063
3072.38976171319	1159.21667480469
3074.52332175356	1158.93334960938
3076.65628016837	1157.53332519531
3078.78863722863	1158.76672363281
3080.92039320526	1158.40002441406
3083.05154836902	1158.46667480469
3085.1821029906	1157.55004882813
3087.31205734051	1157.40002441406
3089.44141168921	1154.96667480469
3091.57016630696	1155.80004882813
3093.69832146398	1157.59997558594
3095.82587743032	1156.26672363281
3097.9528344759	1157.28332519531
3100.07919287056	1157.69995117188
3102.204952884	1157.65002441406
3104.33011478579	1157.08337402344
3106.45467884538	1157.69995117188
3108.57864533212	1156.96667480469
3110.70201451522	1156.56665039063
3112.82478666378	1156.26672363281
3114.94696204676	1155.59997558594
3117.06854093301	1157.40002441406
3119.18952359127	1155.96667480469
3121.30991029013	1156.11669921875
3123.4297012981	1156.31665039063
3125.54889688352	1155.55004882813
3127.66749731464	1155.69995117188
3129.78550285957	1156.26672363281
3131.90291378633	1156.38330078125
3134.01973036277	1154.94995117188
3136.13595285665	1156.44995117188
3138.2515815356	1156.08337402344
3140.36661666714	1156.76672363281
3142.48105851863	1156.05004882813
3144.59490735734	1155.53332519531
3146.70816345041	1155.53332519531
3148.82082706486	1155.15002441406
3150.93289846758	1155.81665039063
3153.04437792532	1155.81665039063
3155.15526570475	1155.71667480469
3157.26556207238	1154.38330078125
3159.37526729461	1154.81665039063
3161.48438163771	1154.55004882813
3163.59290536784	1155.58337402344
3165.70083875102	1155.46667480469
3167.80818205315	1156.08337402344
3169.91493554002	1154.83337402344
3172.02109947727	1155.08337402344
3174.12667413044	1155.91662597656
3176.23165976493	1155.28332519531
3178.33605664602	1154.94995117188
3180.43986503887	1154.94995117188
3182.54308520852	1155.16662597656
3184.64571741986	1155.23327636719
3186.74776193769	1154.38330078125
3188.84921902664	1155.15002441406
3190.95008895128	1154.68334960938
3193.05037197599	1156.16662597656
3195.15006836504	1155.46667480469
3197.24917838262	1155.05004882813
3199.34770229274	1156.55004882813
3201.44564035931	1156.76672363281
3203.5429928461	1156.66662597656
3205.63976001677	1154.83337402344
3207.73594213484	1155.91662597656
3209.83153946372	1155.68334960938
3211.92655226669	1157.25
3214.02098080688	1155.11669921875
3216.11482534732	1156.41662597656
3218.20808615091	1155.66662597656
3220.30076348041	1155.34997558594
3222.39285759847	1155.18334960938
3224.4843687676	1155.83337402344
3226.57529725019	1155.5
3228.66564330851	1155.19995117188
3230.75540720468	1156.36669921875
3232.8445892007	1154.61669921875
3234.93318955847	1155.93334960938
3237.02120853974	1155.08337402344
3239.10864640612	1156
3241.19550341911	1155.23327636719
3243.28177984009	1156.33337402344
3245.36747593029	1155.46667480469
3247.45259195083	1154.66662597656
3249.53712816268	1155.01672363281
3251.62108482672	1155.93334960938
3253.70446220366	1155.51672363281
3255.78726055411	1156.13330078125
3257.86948013853	1154.76672363281
3259.95112121728	1154.96667480469
3262.03218405055	1154.91662597656
3264.11266889845	1154.48327636719
3266.19257602092	1155.68334960938
3268.27190567779	1155.25
3270.35065812876	1154.59997558594
3272.4288336334	1154.73327636719
3274.50643245114	1156.30004882813
3276.5834548413	1154.68334960938
3278.65990106305	1155.18334960938
3280.73577137545	1154.86669921875
3282.81106603742	1155.05004882813
3284.88578530774	1154.05004882813
3286.95992944508	1154.76672363281
3289.03349870796	1154.13330078125
3291.1064933548	1154.98327636719
3293.17891364384	1155.36669921875
3295.25075983324	1154.56665039063
3297.322032181	1153.80004882813
3299.39273094501	1154.13330078125
3301.462856383	1155.44995117188
3303.53240875259	1154.80004882813
3305.60138831128	1154.5
3307.6697953164	1154.21667480469
3309.73763002519	1154.33337402344
3311.80489269472	1154.41662597656
3313.87158358198	1155.11669921875
3315.93770294378	1154.75
3318.00325103681	1155.65002441406
3320.06822811764	1155.05004882813
3322.13263444272	1154.80004882813
3324.19647026832	1155.16662597656
3326.25973585064	1154.90002441406
3328.32243144568	1156.16662597656
3330.38455730938	1155
3332.44611369749	1154.81665039063
3334.50710086564	1156.03332519531
3336.56751906936	1154.75
3338.62736856401	1155.19995117188
3340.68664960483	1155.44995117188
3342.74536244693	1154.65002441406
3344.80350734528	1154.63330078125
3346.86108455472	1153.75
3348.91809432997	1154.53332519531
3350.97453692559	1154.93334960938
3353.03041259603	1155.88330078125
3355.08572159559	1155.25
3357.14046417844	1156.18334960938
3359.19464059863	1155.58337402344
3361.24825111005	1155.13330078125
3363.30129596648	1155.16662597656
3365.35377542155	1154.93334960938
3367.40568972878	1154.28332519531
3369.45703914152	1154.51672363281
3371.507823913	1155.05004882813
3373.55804429633	1154.75
3375.60770054446	1153.98327636719
3377.65679291024	1155.31665039063
3379.70532164635	1154.41662597656
3381.75328700534	1155.40002441406
3383.80068923965	1152.96667480469
3385.84752860155	1154.01672363281
3387.89380534321	1154.75
3389.93951971664	1154.80004882813
3391.98467197371	1155.11669921875
3394.02926236618	1154.86669921875
3396.07329114566	1154.13330078125
3398.1167585636	1154.38330078125
3400.15966487137	1154.94995117188
3402.20201032014	1154.66662597656
3404.24379516099	1154.88330078125
3406.28501964484	1154.56665039063
3408.3256840225	1153.98327636719
3410.3657885446	1154.76672363281
3412.40533346167	1155.43334960938
3414.44431902408	1155.61669921875
3416.48274548209	1155.25
3418.5206130858	1154.15002441406
3420.55792208516	1153.83337402344
3422.59467273003	1153.88330078125
3424.63086527009	1153.26672363281
3426.6664999549	1154.55004882813
3428.70157703386	1154.78332519531
3430.73609675628	1154.63330078125
3432.77005937129	1154.18334960938
3434.80346512789	1153.71667480469
3436.83631427494	1154.81665039063
3438.86860706119	1154.26672363281
3440.90034373521	1154.34997558594
3442.93152454546	1154.53332519531
3444.96214974025	1155.33337402344
3446.99221956775	1154.53332519531
3449.021734276	1153.56665039063
3451.05069411289	1154.63330078125
3453.07909932619	1154.73327636719
3455.1069501635	1154.25
3457.1342468723	1154.61669921875
3459.16098969993	1154.13330078125
3461.1871788936	1153.69995117188
3463.21281470035	1154.09997558594
3465.23789736712	1153.91662597656
3467.26242714067	1155.03332519531
3469.28640426765	1153.41662597656
3471.30982899455	1154.19995117188
3473.33270156774	1153.65002441406
3475.35502223343	1153.96667480469
3477.3767912377	1153.68334960938
3479.39800882649	1153.46667480469
3481.41867524559	1153.66662597656
3483.43879074066	1153.53332519531
3485.45835555721	1154.58337402344
3487.47736994062	1153.41662597656
3489.49583413611	1154.31665039063
3491.51374838879	1154.44995117188
3493.53111294359	1153.84997558594
3495.54792804533	1154.5
3497.56419393867	1153.88330078125
3499.57991086814	1153.36669921875
3501.59507907811	1153.83337402344
3503.60969881284	1154.40002441406
3505.6237703164	1154.25
3507.63729383278	1154.01672363281
3509.65026960577	1153.16662597656
3511.66269787904	1154.58337402344
3513.67457889613	1153.25
3515.68591290042	1153.26672363281
3517.69670013515	1154.68334960938
3519.70694084342	1153.76672363281
3521.7166352682	1154.30004882813
3523.72578365229	1152.63330078125
3525.73438623836	1152.98327636719
3527.74244326893	1152.43334960938
3529.74995498641	1152.88330078125
3531.75692163301	1153.26672363281
3533.76334345084	1153.51672363281
3535.76922068186	1154.73327636719
3537.77455356786	1153.91662597656
3539.77934235051	1154.03332519531
3541.78358727133	1153.5
3543.78728857169	1154.13330078125
3545.79044649283	1154.44995117188
3547.79306127584	1153.59997558594
3549.79513316164	1152.21667480469
3551.79666239104	1153.5
3553.79764920469	1154.19995117188
3555.7980938431	1153.13330078125
3557.79799654663	1153.56665039063
3559.79735755548	1154.48327636719
3561.79617710974	1153.63330078125
3563.79445544932	1152.66662597656
3565.79219281401	1152.94995117188
3567.78938944344	1153.43334960938
3569.7860455771	1152.40002441406
3571.78216145432	1153.48327636719
3573.77773731431	1153.38330078125
3575.7727733961	1153.03332519531
3577.76726993861	1154
3579.76122718059	1153.26672363281
3581.75464536064	1153.84997558594
3583.74752471725	1153.26672363281
3585.7398654887	1152.09997558594
3587.73166791317	1154.15002441406
3589.7229322287	1153.63330078125
3591.71365867314	1153.53332519531
3593.70384748424	1152.65002441406
3595.69349889955	1155.11669921875
3597.68261315654	1153.63330078125
3599.67119049245	1152.63330078125
3601.65923114446	1153.25
3603.64673534952	1152.98327636719
3605.63370334449	1153.03332519531
3607.62013536607	1152.5
3609.60603165079	1152.73327636719
3611.59139243504	1152.66662597656
3613.57621795509	1153.05004882813
3615.56050844701	1152.5
3617.54426414677	1153.11669921875
3619.52748529017	1153.94995117188
3621.51017211285	1154.19995117188
3623.49232485031	1153.13330078125
3625.47394373792	1153.46667480469
3627.45502901088	1153.26672363281
3629.43558090423	1154.56665039063
3631.41559965288	1154.06665039063
3633.3950854916	1153.13330078125
3635.37403865498	1153.05004882813
3637.35245937747	1153.28332519531
3639.33034789339	1154.48327636719
3641.30770443688	1153.68334960938
3643.28452924196	1153.15002441406
3645.26082254248	1153.23327636719
3647.23658457212	1152.94995117188
3649.21181556447	1151.26672363281
3651.18651575291	1153.18334960938
3653.16068537069	1152.5
3655.13432465092	1153.08337402344
3657.10743382653	1153.93334960938
3659.08001313034	1153
3661.05206279498	1152.18334960938
3663.02358305295	1152.34997558594
3664.9945741366	1154.30004882813
3666.96503627811	1152.18334960938
3668.93496970952	1152.46667480469
3670.90437466272	1152.75
3672.87325136944	1152.21667480469
3674.84160006127	1153.19995117188
3676.80942096963	1152.75
3678.77671432581	1152.5
3680.74348036092	1153.55004882813
3682.70971930595	1153.78332519531
3684.6754313917	1152.75
3686.64061684885	1153.15002441406
3688.60527590791	1151.73327636719
3690.56940879924	1152.51672363281
3692.53301575303	1153.08337402344
3694.49609699936	1152.91662597656
3696.45865276812	1153.59997558594
3698.42068328904	1152
3700.38218879173	1154.09997558594
3702.34316950563	1152.28332519531
3704.30362566	1152.11669921875
3706.26355748399	1152.53332519531
3708.22296520657	1151.93334960938
3710.18184905656	1152.59997558594
3712.14020926263	1151.90002441406
3714.09804605328	1153.33337402344
3716.05535965687	1153.58337402344
3718.01215030162	1151.21667480469
3719.96841821555	1152.61669921875
3721.92416362657	1153.25
3723.8793867624	1152.30004882813
3725.83408785063	1153.15002441406
3727.78826711869	1152.75
3729.74192479384	1153.43334960938
3731.69506110319	1153.03332519531
3733.64767627371	1152.11669921875
3735.59977053219	1151.44995117188
3737.55134410528	1151.48327636719
3739.50239721947	1152.53332519531
3741.45293010108	1152.65002441406
3743.40294297631	1151.84997558594
3745.35243607116	1152.05004882813
3747.3014096115	1151.75
3749.24986382303	1153
3751.19779893131	1151.66662597656
3753.14521516171	1152.63330078125
3755.09211273949	1151.18334960938
3757.0384918897	1152.66662597656
3758.98435283728	1151.88330078125
3760.92969580698	1152.55004882813
3762.87452102341	1152.36669921875
3764.81882871101	1151.26672363281
3766.76261909407	1152
3768.70589239672	1151.96667480469
3770.64864884293	1150.68334960938
3772.59088865651	1152.03332519531
3774.53261206112	1151.33337402344
3776.47381928025	1152.05004882813
