-173.428722450078	1149.56665039063
-170.294344013779	1148.58337402344
-167.160990304052	1148.18334960938
-164.028660894548	1148.73327636719
-160.897355359205	1148.51672363281
-157.767073272189	1148.46667480469
-154.637814207931	1148.75
-151.50957774112	1147.31665039063
-148.382363446704	1148.65002441406
-145.256170899859	1148.44995117188
-142.130999676054	1147.30004882813
-139.006849350965	1148.23327636719
-135.883719500571	1148.13330078125
-132.761609701053	1148.81665039063
-129.640519528863	1148.19995117188
-126.520448560715	1148.66662597656
-123.401396373553	1148.11669921875
-120.28336254458	1148.88330078125
-117.166346651252	1148.25
-114.050348271258	1148.43334960938
-110.935366982541	1149
-107.821402363301	1148.59997558594
-104.708453991972	1148.5
-101.596521447235	1148.80004882813
-98.4856043080122	1149.26672363281
-95.3757021534957	1148.09997558594
-92.2668145630801	1147.01672363281
-89.1589411164452	1148.05004882813
-86.0520813934781	1147.86669921875
-82.946234974338	1148.18334960938
-79.8414014394074	1148.05004882813
-76.7375803693083	1149.31665039063
-73.6347713449181	1148.21667480469
-70.532973947345	1149.48327636719
-67.4321877579402	1149.21667480469
-64.3324123582935	1148.88330078125
-61.2336473302252	1147.63330078125
-58.1358922558143	1148.34997558594
-55.0391467173494	1147.93334960938
-51.9434102973817	1149.58337402344
-48.8486825786838	1147.40002441406
-45.7549631442702	1148.43334960938
-42.662251577389	1148.83337402344
-39.5705474615295	1148.90002441406
-36.4798503804062	1148.76672363281
-33.3901599179706	1148.58337402344
-30.301475658403	1148.68334960938
-27.2137971861287	1148.25
-24.1271240858053	1148.41662597656
-21.0414559423028	1148.58337402344
-17.9567923407513	1149.31665039063
-14.8731328664812	1147.68334960938
-11.7904771050747	1148.88330078125
-8.70882464233763	1148.69995117188
-5.62817506431157	1149.08337402344
-2.54852795725342	1149.34997558594
0.530117092344597	1149.59997558594
3.6077604977471	1150.09997558594
6.68440267202787	1148.59997558594
9.76004402799773	1149.31665039063
12.8346849782609	1148.26672363281
15.9083259351831	1149.15002441406
18.9809673109237	1149.53332519531
22.0526095173877	1148.16662597656
25.1232529662903	1147.63330078125
28.1928980690886	1148.83337402344
31.2615452370419	1149.33337402344
34.32919488118	1148.78332519531
37.3958474123071	1149.01672363281
40.4615032409942	1148.88330078125
43.5261627776189	1147.94995117188
46.58982643231	1148.55004882813
49.6524946149833	1148.76672363281
52.7141677353456	1149.41662597656
55.7748462028835	1148.81665039063
58.8345304268427	1148.86669921875
61.8932208162729	1149.06665039063
64.9509177800033	1148.90002441406
68.0076217266271	1148.83337402344
71.0633330645419	1151.61669921875
74.118052201909	1153.81665039063
77.1717795467022	1174.13330078125
80.224515506648	1236.05004882813
83.2762604892772	1372.15002441406
86.3270149018856	1510.09997558594
89.3767791515896	1592.83337402344
92.4255536452548	1637.53332519531
95.4733387895519	1666.38330078125
98.5201349909248	1680.23327636719
101.565942655643	1688.36669921875
104.610762189717	1687.88330078125
107.654593998963	1701.81665039063
110.697438488996	1713.11669921875
113.739296065204	1724.76672363281
116.78016713278	1721.68334960938
119.820052096698	1719.40002441406
122.85895136172	1722.55004882813
125.896865332408	1717.19995117188
128.933794413111	1712.01672363281
131.969739007965	1708.41662597656
135.004699520911	1708.34997558594
138.038676355664	1706.75
141.071669915751	1706.75
144.103680604487	1701.78332519531
147.134708824975	1704.13330078125
150.164754980118	1700.75
153.193819472611	1704.34997558594
156.221902704945	1700.75
159.24900507942	1705.63330078125
162.275126998099	1708.18334960938
165.300268862873	1707.71667480469
168.324431075425	1712.36669921875
171.347614037231	1723.53332519531
174.369818149562	1719.11669921875
177.391043813491	1722.06665039063
180.411291429897	1726.55004882813
183.430561399437	1731.13330078125
186.448854122582	1725.51672363281
189.466169999607	1732.13330078125
192.482509430598	1733.73327636719
195.497872815412	1732
198.512260553716	1736.18334960938
201.525673045011	1738.51672363281
204.538110688552	1741.33337402344
207.549573883427	1741.93334960938
210.560063028519	1737.93334960938
213.569578522523	1738.88330078125
216.578120763917	1744.30004882813
219.585690151021	1744.40002441406
222.592287081907	1743.18334960938
225.597911954507	1740.68334960938
228.602565166512	1741.11669921875
231.606247115456	1743.5
234.608958198646	1741.81665039063
237.610698813222	1747.43334960938
240.611469356122	1744.23327636719
243.611270224103	1746.61669921875
246.610101813707	1745.28332519531
249.607964521295	1759.81665039063
252.604858743044	1753.68334960938
255.600784874935	1765.55004882813
258.595743312749	1768.71667480469
261.589734452097	1765.34997558594
264.582758688393	1774.51672363281
267.574816416842	1767.44995117188
270.565908032503	1772.76672363281
273.556033930195	1766.76672363281
276.545194504586	1763.15002441406
279.533390150138	1767.73327636719
282.520621261151	1770.5
285.506888231708	1768.26672363281
288.49219145571	1771.09997558594
291.476531326902	1771.53332519531
294.459908238794	1773.01672363281
297.442322584762	1782.43334960938
300.423774757966	1778.16662597656
303.404265151375	1783.05004882813
306.383794157805	1779.18334960938
309.362362169862	1792.11669921875
312.339969579982	1787.63330078125
315.316616780414	1795.69995117188
318.292304163227	1792.75
321.267032120295	1794.44995117188
324.24080104332	1788.61669921875
327.213611323833	1791.41662597656
330.185463353171	1792.75
333.156357522491	1795.58337402344
336.126294222774	1793.88330078125
339.095273844812	1794.76672363281
342.063296779227	1796.05004882813
345.030363416467	1797.18334960938
347.996474146782	1801.56665039063
350.961629360257	1805.31665039063
353.925829446806	1797.75
356.889074796147	1805.66662597656
359.851365797829	1811.25
362.812702841222	1813.65002441406
365.773086315536	1811.16662597656
368.732516609768	1809.76672363281
371.690994112778	1819.11669921875
374.648519213243	1814.84997558594
377.605092299631	1813.18334960938
380.560713760273	1817.01672363281
383.515383983307	1817.16662597656
386.469103356711	1814.05004882813
389.421872268273	1811.58337402344
392.373691105615	1824.56665039063
395.32456025619	1813.81665039063
398.274480107272	1813.06665039063
401.223451045967	1812.90002441406
404.171473459202	1814.08337402344
407.118547733728	1821
410.064674256155	1821.93334960938
413.009853412892	1824.26672363281
415.954085590181	1819.59997558594
418.8973711741	1822.90002441406
421.83971055055	1828.18334960938
424.781104105281	1828.56665039063
427.721552223856	1831.41662597656
430.661055291665	1829.53332519531
433.599613693946	1836.13330078125
436.537227815752	1838.76672363281
439.473898041993	1840.46667480469
442.409624757378	1838.51672363281
445.344408346476	1837.81665039063
448.278249193683	1851.26672363281
451.211147683207	1847.96667480469
454.143104199122	1847.81665039063
457.074119125312	1855.31665039063
460.004192845497	1846.05004882813
462.933325743267	1850.53332519531
465.861518202001	1851.31665039063
468.788770604917	1858.71667480469
471.71508333511	1851.5
474.640456775471	1853.53332519531
477.564891308737	1855.83337402344
480.488387317487	1853.46667480469
483.410945184141	1858.94995117188
486.332565290942	1857.08337402344
489.253248019986	1865.41662597656
492.172993753197	1862.90002441406
495.091802872338	1864.78332519531
498.009675759011	1864.33337402344
500.926612794666	1858.81665039063
503.842614360571	1879.81665039063
506.757680837864	1876.38330078125
509.671812607493	1879.65002441406
512.585010050263	1917.25
515.497273546817	2013.03332519531
518.408603477637	2178.38330078125
521.319000223045	2190.64990234375
524.228464163205	2057.7333984375
527.136995678121	1953.59997558594
530.044595147647	1903.36669921875
532.951262951471	1894.36669921875
535.856999469123	1888.90002441406
538.761805079986	1880
541.665680163279	1872
544.568625098049	1876.15002441406
547.470640263216	1868.71667480469
550.371726037533	1878.63330078125
553.271882799588	1886.55004882813
556.171110927825	1873.06665039063
559.069410800531	1878.94995117188
561.966782795823	1880.71667480469
564.863227291685	1886.78332519531
567.758744665944	1886
570.653335296256	1883.83337402344
573.546999560148	1885.63330078125
576.439737834969	1886.59997558594
579.331550497935	1890.03332519531
582.222437926093	1890.15002441406
585.112400496356	1890.65002441406
588.001438585469	1892.76672363281
590.889552570021	1892.41662597656
593.77674282648	1896.01672363281
596.663009731132	1886.28332519531
599.548353660116	1896.63330078125
602.432774989433	1891.53332519531
605.316274094926	1887.61669921875
608.198851352303	1895.58337402344
611.080507137075	1897.75
613.961241824667	1888.33337402344
616.841055790315	1891.26672363281
619.71994940911	1896.44995117188
622.597923056008	1896.93334960938
625.474977105798	1898.86669921875
628.351111933143	1897.68334960938
631.22632791255	1898.25
634.10062541835	1909.18334960938
636.97400482478	1908.56665039063
639.846466505882	1912.16662597656
642.718010835585	1907.88330078125
645.58863818764	1906.86669921875
648.458348935679	1908.51672363281
651.327143453188	1912.36669921875
654.195022113475	1912.71667480469
657.061985289745	1923.25
659.928033355022	1928.15002441406
662.79316668221	1918.53332519531
665.657385644057	1927.55004882813
668.520690613176	1919.23327636719
671.383081962017	1920.84997558594
674.244560062899	1919.16662597656
677.105125288002	1922.25
679.964778009343	1920.71667480469
682.823518598832	1932.53332519531
685.681347428202	1924.59997558594
688.538264869057	1927.31665039063
691.394271292855	1927.40002441406
694.249367070914	1928.71667480469
697.103552574412	1930.94995117188
699.956828174378	1926.88330078125
702.809194241715	1921.80004882813
705.660651147175	1924.19995117188
708.511199261361	1918.01672363281
711.360838954755	1916.83337402344
714.209570597676	1927.55004882813
717.057394560329	1921.53332519531
719.90431121275	1933.23327636719
722.750320924861	1937.93334960938
725.59542406643	1929.68334960938
728.439621007094	1925.65002441406
731.282912116347	1932.09997558594
734.125297763539	1941.61669921875
736.966778317898	1936.59997558594
739.807354148498	1946.08337402344
742.647025624275	1956.25
745.485793114042	1940.61669921875
748.323656986468	1942.91662597656
751.160617610072	1949.15002441406
753.996675353258	1954.25
756.831830584275	1951.88330078125
759.666083671249	1954.01672363281
762.499434982158	1958.18334960938
765.331884884853	1945.48327636719
768.163433747055	1955.36669921875
770.994081936328	1949.40002441406
773.823829820116	1954.68334960938
776.652677765732	1950.03332519531
779.480626140347	1961.09997558594
782.307675310993	1955.41662597656
785.133825644576	1966.63330078125
787.959077507869	1959.26672363281
790.783431267511	1955.78332519531
793.606887289986	1958.73327636719
796.429445941685	1954.59997558594
799.251107588836	1961.81665039063
802.071872597536	1966.58337402344
804.891741333751	1957.36669921875
807.71071416334	1964.43334960938
810.528791451981	1962.26672363281
813.345973565269	1973.36669921875
816.162260868638	1967.76672363281
818.977653727395	1975.66662597656
821.792152506717	1971.76672363281
824.605757571661	1980.68334960938
827.418469287133	1977.46667480469
830.230288017926	1972.16662597656
833.0412141287	1978.83337402344
835.851247983973	1975.80004882813
838.660389948141	1982.65002441406
841.468640385466	1982.46667480469
844.27599966009	1987.63330078125
847.082468136026	1992.91662597656
849.888046177135	1988.61669921875
852.692734147171	1994.11669921875
855.496532409758	1995.93334960938
858.29944132839	2005.41662597656
861.10146126642	1995.98327636719
863.902592587094	1997.59997558594
866.702835653509	2007.26672363281
869.502190828641	2002.81665039063
872.300658475353	2006.28332519531
875.098238956361	2010.63330078125
877.894932634271	2011.11669921875
880.690739871548	2005.33337402344
883.485661030531	2011.06665039063
886.279696473447	2013.66662597656
889.072846562376	2011.44995117188
891.86511165929	2013.44995117188
894.65649212603	2007.36669921875
897.446988324303	2015.83337402344
900.236600615703	2004.88330078125
903.025329361687	2011.66662597656
905.813174923597	2012.91662597656
908.600137662639	2014.65002441406
911.38621793991	2018.41662597656
914.171416116365	2009.86669921875
916.95573255285	2011.80004882813
919.739167610082	2018.51672363281
922.521721648641	2017.51672363281
925.303395029005	2026.28332519531
928.084188111517	2024.83337402344
930.864101256396	2032.44995117188
933.643134823733	2039.78332519531
936.42128917351	2040.83337402344
939.198564665577	2040.06665039063
941.97496165967	2042.34997558594
944.750480515391	2046.19995117188
947.525121592226	2049.2666015625
950.298885249534	2040.68334960938
953.071771846555	2058.4833984375
955.843781742413	2058.60009765625
958.614915296108	2052.7666015625
961.385172866513	2051.43334960938
964.154554812387	2068.18334960938
966.92306149236	2057.38330078125
969.690693264949	2059.61669921875
972.457450488552	2060.39990234375
975.223333521431	2068.94995117188
977.988342721749	2059.7666015625
980.752478447535	2074.94995117188
983.515741056708	2078.94995117188
986.278130907059	2062.88330078125
989.039648356259	2070.11669921875
991.800293761863	2069.08325195313
994.560067481312	2071.0166015625
997.318969871913	2073.56665039063
1000.07700129088	2080.94995117188
1002.83416209528	2073.7666015625
1005.59045264208	2079.2666015625
1008.34587328813	2073.30004882813
1011.10042439014	2077.89990234375
1013.85410630472	2081.41674804688
1016.60691938837	2086.56665039063
1019.35886399746	2088.55004882813
1022.10994048823	2084.05004882813
1024.86014921684	2083.11669921875
1027.60949053928	2090.53344726563
1030.35796481149	2082.14990234375
1033.10557238924	2085.39990234375
1035.85231362819	2086.33325195313
1038.5981888839	2097.56665039063
1041.34319851182	2086.78344726563
1044.08734286727	2086.9833984375
1046.83062230544	2088.5166015625
1049.57303718143	2095.03344726563
1052.31458785021	2095.61669921875
1055.05527466665	2092.7333984375
1057.79509798549	2103.5
1060.53405816134	2101.14990234375
1063.27215554874	2107.13330078125
1066.00939050209	2106.89990234375
1068.74576337565	2103.28344726563
1071.48127452361	2102.05004882813
1074.21592430002	2105.44995117188
1076.94971305882	2115.68334960938
1079.68264115384	2113.75
1082.41470893879	2108.80004882813
1085.14591676728	2105.39990234375
1087.8762649928	2116.5
1090.60575396871	2117
1093.33438404827	2119.0166015625
1096.06215558464	2130.38330078125
1098.78906893086	2128.19995117188
1101.51512443981	2127.5166015625
1104.24032246435	2121.30004882813
1106.96466335716	2127.38330078125
1109.68814747081	2123.96655273438
1112.41077515779	2130.38330078125
1115.13254677044	2125.64990234375
1117.85346266104	2134.36669921875
1120.57352318169	2139.08325195313
1123.29272868445	2128.0166015625
1126.01107952121	2137.66674804688
1128.72857604378	2148.71655273438
1131.44521860385	2137.13330078125
1134.16100755301	2146.25
1136.87594324271	2145.33325195313
1139.59002602433	2152.10009765625
1142.3032562491	2153.41674804688
1145.01563426818	2157.63330078125
1147.72716043257	2156.5166015625
1150.43783509322	2153.14990234375
1153.14765860091	2168.33325195313
1155.85663130634	2163.94995117188
1158.56475356012	2157.80004882813
1161.27202571271	2153.89990234375
1163.97844811448	2165.71655273438
1166.68402111569	2170.94995117188
1169.38874506649	2168.58325195313
1172.09262031694	2175.13330078125
1174.79564721695	2182.58325195313
1177.49782611635	2178.53344726563
1180.19915736486	2178.30004882813
1182.89964131208	2178.43334960938
1185.59927830751	2175.33325195313
1188.29806870054	2182.94995117188
1190.99601284046	2184.28344726563
1193.69311107643	2188.41674804688
1196.38936375753	2184.56665039063
1199.08477123271	2195.66674804688
1201.77933385082	2197.03344726563
1204.47305196061	2187.78344726563
1207.1659259107	2208.75
1209.85795604964	2202.43334960938
1212.54914272585	2216.66674804688
1215.23948628763	2224.39990234375
1217.92898708319	2216.30004882813
1220.61764546064	2229.78344726563
1223.30546176798	2216.55004882813
1225.99243635308	2229.28344726563
1228.67856956373	2229.16674804688
1231.36386174761	2222.86669921875
1234.04831325228	2229.61669921875
1236.73192442522	2229.7666015625
1239.41469561377	2223.38330078125
1242.09662716519	2227.36669921875
1244.77771942662	2230.35009765625
1247.45797274511	2236
1250.13738746759	2236.86669921875
1252.81596394089	2234.06665039063
1255.49370251175	2242.31665039063
1258.17060352676	2232.5166015625
1260.84666733246	2253.28344726563
1263.52189427525	2251.21655273438
1266.19628470144	2248.46655273438
1268.86983895722	2253.06665039063
1271.5425573887	2253.25
1274.21444034186	2261.58325195313
1276.8854881626	2254.43334960938
1279.55570119671	2257.58325195313
1282.22507978985	2264.71655273438
1284.89362428759	2266.60009765625
1287.56133503543	2274.16674804688
1290.22821237872	2266.58325195313
1292.89425666274	2276.91674804688
1295.55946823263	2286.33325195313
1298.22384743346	2286.5166015625
1300.88739461019	2289.19995117188
1303.55011010766	2284.78344726563
1306.21199427063	2300.7333984375
1308.87304744373	2292.7333984375
1311.53326997152	2280.91674804688
1314.19266219843	2300.58325195313
1316.8512244688	2296.31665039063
1319.50895712687	2303.94995117188
1322.16586051676	2310.83325195313
1324.82193498252	2314.05004882813
1327.47718086806	2318.55004882813
1330.1315985172	2321.08325195313
1332.78518827369	2317.78344726563
1335.43795048114	2318.71655273438
1338.08988548307	2327.10009765625
1340.74099362289	2333.11669921875
1343.39127524392	2322.55004882813
1346.04073068939	2339.19995117188
1348.6893603024	2332.85009765625
1351.33716442597	2338.33325195313
1353.98414340301	2336.21655273438
1356.63029757632	2334.35009765625
1359.27562728863	2325.81665039063
1361.92013288252	2325.94995117188
1364.56381470053	2324.7333984375
1367.20667308505	2333.56665039063
1369.84870837838	2327.14990234375
1372.48992092274	2331.56665039063
1375.13031106023	2333.39990234375
1377.76987913284	2334.83325195313
1380.40862548251	2332.11669921875
1383.04655045101	2329.08325195313
1385.68365438006	2328.63330078125
1388.31993761126	2326.4833984375
1390.95540048612	2327.4833984375
1393.59004334605	2319.44995117188
1396.22386653233	2323.64990234375
1398.85687038619	2344.78344726563
1401.48905524873	2328.30004882813
1404.12042146094	2336.03344726563
1406.75096936375	2338.55004882813
1409.38069929796	2338.96655273438
1412.00961160428	2334.69995117188
1414.63770662332	2345.63330078125
1417.26498469557	2345.7666015625
1419.89144616146	2344.35009765625
1422.51709136132	2346.94995117188
1425.14192063532	2356.86669921875
1427.76593432361	2354.14990234375
1430.3891327662	2351.2333984375
1433.01151630299	2346.08325195313
1435.63308527382	2350.19995117188
1438.2538400184	2361.56665039063
1440.87378087637	2363.7666015625
1443.49290818722	2358.5166015625
1446.1112222904	2378.38330078125
1448.72872352524	2374.25
1451.34541223097	2372.55004882813
1453.96128874671	2364.16674804688
1456.5763534115	2359.93334960938
1459.19060656429	2360.85009765625
1461.8040485439	2357.7666015625
1464.41667968907	2377.96655273438
1467.02850033846	2374.38330078125
1469.63951083061	2363.71655273438
1472.24971150397	2372.53344726563
1474.8591026969	2370.89990234375
1477.46768474763	2376.68334960938
1480.07545799434	2369.93334960938
1482.68242277508	2371.31665039063
1485.28857942782	2365.14990234375
1487.89392829042	2374.31665039063
1490.49846970065	2363.03344726563
1493.10220399619	2363.38330078125
1495.70513151461	2380.11669921875
1498.30725259339	2379.44995117188
1500.90856756992	2391.7333984375
1503.50907678146	2380.9833984375
1506.10878056524	2377.4833984375
1508.70767925832	2385.53344726563
1511.30577319772	2393.19995117188
1513.90306272032	2389.14990234375
1516.49954816295	2392.25
1519.09522986229	2397.16674804688
1521.69010815498	2395.9833984375
1524.28418337751	2392.33325195313
1526.87745586632	2391.89990234375
1529.46992595773	2410.56665039063
1532.06159398796	2408.71655273438
1534.65246029316	2411.96655273438
1537.24252520935	2421.44995117188
1539.83178907249	2417.0166015625
1542.42025221841	2420
1545.00791498287	2428
1547.59477770152	2436.10009765625
1550.18084070993	2434.2333984375
1552.76610434356	2439.78344726563
1555.35056893777	2445.43334960938
1557.93423482785	2461.46655273438
1560.51710234896	2453.05004882813
1563.0991718362	2461.2666015625
1565.68044362457	2470.2666015625
1568.26091804893	2468.41674804688
1570.84059544411	2487.68334960938
1573.41947614481	2476.53344726563
1575.99756048562	2478.41674804688
1578.57484880108	2488.03344726563
1581.15134142559	2486.39990234375
1583.72703869349	2490.96655273438
1586.301940939	2504.16674804688
1588.87604849628	2506.91674804688
1591.44936169934	2505.10009765625
1594.02188088215	2510.39990234375
1596.59360637855	2512.7666015625
1599.16453852232	2515.08325195313
1601.73467764709	2512.88330078125
1604.30402408647	2507.28344726563
1606.87257817391	2507
1609.44034024281	2503.35009765625
1612.00731062644	2495.5166015625
1614.57348965801	2491.13330078125
1617.13887767062	2483.5
1619.70347499726	2482.41674804688
1622.26728197086	2473.68334960938
1624.83029892423	2471.28344726563
1627.39252619012	2465.53344726563
1629.95396410112	2469.13330078125
1632.5146129898	2464.16674804688
1635.07447318858	2462.36669921875
1637.63354502984	2452.38330078125
1640.19182884582	2452.78344726563
1642.74932496868	2457.9833984375
1645.3060337305	2438.86669921875
1647.86195546325	2438.78344726563
1650.41709049882	2436.56665039063
1652.971439169	2445.2333984375
1655.52500180548	2429.33325195313
1658.07777873987	2443.55004882813
1660.62977030368	2446.30004882813
1663.18097682833	2439.83325195313
1665.73139864514	2440.89990234375
1668.28103608534	2438.2333984375
1670.82988948008	2436.81665039063
1673.37795916039	2446.16674804688
1675.92524545724	2424.78344726563
1678.47174870147	2437.36669921875
1681.01746922386	2434.05004882813
1683.56240735508	2430.89990234375
1686.10656342572	2437.60009765625
1688.64993776626	2436.81665039063
1691.19253070709	2449.58325195313
1693.73434257853	2439.91674804688
1696.27537371078	2436.38330078125
1698.81562443395	2432.56665039063
1701.35509507809	2435.61669921875
1703.89378597311	2439.33325195313
1706.43169744886	2446
1708.96882983509	2446.08325195313
1711.50518346144	2431.11669921875
1714.0407586575	2433.33325195313
1716.57555575272	2440.75
1719.10957507649	2453.2333984375
1721.64281695809	2443.5
1724.17528172671	2455.36669921875
1726.70696971146	2447.78344726563
1729.23788124135	2458.19995117188
1731.7680166453	2461.4833984375
1734.29737625213	2457.0166015625
1736.82596039057	2462.31665039063
1739.35376938927	2453.55004882813
1741.88080357677	2458
1744.40706328154	2455.2666015625
1746.93254883193	2458.80004882813
1749.45726055623	2469.69995117188
1751.9811987826	2470.86669921875
1754.50436383915	2464.69995117188
1757.02675605387	2460.56665039063
1759.54837575466	2479.7333984375
1762.06922326934	2462.13330078125
1764.58929892564	2465.56665039063
1767.10860305118	2473.7666015625
1769.6271359735	2479.89990234375
1772.14489802005	2491.39990234375
1774.66188951817	2487.30004882813
1777.17811079515	2483.5166015625
1779.69356217815	2483
1782.20824399425	2481.41674804688
1784.72215657043	2476.91674804688
1787.23530023361	2474.31665039063
1789.74767531057	2479.46655273438
1792.25928212804	2464.46655273438
1794.77012101264	2478.33325195313
1797.2801922909	2481.0166015625
1799.78949628926	2485.11669921875
1802.29803333406	2493.2666015625
1804.80580375158	2494.91674804688
1807.31280786797	2484.30004882813
1809.81904600929	2494.4833984375
1812.32451850154	2489.30004882813
1814.82922567061	2493.5
1817.33316784231	2488.4833984375
1819.83634534233	2491.18334960938
1822.33875849629	2485.2666015625
1824.84040762973	2492.68334960938
1827.34129306808	2503.2333984375
1829.84141513667	2492.2333984375
1832.34077416077	2496.36669921875
1834.83937046553	2498.61669921875
1837.33720437602	2495.31665039063
1839.83427621723	2495.35009765625
1842.33058631404	2505.13330078125
1844.82613499125	2497.14990234375
1847.32092257355	2502.58325195313
1849.81494938558	2503.81665039063
1852.30821575184	2500.96655273438
1854.80072199677	2518.31665039063
1857.29246844473	2522.7666015625
1859.78345541994	2514.7333984375
1862.27368324658	2511.46655273438
1864.76315224871	2517.7333984375
1867.2518627503	2520.46655273438
1869.73981507524	2525.14990234375
1872.22700954733	2522.5
1874.71344649027	2531.41674804688
1877.19912622768	2522.21655273438
1879.68404908308	2541.61669921875
1882.16821537988	2531.5166015625
1884.65162544145	2536.9833984375
1887.13427959102	2533.46655273438
1889.61617815175	2530.10009765625
1892.0973214467	2542.0166015625
1894.57770979887	2540.75
1897.05734353113	2552.25
1899.53622296628	2540.88330078125
1902.014348427	2541.0166015625
1904.49172023593	2549.83325195313
1906.96833871558	2554.71655273438
1909.44420418839	2549.2333984375
1911.91931697668	2556.08325195313
1914.39367740272	2549.2333984375
1916.86728578865	2550.16674804688
1919.34014245654	2557.14990234375
1921.81224772838	2557.33325195313
1924.28360192604	2544.78344726563
1926.75420537132	2555.19995117188
1929.22405838593	2563.55004882813
1931.69316129147	2547.64990234375
1934.16151440948	2554.5166015625
1936.62911806136	2552.7666015625
1939.09597256848	2555.93334960938
1941.56207825207	2559.05004882813
1944.0274354333	2563.53344726563
1946.49204443322	2553.4833984375
1948.95590557284	2572.91674804688
1951.41901917301	2565.10009765625
1953.88138555454	2571.94995117188
1956.34300503813	2572.13330078125
1958.8038779444	2566.44995117188
1961.26400459387	2572.58325195313
1963.72338530697	2579.08325195313
1966.18202040403	2569.03344726563
1968.63991020531	2573.5166015625
1971.09705503097	2580.31665039063
1973.55345520107	2580.89990234375
1976.0091110356	2583.05004882813
1978.46402285444	2587.35009765625
1980.91819097737	2587.38330078125
1983.3716157241	2581.44995117188
1985.82429741427	2588.10009765625
1988.27623636736	2587.64990234375
1990.72743290284	2601.80004882813
1993.17788734002	2589.18334960938
1995.62759999817	2602.33325195313
1998.07657119644	2600.06665039063
2000.5248012539	2596.2666015625
2002.97229048952	2601.28344726563
2005.41903922219	2594.25
2007.86504777071	2597.30004882813
2010.31031645378	2597.33325195313
2012.75484559	2604.35009765625
2015.19863549792	2605.86669921875
2017.64168649594	2615.53344726563
2020.08399890242	2607.35009765625
2022.5255730356	2611.4833984375
2024.96640921365	2616.5
2027.40650775462	2618.61669921875
2029.84586897649	2620.7666015625
2032.28449319715	2608.86669921875
2034.72238073438	2614.33325195313
2037.15953190591	2610.83325195313
2039.59594702932	2616
2042.03162642215	2617.44995117188
2044.46657040182	2621.58325195313
2046.90077928567	2627.31665039063
2049.33425339095	2630.85009765625
2051.76699303481	2618.5
2054.19899853433	2617.75
2056.63027020645	2631.75
2059.06080836809	2631.18334960938
2061.49061333602	2624.9833984375
2063.91968542694	2632.30004882813
2066.34802495747	2643.91674804688
2068.77563224411	2627.18334960938
2071.20250760329	2634.03344726563
2073.62865135136	2639.7666015625
2076.05406380455	2639.05004882813
2078.47874527901	2637.13330078125
2080.9026960908	2645.36669921875
2083.3259165559	2634.68334960938
2085.74840699018	2638.21655273438
2088.17016770944	2626.36669921875
2090.59119902935	2644.19995117188
2093.01150126553	2629.41674804688
2095.43107473348	2648.66674804688
2097.84991974864	2647.78344726563
2100.26803662633	2652.2333984375
2102.68542568178	2650.19995117188
2105.10208723015	2645.18334960938
2107.51802158648	2645.66674804688
2109.93322906574	2640.93334960938
2112.3477099828	2652.81665039063
2114.76146465245	2652.89990234375
2117.17449338937	2647.41674804688
2119.58679650815	2655.2666015625
2121.9983743233	2660.91674804688
2124.40922714924	2646.91674804688
2126.81935530029	2656.2666015625
2129.22875909067	2649.2333984375
2131.63743883452	2663.30004882813
2134.04539484589	2663.86669921875
2136.45262743874	2669.75
2138.85913692692	2666.19995117188
2141.26492362422	2678.13330078125
2143.6699878443	2668.39990234375
2146.07432990076	2658.0166015625
2148.47795010708	2667.63330078125
2150.88084877667	2663.93334960938
2153.28302622285	2679.18334960938
2155.68448275883	2676.86669921875
2158.08521869774	2667.7666015625
2160.48523435261	2679.7666015625
2162.88453003639	2679.30004882813
2165.28310606193	2677.68334960938
2167.68096274199	2681.64990234375
2170.07810038922	2679.63330078125
2172.47451931622	2684.96655273438
2174.87021983546	2689.4833984375
2177.26520225933	2689.91674804688
2179.65946690013	2671.7333984375
2182.05301407006	2680.38330078125
2184.44584408123	2678.2666015625
2186.83795724567	2683.94995117188
2189.22935387531	2685.35009765625
2191.62003428198	2681.43334960938
2194.00999877743	2685.66674804688
2196.39924767329	2681.16674804688
2198.78778128115	2676.31665039063
2201.17559991245	2689.28344726563
2203.56270387857	2683.46655273438
2205.94909349081	2691.16674804688
2208.33476906033	2690.60009765625
2210.71973089824	2683.41674804688
2213.10397931554	2678.58325195313
2215.48751462314	2675.33325195313
2217.87033713186	2680.41674804688
2220.25244715242	2688.43334960938
2222.63384499546	2686.55004882813
2225.01453097151	2695.83325195313
2227.39450539101	2698.33325195313
2229.77376856434	2703.16674804688
2232.15232080173	2697.78344726563
2234.53016241336	2707.89990234375
2236.9072937093	2701.19995117188
2239.28371499954	2700.25
2241.65942659396	2691.14990234375
2244.03442880236	2677.08325195313
2246.40872193443	2697.68334960938
2248.78230629979	2698.81665039063
2251.15518220795	2711.41674804688
2253.52734996835	2707.18334960938
2255.89880989029	2702.55004882813
2258.26956228301	2709.94995117188
2260.63960745567	2715.03344726563
2263.00894571731	2696.33325195313
2265.37757737688	2696.2333984375
2267.74550274324	2701.4833984375
2270.11272212517	2717.75
2272.47923583134	2694.96655273438
2274.84504417031	2700.13330078125
2277.2101474506	2700.0166015625
2279.57454598058	2706.96655273438
2281.93824006856	2714.75
2284.30123002275	2710.43334960938
2286.66351615125	2707.13330078125
2289.02509876208	2709.19995117188
2291.38597816317	2728.2333984375
2293.74615466236	2720.39990234375
2296.10562856737	2719.68334960938
2298.46440018585	2721.06665039063
2300.82246982535	2714.31665039063
2303.1798377933	2732.5
2305.5365043971	2725.39990234375
2307.89246994399	2720.05004882813
2310.24773474116	2726.41674804688
2312.60229909566	2738.88330078125
2314.95616331451	2733.2333984375
2317.30932770456	2733.41674804688
2319.66179257263	2750.63330078125
2322.01355822542	2751.43334960938
2324.36462496953	2751.21655273438
2326.71499311146	2738.86669921875
2329.06466295764	2740.2666015625
2331.41363481439	2745.83325195313
2333.76190898794	2762.4833984375
2336.10948578441	2746.10009765625
2338.45636550986	2766.31665039063
2340.80254847022	2762.2333984375
2343.14803497132	2751.30004882813
2345.49282531895	2756.4833984375
2347.83691981874	2761.41674804688
2350.18031877626	2749.16674804688
2352.52302249699	2758.7666015625
2354.8650312863	2761.60009765625
2357.20634544946	2761.7333984375
2359.54696529166	2772.5
2361.88689111798	2764.7666015625
2364.22612323341	2777.89990234375
2366.56466194287	2766.75
2368.90250755114	2776.91674804688
2371.23966036293	2775.60009765625
2373.57612068286	2776.19995117188
2375.91188881545	2766.58325195313
2378.2469650651	2774.14990234375
2380.58134973615	2781.75
2382.91504313282	2796.80004882813
2385.24804555926	2785.03344726563
2387.58035731949	2783.53344726563
2389.91197871745	2788.10009765625
2392.24291005701	2789.75
2394.57315164189	2780.58325195313
2396.90270377577	2787.96655273438
2399.23156676218	2783.25
2401.55974090461	2778.94995117188
2403.88722650642	2793.31665039063
2406.21402387086	2793.80004882813
2408.54013330113	2803.05004882813
2410.8655551003	2799.2666015625
2413.19028957133	2800.81665039063
2415.51433701713	2799.96655273438
2417.83769774049	2797.53344726563
2420.16037204408	2802.78344726563
2422.48236023051	2793.18334960938
2424.80366260228	2803.28344726563
2427.12427946179	2814.44995117188
2429.44421111134	2810.66674804688
2431.76345785315	2811.13330078125
2434.08201998932	2820.31665039063
2436.39989782188	2803.83325195313
2438.71709165273	2818.81665039063
2441.0336017837	2812.7666015625
2443.34942851653	2822.75
2445.66457215282	2831.21655273438
2447.97903299412	2815.41674804688
2450.29281134185	2817.80004882813
2452.60590749736	2812.94995117188
2454.91832176188	2832.38330078125
2457.23005443656	2826.19995117188
2459.54110582243	2829.25
2461.85147622045	2817.28344726563
2464.16116593146	2824.56665039063
2466.47017525621	2823.05004882813
2468.77850449536	2823.9833984375
2471.08615394947	2824.96655273438
2473.39312391899	2829.14990234375
2475.69941470429	2821.83325195313
2478.00502660562	2833.19995117188
2480.30995992316	2847.89990234375
2482.61421495697	2844.2666015625
2484.91779200702	2843.33325195313
2487.22069137316	2832.91674804688
2489.5229133552	2845.30004882813
2491.8244582528	2849.10009765625
2494.12532636553	2843.75
2496.42551799287	2854.41674804688
2498.72503343421	2860.63330078125
2501.02387298882	2858.64990234375
2503.32203695588	2850.21655273438
2505.61952563449	2854.7666015625
2507.91633932361	2851.25
2510.21247832216	2853.44995117188
2512.50794292891	2864.43334960938
2514.80273344255	2850.53344726563
2517.09685016167	2843.66674804688
2519.39029338476	2859.5166015625
2521.68306341022	2870.69995117188
2523.97516053634	2862.91674804688
2526.26658506132	2863.35009765625
2528.55733728325	2873.28344726563
2530.84741750012	2866.64990234375
2533.13682600984	2880.78344726563
2535.4255631102	2885.78344726563
2537.7136290989	2864.13330078125
2540.00102427354	2872.86669921875
2542.28774893162	2869.43334960938
2544.57380337053	2872.78344726563
2546.85918788758	2869.08325195313
2549.14390277997	2877.85009765625
2551.4279483448	2890.05004882813
2553.71132487906	2882.91674804688
2555.99403267966	2886.7666015625
2558.27607204341	2893.28344726563
2560.55744326699	2879
2562.83814664702	2870.43334960938
2565.11818247999	2881.44995117188
2567.3975510623	2886.88330078125
2569.67625269025	2884.19995117188
2571.95428766003	2884
2574.23165626776	2867.86669921875
2576.50835880942	2874.69995117188
2578.78439558093	2880.21655273438
2581.05976687806	2874.7333984375
2583.33447299652	2881.61669921875
2585.60851423191	2882.18334960938
2587.88189087972	2883.18334960938
2590.15460323534	2884.88330078125
2592.42665159406	2900
2594.69803625108	2885.93334960938
2596.9687575015	2896.2666015625
2599.23881564029	2887.18334960938
2601.50821096235	2880.56665039063
2603.77694376245	2891.89990234375
2606.0450143353	2886.36669921875
2608.31242297548	2894.71655273438
2610.57916997746	2894.18334960938
2612.84525563562	2902.11669921875
2615.11068024426	2908.56665039063
2617.37544409753	2911.05004882813
2619.63954748952	2905.94995117188
2621.90299071421	2907.39990234375
2624.16577406546	2900.86669921875
2626.42789783705	2909.5
2628.68936232264	2927.06665039063
2630.9501678158	2915.31665039063
2633.21031460999	2911.71655273438
2635.46980299857	2911.36669921875
2637.72863327481	2913.5166015625
2639.98680573185	2920.35009765625
2642.24432066276	2922.03344726563
2644.50117836048	2928.69995117188
2646.75737911786	2923.19995117188
2649.01292322765	2926.44995117188
2651.26781098249	2923.31665039063
2653.52204267492	2940.46655273438
2655.77561859738	2927.96655273438
2658.0285390422	2943.81665039063
2660.28080430161	2930.5166015625
2662.53241466774	2936.71655273438
2664.78337043263	2950.38330078125
2667.03367188817	2961.30004882813
2669.2833193262	2935.55004882813
2671.53231303844	2950.10009765625
2673.78065331648	2955.63330078125
2676.02834045184	2962.25
2678.27537473592	2946.86669921875
2680.52175646002	2946.31665039063
2682.76748591535	2966.06665039063
2685.01256339298	2955.25
2687.25698918391	2963.13330078125
2689.50076357901	2941.85009765625
2691.74388686909	2953.60009765625
2693.9863593448	2947.13330078125
2696.22818129672	2951.7333984375
2698.46935301532	2946.68334960938
2700.70987479096	2946.93334960938
2702.94974691389	2936.25
2705.18896967428	2933.39990234375
2707.42754336216	2927.85009765625
2709.66546826749	2928.71655273438
2711.90274468011	2931.41674804688
2714.13937288974	2929.93334960938
2716.37535318602	2935
2718.61068585848	2931.0166015625
2720.84537119652	2913.71655273438
2723.07940948947	2931.21655273438
2725.31280102654	2931.64990234375
2727.54554609682	2919.58325195313
2729.77764498933	2910.13330078125
2732.00909799294	2929.96655273438
2734.23990539644	2927.06665039063
2736.47006748853	2923.53344726563
2738.69958455777	2912.30004882813
2740.92845689263	2915.91674804688
2743.15668478147	2930.44995117188
2745.38426851257	2915.05004882813
2747.61120837406	2930.55004882813
2749.83750465399	2916.69995117188
2752.0631576403	2929.71655273438
2754.28816762083	2929.11669921875
2756.51253488329	2929.28344726563
2758.73625971532	2933.89990234375
2760.95934240442	2938.0166015625
2763.18178323801	2928.89990234375
2765.40358250338	2941.89990234375
2767.62474048773	2920.36669921875
2769.84525747814	2923.5166015625
2772.06513376159	2925.2666015625
2774.28436962496	2926.03344726563
2776.50296535501	2944.69995117188
2778.7209212384	2931.88330078125
2780.93823756168	2937.18334960938
2783.15491461129	2931.16674804688
2785.37095267358	2937
2787.58635203477	2950.5
2789.80111298097	2923.06665039063
2792.01523579822	2950.28344726563
2794.2287207724	2933.19995117188
2796.44156818932	2943.41674804688
2798.65377833468	2941.39990234375
2800.86535149404	2944.46655273438
2803.07628795289	2937.78344726563
2805.28658799659	2949.96655273438
2807.4962519104	2940.86669921875
2809.70527997946	2934.2333984375
2811.91367248883	2942.0166015625
2814.12142972342	2950.83325195313
2816.32855196807	2924.7666015625
2818.53503950749	2948.06665039063
2820.74089262628	2945.05004882813
2822.94611160894	2951.89990234375
2825.15069673987	2948.19995117188
2827.35464830333	2938.83325195313
2829.55796658351	2944.41674804688
2831.76065186445	2945.21655273438
2833.96270443012	2942.7333984375
2836.16412456437	2931.44995117188
2838.3649125509	2940.63330078125
2840.56506867336	2945.64990234375
2842.76459321526	2960.2666015625
2844.96348645999	2946.83325195313
2847.16174869086	2942.85009765625
2849.35938019105	2963.81665039063
2851.55638124363	2961.7333984375
2853.75275213157	2964.7333984375
2855.94849313772	2965.46655273438
2858.14360454483	2973.30004882813
2860.33808663553	2967.38330078125
2862.53193969234	2953.05004882813
2864.72516399768	2968.81665039063
2866.91775983385	2968.39990234375
2869.10972748304	2977.88330078125
2871.30106722733	2966.0166015625
2873.4917793487	2980.36669921875
2875.68186412899	2978.38330078125
2877.87132184997	2991.60009765625
2880.06015279325	2994.25
2882.24835724039	2977.91674804688
2884.43593547278	2997.5166015625
2886.62288777173	2984
2888.80921441843	3003.61669921875
2890.99491569397	2993.78344726563
2893.1799918793	2995.0166015625
2895.36444325529	2988.44995117188
2897.54827010269	2988.35009765625
2899.73147270213	2990.55004882813
2901.91405133412	2991.55004882813
2904.09600627909	2981.36669921875
2906.27733781731	2996.0166015625
2908.45804622899	2997.06665039063
2910.63813179418	2995.18334960938
2912.81759479286	2991.85009765625
2914.99643550486	2986.94995117188
2917.17465420994	2999.44995117188
2919.3522511877	3003.18334960938
2921.52922671765	3006.5
2923.7055810792	2997.58325195313
2925.88131455162	2995.10009765625
2928.05642741408	3007.46655273438
2930.23091994566	3004.2666015625
2932.40479242528	3002.78344726563
2934.57804513178	2999.30004882813
2936.75067834387	2991.7333984375
2938.92269234017	2989.21655273438
2941.09408739916	3011.66674804688
2943.26486379921	3013.10009765625
2945.4350218186	3004.81665039063
2947.60456173546	2999.78344726563
2949.77348382783	3005.25
2951.94178837363	2996.36669921875
2954.10947565068	3009.94995117188
2956.27654593666	2995.9833984375
2958.44299950915	3001.46655273438
2960.60883664562	2997.10009765625
2962.77405762341	2982.89990234375
2964.93866271975	2996.2333984375
2967.10265221178	3003.81665039063
2969.26602637648	3015.43334960938
2971.42878549076	2997.9833984375
2973.59092983139	3018.68334960938
2975.75245967501	3007.2666015625
2977.9133752982	3003.61669921875
2980.07367697736	3004.43334960938
2982.23336498882	3012.41674804688
2984.39243960877	2996.14990234375
2986.5509011133	3011.53344726563
2988.70874977837	3019.88330078125
2990.86598587984	3008.5
2993.02260969344	3016.28344726563
2995.17862149478	3004.91674804688
2997.33402155938	2998.14990234375
2999.48881016262	3007.56665039063
3001.64298757978	3006
3003.796554086	3012.96655273438
3005.94950995633	3014.19995117188
3008.10185546569	3003.05004882813
3010.25359088888	3015.93334960938
3012.40471650059	3003.60009765625
3014.5552325754	3006.33325195313
3016.70513938776	3008.80004882813
3018.85443721201	3003.68334960938
3021.00312632236	3005.61669921875
3023.15120699292	2996.56665039063
3025.29867949769	3002.85009765625
3027.44554411052	3005.9833984375
3029.59180110516	2996.78344726563
3031.73745075527	3008.38330078125
3033.88249333434	3005.89990234375
3036.02692911578	3000.0166015625
3038.17075837287	2992.10009765625
3040.31398137877	3000.71655273438
3042.45659840653	3001.43334960938
3044.59860972907	3000.7666015625
3046.7400156192	3003.05004882813
3048.88081634961	2992.80004882813
3051.02101219287	3002.06665039063
3053.16060342144	2992.68334960938
3055.29959030765	3004.93334960938
3057.43797312371	3005.33325195313
3059.57575214172	3000.86669921875
3061.71292763366	2993.78344726563
3063.84949987139	2994.03344726563
3065.98546912665	2994.44995117188
3068.12083567105	3009.11669921875
3070.2555997761	3003
3072.38976171319	2997.89990234375
3074.52332175356	2993.43334960938
3076.65628016837	2986.0166015625
3078.78863722863	3001.55004882813
3080.92039320526	2980.63330078125
3083.05154836902	2982.46655273438
3085.1821029906	2993.19995117188
3087.31205734051	2990.80004882813
3089.44141168921	2996.5
3091.57016630696	2988.60009765625
3093.69832146398	3002.83325195313
3095.82587743032	2998.0166015625
3097.9528344759	2999.18334960938
3100.07919287056	2986.71655273438
3102.204952884	2995.93334960938
3104.33011478579	2999.41674804688
3106.45467884538	3005.69995117188
3108.57864533212	3004.75
3110.70201451522	2997.44995117188
3112.82478666378	3006.71655273438
3114.94696204676	3006.64990234375
3117.06854093301	2998.60009765625
3119.18952359127	2987.19995117188
3121.30991029013	2993.5
3123.4297012981	2991.71655273438
3125.54889688352	3001.06665039063
3127.66749731464	2998.7666015625
3129.78550285957	2981.94995117188
3131.90291378633	2992.5166015625
3134.01973036277	2993.30004882813
3136.13595285665	2983.88330078125
3138.2515815356	2976.55004882813
3140.36661666714	2980.39990234375
3142.48105851863	2979.19995117188
3144.59490735734	2983.53344726563
3146.70816345041	2972.85009765625
3148.82082706486	2984
3150.93289846758	2974.06665039063
3153.04437792532	2977.63330078125
3155.15526570475	2970.16674804688
3157.26556207238	2985.91674804688
3159.37526729461	2956.31665039063
3161.48438163771	2973.86669921875
3163.59290536784	2962.58325195313
3165.70083875102	2969.16674804688
3167.80818205315	2963.4833984375
3169.91493554002	2959.64990234375
3172.02109947727	2972.25
3174.12667413044	2967.46655273438
3176.23165976493	2964.7666015625
3178.33605664602	2962.91674804688
3180.43986503887	2985.08325195313
3182.54308520852	2972.80004882813
3184.64571741986	2970.94995117188
3186.74776193769	2961.71655273438
3188.84921902664	2971.58325195313
3190.95008895128	2972.41674804688
3193.05037197599	2959.0166015625
3195.15006836504	2974.88330078125
3197.24917838262	2985.41674804688
3199.34770229274	2980.5166015625
3201.44564035931	2969.33325195313
3203.5429928461	2979.89990234375
3205.63976001677	2979.56665039063
3207.73594213484	2977.11669921875
3209.83153946372	2967.21655273438
3211.92655226669	2977.31665039063
3214.02098080688	2987.10009765625
3216.11482534732	2979.38330078125
3218.20808615091	2981.25
3220.30076348041	2980.39990234375
3222.39285759847	2981.36669921875
3224.4843687676	2964.78344726563
3226.57529725019	2972.03344726563
3228.66564330851	2977.89990234375
3230.75540720468	2959.41674804688
3232.8445892007	2969.46655273438
3234.93318955847	2964.93334960938
3237.02120853974	2975.96655273438
3239.10864640612	2968.7666015625
3241.19550341911	2963.7333984375
3243.28177984009	2972.86669921875
3245.36747593029	2967.06665039063
3247.45259195083	2960.85009765625
3249.53712816268	2957.25
3251.62108482672	2949.66674804688
3253.70446220366	2959.35009765625
3255.78726055411	2946.5166015625
3257.86948013853	2948.2666015625
3259.95112121728	2937.21655273438
3262.03218405055	2947.58325195313
3264.11266889845	2933.61669921875
3266.19257602092	2939.88330078125
3268.27190567779	2942.91674804688
3270.35065812876	2926.9833984375
3272.4288336334	2936.10009765625
3274.50643245114	2931.89990234375
3276.5834548413	2932.35009765625
3278.65990106305	2930.85009765625
3280.73577137545	2928.58325195313
3282.81106603742	2935.56665039063
3284.88578530774	2938.63330078125
3286.95992944508	2917.93334960938
3289.03349870796	2946.43334960938
3291.1064933548	2930.64990234375
3293.17891364384	2943.94995117188
3295.25075983324	2934
3297.322032181	2928.11669921875
3299.39273094501	2928.43334960938
3301.462856383	2922.4833984375
3303.53240875259	2922.30004882813
3305.60138831128	2939.31665039063
3307.6697953164	2946.2333984375
3309.73763002519	2946.88330078125
3311.80489269472	2933.39990234375
3313.87158358198	2940.21655273438
3315.93770294378	2944.19995117188
3318.00325103681	2937.44995117188
3320.06822811764	2934.85009765625
3322.13263444272	2931.0166015625
3324.19647026832	2932.56665039063
3326.25973585064	2937.41674804688
3328.32243144568	2946.0166015625
3330.38455730938	2943.14990234375
3332.44611369749	2941.21655273438
3334.50710086564	2932.66674804688
3336.56751906936	2944.80004882813
3338.62736856401	2942.06665039063
3340.68664960483	2940
3342.74536244693	2936.83325195313
3344.80350734528	2949.05004882813
3346.86108455472	2947.85009765625
3348.91809432997	2931.58325195313
3350.97453692559	2923.71655273438
3353.03041259603	2931.30004882813
3355.08572159559	2933.38330078125
3357.14046417844	2920.2666015625
3359.19464059863	2933.61669921875
3361.24825111005	2920.14990234375
3363.30129596648	2900.71655273438
3365.35377542155	2917.31665039063
3367.40568972878	2918.61669921875
3369.45703914152	2932.69995117188
3371.507823913	2911.69995117188
3373.55804429633	2917.5166015625
3375.60770054446	2913.19995117188
3377.65679291024	2908.53344726563
3379.70532164635	2914.21655273438
3381.75328700534	2907.2333984375
3383.80068923965	2898.03344726563
3385.84752860155	2901.18334960938
3387.89380534321	2895.69995117188
3389.93951971664	2909.80004882813
3391.98467197371	2901.66674804688
3394.02926236618	2904.94995117188
3396.07329114566	2902.05004882813
3398.1167585636	2886.0166015625
3400.15966487137	2900.88330078125
3402.20201032014	2894.28344726563
3404.24379516099	2895.43334960938
3406.28501964484	2885.7333984375
3408.3256840225	2909.08325195313
3410.3657885446	2897.46655273438
3412.40533346167	2890.66674804688
3414.44431902408	2885.71655273438
3416.48274548209	2886.88330078125
3418.5206130858	2872.7666015625
3420.55792208516	2887.88330078125
3422.59467273003	2892.19995117188
3424.63086527009	2884.46655273438
3426.6664999549	2885.43334960938
3428.70157703386	2877.64990234375
3430.73609675628	2891.93334960938
3432.77005937129	2870.69995117188
3434.80346512789	2892.4833984375
3436.83631427494	2876.91674804688
3438.86860706119	2884.0166015625
3440.90034373521	2874.4833984375
3442.93152454546	2885.25
3444.96214974025	2869.43334960938
3446.99221956775	2865.66674804688
3449.021734276	2868.69995117188
3451.05069411289	2863.64990234375
3453.07909932619	2861.75
3455.1069501635	2862.39990234375
3457.1342468723	2857.78344726563
3459.16098969993	2858.83325195313
3461.1871788936	2847.58325195313
3463.21281470035	2850.88330078125
3465.23789736712	2844.69995117188
3467.26242714067	2849.44995117188
3469.28640426765	2832.86669921875
3471.30982899455	2837.75
3473.33270156774	2826.31665039063
3475.35502223343	2837.33325195313
3477.3767912377	2834.11669921875
3479.39800882649	2823.78344726563
3481.41867524559	2834.36669921875
3483.43879074066	2825.35009765625
3485.45835555721	2824.05004882813
3487.47736994062	2822.60009765625
3489.49583413611	2821.44995117188
3491.51374838879	2811.11669921875
3493.53111294359	2803.75
3495.54792804533	2799.66674804688
3497.56419393867	2794.5166015625
3499.57991086814	2801.63330078125
3501.59507907811	2805.19995117188
3503.60969881284	2789.25
3505.6237703164	2797.2333984375
3507.63729383278	2804.03344726563
3509.65026960577	2791.64990234375
3511.66269787904	2791.55004882813
3513.67457889613	2785.28344726563
3515.68591290042	2783.46655273438
3517.69670013515	2802.25
3519.70694084342	2795.7333984375
3521.7166352682	2794.43334960938
3523.72578365229	2779.88330078125
3525.73438623836	2788.21655273438
3527.74244326893	2782.43334960938
3529.74995498641	2783.91674804688
3531.75692163301	2781.2333984375
3533.76334345084	2773.43334960938
3535.76922068186	2770.5166015625
3537.77455356786	2773.39990234375
3539.77934235051	2788.69995117188
3541.78358727133	2771.03344726563
3543.78728857169	2779.71655273438
3545.79044649283	2784.7333984375
3547.79306127584	2771.53344726563
3549.79513316164	2775.60009765625
3551.79666239104	2768.43334960938
3553.79764920469	2778.16674804688
3555.7980938431	2761.0166015625
3557.79799654663	2765.85009765625
3559.79735755548	2752.13330078125
3561.79617710974	2757.80004882813
3563.79445544932	2760.08325195313
3565.79219281401	2759.18334960938
3567.78938944344	2746.0166015625
3569.7860455771	2741.13330078125
3571.78216145432	2739.19995117188
3573.77773731431	2724.81665039063
3575.7727733961	2738.30004882813
3577.76726993861	2730.91674804688
3579.76122718059	2729.58325195313
3581.75464536064	2716.64990234375
3583.74752471725	2733.05004882813
3585.7398654887	2722.78344726563
3587.73166791317	2713.85009765625
3589.7229322287	2713.13330078125
3591.71365867314	2707.63330078125
3593.70384748424	2715.2666015625
3595.69349889955	2693.96655273438
3597.68261315654	2703.2333984375
3599.67119049245	2685.64990234375
3601.65923114446	2698.60009765625
3603.64673534952	2691.86669921875
3605.63370334449	2686.25
3607.62013536607	2678.5166015625
3609.60603165079	2677.94995117188
3611.59139243504	2678.43334960938
3613.57621795509	2672.46655273438
3615.56050844701	2667.06665039063
3617.54426414677	2663.80004882813
3619.52748529017	2656.41674804688
3621.51017211285	2655.63330078125
3623.49232485031	2648.63330078125
3625.47394373792	2649.61669921875
3627.45502901088	2655.30004882813
3629.43558090423	2645.93334960938
3631.41559965288	2658.14990234375
3633.3950854916	2654.86669921875
3635.37403865498	2648.33325195313
3637.35245937747	2648.13330078125
3639.33034789339	2649.16674804688
3641.30770443688	2643.2333984375
3643.28452924196	2637.41674804688
3645.26082254248	2642.5
3647.23658457212	2644.78344726563
3649.21181556447	2646.35009765625
3651.18651575291	2636.7666015625
3653.16068537069	2639.7666015625
3655.13432465092	2642.16674804688
3657.10743382653	2641.2666015625
3659.08001313034	2640.08325195313
3661.05206279498	2627.16674804688
3663.02358305295	2626
3664.9945741366	2626.68334960938
3666.96503627811	2621.36669921875
3668.93496970952	2618.91674804688
3670.90437466272	2620.80004882813
3672.87325136944	2622.43334960938
3674.84160006127	2632.03344726563
3676.80942096963	2606.78344726563
3678.77671432581	2637.08325195313
3680.74348036092	2612.83325195313
3682.70971930595	2612.80004882813
3684.6754313917	2612.75
3686.64061684885	2616.25
3688.60527590791	2606.43334960938
3690.56940879924	2601.31665039063
3692.53301575303	2612.60009765625
3694.49609699936	2601.38330078125
3696.45865276812	2596.11669921875
3698.42068328904	2600.05004882813
3700.38218879173	2603.31665039063
3702.34316950563	2596.68334960938
3704.30362566	2593.93334960938
3706.26355748399	2582.56665039063
3708.22296520657	2591.03344726563
3710.18184905656	2577.75
3712.14020926263	2576.58325195313
3714.09804605328	2565.35009765625
3716.05535965687	2571.4833984375
3718.01215030162	2577.38330078125
3719.96841821555	2567.38330078125
3721.92416362657	2563.96655273438
3723.8793867624	2544.21655273438
3725.83408785063	2555.80004882813
3727.78826711869	2563.11669921875
3729.74192479384	2540.71655273438
3731.69506110319	2541.14990234375
3733.64767627371	2546.05004882813
3735.59977053219	2554.0166015625
3737.55134410528	2542.96655273438
3739.50239721947	2550.13330078125
3741.45293010108	2532.64990234375
3743.40294297631	2531.06665039063
3745.35243607116	2532.94995117188
3747.3014096115	2531.31665039063
3749.24986382303	2522.7333984375
3751.19779893131	2531.08325195313
3753.14521516171	2522.30004882813
3755.09211273949	2521.55004882813
3757.0384918897	2519.19995117188
3758.98435283728	2514.5
3760.92969580698	2510.11669921875
3762.87452102341	2507.03344726563
3764.81882871101	2515.25
3766.76261909407	2507.03344726563
3768.70589239672	2511.16674804688
3770.64864884293	2505.5166015625
3772.59088865651	2514.63330078125
3774.53261206112	2505.44995117188
3776.47381928025	2502.41674804688
