-173.428722450078	1146.31665039063
-170.294344013779	1146.11669921875
-167.160990304052	1147.05004882813
-164.028660894548	1145.80004882813
-160.897355359205	1146.30004882813
-157.767073272189	1146.56665039063
-154.637814207931	1146.34997558594
-151.50957774112	1145.78332519531
-148.382363446704	1146.91662597656
-145.256170899859	1145.68334960938
-142.130999676054	1146.46667480469
-139.006849350965	1145.73327636719
-135.883719500571	1146.96667480469
-132.761609701053	1145.28332519531
-129.640519528863	1146.46667480469
-126.520448560715	1146.69995117188
-123.401396373553	1146.75
-120.28336254458	1146.03332519531
-117.166346651252	1145.90002441406
-114.050348271258	1146.11669921875
-110.935366982541	1146.59997558594
-107.821402363301	1145.75
-104.708453991972	1147.01672363281
-101.596521447235	1145.09997558594
-98.4856043080122	1146.96667480469
-95.3757021534957	1146.53332519531
-92.2668145630801	1144.75
-89.1589411164452	1146.59997558594
-86.0520813934781	1146.15002441406
-82.946234974338	1145.30004882813
-79.8414014394074	1146.31665039063
-76.7375803693083	1146.18334960938
-73.6347713449181	1146.31665039063
-70.532973947345	1145.96667480469
-67.4321877579402	1145.36669921875
-64.3324123582935	1146.15002441406
-61.2336473302252	1146.56665039063
-58.1358922558143	1146.83337402344
-55.0391467173494	1146.53332519531
-51.9434102973817	1146.65002441406
-48.8486825786838	1146.65002441406
-45.7549631442702	1145.81665039063
-42.662251577389	1146.38330078125
-39.5705474615295	1145.94995117188
-36.4798503804062	1146.59997558594
-33.3901599179706	1146.91662597656
-30.301475658403	1146.98327636719
-27.2137971861287	1146.36669921875
-24.1271240858053	1146.44995117188
-21.0414559423028	1145.88330078125
-17.9567923407513	1146.73327636719
-14.8731328664812	1146.46667480469
-11.7904771050747	1145.98327636719
-8.70882464233763	1146.73327636719
-5.62817506431157	1145.51672363281
-2.54852795725342	1147.21667480469
0.530117092344597	1148.5
3.6077604977471	1148.86669921875
6.68440267202787	1148.21667480469
9.76004402799773	1146.08337402344
12.8346849782609	1146.30004882813
15.9083259351831	1147.25
18.9809673109237	1145.94995117188
22.0526095173877	1146.46667480469
25.1232529662903	1146.63330078125
28.1928980690886	1147.01672363281
31.2615452370419	1146.48327636719
34.32919488118	1146.46667480469
37.3958474123071	1146.28332519531
40.4615032409942	1146.51672363281
43.5261627776189	1146.25
46.58982643231	1146.63330078125
49.6524946149833	1145.84997558594
52.7141677353456	1146.84997558594
55.7748462028835	1146.61669921875
58.8345304268427	1145.75
61.8932208162729	1146.19995117188
64.9509177800033	1145.93334960938
68.0076217266271	1146.38330078125
71.0633330645419	1147.51672363281
74.118052201909	1147.5
77.1717795467022	1152.65002441406
80.224515506648	1171.65002441406
83.2762604892772	1205.59997558594
86.3270149018856	1247.34997558594
89.3767791515896	1266.71667480469
92.4255536452548	1277.61669921875
95.4733387895519	1283.48327636719
98.5201349909248	1282.86669921875
101.565942655643	1286.44995117188
104.610762189717	1288.16662597656
107.654593998963	1286.53332519531
110.697438488996	1283.63330078125
113.739296065204	1285.88330078125
116.78016713278	1284.34997558594
119.820052096698	1281.96667480469
122.85895136172	1283.81665039063
125.896865332408	1277.34997558594
128.933794413111	1276.41662597656
131.969739007965	1278.05004882813
135.004699520911	1272.55004882813
138.038676355664	1273.96667480469
141.071669915751	1271.26672363281
144.103680604487	1271.30004882813
147.134708824975	1272.19995117188
150.164754980118	1264.80004882813
153.193819472611	1264.86669921875
156.221902704945	1266.63330078125
159.24900507942	1264.51672363281
162.275126998099	1265.31665039063
165.300268862873	1268.48327636719
168.324431075425	1265.65002441406
171.347614037231	1267.96667480469
174.369818149562	1268.69995117188
177.391043813491	1266.34997558594
180.411291429897	1265.78332519531
183.430561399437	1265.40002441406
186.448854122582	1267.13330078125
189.466169999607	1268.44995117188
192.482509430598	1267.84997558594
195.497872815412	1265.53332519531
198.512260553716	1267.44995117188
201.525673045011	1265.73327636719
204.538110688552	1264.75
207.549573883427	1262.31665039063
210.560063028519	1263.43334960938
213.569578522523	1262.86669921875
216.578120763917	1265.56665039063
219.585690151021	1261.81665039063
222.592287081907	1263.41662597656
225.597911954507	1261.93334960938
228.602565166512	1262.61669921875
231.606247115456	1263.51672363281
234.608958198646	1266.33337402344
237.610698813222	1264.94995117188
240.611469356122	1266.51672363281
243.611270224103	1264.90002441406
246.610101813707	1266.55004882813
249.607964521295	1266
252.604858743044	1266.40002441406
255.600784874935	1266.28332519531
258.595743312749	1269.30004882813
261.589734452097	1267.46667480469
264.582758688393	1265
267.574816416842	1269.21667480469
270.565908032503	1268.94995117188
273.556033930195	1267.03332519531
276.545194504586	1269.53332519531
279.533390150138	1265.75
282.520621261151	1269.56665039063
285.506888231708	1271.05004882813
288.49219145571	1271.09997558594
291.476531326902	1272.91662597656
294.459908238794	1271
297.442322584762	1273.11669921875
300.423774757966	1270.19995117188
303.404265151375	1274.75
306.383794157805	1274.30004882813
309.362362169862	1270.59997558594
312.339969579982	1271.30004882813
315.316616780414	1270.43334960938
318.292304163227	1270.94995117188
321.267032120295	1269.63330078125
324.24080104332	1265.66662597656
327.213611323833	1267.44995117188
330.185463353171	1268.01672363281
333.156357522491	1267.41662597656
336.126294222774	1263.91662597656
339.095273844812	1264.06665039063
342.063296779227	1267.36669921875
345.030363416467	1261.90002441406
347.996474146782	1263
350.961629360257	1264.26672363281
353.925829446806	1265.55004882813
356.889074796147	1265.03332519531
359.851365797829	1265
362.812702841222	1263.43334960938
365.773086315536	1265.23327636719
368.732516609768	1263.75
371.690994112778	1262.69995117188
374.648519213243	1265.28332519531
377.605092299631	1263.26672363281
380.560713760273	1263.71667480469
383.515383983307	1262.18334960938
386.469103356711	1262.41662597656
389.421872268273	1261.58337402344
392.373691105615	1260.80004882813
395.32456025619	1261.40002441406
398.274480107272	1260.44995117188
401.223451045967	1260.03332519531
404.171473459202	1260.08337402344
407.118547733728	1261.5
410.064674256155	1257.18334960938
413.009853412892	1260.08337402344
415.954085590181	1264.05004882813
418.8973711741	1258.56665039063
421.83971055055	1262.05004882813
424.781104105281	1258.46667480469
427.721552223856	1259.33337402344
430.661055291665	1263.28332519531
433.599613693946	1262.44995117188
436.537227815752	1260.48327636719
439.473898041993	1262.5
442.409624757378	1258.01672363281
445.344408346476	1263.18334960938
448.278249193683	1256.11669921875
451.211147683207	1260.34997558594
454.143104199122	1256.66662597656
457.074119125312	1258.91662597656
460.004192845497	1257.23327636719
462.933325743267	1258.81665039063
465.861518202001	1259.81665039063
468.788770604917	1260.59997558594
471.71508333511	1257.56665039063
474.640456775471	1258.26672363281
477.564891308737	1260.33337402344
480.488387317487	1259.30004882813
483.410945184141	1260.93334960938
486.332565290942	1262.5
489.253248019986	1260.16662597656
492.172993753197	1264.66662597656
495.091802872338	1267.59997558594
498.009675759011	1266.15002441406
500.926612794666	1270.58337402344
503.842614360571	1276.18334960938
506.757680837864	1287.38330078125
509.671812607493	1307.5
512.585010050263	1384.13330078125
515.497273546817	1624.58337402344
518.408603477637	2022
521.319000223045	2047.21667480469
524.228464163205	1723.26672363281
527.136995678121	1476.36669921875
530.044595147647	1372.86669921875
532.951262951471	1319.93334960938
535.856999469123	1294.81665039063
538.761805079986	1279.76672363281
541.665680163279	1272.84997558594
544.568625098049	1268.11669921875
547.470640263216	1264.88330078125
550.371726037533	1262.16662597656
553.271882799588	1258.81665039063
556.171110927825	1257.30004882813
559.069410800531	1259.34997558594
561.966782795823	1258.43334960938
564.863227291685	1258.23327636719
567.758744665944	1253.91662597656
570.653335296256	1257.83337402344
573.546999560148	1254.21667480469
576.439737834969	1255.69995117188
579.331550497935	1254.23327636719
582.222437926093	1258.75
585.112400496356	1257.03332519531
588.001438585469	1256.44995117188
590.889552570021	1256.81665039063
593.77674282648	1257.16662597656
596.663009731132	1253.25
599.548353660116	1253.73327636719
602.432774989433	1253.55004882813
605.316274094926	1255.30004882813
608.198851352303	1253.58337402344
611.080507137075	1256.36669921875
613.961241824667	1259.5
616.841055790315	1257.19995117188
619.71994940911	1258.40002441406
622.597923056008	1256.51672363281
625.474977105798	1252.21667480469
628.351111933143	1255.65002441406
631.22632791255	1254.93334960938
634.10062541835	1254.88330078125
636.97400482478	1254.90002441406
639.846466505882	1255.16662597656
642.718010835585	1254.55004882813
645.58863818764	1254.69995117188
648.458348935679	1260.13330078125
651.327143453188	1257.94995117188
654.195022113475	1253.16662597656
657.061985289745	1257.05004882813
659.928033355022	1256.96667480469
662.79316668221	1258.46667480469
665.657385644057	1253.23327636719
668.520690613176	1255.53332519531
671.383081962017	1255.84997558594
674.244560062899	1257.03332519531
677.105125288002	1252.81665039063
679.964778009343	1255
682.823518598832	1255.03332519531
685.681347428202	1253.83337402344
688.538264869057	1255.5
691.394271292855	1253.19995117188
694.249367070914	1252.55004882813
697.103552574412	1251.63330078125
699.956828174378	1255.21667480469
702.809194241715	1250.34997558594
705.660651147175	1251.44995117188
708.511199261361	1254.03332519531
711.360838954755	1253.5
714.209570597676	1250
717.057394560329	1251.5
719.90431121275	1256.16662597656
722.750320924861	1254.96667480469
725.59542406643	1250.71667480469
728.439621007094	1255.98327636719
731.282912116347	1252.05004882813
734.125297763539	1253.23327636719
736.966778317898	1253.51672363281
739.807354148498	1255.86669921875
742.647025624275	1252.73327636719
745.485793114042	1251.86669921875
748.323656986468	1255.38330078125
751.160617610072	1253.48327636719
753.996675353258	1255.48327636719
756.831830584275	1252.80004882813
759.666083671249	1256.30004882813
762.499434982158	1251.59997558594
765.331884884853	1258.18334960938
768.163433747055	1251.58337402344
770.994081936328	1254.84997558594
773.823829820116	1254.05004882813
776.652677765732	1251.76672363281
779.480626140347	1253.13330078125
782.307675310993	1255.84997558594
785.133825644576	1251.93334960938
787.959077507869	1255.33337402344
790.783431267511	1255.09997558594
793.606887289986	1251.96667480469
796.429445941685	1254.34997558594
799.251107588836	1251.81665039063
802.071872597536	1252.11669921875
804.891741333751	1255.83337402344
807.71071416334	1253.91662597656
810.528791451981	1256.21667480469
813.345973565269	1253.34997558594
816.162260868638	1255.23327636719
818.977653727395	1254.98327636719
821.792152506717	1254.84997558594
824.605757571661	1253.65002441406
827.418469287133	1252.26672363281
830.230288017926	1253.81665039063
833.0412141287	1253.5
835.851247983973	1253.05004882813
838.660389948141	1255.31665039063
841.468640385466	1253.38330078125
844.27599966009	1254.93334960938
847.082468136026	1254.31665039063
849.888046177135	1254.88330078125
852.692734147171	1255.28332519531
855.496532409758	1256.15002441406
858.29944132839	1255.56665039063
861.10146126642	1255.09997558594
863.902592587094	1256.65002441406
866.702835653509	1256.91662597656
869.502190828641	1254.44995117188
872.300658475353	1257.21667480469
875.098238956361	1253.30004882813
877.894932634271	1256.90002441406
880.690739871548	1255.56665039063
883.485661030531	1256.41662597656
886.279696473447	1255.36669921875
889.072846562376	1254.88330078125
891.86511165929	1255.13330078125
894.65649212603	1256.15002441406
897.446988324303	1253.59997558594
900.236600615703	1253.51672363281
903.025329361687	1254.44995117188
905.813174923597	1253.16662597656
908.600137662639	1255.41662597656
911.38621793991	1257.68334960938
914.171416116365	1255.44995117188
916.95573255285	1255.61669921875
919.739167610082	1256.63330078125
922.521721648641	1258.68334960938
925.303395029005	1263.13330078125
928.084188111517	1261.06665039063
930.864101256396	1266.26672363281
933.643134823733	1269.34997558594
936.42128917351	1277.65002441406
939.198564665577	1280.23327636719
941.97496165967	1280.69995117188
944.750480515391	1282.5
947.525121592226	1283.44995117188
950.298885249534	1280.16662597656
953.071771846555	1279.76672363281
955.843781742413	1280.38330078125
958.614915296108	1279.28332519531
961.385172866513	1277.98327636719
964.154554812387	1279.78332519531
966.92306149236	1280.91662597656
969.690693264949	1282.51672363281
972.457450488552	1282.18334960938
975.223333521431	1284.76672363281
977.988342721749	1280.09997558594
980.752478447535	1282.46667480469
983.515741056708	1280.41662597656
986.278130907059	1278.44995117188
989.039648356259	1275.81665039063
991.800293761863	1271.78332519531
994.560067481312	1266.98327636719
997.318969871913	1269.81665039063
1000.07700129088	1266.36669921875
1002.83416209528	1263.38330078125
1005.59045264208	1260.90002441406
1008.34587328813	1260.98327636719
1011.10042439014	1261.66662597656
1013.85410630472	1261.34997558594
1016.60691938837	1258.48327636719
1019.35886399746	1259.88330078125
1022.10994048823	1261.31665039063
1024.86014921684	1261.25
1027.60949053928	1256.96667480469
1030.35796481149	1259.88330078125
1033.10557238924	1254.25
1035.85231362819	1256.51672363281
1038.5981888839	1255.21667480469
1041.34319851182	1250.09997558594
1044.08734286727	1251.78332519531
1046.83062230544	1249.68334960938
1049.57303718143	1249.55004882813
1052.31458785021	1247.91662597656
1055.05527466665	1252.53332519531
1057.79509798549	1252.76672363281
1060.53405816134	1251.13330078125
1063.27215554874	1252.36669921875
1066.00939050209	1250.59997558594
1068.74576337565	1250.88330078125
1071.48127452361	1251.43334960938
1074.21592430002	1249.58337402344
1076.94971305882	1251.36669921875
1079.68264115384	1252.30004882813
1082.41470893879	1252.51672363281
1085.14591676728	1252
1087.8762649928	1248.63330078125
1090.60575396871	1249.15002441406
1093.33438404827	1249.91662597656
1096.06215558464	1248.80004882813
1098.78906893086	1250.80004882813
1101.51512443981	1251
1104.24032246435	1250.01672363281
1106.96466335716	1248.25
1109.68814747081	1248.94995117188
1112.41077515779	1249.46667480469
1115.13254677044	1249.94995117188
1117.85346266104	1248.61669921875
1120.57352318169	1247.28332519531
1123.29272868445	1250.93334960938
1126.01107952121	1250.40002441406
1128.72857604378	1251.25
1131.44521860385	1249.71667480469
1134.16100755301	1252.11669921875
1136.87594324271	1247.94995117188
1139.59002602433	1251.98327636719
1142.3032562491	1247
1145.01563426818	1249.71667480469
1147.72716043257	1256.86669921875
1150.43783509322	1253.25
1153.14765860091	1251.84997558594
1155.85663130634	1253.65002441406
1158.56475356012	1251.78332519531
1161.27202571271	1250.98327636719
1163.97844811448	1251.75
1166.68402111569	1252.68334960938
1169.38874506649	1251.43334960938
1172.09262031694	1251.40002441406
1174.79564721695	1251.43334960938
1177.49782611635	1250.28332519531
1180.19915736486	1249.94995117188
1182.89964131208	1250.71667480469
1185.59927830751	1247.31665039063
1188.29806870054	1248.76672363281
1190.99601284046	1247.44995117188
1193.69311107643	1247.76672363281
1196.38936375753	1249.86669921875
1199.08477123271	1249.18334960938
1201.77933385082	1248.59997558594
1204.47305196061	1246.78332519531
1207.1659259107	1250.69995117188
1209.85795604964	1252.66662597656
1212.54914272585	1253.03332519531
1215.23948628763	1250.51672363281
1217.92898708319	1254.69995117188
1220.61764546064	1255.71667480469
1223.30546176798	1253.41662597656
1225.99243635308	1254.21667480469
1228.67856956373	1252.13330078125
1231.36386174761	1251.08337402344
1234.04831325228	1251.48327636719
1236.73192442522	1251.83337402344
1239.41469561377	1252.66662597656
1242.09662716519	1252.61669921875
1244.77771942662	1253.21667480469
1247.45797274511	1254.59997558594
1250.13738746759	1252.34997558594
1252.81596394089	1252.80004882813
1255.49370251175	1254.59997558594
1258.17060352676	1253.13330078125
1260.84666733246	1253.03332519531
1263.52189427525	1253.30004882813
1266.19628470144	1253.59997558594
1268.86983895722	1255.86669921875
1271.5425573887	1254.03332519531
1274.21444034186	1252.48327636719
1276.8854881626	1253.88330078125
1279.55570119671	1255.34997558594
1282.22507978985	1255.03332519531
1284.89362428759	1254.01672363281
1287.56133503543	1253.36669921875
1290.22821237872	1254.36669921875
1292.89425666274	1260.53332519531
1295.55946823263	1259.13330078125
1298.22384743346	1259.31665039063
1300.88739461019	1260.19995117188
1303.55011010766	1256.98327636719
1306.21199427063	1255.96667480469
1308.87304744373	1252.21667480469
1311.53326997152	1251.61669921875
1314.19266219843	1251.80004882813
1316.8512244688	1253.41662597656
1319.50895712687	1252.01672363281
1322.16586051676	1251.71667480469
1324.82193498252	1251.84997558594
1327.47718086806	1252.55004882813
1330.1315985172	1252.06665039063
1332.78518827369	1254.16662597656
1335.43795048114	1255.46667480469
1338.08988548307	1252.40002441406
1340.74099362289	1252.56665039063
1343.39127524392	1255.26672363281
1346.04073068939	1250.76672363281
1348.6893603024	1252.46667480469
1351.33716442597	1255.86669921875
1353.98414340301	1253.36669921875
1356.63029757632	1251.83337402344
1359.27562728863	1253.91662597656
1361.92013288252	1250.58337402344
1364.56381470053	1250.88330078125
1367.20667308505	1254.31665039063
1369.84870837838	1251.09997558594
1372.48992092274	1250.66662597656
1375.13031106023	1251.36669921875
1377.76987913284	1249.65002441406
1380.40862548251	1252.30004882813
1383.04655045101	1248.59997558594
1385.68365438006	1249.21667480469
1388.31993761126	1251.21667480469
1390.95540048612	1249.75
1393.59004334605	1248.73327636719
1396.22386653233	1249.36669921875
1398.85687038619	1248.28332519531
1401.48905524873	1250.76672363281
1404.12042146094	1254.44995117188
1406.75096936375	1251.84997558594
1409.38069929796	1250.84997558594
1412.00961160428	1251.90002441406
1414.63770662332	1254.5
1417.26498469557	1251.18334960938
1419.89144616146	1250.30004882813
1422.51709136132	1253.25
1425.14192063532	1248.98327636719
1427.76593432361	1249.78332519531
1430.3891327662	1249.59997558594
1433.01151630299	1248.43334960938
1435.63308527382	1251.91662597656
1438.2538400184	1246.90002441406
1440.87378087637	1250.01672363281
1443.49290818722	1251.01672363281
1446.1112222904	1252.25
1448.72872352524	1249.48327636719
1451.34541223097	1251.98327636719
1453.96128874671	1254.48327636719
1456.5763534115	1252.19995117188
1459.19060656429	1250.91662597656
1461.8040485439	1251.94995117188
1464.41667968907	1251.69995117188
1467.02850033846	1251.5
1469.63951083061	1250.90002441406
1472.24971150397	1250.68334960938
1474.8591026969	1247.58337402344
1477.46768474763	1249.86669921875
1480.07545799434	1253.48327636719
1482.68242277508	1250.15002441406
1485.28857942782	1252.55004882813
1487.89392829042	1248.68334960938
1490.49846970065	1249.46667480469
1493.10220399619	1245.84997558594
1495.70513151461	1250.56665039063
1498.30725259339	1247.38330078125
1500.90856756992	1248.48327636719
1503.50907678146	1251.30004882813
1506.10878056524	1247.73327636719
1508.70767925832	1247.84997558594
1511.30577319772	1247.94995117188
1513.90306272032	1243.43334960938
1516.49954816295	1246.51672363281
1519.09522986229	1248.80004882813
1521.69010815498	1245.94995117188
1524.28418337751	1247.15002441406
1526.87745586632	1246.90002441406
1529.46992595773	1247.46667480469
1532.06159398796	1245.71667480469
1534.65246029316	1247.55004882813
1537.24252520935	1246.03332519531
1539.83178907249	1247.66662597656
1542.42025221841	1243.96667480469
1545.00791498287	1248.18334960938
1547.59477770152	1247.81665039063
1550.18084070993	1247.81665039063
1552.76610434356	1248.25
1555.35056893777	1248.25
1557.93423482785	1250.58337402344
1560.51710234896	1250.40002441406
1563.0991718362	1253.26672363281
1565.68044362457	1251.75
1568.26091804893	1250.55004882813
1570.84059544411	1251.96667480469
1573.41947614481	1251.53332519531
1575.99756048562	1256.11669921875
1578.57484880108	1258.30004882813
1581.15134142559	1255.19995117188
1583.72703869349	1254.44995117188
1586.301940939	1258.51672363281
1588.87604849628	1257.66662597656
1591.44936169934	1260.55004882813
1594.02188088215	1259.48327636719
1596.59360637855	1263.71667480469
1599.16453852232	1270.71667480469
1601.73467764709	1272.58337402344
1604.30402408647	1273.11669921875
1606.87257817391	1276.01672363281
1609.44034024281	1270.71667480469
1612.00731062644	1261.55004882813
1614.57348965801	1261.43334960938
1617.13887767062	1259.30004882813
1619.70347499726	1253.91662597656
1622.26728197086	1257.19995117188
1624.83029892423	1254.84997558594
1627.39252619012	1256.05004882813
1629.95396410112	1257
1632.5146129898	1258.03332519531
1635.07447318858	1258.15002441406
1637.63354502984	1256.34997558594
1640.19182884582	1250.98327636719
1642.74932496868	1250
1645.3060337305	1250.15002441406
1647.86195546325	1248.25
1650.41709049882	1245.55004882813
1652.971439169	1245.19995117188
1655.52500180548	1243.59997558594
1658.07777873987	1246.53332519531
1660.62977030368	1246.96667480469
1663.18097682833	1247.43334960938
1665.73139864514	1247.06665039063
1668.28103608534	1245.48327636719
1670.82988948008	1246.91662597656
1673.37795916039	1244.75
1675.92524545724	1245.88330078125
1678.47174870147	1247.13330078125
1681.01746922386	1243.13330078125
1683.56240735508	1248.91662597656
1686.10656342572	1246.33337402344
1688.64993776626	1244.08337402344
1691.19253070709	1242.55004882813
1693.73434257853	1244.68334960938
1696.27537371078	1240.30004882813
1698.81562443395	1241.34997558594
1701.35509507809	1244.09997558594
1703.89378597311	1243.05004882813
1706.43169744886	1244.91662597656
1708.96882983509	1244.98327636719
1711.50518346144	1245.84997558594
1714.0407586575	1247.56665039063
1716.57555575272	1250.09997558594
1719.10957507649	1250.66662597656
1721.64281695809	1250.13330078125
1724.17528172671	1248.58337402344
1726.70696971146	1249.08337402344
1729.23788124135	1248.21667480469
1731.7680166453	1248.08337402344
1734.29737625213	1250.23327636719
1736.82596039057	1247.51672363281
1739.35376938927	1247.55004882813
1741.88080357677	1246.81665039063
1744.40706328154	1245.83337402344
1746.93254883193	1247.80004882813
1749.45726055623	1244.09997558594
1751.9811987826	1243.81665039063
1754.50436383915	1243.68334960938
1757.02675605387	1244.59997558594
1759.54837575466	1246.63330078125
1762.06922326934	1242.44995117188
1764.58929892564	1246.19995117188
1767.10860305118	1243.09997558594
1769.6271359735	1243.34997558594
1772.14489802005	1245.26672363281
1774.66188951817	1244.76672363281
1777.17811079515	1239.61669921875
1779.69356217815	1244.68334960938
1782.20824399425	1244.01672363281
1784.72215657043	1242.63330078125
1787.23530023361	1241.38330078125
1789.74767531057	1243.63330078125
1792.25928212804	1239.23327636719
1794.77012101264	1244.96667480469
1797.2801922909	1242.40002441406
1799.78949628926	1240.96667480469
1802.29803333406	1243.26672363281
1804.80580375158	1243.16662597656
1807.31280786797	1241.88330078125
1809.81904600929	1246.76672363281
1812.32451850154	1244.46667480469
1814.82922567061	1242.59997558594
1817.33316784231	1242.40002441406
1819.83634534233	1242.46667480469
1822.33875849629	1240.81665039063
1824.84040762973	1241.26672363281
1827.34129306808	1242.73327636719
1829.84141513667	1245.53332519531
1832.34077416077	1240.38330078125
1834.83937046553	1241.84997558594
1837.33720437602	1241.61669921875
1839.83427621723	1240.46667480469
1842.33058631404	1239.43334960938
1844.82613499125	1240.96667480469
1847.32092257355	1241.5
1849.81494938558	1241.21667480469
1852.30821575184	1239.46667480469
1854.80072199677	1241.15002441406
1857.29246844473	1240.11669921875
1859.78345541994	1242.68334960938
1862.27368324658	1242.59997558594
1864.76315224871	1245.25
1867.2518627503	1240.23327636719
1869.73981507524	1240.31665039063
1872.22700954733	1241.83337402344
1874.71344649027	1243.40002441406
1877.19912622768	1238.91662597656
1879.68404908308	1242.21667480469
1882.16821537988	1238.78332519531
1884.65162544145	1240.78332519531
1887.13427959102	1242.21667480469
1889.61617815175	1239.65002441406
1892.0973214467	1241.48327636719
1894.57770979887	1243.94995117188
1897.05734353113	1240.31665039063
1899.53622296628	1240.18334960938
1902.014348427	1240.91662597656
1904.49172023593	1242.01672363281
1906.96833871558	1241.90002441406
1909.44420418839	1242.65002441406
1911.91931697668	1242.03332519531
1914.39367740272	1241.03332519531
1916.86728578865	1241.55004882813
1919.34014245654	1244.33337402344
1921.81224772838	1242.15002441406
1924.28360192604	1241.38330078125
1926.75420537132	1242.15002441406
1929.22405838593	1240.96667480469
1931.69316129147	1241.08337402344
1934.16151440948	1240.38330078125
1936.62911806136	1241.28332519531
1939.09597256848	1243.01672363281
1941.56207825207	1239.21667480469
1944.0274354333	1244.94995117188
1946.49204443322	1239.55004882813
1948.95590557284	1237.58337402344
1951.41901917301	1240.66662597656
1953.88138555454	1240
1956.34300503813	1241.46667480469
1958.8038779444	1244.09997558594
1961.26400459387	1243.80004882813
1963.72338530697	1242.98327636719
1966.18202040403	1241.63330078125
1968.63991020531	1240.18334960938
1971.09705503097	1239.40002441406
1973.55345520107	1240.16662597656
1976.0091110356	1239.11669921875
1978.46402285444	1243.23327636719
1980.91819097737	1241.03332519531
1983.3716157241	1240.56665039063
1985.82429741427	1240.83337402344
1988.27623636736	1239.53332519531
1990.72743290284	1242.51672363281
1993.17788734002	1242.18334960938
1995.62759999817	1239.26672363281
1998.07657119644	1244.33337402344
2000.5248012539	1242.93334960938
2002.97229048952	1240.69995117188
2005.41903922219	1243.34997558594
2007.86504777071	1241.03332519531
2010.31031645378	1242.03332519531
2012.75484559	1240.09997558594
2015.19863549792	1241.71667480469
2017.64168649594	1240.68334960938
2020.08399890242	1243.59997558594
2022.5255730356	1240.18334960938
2024.96640921365	1241.80004882813
2027.40650775462	1240.76672363281
2029.84586897649	1240.81665039063
2032.28449319715	1242.94995117188
2034.72238073438	1240.68334960938
2037.15953190591	1240.86669921875
2039.59594702932	1242.43334960938
2042.03162642215	1240.91662597656
2044.46657040182	1238.71667480469
2046.90077928567	1243.84997558594
2049.33425339095	1240.66662597656
2051.76699303481	1240.11669921875
2054.19899853433	1244.16662597656
2056.63027020645	1241.84997558594
2059.06080836809	1243.25
2061.49061333602	1240.93334960938
2063.91968542694	1241.33337402344
2066.34802495747	1241.40002441406
2068.77563224411	1239.43334960938
2071.20250760329	1241.46667480469
2073.62865135136	1242.30004882813
2076.05406380455	1243.23327636719
2078.47874527901	1239.86669921875
2080.9026960908	1242.38330078125
2083.3259165559	1243.03332519531
2085.74840699018	1240.68334960938
2088.17016770944	1240.98327636719
2090.59119902935	1240.13330078125
2093.01150126553	1241.59997558594
2095.43107473348	1241.98327636719
2097.84991974864	1241.80004882813
2100.26803662633	1240.91662597656
2102.68542568178	1243.36669921875
2105.10208723015	1237.71667480469
2107.51802158648	1241.91662597656
2109.93322906574	1244.18334960938
2112.3477099828	1241.91662597656
2114.76146465245	1240.53332519531
2117.17449338937	1240.86669921875
2119.58679650815	1237.93334960938
2121.9983743233	1241.56665039063
2124.40922714924	1240.5
2126.81935530029	1240.19995117188
2129.22875909067	1240.96667480469
2131.63743883452	1242.16662597656
2134.04539484589	1240.48327636719
2136.45262743874	1240.55004882813
2138.85913692692	1244.44995117188
2141.26492362422	1244.43334960938
2143.6699878443	1242.08337402344
2146.07432990076	1242.16662597656
2148.47795010708	1240.26672363281
2150.88084877667	1240.93334960938
2153.28302622285	1241.61669921875
2155.68448275883	1240.83337402344
2158.08521869774	1240.68334960938
2160.48523435261	1243.19995117188
2162.88453003639	1240.96667480469
2165.28310606193	1240.11669921875
2167.68096274199	1239.21667480469
2170.07810038922	1241.94995117188
2172.47451931622	1240.15002441406
2174.87021983546	1240.66662597656
2177.26520225933	1241.26672363281
2179.65946690013	1242.09997558594
2182.05301407006	1238.73327636719
2184.44584408123	1236.68334960938
2186.83795724567	1240.75
2189.22935387531	1240.28332519531
2191.62003428198	1239.43334960938
2194.00999877743	1240.40002441406
2196.39924767329	1239.46667480469
2198.78778128115	1240.05004882813
2201.17559991245	1243.48327636719
2203.56270387857	1239.75
2205.94909349081	1238.78332519531
2208.33476906033	1239.48327636719
2210.71973089824	1240.91662597656
2213.10397931554	1238.46667480469
2215.48751462314	1241.09997558594
2217.87033713186	1238.55004882813
2220.25244715242	1238.09997558594
2222.63384499546	1241.55004882813
2225.01453097151	1238.06665039063
2227.39450539101	1240.66662597656
2229.77376856434	1238.94995117188
2232.15232080173	1236.93334960938
2234.53016241336	1240.55004882813
2236.9072937093	1236.25
2239.28371499954	1239.28332519531
2241.65942659396	1238.05004882813
2244.03442880236	1239.16662597656
2246.40872193443	1243.11669921875
2248.78230629979	1239.33337402344
2251.15518220795	1238.48327636719
2253.52734996835	1239.81665039063
2255.89880989029	1237.90002441406
2258.26956228301	1240.16662597656
2260.63960745567	1237.65002441406
2263.00894571731	1242.16662597656
2265.37757737688	1237.86669921875
2267.74550274324	1240.5
2270.11272212517	1235.73327636719
2272.47923583134	1239.90002441406
2274.84504417031	1239.5
2277.2101474506	1238.58337402344
2279.57454598058	1242.84997558594
2281.93824006856	1240.08337402344
2284.30123002275	1238.71667480469
2286.66351615125	1238.19995117188
2289.02509876208	1239.26672363281
2291.38597816317	1240.59997558594
2293.74615466236	1240.41662597656
2296.10562856737	1240.11669921875
2298.46440018585	1236.21667480469
2300.82246982535	1237.98327636719
2303.1798377933	1239.59997558594
2305.5365043971	1239.31665039063
2307.89246994399	1239.05004882813
2310.24773474116	1240.56665039063
2312.60229909566	1241.21667480469
2314.95616331451	1238.83337402344
2317.30932770456	1238.65002441406
2319.66179257263	1238
2322.01355822542	1235.96667480469
2324.36462496953	1237.46667480469
2326.71499311146	1239.98327636719
2329.06466295764	1238.23327636719
2331.41363481439	1239.76672363281
2333.76190898794	1240.96667480469
2336.10948578441	1237.69995117188
2338.45636550986	1237.28332519531
2340.80254847022	1239.08337402344
2343.14803497132	1239.08337402344
2345.49282531895	1239.09997558594
2347.83691981874	1238.66662597656
2350.18031877626	1238.13330078125
2352.52302249699	1239.08337402344
2354.8650312863	1239.30004882813
2357.20634544946	1240.05004882813
2359.54696529166	1239.13330078125
2361.88689111798	1241.43334960938
2364.22612323341	1237.13330078125
2366.56466194287	1239.98327636719
2368.90250755114	1238.55004882813
2371.23966036293	1239
2373.57612068286	1239
2375.91188881545	1239.90002441406
2378.2469650651	1236.56665039063
2380.58134973615	1237.08337402344
2382.91504313282	1238.15002441406
2385.24804555926	1237.96667480469
2387.58035731949	1239.46667480469
2389.91197871745	1237.51672363281
2392.24291005701	1238.05004882813
2394.57315164189	1240.30004882813
2396.90270377577	1238.33337402344
2399.23156676218	1236.25
2401.55974090461	1238.75
2403.88722650642	1237.61669921875
2406.21402387086	1237.56665039063
2408.54013330113	1241.41662597656
2410.8655551003	1239.88330078125
2413.19028957133	1237.15002441406
2415.51433701713	1237.23327636719
2417.83769774049	1241.06665039063
2420.16037204408	1239.28332519531
2422.48236023051	1236.48327636719
2424.80366260228	1239.76672363281
2427.12427946179	1236.68334960938
2429.44421111134	1236.53332519531
2431.76345785315	1239.25
2434.08201998932	1235.53332519531
2436.39989782188	1240.06665039063
2438.71709165273	1236.80004882813
2441.0336017837	1238.71667480469
2443.34942851653	1237.75
2445.66457215282	1239.31665039063
2447.97903299412	1241.58337402344
2450.29281134185	1240.84997558594
2452.60590749736	1238.25
2454.91832176188	1239.36669921875
2457.23005443656	1237.03332519531
2459.54110582243	1239.96667480469
2461.85147622045	1238.81665039063
2464.16116593146	1237.58337402344
2466.47017525621	1239.09997558594
2468.77850449536	1234.90002441406
2471.08615394947	1238.11669921875
2473.39312391899	1237.59997558594
2475.69941470429	1238.78332519531
2478.00502660562	1237.36669921875
2480.30995992316	1236.16662597656
2482.61421495697	1237.75
2484.91779200702	1236.01672363281
2487.22069137316	1238.25
2489.5229133552	1236.26672363281
2491.8244582528	1238.16662597656
2494.12532636553	1238.78332519531
2496.42551799287	1236.58337402344
2498.72503343421	1238.84997558594
2501.02387298882	1237
2503.32203695588	1238.93334960938
2505.61952563449	1238.56665039063
2507.91633932361	1236.69995117188
2510.21247832216	1238.96667480469
2512.50794292891	1236.66662597656
2514.80273344255	1240.78332519531
2517.09685016167	1234.30004882813
2519.39029338476	1236.94995117188
2521.68306341022	1237.5
2523.97516053634	1237.73327636719
2526.26658506132	1234.08337402344
2528.55733728325	1236.09997558594
2530.84741750012	1240.31665039063
2533.13682600984	1238.80004882813
2535.4255631102	1238.51672363281
2537.7136290989	1237.61669921875
2540.00102427354	1240.15002441406
2542.28774893162	1239.05004882813
2544.57380337053	1236.90002441406
2546.85918788758	1236.38330078125
2549.14390277997	1236.06665039063
2551.4279483448	1238.08337402344
2553.71132487906	1239.03332519531
2555.99403267966	1237.51672363281
2558.27607204341	1238.13330078125
2560.55744326699	1235.66662597656
2562.83814664702	1237.75
2565.11818247999	1235.83337402344
2567.3975510623	1238.34997558594
2569.67625269025	1235.69995117188
2571.95428766003	1239.56665039063
2574.23165626776	1236.11669921875
2576.50835880942	1234.08337402344
2578.78439558093	1237.06665039063
2581.05976687806	1234.73327636719
2583.33447299652	1238.30004882813
2585.60851423191	1235.38330078125
2587.88189087972	1238.71667480469
2590.15460323534	1237.81665039063
2592.42665159406	1234.61669921875
2594.69803625108	1237.63330078125
2596.9687575015	1236.26672363281
2599.23881564029	1238.16662597656
2601.50821096235	1237.26672363281
2603.77694376245	1234.56665039063
2606.0450143353	1236.94995117188
2608.31242297548	1237.38330078125
2610.57916997746	1235.58337402344
2612.84525563562	1235.66662597656
2615.11068024426	1239.31665039063
2617.37544409753	1235.71667480469
2619.63954748952	1239.63330078125
2621.90299071421	1235.03332519531
2624.16577406546	1235.55004882813
2626.42789783705	1235.71667480469
2628.68936232264	1238.63330078125
2630.9501678158	1238.11669921875
2633.21031460999	1235.71667480469
2635.46980299857	1236.58337402344
2637.72863327481	1234.71667480469
2639.98680573185	1235.61669921875
2642.24432066276	1236.26672363281
2644.50117836048	1238.48327636719
2646.75737911786	1233.44995117188
2649.01292322765	1235.53332519531
2651.26781098249	1234.58337402344
2653.52204267492	1237.90002441406
2655.77561859738	1234.84997558594
2658.0285390422	1238.31665039063
2660.28080430161	1237.53332519531
2662.53241466774	1237.63330078125
2664.78337043263	1236.30004882813
2667.03367188817	1236.81665039063
2669.2833193262	1238.59997558594
2671.53231303844	1239.26672363281
2673.78065331648	1234.69995117188
2676.02834045184	1238.19995117188
2678.27537473592	1236.94995117188
2680.52175646002	1237.61669921875
2682.76748591535	1239.31665039063
2685.01256339298	1239.75
2687.25698918391	1237.21667480469
2689.50076357901	1239.41662597656
2691.74388686909	1236.80004882813
2693.9863593448	1235.31665039063
2696.22818129672	1239
2698.46935301532	1237.59997558594
2700.70987479096	1235.15002441406
2702.94974691389	1231.01672363281
2705.18896967428	1235.73327636719
2707.42754336216	1234.19995117188
2709.66546826749	1235.34997558594
2711.90274468011	1234.55004882813
2714.13937288974	1236.13330078125
2716.37535318602	1234.36669921875
2718.61068585848	1235
2720.84537119652	1236.81665039063
2723.07940948947	1235.51672363281
2725.31280102654	1231.01672363281
2727.54554609682	1232.33337402344
2729.77764498933	1233.15002441406
2732.00909799294	1236.69995117188
2734.23990539644	1233.56665039063
2736.47006748853	1231.94995117188
2738.69958455777	1233.11669921875
2740.92845689263	1235.88330078125
2743.15668478147	1232.30004882813
2745.38426851257	1235.06665039063
2747.61120837406	1237.21667480469
2749.83750465399	1232.88330078125
2752.0631576403	1233.80004882813
2754.28816762083	1233.90002441406
2756.51253488329	1231.96667480469
2758.73625971532	1236.38330078125
2760.95934240442	1234.15002441406
2763.18178323801	1232.11669921875
2765.40358250338	1231.55004882813
2767.62474048773	1231.90002441406
2769.84525747814	1236.44995117188
2772.06513376159	1233.5
2774.28436962496	1233.93334960938
2776.50296535501	1234
2778.7209212384	1233.46667480469
2780.93823756168	1232.09997558594
2783.15491461129	1232.33337402344
2785.37095267358	1233.69995117188
2787.58635203477	1232.91662597656
2789.80111298097	1234.19995117188
2792.01523579822	1234.15002441406
2794.2287207724	1230.18334960938
2796.44156818932	1232.34997558594
2798.65377833468	1231.38330078125
2800.86535149404	1233.34997558594
2803.07628795289	1231.13330078125
2805.28658799659	1231.19995117188
2807.4962519104	1233.40002441406
2809.70527997946	1231.73327636719
2811.91367248883	1230.80004882813
2814.12142972342	1233
2816.32855196807	1229.71667480469
2818.53503950749	1232.15002441406
2820.74089262628	1232.11669921875
2822.94611160894	1229.73327636719
2825.15069673987	1234.80004882813
2827.35464830333	1229.83337402344
2829.55796658351	1232.41662597656
2831.76065186445	1232.25
2833.96270443012	1230.56665039063
2836.16412456437	1235.73327636719
2838.3649125509	1231.43334960938
2840.56506867336	1232.68334960938
2842.76459321526	1230.91662597656
2844.96348645999	1233.41662597656
2847.16174869086	1229.83337402344
2849.35938019105	1234.03332519531
2851.55638124363	1233.38330078125
2853.75275213157	1232.08337402344
2855.94849313772	1231.48327636719
2858.14360454483	1231.48327636719
2860.33808663553	1232.18334960938
2862.53193969234	1232.65002441406
2864.72516399768	1235.80004882813
2866.91775983385	1235.21667480469
2869.10972748304	1235.93334960938
2871.30106722733	1234.56665039063
2873.4917793487	1231.98327636719
2875.68186412899	1236.31665039063
2877.87132184997	1237.01672363281
2880.06015279325	1237.53332519531
2882.24835724039	1238.09997558594
2884.43593547278	1234.83337402344
2886.62288777173	1235.21667480469
2888.80921441843	1238.5
2890.99491569397	1240.41662597656
2893.1799918793	1238.30004882813
2895.36444325529	1238.26672363281
2897.54827010269	1236.28332519531
2899.73147270213	1238.06665039063
2901.91405133412	1239.15002441406
2904.09600627909	1236.81665039063
2906.27733781731	1239.43334960938
2908.45804622899	1236.76672363281
2910.63813179418	1236.98327636719
2912.81759479286	1238.38330078125
2914.99643550486	1241
2917.17465420994	1241.08337402344
2919.3522511877	1243.46667480469
2921.52922671765	1240.06665039063
2923.7055810792	1242.36669921875
2925.88131455162	1240.81665039063
2928.05642741408	1240.51672363281
2930.23091994566	1242.18334960938
2932.40479242528	1241.03332519531
2934.57804513178	1243.19995117188
2936.75067834387	1241.94995117188
2938.92269234017	1242.25
2941.09408739916	1243.05004882813
2943.26486379921	1239.5
2945.4350218186	1240.34997558594
2947.60456173546	1240.25
2949.77348382783	1241.93334960938
2951.94178837363	1239.76672363281
2954.10947565068	1237.83337402344
2956.27654593666	1241.08337402344
2958.44299950915	1241.43334960938
2960.60883664562	1238.30004882813
2962.77405762341	1244.48327636719
2964.93866271975	1242.51672363281
2967.10265221178	1241.93334960938
2969.26602637648	1239.16662597656
2971.42878549076	1241.71667480469
2973.59092983139	1240.51672363281
2975.75245967501	1237.18334960938
2977.9133752982	1238.66662597656
2980.07367697736	1238.63330078125
2982.23336498882	1236.69995117188
2984.39243960877	1235.84997558594
2986.5509011133	1236.91662597656
2988.70874977837	1236.81665039063
2990.86598587984	1233.16662597656
2993.02260969344	1235.58337402344
2995.17862149478	1234.19995117188
2997.33402155938	1234.73327636719
2999.48881016262	1234.26672363281
3001.64298757978	1234.63330078125
3003.796554086	1232.16662597656
3005.94950995633	1230.83337402344
3008.10185546569	1232.56665039063
3010.25359088888	1232.09997558594
3012.40471650059	1231.43334960938
3014.5552325754	1231.01672363281
3016.70513938776	1234.25
3018.85443721201	1229.86669921875
3021.00312632236	1231.36669921875
3023.15120699292	1232.11669921875
3025.29867949769	1229.21667480469
3027.44554411052	1231.25
3029.59180110516	1230.98327636719
3031.73745075527	1231.41662597656
3033.88249333434	1231.30004882813
3036.02692911578	1236.61669921875
3038.17075837287	1234.40002441406
3040.31398137877	1232.84997558594
3042.45659840653	1232.71667480469
3044.59860972907	1230.81665039063
3046.7400156192	1231.41662597656
3048.88081634961	1230.31665039063
3051.02101219287	1231.88330078125
3053.16060342144	1231.19995117188
3055.29959030765	1227.86669921875
3057.43797312371	1233.78332519531
3059.57575214172	1232.48327636719
3061.71292763366	1232.98327636719
3063.84949987139	1232.05004882813
3065.98546912665	1232.34997558594
3068.12083567105	1233.28332519531
3070.2555997761	1235.55004882813
3072.38976171319	1232.96667480469
3074.52332175356	1232.25
3076.65628016837	1230.73327636719
3078.78863722863	1232.09997558594
3080.92039320526	1228.84997558594
3083.05154836902	1229.48327636719
3085.1821029906	1227.46667480469
3087.31205734051	1227.18334960938
3089.44141168921	1227.84997558594
3091.57016630696	1225.11669921875
3093.69832146398	1225.13330078125
3095.82587743032	1226.86669921875
3097.9528344759	1224.91662597656
3100.07919287056	1226.09997558594
3102.204952884	1224.75
3104.33011478579	1225.33337402344
3106.45467884538	1223.03332519531
3108.57864533212	1226.06665039063
3110.70201451522	1227.21667480469
3112.82478666378	1225.73327636719
3114.94696204676	1226.55004882813
3117.06854093301	1224.71667480469
3119.18952359127	1222.69995117188
3121.30991029013	1223.34997558594
3123.4297012981	1222.96667480469
3125.54889688352	1222.11669921875
3127.66749731464	1222.36669921875
3129.78550285957	1222.90002441406
3131.90291378633	1221.65002441406
3134.01973036277	1220.55004882813
3136.13595285665	1222.76672363281
3138.2515815356	1221.76672363281
3140.36661666714	1221.86669921875
3142.48105851863	1220.15002441406
3144.59490735734	1219.55004882813
3146.70816345041	1222.11669921875
3148.82082706486	1221.91662597656
3150.93289846758	1219.40002441406
3153.04437792532	1219.75
3155.15526570475	1221.58337402344
3157.26556207238	1222.11669921875
3159.37526729461	1220.69995117188
3161.48438163771	1222.30004882813
3163.59290536784	1221.53332519531
3165.70083875102	1219.21667480469
3167.80818205315	1221.36669921875
3169.91493554002	1222.55004882813
3172.02109947727	1219.34997558594
3174.12667413044	1221.26672363281
3176.23165976493	1218.61669921875
3178.33605664602	1218.91662597656
3180.43986503887	1221.71667480469
3182.54308520852	1220.36669921875
3184.64571741986	1216.98327636719
3186.74776193769	1220.38330078125
3188.84921902664	1218.71667480469
3190.95008895128	1220.36669921875
3193.05037197599	1221.31665039063
3195.15006836504	1222.53332519531
3197.24917838262	1219.11669921875
3199.34770229274	1217.38330078125
3201.44564035931	1221.31665039063
3203.5429928461	1222.90002441406
3205.63976001677	1222.28332519531
3207.73594213484	1219.36669921875
3209.83153946372	1218.21667480469
3211.92655226669	1219.68334960938
3214.02098080688	1218.23327636719
3216.11482534732	1220.51672363281
3218.20808615091	1219.90002441406
3220.30076348041	1218.48327636719
3222.39285759847	1222.03332519531
3224.4843687676	1220.11669921875
3226.57529725019	1220.26672363281
3228.66564330851	1218.06665039063
3230.75540720468	1218.43334960938
3232.8445892007	1217.5
3234.93318955847	1217.08337402344
3237.02120853974	1219.31665039063
3239.10864640612	1215.96667480469
3241.19550341911	1219.43334960938
3243.28177984009	1216.51672363281
3245.36747593029	1219
3247.45259195083	1219.55004882813
3249.53712816268	1216.01672363281
3251.62108482672	1216.93334960938
3253.70446220366	1215.34997558594
3255.78726055411	1220.19995117188
3257.86948013853	1218.75
3259.95112121728	1216.73327636719
3262.03218405055	1216.40002441406
3264.11266889845	1216.63330078125
3266.19257602092	1214.58337402344
3268.27190567779	1215.76672363281
3270.35065812876	1216.75
3272.4288336334	1215.90002441406
3274.50643245114	1211.40002441406
3276.5834548413	1217.91662597656
3278.65990106305	1214.23327636719
3280.73577137545	1217.16662597656
3282.81106603742	1215.05004882813
3284.88578530774	1216.40002441406
3286.95992944508	1215.23327636719
3289.03349870796	1214.36669921875
3291.1064933548	1213.19995117188
3293.17891364384	1215.84997558594
3295.25075983324	1214.75
3297.322032181	1213.94995117188
3299.39273094501	1213.55004882813
3301.462856383	1213.56665039063
3303.53240875259	1214.86669921875
3305.60138831128	1213.84997558594
3307.6697953164	1212.08337402344
3309.73763002519	1213.68334960938
3311.80489269472	1214.08337402344
3313.87158358198	1215.13330078125
3315.93770294378	1214.93334960938
3318.00325103681	1211.58337402344
3320.06822811764	1216.23327636719
3322.13263444272	1212.44995117188
3324.19647026832	1214.28332519531
3326.25973585064	1217.65002441406
3328.32243144568	1215.5
3330.38455730938	1213.43334960938
3332.44611369749	1213.69995117188
3334.50710086564	1213.09997558594
3336.56751906936	1213.51672363281
3338.62736856401	1214.93334960938
3340.68664960483	1215.71667480469
3342.74536244693	1216.18334960938
3344.80350734528	1214.96667480469
3346.86108455472	1214.05004882813
3348.91809432997	1213.23327636719
3350.97453692559	1213.33337402344
3353.03041259603	1215.01672363281
3355.08572159559	1215.80004882813
3357.14046417844	1213.81665039063
3359.19464059863	1212.84997558594
3361.24825111005	1212.26672363281
3363.30129596648	1212.78332519531
3365.35377542155	1210.69995117188
3367.40568972878	1211.80004882813
3369.45703914152	1212.81665039063
3371.507823913	1213.61669921875
3373.55804429633	1212.33337402344
3375.60770054446	1213.96667480469
3377.65679291024	1212.06665039063
3379.70532164635	1211.71667480469
3381.75328700534	1211.84997558594
3383.80068923965	1211.90002441406
3385.84752860155	1213.05004882813
3387.89380534321	1211.06665039063
3389.93951971664	1213.55004882813
3391.98467197371	1210.86669921875
3394.02926236618	1209.81665039063
3396.07329114566	1213.09997558594
3398.1167585636	1212.08337402344
3400.15966487137	1211.61669921875
3402.20201032014	1207.83337402344
3404.24379516099	1212.18334960938
3406.28501964484	1210.41662597656
3408.3256840225	1210.01672363281
3410.3657885446	1208.55004882813
3412.40533346167	1209.63330078125
3414.44431902408	1212.84997558594
3416.48274548209	1209.90002441406
3418.5206130858	1211.33337402344
3420.55792208516	1211.09997558594
3422.59467273003	1210.18334960938
3424.63086527009	1207
3426.6664999549	1211.38330078125
3428.70157703386	1209.65002441406
3430.73609675628	1210.08337402344
3432.77005937129	1213.03332519531
3434.80346512789	1209.96667480469
3436.83631427494	1210.26672363281
3438.86860706119	1208.38330078125
3440.90034373521	1210.34997558594
3442.93152454546	1210.66662597656
3444.96214974025	1210.51672363281
3446.99221956775	1210.34997558594
3449.021734276	1211.41662597656
3451.05069411289	1208.78332519531
3453.07909932619	1207.96667480469
3455.1069501635	1208.40002441406
3457.1342468723	1209.76672363281
3459.16098969993	1208.36669921875
3461.1871788936	1208.73327636719
3463.21281470035	1207.33337402344
3465.23789736712	1207.11669921875
3467.26242714067	1208.06665039063
3469.28640426765	1206.91662597656
3471.30982899455	1206.34997558594
3473.33270156774	1207.34997558594
3475.35502223343	1208.30004882813
3477.3767912377	1207.44995117188
3479.39800882649	1206.88330078125
3481.41867524559	1208.25
3483.43879074066	1208.01672363281
3485.45835555721	1207.58337402344
3487.47736994062	1208.71667480469
3489.49583413611	1205.48327636719
3491.51374838879	1209.38330078125
3493.53111294359	1207.26672363281
3495.54792804533	1205.19995117188
3497.56419393867	1206.63330078125
3499.57991086814	1207.25
3501.59507907811	1204.80004882813
3503.60969881284	1206.19995117188
3505.6237703164	1204.26672363281
3507.63729383278	1207.05004882813
3509.65026960577	1204.86669921875
3511.66269787904	1205.36669921875
3513.67457889613	1205.40002441406
3515.68591290042	1207.31665039063
3517.69670013515	1205.55004882813
3519.70694084342	1206.30004882813
3521.7166352682	1205.05004882813
3523.72578365229	1207.11669921875
3525.73438623836	1205.53332519531
3527.74244326893	1205.73327636719
3529.74995498641	1204.36669921875
3531.75692163301	1204.16662597656
3533.76334345084	1203.19995117188
3535.76922068186	1205.96667480469
3537.77455356786	1203.73327636719
3539.77934235051	1202.76672363281
3541.78358727133	1204.55004882813
3543.78728857169	1205.41662597656
3545.79044649283	1201.96667480469
3547.79306127584	1204.84997558594
3549.79513316164	1205.58337402344
3551.79666239104	1206.16662597656
3553.79764920469	1203.15002441406
3555.7980938431	1203.94995117188
3557.79799654663	1201.90002441406
3559.79735755548	1204.19995117188
3561.79617710974	1201.38330078125
3563.79445544932	1201.94995117188
3565.79219281401	1202.71667480469
3567.78938944344	1204.56665039063
3569.7860455771	1201.59997558594
3571.78216145432	1202.73327636719
3573.77773731431	1201.94995117188
3575.7727733961	1202.84997558594
3577.76726993861	1201.71667480469
3579.76122718059	1201.69995117188
3581.75464536064	1200.23327636719
3583.74752471725	1200.63330078125
3585.7398654887	1198.5
3587.73166791317	1202.84997558594
3589.7229322287	1200
3591.71365867314	1201.16662597656
3593.70384748424	1202.48327636719
3595.69349889955	1202.19995117188
3597.68261315654	1200.48327636719
3599.67119049245	1200.38330078125
3601.65923114446	1198.05004882813
3603.64673534952	1203.34997558594
3605.63370334449	1199.56665039063
3607.62013536607	1200.59997558594
3609.60603165079	1198.53332519531
3611.59139243504	1199.01672363281
3613.57621795509	1200.36669921875
3615.56050844701	1198.76672363281
3617.54426414677	1199.21667480469
3619.52748529017	1198.71667480469
3621.51017211285	1197.51672363281
3623.49232485031	1199.96667480469
3625.47394373792	1200.33337402344
3627.45502901088	1199.71667480469
3629.43558090423	1197.65002441406
3631.41559965288	1196.63330078125
3633.3950854916	1198.51672363281
3635.37403865498	1198.26672363281
3637.35245937747	1198.68334960938
3639.33034789339	1197.46667480469
3641.30770443688	1197.66662597656
3643.28452924196	1197.23327636719
3645.26082254248	1197.96667480469
3647.23658457212	1198.40002441406
3649.21181556447	1199.33337402344
3651.18651575291	1197.63330078125
3653.16068537069	1195.40002441406
3655.13432465092	1196.65002441406
3657.10743382653	1198.15002441406
3659.08001313034	1197.08337402344
3661.05206279498	1196.43334960938
3663.02358305295	1198.06665039063
3664.9945741366	1198
3666.96503627811	1196.46667480469
3668.93496970952	1197.5
3670.90437466272	1196.21667480469
3672.87325136944	1195.26672363281
3674.84160006127	1195.80004882813
3676.80942096963	1196.28332519531
3678.77671432581	1196.78332519531
3680.74348036092	1198.28332519531
3682.70971930595	1196.53332519531
3684.6754313917	1196.53332519531
3686.64061684885	1197.26672363281
3688.60527590791	1195.11669921875
3690.56940879924	1196.16662597656
3692.53301575303	1194.40002441406
3694.49609699936	1195.58337402344
3696.45865276812	1195.15002441406
3698.42068328904	1195.08337402344
3700.38218879173	1195.88330078125
3702.34316950563	1194.53332519531
3704.30362566	1195.53332519531
3706.26355748399	1194.18334960938
3708.22296520657	1194.94995117188
3710.18184905656	1196.13330078125
3712.14020926263	1193.38330078125
3714.09804605328	1196.21667480469
3716.05535965687	1193.19995117188
3718.01215030162	1194.48327636719
3719.96841821555	1193.65002441406
3721.92416362657	1193.73327636719
3723.8793867624	1193.43334960938
3725.83408785063	1193.78332519531
3727.78826711869	1191.55004882813
3729.74192479384	1193.21667480469
3731.69506110319	1192.08337402344
3733.64767627371	1194.11669921875
3735.59977053219	1192.01672363281
3737.55134410528	1193.94995117188
3739.50239721947	1193.03332519531
3741.45293010108	1190.94995117188
3743.40294297631	1191.78332519531
3745.35243607116	1189.40002441406
3747.3014096115	1193
3749.24986382303	1192.76672363281
3751.19779893131	1190.86669921875
3753.14521516171	1190.51672363281
3755.09211273949	1192.59997558594
3757.0384918897	1190.84997558594
3758.98435283728	1191.56665039063
3760.92969580698	1191.21667480469
3762.87452102341	1190.13330078125
3764.81882871101	1190.86669921875
3766.76261909407	1189.68334960938
3768.70589239672	1190.75
3770.64864884293	1191.38330078125
3772.59088865651	1188.08337402344
3774.53261206112	1189.76672363281
3776.47381928025	1189.01672363281
