-173.428722450078	1146.59997558594
-170.294344013779	1146.25
-167.160990304052	1146.33337402344
-164.028660894548	1146.08337402344
-160.897355359205	1145.94995117188
-157.767073272189	1146.33337402344
-154.637814207931	1146.93334960938
-151.50957774112	1146.44995117188
-148.382363446704	1145.80004882813
-145.256170899859	1145.44995117188
-142.130999676054	1146.96667480469
-139.006849350965	1145.44995117188
-135.883719500571	1146.59997558594
-132.761609701053	1146.30004882813
-129.640519528863	1146.06665039063
-126.520448560715	1146.68334960938
-123.401396373553	1146.38330078125
-120.28336254458	1146.26672363281
-117.166346651252	1145.86669921875
-114.050348271258	1146.61669921875
-110.935366982541	1146.38330078125
-107.821402363301	1146.19995117188
-104.708453991972	1146.61669921875
-101.596521447235	1146.59997558594
-98.4856043080122	1145.88330078125
-95.3757021534957	1145.98327636719
-92.2668145630801	1146.5
-89.1589411164452	1147.15002441406
-86.0520813934781	1146.76672363281
-82.946234974338	1146.40002441406
-79.8414014394074	1146.25
-76.7375803693083	1146.78332519531
-73.6347713449181	1145.53332519531
-70.532973947345	1147.05004882813
-67.4321877579402	1146.11669921875
-64.3324123582935	1147.06665039063
-61.2336473302252	1146.19995117188
-58.1358922558143	1146.38330078125
-55.0391467173494	1146.18334960938
-51.9434102973817	1145.76672363281
-48.8486825786838	1146.41662597656
-45.7549631442702	1146.08337402344
-42.662251577389	1146.98327636719
-39.5705474615295	1145.86669921875
-36.4798503804062	1146.01672363281
-33.3901599179706	1146.06665039063
-30.301475658403	1145.69995117188
-27.2137971861287	1146.71667480469
-24.1271240858053	1146.30004882813
-21.0414559423028	1146.93334960938
-17.9567923407513	1146.41662597656
-14.8731328664812	1146.21667480469
-11.7904771050747	1146.41662597656
-8.70882464233763	1146.30004882813
-5.62817506431157	1146.34997558594
-2.54852795725342	1146.65002441406
0.530117092344597	1147.71667480469
3.6077604977471	1148.05004882813
6.68440267202787	1146.98327636719
9.76004402799773	1146.30004882813
12.8346849782609	1146.43334960938
15.9083259351831	1146.11669921875
18.9809673109237	1147.03332519531
22.0526095173877	1146.03332519531
25.1232529662903	1146.30004882813
28.1928980690886	1146.15002441406
31.2615452370419	1146.73327636719
34.32919488118	1147.18334960938
37.3958474123071	1146.06665039063
40.4615032409942	1145.44995117188
43.5261627776189	1147.08337402344
46.58982643231	1146.15002441406
49.6524946149833	1146.68334960938
52.7141677353456	1146.31665039063
55.7748462028835	1146.76672363281
58.8345304268427	1146.18334960938
61.8932208162729	1146.83337402344
64.9509177800033	1146.84997558594
68.0076217266271	1147.03332519531
71.0633330645419	1146.23327636719
74.118052201909	1148.05004882813
77.1717795467022	1155.08337402344
80.224515506648	1175.61669921875
83.2762604892772	1222.61669921875
86.3270149018856	1269.38330078125
89.3767791515896	1297.41662597656
92.4255536452548	1308.83337402344
95.4733387895519	1315.68334960938
98.5201349909248	1314.83337402344
101.565942655643	1320.90002441406
104.610762189717	1316.76672363281
107.654593998963	1317.28332519531
110.697438488996	1319.34997558594
113.739296065204	1319.48327636719
116.78016713278	1314.88330078125
119.820052096698	1311.81665039063
122.85895136172	1311.84997558594
125.896865332408	1309.65002441406
128.933794413111	1305.71667480469
131.969739007965	1305.81665039063
135.004699520911	1300.05004882813
138.038676355664	1299.84997558594
141.071669915751	1298.15002441406
144.103680604487	1293.56665039063
147.134708824975	1291.44995117188
150.164754980118	1289.05004882813
153.193819472611	1288.18334960938
156.221902704945	1284.93334960938
159.24900507942	1287.94995117188
162.275126998099	1288.28332519531
165.300268862873	1286.31665039063
168.324431075425	1286.59997558594
171.347614037231	1287.68334960938
174.369818149562	1288.13330078125
177.391043813491	1286.51672363281
180.411291429897	1287.66662597656
183.430561399437	1287.34997558594
186.448854122582	1287.25
189.466169999607	1286.73327636719
192.482509430598	1285.71667480469
195.497872815412	1285.48327636719
198.512260553716	1288.23327636719
201.525673045011	1285.16662597656
204.538110688552	1288.61669921875
207.549573883427	1282.16662597656
210.560063028519	1284.33337402344
213.569578522523	1285.69995117188
216.578120763917	1288.56665039063
219.585690151021	1285.06665039063
222.592287081907	1284.01672363281
225.597911954507	1282.15002441406
228.602565166512	1282.09997558594
231.606247115456	1285.03332519531
234.608958198646	1285.31665039063
237.610698813222	1280.28332519531
240.611469356122	1282.66662597656
243.611270224103	1281.34997558594
246.610101813707	1282.44995117188
249.607964521295	1283.51672363281
252.604858743044	1286.15002441406
255.600784874935	1283.38330078125
258.595743312749	1284.80004882813
261.589734452097	1284.41662597656
264.582758688393	1286.21667480469
267.574816416842	1287.23327636719
270.565908032503	1284.48327636719
273.556033930195	1290.51672363281
276.545194504586	1285.09997558594
279.533390150138	1283.46667480469
282.520621261151	1284.5
285.506888231708	1284.41662597656
288.49219145571	1286.63330078125
291.476531326902	1283.94995117188
294.459908238794	1284.90002441406
297.442322584762	1288.15002441406
300.423774757966	1288.94995117188
303.404265151375	1285.66662597656
306.383794157805	1285.41662597656
309.362362169862	1286.15002441406
312.339969579982	1289.13330078125
315.316616780414	1286.46667480469
318.292304163227	1285.31665039063
321.267032120295	1287.06665039063
324.24080104332	1284.21667480469
327.213611323833	1284
330.185463353171	1284.40002441406
333.156357522491	1279.63330078125
336.126294222774	1282.05004882813
339.095273844812	1281.21667480469
342.063296779227	1281.08337402344
345.030363416467	1281.43334960938
347.996474146782	1282.96667480469
350.961629360257	1281.58337402344
353.925829446806	1278.69995117188
356.889074796147	1280.28332519531
359.851365797829	1284.06665039063
362.812702841222	1283.5
365.773086315536	1284.86669921875
368.732516609768	1284.56665039063
371.690994112778	1281
374.648519213243	1284.13330078125
377.605092299631	1282.98327636719
380.560713760273	1281.51672363281
383.515383983307	1281.46667480469
386.469103356711	1275.46667480469
389.421872268273	1281.59997558594
392.373691105615	1283.73327636719
395.32456025619	1278.43334960938
398.274480107272	1277.23327636719
401.223451045967	1281.46667480469
404.171473459202	1279.65002441406
407.118547733728	1283.16662597656
410.064674256155	1278.18334960938
413.009853412892	1284.93334960938
415.954085590181	1282.16662597656
418.8973711741	1274.65002441406
421.83971055055	1275.55004882813
424.781104105281	1280.98327636719
427.721552223856	1279.96667480469
430.661055291665	1278.18334960938
433.599613693946	1281.33337402344
436.537227815752	1279.16662597656
439.473898041993	1276.43334960938
442.409624757378	1276.90002441406
445.344408346476	1280.83337402344
448.278249193683	1278.41662597656
451.211147683207	1277.33337402344
454.143104199122	1276.76672363281
457.074119125312	1273.90002441406
460.004192845497	1280.11669921875
462.933325743267	1276.11669921875
465.861518202001	1278.80004882813
468.788770604917	1276.59997558594
471.71508333511	1277.83337402344
474.640456775471	1280.88330078125
477.564891308737	1277.25
480.488387317487	1275.71667480469
483.410945184141	1275.40002441406
486.332565290942	1280.38330078125
489.253248019986	1279.09997558594
492.172993753197	1276.90002441406
495.091802872338	1282
498.009675759011	1282.31665039063
500.926612794666	1285.56665039063
503.842614360571	1280.11669921875
506.757680837864	1295.03332519531
509.671812607493	1299.30004882813
512.585010050263	1338.09997558594
515.497273546817	1459.69995117188
518.408603477637	1663.78332519531
521.319000223045	1683.86669921875
524.228464163205	1514.68334960938
527.136995678121	1391.46667480469
530.044595147647	1331.69995117188
532.951262951471	1306.40002441406
535.856999469123	1295.38330078125
538.761805079986	1286.5
541.665680163279	1286.78332519531
544.568625098049	1279.88330078125
547.470640263216	1280.43334960938
550.371726037533	1279.5
553.271882799588	1273.55004882813
556.171110927825	1276.63330078125
559.069410800531	1276.48327636719
561.966782795823	1273.46667480469
564.863227291685	1276.31665039063
567.758744665944	1275.21667480469
570.653335296256	1271.53332519531
573.546999560148	1274.71667480469
576.439737834969	1274.05004882813
579.331550497935	1274.33337402344
582.222437926093	1273.91662597656
585.112400496356	1273.93334960938
588.001438585469	1272.76672363281
590.889552570021	1272.80004882813
593.77674282648	1276.25
596.663009731132	1271.55004882813
599.548353660116	1272.78332519531
602.432774989433	1270.08337402344
605.316274094926	1273.28332519531
608.198851352303	1271.65002441406
611.080507137075	1273.08337402344
613.961241824667	1270.40002441406
616.841055790315	1270.51672363281
619.71994940911	1272.83337402344
622.597923056008	1272.94995117188
625.474977105798	1273.15002441406
628.351111933143	1273.36669921875
631.22632791255	1271.56665039063
634.10062541835	1269.30004882813
636.97400482478	1273.53332519531
639.846466505882	1272.96667480469
642.718010835585	1272.03332519531
645.58863818764	1272.93334960938
648.458348935679	1274.03332519531
651.327143453188	1274.71667480469
654.195022113475	1272.28332519531
657.061985289745	1273.80004882813
659.928033355022	1274.78332519531
662.79316668221	1272.21667480469
665.657385644057	1273.55004882813
668.520690613176	1271.93334960938
671.383081962017	1273.56665039063
674.244560062899	1275.16662597656
677.105125288002	1274.76672363281
679.964778009343	1273.26672363281
682.823518598832	1273.76672363281
685.681347428202	1272.76672363281
688.538264869057	1274.81665039063
691.394271292855	1271.75
694.249367070914	1270.73327636719
697.103552574412	1270.21667480469
699.956828174378	1268.66662597656
702.809194241715	1268.93334960938
705.660651147175	1270.05004882813
708.511199261361	1269.5
711.360838954755	1269.26672363281
714.209570597676	1271.69995117188
717.057394560329	1268.86669921875
719.90431121275	1266.40002441406
722.750320924861	1268.25
725.59542406643	1266.84997558594
728.439621007094	1266
731.282912116347	1272.96667480469
734.125297763539	1272.94995117188
736.966778317898	1273.03332519531
739.807354148498	1268.88330078125
742.647025624275	1267.75
745.485793114042	1270.41662597656
748.323656986468	1268.31665039063
751.160617610072	1272.08337402344
753.996675353258	1274.08337402344
756.831830584275	1273.06665039063
759.666083671249	1273.33337402344
762.499434982158	1274.43334960938
765.331884884853	1272.94995117188
768.163433747055	1270.28332519531
770.994081936328	1270.43334960938
773.823829820116	1271.25
776.652677765732	1269.80004882813
779.480626140347	1272.59997558594
782.307675310993	1271.23327636719
785.133825644576	1271.08337402344
787.959077507869	1273.05004882813
790.783431267511	1272.31665039063
793.606887289986	1269.30004882813
796.429445941685	1274.88330078125
799.251107588836	1268.25
802.071872597536	1272.55004882813
804.891741333751	1266.66662597656
807.71071416334	1269.94995117188
810.528791451981	1272.48327636719
813.345973565269	1269.33337402344
816.162260868638	1268.90002441406
818.977653727395	1269.66662597656
821.792152506717	1273.53332519531
824.605757571661	1268.71667480469
827.418469287133	1268.61669921875
830.230288017926	1269.15002441406
833.0412141287	1268.88330078125
835.851247983973	1270.94995117188
838.660389948141	1270.03332519531
841.468640385466	1275.30004882813
844.27599966009	1275.65002441406
847.082468136026	1270.33337402344
849.888046177135	1272.05004882813
852.692734147171	1275.75
855.496532409758	1272.16662597656
858.29944132839	1268.34997558594
861.10146126642	1270.28332519531
863.902592587094	1270.23327636719
866.702835653509	1276.51672363281
869.502190828641	1270.28332519531
872.300658475353	1270.61669921875
875.098238956361	1273.05004882813
877.894932634271	1269.44995117188
880.690739871548	1270.53332519531
883.485661030531	1272.76672363281
886.279696473447	1271.36669921875
889.072846562376	1273.08337402344
891.86511165929	1274.26672363281
894.65649212603	1268.55004882813
897.446988324303	1272.38330078125
900.236600615703	1268.98327636719
903.025329361687	1271.98327636719
905.813174923597	1269.81665039063
908.600137662639	1269.94995117188
911.38621793991	1269
914.171416116365	1272.34997558594
916.95573255285	1273.25
919.739167610082	1270.78332519531
922.521721648641	1270.11669921875
925.303395029005	1274.36669921875
928.084188111517	1275.58337402344
930.864101256396	1278.19995117188
933.643134823733	1279.21667480469
936.42128917351	1282.33337402344
939.198564665577	1280
941.97496165967	1285.16662597656
944.750480515391	1285.69995117188
947.525121592226	1283.23327636719
950.298885249534	1283.58337402344
953.071771846555	1284.90002441406
955.843781742413	1282.83337402344
958.614915296108	1283.34997558594
961.385172866513	1281.48327636719
964.154554812387	1285.16662597656
966.92306149236	1283.94995117188
969.690693264949	1283.69995117188
972.457450488552	1287.55004882813
975.223333521431	1285.28332519531
977.988342721749	1287.98327636719
980.752478447535	1283.94995117188
983.515741056708	1288
986.278130907059	1282.66662597656
989.039648356259	1281.83337402344
991.800293761863	1279.98327636719
994.560067481312	1281.30004882813
997.318969871913	1278.46667480469
1000.07700129088	1275.75
1002.83416209528	1276.43334960938
1005.59045264208	1274.66662597656
1008.34587328813	1273.93334960938
1011.10042439014	1272.31665039063
1013.85410630472	1273.86669921875
1016.60691938837	1275.09997558594
1019.35886399746	1271.80004882813
1022.10994048823	1275.86669921875
1024.86014921684	1279.41662597656
1027.60949053928	1279.08337402344
1030.35796481149	1274.76672363281
1033.10557238924	1272.34997558594
1035.85231362819	1271.65002441406
1038.5981888839	1268.90002441406
1041.34319851182	1267.86669921875
1044.08734286727	1268.01672363281
1046.83062230544	1269.11669921875
1049.57303718143	1269.13330078125
1052.31458785021	1268.43334960938
1055.05527466665	1266.61669921875
1057.79509798549	1269.26672363281
1060.53405816134	1268.76672363281
1063.27215554874	1269.01672363281
1066.00939050209	1268.93334960938
1068.74576337565	1266.31665039063
1071.48127452361	1265.94995117188
1074.21592430002	1266.96667480469
1076.94971305882	1264.44995117188
1079.68264115384	1268.06665039063
1082.41470893879	1263.16662597656
1085.14591676728	1267.28332519531
1087.8762649928	1263.58337402344
1090.60575396871	1264.76672363281
1093.33438404827	1267.38330078125
1096.06215558464	1265.31665039063
1098.78906893086	1264.36669921875
1101.51512443981	1264.41662597656
1104.24032246435	1266.44995117188
1106.96466335716	1264.21667480469
1109.68814747081	1262.15002441406
1112.41077515779	1265.01672363281
1115.13254677044	1266.18334960938
1117.85346266104	1262.16662597656
1120.57352318169	1265.88330078125
1123.29272868445	1262.25
1126.01107952121	1264.46667480469
1128.72857604378	1264.98327636719
1131.44521860385	1264.38330078125
1134.16100755301	1264.16662597656
1136.87594324271	1265.23327636719
1139.59002602433	1267.84997558594
1142.3032562491	1268.09997558594
1145.01563426818	1269
1147.72716043257	1273.38330078125
1150.43783509322	1272.66662597656
1153.14765860091	1270.94995117188
1155.85663130634	1270.69995117188
1158.56475356012	1266.38330078125
1161.27202571271	1267.84997558594
1163.97844811448	1266.93334960938
1166.68402111569	1264.94995117188
1169.38874506649	1266.34997558594
1172.09262031694	1265.43334960938
1174.79564721695	1264.78332519531
1177.49782611635	1265.30004882813
1180.19915736486	1266.5
1182.89964131208	1266.28332519531
1185.59927830751	1267.68334960938
1188.29806870054	1263.01672363281
1190.99601284046	1265.05004882813
1193.69311107643	1264.53332519531
1196.38936375753	1265.78332519531
1199.08477123271	1264
1201.77933385082	1265.34997558594
1204.47305196061	1265.71667480469
1207.1659259107	1264.03332519531
1209.85795604964	1266.23327636719
1212.54914272585	1268.80004882813
1215.23948628763	1269.61669921875
1217.92898708319	1267.19995117188
1220.61764546064	1270.08337402344
1223.30546176798	1268.48327636719
1225.99243635308	1267
1228.67856956373	1268.13330078125
1231.36386174761	1266.68334960938
1234.04831325228	1263.09997558594
1236.73192442522	1264.06665039063
1239.41469561377	1265.41662597656
1242.09662716519	1262.76672363281
1244.77771942662	1264.21667480469
1247.45797274511	1268.09997558594
1250.13738746759	1265.78332519531
1252.81596394089	1268.13330078125
1255.49370251175	1265.83337402344
1258.17060352676	1266.78332519531
1260.84666733246	1268.5
1263.52189427525	1271.21667480469
1266.19628470144	1269.96667480469
1268.86983895722	1265.05004882813
1271.5425573887	1269.33337402344
1274.21444034186	1270.76672363281
1276.8854881626	1269.61669921875
1279.55570119671	1267.48327636719
1282.22507978985	1269.21667480469
1284.89362428759	1267.09997558594
1287.56133503543	1270.16662597656
1290.22821237872	1272.31665039063
1292.89425666274	1275.19995117188
1295.55946823263	1276.75
1298.22384743346	1275.28332519531
1300.88739461019	1276.51672363281
1303.55011010766	1273.11669921875
1306.21199427063	1264.23327636719
1308.87304744373	1264.18334960938
1311.53326997152	1261.96667480469
1314.19266219843	1268.08337402344
1316.8512244688	1264.98327636719
1319.50895712687	1265.55004882813
1322.16586051676	1263.23327636719
1324.82193498252	1263.05004882813
1327.47718086806	1264.09997558594
1330.1315985172	1263.41662597656
1332.78518827369	1261.56665039063
1335.43795048114	1266.53332519531
1338.08988548307	1261.66662597656
1340.74099362289	1265.58337402344
1343.39127524392	1267.40002441406
1346.04073068939	1263
1348.6893603024	1264.76672363281
1351.33716442597	1262.75
1353.98414340301	1262.21667480469
1356.63029757632	1261.75
1359.27562728863	1261.15002441406
1361.92013288252	1257.63330078125
1364.56381470053	1261.88330078125
1367.20667308505	1263.23327636719
1369.84870837838	1261.48327636719
1372.48992092274	1258.96667480469
1375.13031106023	1260.19995117188
1377.76987913284	1257.84997558594
1380.40862548251	1257.44995117188
1383.04655045101	1257.09997558594
1385.68365438006	1259.46667480469
1388.31993761126	1256.38330078125
1390.95540048612	1257.05004882813
1393.59004334605	1258.31665039063
1396.22386653233	1260.61669921875
1398.85687038619	1258.78332519531
1401.48905524873	1258.46667480469
1404.12042146094	1262.25
1406.75096936375	1262.38330078125
1409.38069929796	1264.23327636719
1412.00961160428	1260.36669921875
1414.63770662332	1263.26672363281
1417.26498469557	1260.28332519531
1419.89144616146	1258.44995117188
1422.51709136132	1256.61669921875
1425.14192063532	1259.19995117188
1427.76593432361	1260.53332519531
1430.3891327662	1258.88330078125
1433.01151630299	1258.56665039063
1435.63308527382	1258.59997558594
1438.2538400184	1260.68334960938
1440.87378087637	1261.31665039063
1443.49290818722	1261.53332519531
1446.1112222904	1262.09997558594
1448.72872352524	1262.25
1451.34541223097	1262.56665039063
1453.96128874671	1262.33337402344
1456.5763534115	1262.68334960938
1459.19060656429	1261.23327636719
1461.8040485439	1263.61669921875
1464.41667968907	1262.76672363281
1467.02850033846	1265.40002441406
1469.63951083061	1262.40002441406
1472.24971150397	1261.25
1474.8591026969	1261.65002441406
1477.46768474763	1263.28332519531
1480.07545799434	1264.63330078125
1482.68242277508	1264.19995117188
1485.28857942782	1264.30004882813
1487.89392829042	1261.53332519531
1490.49846970065	1257.98327636719
1493.10220399619	1258.38330078125
1495.70513151461	1257.91662597656
1498.30725259339	1262.55004882813
1500.90856756992	1256.40002441406
1503.50907678146	1260.65002441406
1506.10878056524	1258.96667480469
1508.70767925832	1260.03332519531
1511.30577319772	1258.91662597656
1513.90306272032	1254.68334960938
1516.49954816295	1258.30004882813
1519.09522986229	1256.56665039063
1521.69010815498	1255.28332519531
1524.28418337751	1254.86669921875
1526.87745586632	1257.03332519531
1529.46992595773	1255.58337402344
1532.06159398796	1258.94995117188
1534.65246029316	1257.19995117188
1537.24252520935	1255.06665039063
1539.83178907249	1258.36669921875
1542.42025221841	1258.01672363281
1545.00791498287	1258.40002441406
1547.59477770152	1256.61669921875
1550.18084070993	1253.83337402344
1552.76610434356	1260.78332519531
1555.35056893777	1259.06665039063
1557.93423482785	1257.71667480469
1560.51710234896	1257.80004882813
1563.0991718362	1256.11669921875
1565.68044362457	1256.68334960938
1568.26091804893	1260.21667480469
1570.84059544411	1260.68334960938
1573.41947614481	1258.96667480469
1575.99756048562	1259.31665039063
1578.57484880108	1264.90002441406
1581.15134142559	1263.93334960938
1583.72703869349	1262.43334960938
1586.301940939	1260.33337402344
1588.87604849628	1263.59997558594
1591.44936169934	1264.63330078125
1594.02188088215	1270.09997558594
1596.59360637855	1277.66662597656
1599.16453852232	1283.75
1601.73467764709	1290.86669921875
1604.30402408647	1292.65002441406
1606.87257817391	1294.61669921875
1609.44034024281	1286.31665039063
1612.00731062644	1278.66662597656
1614.57348965801	1272.61669921875
1617.13887767062	1267.86669921875
1619.70347499726	1264.48327636719
1622.26728197086	1267.13330078125
1624.83029892423	1264.68334960938
1627.39252619012	1268.19995117188
1629.95396410112	1271.65002441406
1632.5146129898	1273.34997558594
1635.07447318858	1272.59997558594
1637.63354502984	1269.68334960938
1640.19182884582	1264.21667480469
1642.74932496868	1261.09997558594
1645.3060337305	1258.19995117188
1647.86195546325	1259
1650.41709049882	1257.58337402344
1652.971439169	1255.96667480469
1655.52500180548	1257.91662597656
1658.07777873987	1256.08337402344
1660.62977030368	1256.31665039063
1663.18097682833	1251.61669921875
1665.73139864514	1255.30004882813
1668.28103608534	1256.63330078125
1670.82988948008	1256.25
1673.37795916039	1255.55004882813
1675.92524545724	1254.33337402344
1678.47174870147	1255.41662597656
1681.01746922386	1254.66662597656
1683.56240735508	1251.33337402344
1686.10656342572	1256.03332519531
1688.64993776626	1256
1691.19253070709	1256.31665039063
1693.73434257853	1252.15002441406
1696.27537371078	1255.21667480469
1698.81562443395	1252.69995117188
1701.35509507809	1256.08337402344
1703.89378597311	1255.31665039063
1706.43169744886	1257.19995117188
1708.96882983509	1254.76672363281
1711.50518346144	1252.44995117188
1714.0407586575	1258.59997558594
1716.57555575272	1263.46667480469
1719.10957507649	1261.48327636719
1721.64281695809	1264.34997558594
1724.17528172671	1262.08337402344
1726.70696971146	1261.33337402344
1729.23788124135	1265.5
1731.7680166453	1263.06665039063
1734.29737625213	1262.5
1736.82596039057	1259.76672363281
1739.35376938927	1258.73327636719
1741.88080357677	1261.46667480469
1744.40706328154	1257.34997558594
1746.93254883193	1255.96667480469
1749.45726055623	1257.63330078125
1751.9811987826	1254.58337402344
1754.50436383915	1256.81665039063
1757.02675605387	1254.18334960938
1759.54837575466	1253.09997558594
1762.06922326934	1253.36669921875
1764.58929892564	1253.61669921875
1767.10860305118	1254.03332519531
1769.6271359735	1255.96667480469
1772.14489802005	1255.94995117188
1774.66188951817	1252.23327636719
1777.17811079515	1253.84997558594
1779.69356217815	1254.15002441406
1782.20824399425	1253.44995117188
1784.72215657043	1254.38330078125
1787.23530023361	1253.26672363281
1789.74767531057	1253.76672363281
1792.25928212804	1256.71667480469
1794.77012101264	1252.61669921875
1797.2801922909	1253.16662597656
1799.78949628926	1253.58337402344
1802.29803333406	1253.48327636719
1804.80580375158	1251.61669921875
1807.31280786797	1253.16662597656
1809.81904600929	1255.23327636719
1812.32451850154	1249.96667480469
1814.82922567061	1254.83337402344
1817.33316784231	1252.46667480469
1819.83634534233	1252.71667480469
1822.33875849629	1250.21667480469
1824.84040762973	1252.34997558594
1827.34129306808	1252.80004882813
1829.84141513667	1251.78332519531
1832.34077416077	1254.90002441406
1834.83937046553	1254.66662597656
1837.33720437602	1251.55004882813
1839.83427621723	1252.80004882813
1842.33058631404	1251.33337402344
1844.82613499125	1252.63330078125
1847.32092257355	1250.34997558594
1849.81494938558	1249.15002441406
1852.30821575184	1251.15002441406
1854.80072199677	1250.94995117188
1857.29246844473	1253.28332519531
1859.78345541994	1253.63330078125
1862.27368324658	1251.86669921875
1864.76315224871	1249.05004882813
1867.2518627503	1252.61669921875
1869.73981507524	1250.16662597656
1872.22700954733	1251.08337402344
1874.71344649027	1255.11669921875
1877.19912622768	1248.68334960938
1879.68404908308	1253.80004882813
1882.16821537988	1254.26672363281
1884.65162544145	1251.15002441406
1887.13427959102	1253.30004882813
1889.61617815175	1249.80004882813
1892.0973214467	1251.83337402344
1894.57770979887	1251.11669921875
1897.05734353113	1251.44995117188
1899.53622296628	1250.51672363281
1902.014348427	1252.80004882813
1904.49172023593	1253.16662597656
1906.96833871558	1250
1909.44420418839	1250.96667480469
1911.91931697668	1252.66662597656
1914.39367740272	1252.06665039063
1916.86728578865	1249.91662597656
1919.34014245654	1251.41662597656
1921.81224772838	1252.41662597656
1924.28360192604	1251.09997558594
1926.75420537132	1251.88330078125
1929.22405838593	1250.21667480469
1931.69316129147	1251.69995117188
1934.16151440948	1251.05004882813
1936.62911806136	1251.90002441406
1939.09597256848	1248.23327636719
1941.56207825207	1250.58337402344
1944.0274354333	1248.66662597656
1946.49204443322	1249.84997558594
1948.95590557284	1249.34997558594
1951.41901917301	1249.28332519531
1953.88138555454	1252.05004882813
1956.34300503813	1249.58337402344
1958.8038779444	1247.91662597656
1961.26400459387	1251.84997558594
1963.72338530697	1249.76672363281
1966.18202040403	1250.38330078125
1968.63991020531	1249.11669921875
1971.09705503097	1248.84997558594
1973.55345520107	1249.06665039063
1976.0091110356	1250.56665039063
1978.46402285444	1251.05004882813
1980.91819097737	1248.01672363281
1983.3716157241	1250.13330078125
1985.82429741427	1251.23327636719
1988.27623636736	1249.84997558594
1990.72743290284	1250
1993.17788734002	1252.44995117188
1995.62759999817	1249.98327636719
1998.07657119644	1248.56665039063
2000.5248012539	1252.26672363281
2002.97229048952	1249.69995117188
2005.41903922219	1249.11669921875
2007.86504777071	1248.5
2010.31031645378	1252.13330078125
2012.75484559	1252.19995117188
2015.19863549792	1253.41662597656
2017.64168649594	1251.15002441406
2020.08399890242	1252.19995117188
2022.5255730356	1251.75
2024.96640921365	1248.59997558594
2027.40650775462	1252.21667480469
2029.84586897649	1248.73327636719
2032.28449319715	1250.08337402344
2034.72238073438	1245.80004882813
2037.15953190591	1250.71667480469
2039.59594702932	1250.53332519531
2042.03162642215	1250.69995117188
2044.46657040182	1246.46667480469
2046.90077928567	1249.25
2049.33425339095	1250.51672363281
2051.76699303481	1250.5
2054.19899853433	1251.44995117188
2056.63027020645	1248.86669921875
2059.06080836809	1250.18334960938
2061.49061333602	1251.68334960938
2063.91968542694	1250.38330078125
2066.34802495747	1250.16662597656
2068.77563224411	1248.53332519531
2071.20250760329	1250.56665039063
2073.62865135136	1246.75
2076.05406380455	1250.88330078125
2078.47874527901	1249.69995117188
2080.9026960908	1251.08337402344
2083.3259165559	1250.80004882813
2085.74840699018	1250.05004882813
2088.17016770944	1249.5
2090.59119902935	1249.90002441406
2093.01150126553	1247.28332519531
2095.43107473348	1250.51672363281
2097.84991974864	1247.58337402344
2100.26803662633	1250.26672363281
2102.68542568178	1250.61669921875
2105.10208723015	1250.01672363281
2107.51802158648	1245.71667480469
2109.93322906574	1249.18334960938
2112.3477099828	1250.26672363281
2114.76146465245	1247.84997558594
2117.17449338937	1247.83337402344
2119.58679650815	1248.75
2121.9983743233	1250.06665039063
2124.40922714924	1247.43334960938
2126.81935530029	1250.30004882813
2129.22875909067	1248.23327636719
2131.63743883452	1247.06665039063
2134.04539484589	1251.5
2136.45262743874	1249.86669921875
2138.85913692692	1248.46667480469
2141.26492362422	1247.56665039063
2143.6699878443	1250.03332519531
2146.07432990076	1252.43334960938
2148.47795010708	1246.76672363281
2150.88084877667	1249.94995117188
2153.28302622285	1250.58337402344
2155.68448275883	1250.68334960938
2158.08521869774	1247.80004882813
2160.48523435261	1247.83337402344
2162.88453003639	1253.05004882813
2165.28310606193	1249.98327636719
2167.68096274199	1247.05004882813
2170.07810038922	1249.40002441406
2172.47451931622	1251.55004882813
2174.87021983546	1246.94995117188
2177.26520225933	1248.21667480469
2179.65946690013	1249.63330078125
2182.05301407006	1242.55004882813
2184.44584408123	1248.5
2186.83795724567	1248.51672363281
2189.22935387531	1247.65002441406
2191.62003428198	1247.21667480469
2194.00999877743	1248.56665039063
2196.39924767329	1250.18334960938
2198.78778128115	1248.23327636719
2201.17559991245	1249.13330078125
2203.56270387857	1249.31665039063
2205.94909349081	1248.68334960938
2208.33476906033	1249.15002441406
2210.71973089824	1248.21667480469
2213.10397931554	1246.34997558594
2215.48751462314	1247.01672363281
2217.87033713186	1247.18334960938
2220.25244715242	1247.48327636719
2222.63384499546	1247.58337402344
2225.01453097151	1247.30004882813
2227.39450539101	1246.96667480469
2229.77376856434	1244.93334960938
2232.15232080173	1249.34997558594
2234.53016241336	1248.51672363281
2236.9072937093	1248.15002441406
2239.28371499954	1246.11669921875
2241.65942659396	1247.21667480469
2244.03442880236	1246.86669921875
2246.40872193443	1247.91662597656
2248.78230629979	1246.75
2251.15518220795	1249.44995117188
2253.52734996835	1251.05004882813
2255.89880989029	1247.68334960938
2258.26956228301	1247.08337402344
2260.63960745567	1248.40002441406
2263.00894571731	1246.26672363281
2265.37757737688	1250.15002441406
2267.74550274324	1246.56665039063
2270.11272212517	1247.53332519531
2272.47923583134	1246.55004882813
2274.84504417031	1246.55004882813
2277.2101474506	1247.91662597656
2279.57454598058	1246.15002441406
2281.93824006856	1247.84997558594
2284.30123002275	1247.75
2286.66351615125	1246.48327636719
2289.02509876208	1247.88330078125
2291.38597816317	1247.98327636719
2293.74615466236	1246.44995117188
2296.10562856737	1245.86669921875
2298.46440018585	1246.38330078125
2300.82246982535	1246.30004882813
2303.1798377933	1250.71667480469
2305.5365043971	1243.94995117188
2307.89246994399	1246.88330078125
2310.24773474116	1248.21667480469
2312.60229909566	1245.30004882813
2314.95616331451	1248.05004882813
2317.30932770456	1248.93334960938
2319.66179257263	1249.26672363281
2322.01355822542	1247.15002441406
2324.36462496953	1247.78332519531
2326.71499311146	1247.13330078125
2329.06466295764	1247.23327636719
2331.41363481439	1247.01672363281
2333.76190898794	1248.05004882813
2336.10948578441	1247.19995117188
2338.45636550986	1247.01672363281
2340.80254847022	1245.38330078125
2343.14803497132	1247.53332519531
2345.49282531895	1249.78332519531
2347.83691981874	1244.93334960938
2350.18031877626	1243.83337402344
2352.52302249699	1246.68334960938
2354.8650312863	1248
2357.20634544946	1246.63330078125
2359.54696529166	1246.13330078125
2361.88689111798	1242.66662597656
2364.22612323341	1243.90002441406
2366.56466194287	1243.94995117188
2368.90250755114	1244.91662597656
2371.23966036293	1245.18334960938
2373.57612068286	1247.21667480469
2375.91188881545	1248.25
2378.2469650651	1243.93334960938
2380.58134973615	1244.38330078125
2382.91504313282	1248.43334960938
2385.24804555926	1248.5
2387.58035731949	1243.88330078125
2389.91197871745	1246.59997558594
2392.24291005701	1246.61669921875
2394.57315164189	1244.80004882813
2396.90270377577	1243.61669921875
2399.23156676218	1244.30004882813
2401.55974090461	1244.68334960938
2403.88722650642	1244.98327636719
2406.21402387086	1244.55004882813
2408.54013330113	1244.40002441406
2410.8655551003	1246.06665039063
2413.19028957133	1243.73327636719
2415.51433701713	1244.80004882813
2417.83769774049	1243.71667480469
2420.16037204408	1243.83337402344
2422.48236023051	1244.09997558594
2424.80366260228	1246.58337402344
2427.12427946179	1245.08337402344
2429.44421111134	1244.69995117188
2431.76345785315	1246.08337402344
2434.08201998932	1242.40002441406
2436.39989782188	1245.26672363281
2438.71709165273	1244.94995117188
2441.0336017837	1244.73327636719
2443.34942851653	1246.78332519531
2445.66457215282	1243.69995117188
2447.97903299412	1244.21667480469
2450.29281134185	1243.96667480469
2452.60590749736	1243.48327636719
2454.91832176188	1244.78332519531
2457.23005443656	1244.31665039063
2459.54110582243	1242.59997558594
2461.85147622045	1242.78332519531
2464.16116593146	1246.51672363281
2466.47017525621	1240.80004882813
2468.77850449536	1244.06665039063
2471.08615394947	1240.31665039063
2473.39312391899	1242.81665039063
2475.69941470429	1243.16662597656
2478.00502660562	1240.71667480469
2480.30995992316	1242.68334960938
2482.61421495697	1243.31665039063
2484.91779200702	1243.41662597656
2487.22069137316	1247.5
2489.5229133552	1242.11669921875
2491.8244582528	1243.18334960938
2494.12532636553	1241.36669921875
2496.42551799287	1244.48327636719
2498.72503343421	1240.83337402344
2501.02387298882	1239.68334960938
2503.32203695588	1241.21667480469
2505.61952563449	1242.96667480469
2507.91633932361	1242.15002441406
2510.21247832216	1243.01672363281
2512.50794292891	1243.63330078125
2514.80273344255	1240.01672363281
2517.09685016167	1242.90002441406
2519.39029338476	1244.03332519531
2521.68306341022	1242.96667480469
2523.97516053634	1241.21667480469
2526.26658506132	1242.71667480469
2528.55733728325	1242.01672363281
2530.84741750012	1241.46667480469
2533.13682600984	1243.08337402344
2535.4255631102	1240.69995117188
2537.7136290989	1241.11669921875
2540.00102427354	1242.03332519531
2542.28774893162	1241.40002441406
2544.57380337053	1243.61669921875
2546.85918788758	1242.53332519531
2549.14390277997	1241.09997558594
2551.4279483448	1243.15002441406
2553.71132487906	1245.38330078125
2555.99403267966	1241.18334960938
2558.27607204341	1241.48327636719
2560.55744326699	1243.86669921875
2562.83814664702	1244.66662597656
2565.11818247999	1242.13330078125
2567.3975510623	1239.31665039063
2569.67625269025	1240.40002441406
2571.95428766003	1242.36669921875
2574.23165626776	1241.66662597656
2576.50835880942	1242.91662597656
2578.78439558093	1238.96667480469
2581.05976687806	1241.66662597656
2583.33447299652	1241.19995117188
2585.60851423191	1243.41662597656
2587.88189087972	1244.23327636719
2590.15460323534	1242.46667480469
2592.42665159406	1240.76672363281
2594.69803625108	1240.83337402344
2596.9687575015	1241.94995117188
2599.23881564029	1240.73327636719
2601.50821096235	1240.65002441406
2603.77694376245	1242.73327636719
2606.0450143353	1239.58337402344
2608.31242297548	1240.76672363281
2610.57916997746	1237.65002441406
2612.84525563562	1240.76672363281
2615.11068024426	1241.38330078125
2617.37544409753	1239.08337402344
2619.63954748952	1239.25
2621.90299071421	1241.46667480469
2624.16577406546	1241.44995117188
2626.42789783705	1241.51672363281
2628.68936232264	1241.51672363281
2630.9501678158	1239.78332519531
2633.21031460999	1240.38330078125
2635.46980299857	1237.65002441406
2637.72863327481	1241.23327636719
2639.98680573185	1238.19995117188
2642.24432066276	1243.19995117188
2644.50117836048	1238.80004882813
2646.75737911786	1240.33337402344
2649.01292322765	1240.83337402344
2651.26781098249	1239.98327636719
2653.52204267492	1237.98327636719
2655.77561859738	1242.90002441406
2658.0285390422	1241.76672363281
2660.28080430161	1242.19995117188
2662.53241466774	1241.30004882813
2664.78337043263	1240.55004882813
2667.03367188817	1239.31665039063
2669.2833193262	1241.15002441406
2671.53231303844	1240.68334960938
2673.78065331648	1237.59997558594
2676.02834045184	1239.55004882813
2678.27537473592	1239.31665039063
2680.52175646002	1238.98327636719
2682.76748591535	1238.94995117188
2685.01256339298	1241.16662597656
2687.25698918391	1239.01672363281
2689.50076357901	1242.80004882813
2691.74388686909	1240.71667480469
2693.9863593448	1239.09997558594
2696.22818129672	1241.94995117188
2698.46935301532	1239.75
2700.70987479096	1240.40002441406
2702.94974691389	1239.84997558594
2705.18896967428	1240.88330078125
2707.42754336216	1240.80004882813
2709.66546826749	1237.91662597656
2711.90274468011	1239.08337402344
2714.13937288974	1239.53332519531
2716.37535318602	1237.84997558594
2718.61068585848	1238.68334960938
2720.84537119652	1242.51672363281
2723.07940948947	1238.23327636719
2725.31280102654	1237.05004882813
2727.54554609682	1239.51672363281
2729.77764498933	1237.84997558594
2732.00909799294	1241.08337402344
2734.23990539644	1241.44995117188
2736.47006748853	1239.03332519531
2738.69958455777	1238.44995117188
2740.92845689263	1237.21667480469
2743.15668478147	1240.56665039063
2745.38426851257	1238.58337402344
2747.61120837406	1237.68334960938
2749.83750465399	1239.81665039063
2752.0631576403	1235.86669921875
2754.28816762083	1238.65002441406
2756.51253488329	1240.31665039063
2758.73625971532	1236.86669921875
2760.95934240442	1239.30004882813
2763.18178323801	1235.53332519531
2765.40358250338	1238.15002441406
2767.62474048773	1239.63330078125
2769.84525747814	1239.15002441406
2772.06513376159	1242.31665039063
2774.28436962496	1236.11669921875
2776.50296535501	1237.31665039063
2778.7209212384	1241.05004882813
2780.93823756168	1236.88330078125
2783.15491461129	1235.96667480469
2785.37095267358	1236.48327636719
2787.58635203477	1236.61669921875
2789.80111298097	1236.03332519531
2792.01523579822	1236.25
2794.2287207724	1236.98327636719
2796.44156818932	1236.03332519531
2798.65377833468	1237.76672363281
2800.86535149404	1238.19995117188
2803.07628795289	1237.18334960938
2805.28658799659	1235.98327636719
2807.4962519104	1235.78332519531
2809.70527997946	1237.69995117188
2811.91367248883	1237.5
2814.12142972342	1240.58337402344
2816.32855196807	1237.34997558594
2818.53503950749	1236.16662597656
2820.74089262628	1235.65002441406
2822.94611160894	1237.44995117188
2825.15069673987	1236.21667480469
2827.35464830333	1238.40002441406
2829.55796658351	1237.13330078125
2831.76065186445	1236.40002441406
2833.96270443012	1237.06665039063
2836.16412456437	1236.69995117188
2838.3649125509	1236.73327636719
2840.56506867336	1238.59997558594
2842.76459321526	1234.90002441406
2844.96348645999	1237
2847.16174869086	1234.98327636719
2849.35938019105	1233.33337402344
2851.55638124363	1236.41662597656
2853.75275213157	1238.01672363281
2855.94849313772	1235.91662597656
2858.14360454483	1236.19995117188
2860.33808663553	1237.18334960938
2862.53193969234	1240.78332519531
2864.72516399768	1239.28332519531
2866.91775983385	1239.96667480469
2869.10972748304	1240.18334960938
2871.30106722733	1241.31665039063
2873.4917793487	1241.25
2875.68186412899	1240.03332519531
2877.87132184997	1243.56665039063
2880.06015279325	1239.93334960938
2882.24835724039	1243.58337402344
2884.43593547278	1241.90002441406
2886.62288777173	1244.73327636719
2888.80921441843	1243.76672363281
2890.99491569397	1242.08337402344
2893.1799918793	1247.63330078125
2895.36444325529	1242.80004882813
2897.54827010269	1244.61669921875
2899.73147270213	1246.53332519531
2901.91405133412	1246.40002441406
2904.09600627909	1244.33337402344
2906.27733781731	1247.66662597656
2908.45804622899	1248.30004882813
2910.63813179418	1248.86669921875
2912.81759479286	1247.18334960938
2914.99643550486	1249.71667480469
2917.17465420994	1248.93334960938
2919.3522511877	1249.5
2921.52922671765	1251.61669921875
2923.7055810792	1249.65002441406
2925.88131455162	1251.80004882813
2928.05642741408	1253.05004882813
2930.23091994566	1254.03332519531
2932.40479242528	1254.58337402344
2934.57804513178	1256
2936.75067834387	1257.36669921875
2938.92269234017	1253.30004882813
2941.09408739916	1254.38330078125
2943.26486379921	1255.31665039063
2945.4350218186	1251.51672363281
2947.60456173546	1252.03332519531
2949.77348382783	1253.59997558594
2951.94178837363	1253.61669921875
2954.10947565068	1255.61669921875
2956.27654593666	1250.83337402344
2958.44299950915	1256.01672363281
2960.60883664562	1255.68334960938
2962.77405762341	1255.15002441406
2964.93866271975	1253.65002441406
2967.10265221178	1254.75
2969.26602637648	1251.61669921875
2971.42878549076	1251.76672363281
2973.59092983139	1252.03332519531
2975.75245967501	1249.93334960938
2977.9133752982	1251.75
2980.07367697736	1245.71667480469
2982.23336498882	1246.01672363281
2984.39243960877	1245.93334960938
2986.5509011133	1246.96667480469
2988.70874977837	1243.41662597656
2990.86598587984	1246.08337402344
2993.02260969344	1244.03332519531
2995.17862149478	1242.18334960938
2997.33402155938	1240.53332519531
2999.48881016262	1238.68334960938
3001.64298757978	1240.71667480469
3003.796554086	1240.68334960938
3005.94950995633	1238.65002441406
3008.10185546569	1236.36669921875
3010.25359088888	1239.78332519531
3012.40471650059	1235.90002441406
3014.5552325754	1237.75
3016.70513938776	1235.40002441406
3018.85443721201	1236.28332519531
3021.00312632236	1236.71667480469
3023.15120699292	1236.15002441406
3025.29867949769	1235.81665039063
3027.44554411052	1236.65002441406
3029.59180110516	1238.5
3031.73745075527	1239.63330078125
3033.88249333434	1242.25
3036.02692911578	1244
3038.17075837287	1242.90002441406
3040.31398137877	1239.51672363281
3042.45659840653	1241.88330078125
3044.59860972907	1240.75
3046.7400156192	1239.68334960938
3048.88081634961	1238.76672363281
3051.02101219287	1238.98327636719
3053.16060342144	1241.65002441406
3055.29959030765	1238.69995117188
3057.43797312371	1238.71667480469
3059.57575214172	1242.44995117188
3061.71292763366	1240.36669921875
3063.84949987139	1242.5
3065.98546912665	1243.43334960938
3068.12083567105	1242.28332519531
3070.2555997761	1240.55004882813
3072.38976171319	1241.80004882813
3074.52332175356	1241.59997558594
3076.65628016837	1237.40002441406
3078.78863722863	1236.51672363281
3080.92039320526	1233.69995117188
3083.05154836902	1234.88330078125
3085.1821029906	1233.26672363281
3087.31205734051	1229.33337402344
3089.44141168921	1231.55004882813
3091.57016630696	1231.33337402344
3093.69832146398	1234.88330078125
3095.82587743032	1231.03332519531
3097.9528344759	1231.41662597656
3100.07919287056	1232.90002441406
3102.204952884	1232
3104.33011478579	1233.80004882813
3106.45467884538	1231.43334960938
3108.57864533212	1233.66662597656
3110.70201451522	1232.55004882813
3112.82478666378	1229.69995117188
3114.94696204676	1225.63330078125
3117.06854093301	1228.59997558594
3119.18952359127	1228.83337402344
3121.30991029013	1228.61669921875
3123.4297012981	1226.13330078125
3125.54889688352	1228.59997558594
3127.66749731464	1226.28332519531
3129.78550285957	1227.16662597656
3131.90291378633	1227.28332519531
3134.01973036277	1224.01672363281
3136.13595285665	1227.19995117188
3138.2515815356	1227.63330078125
3140.36661666714	1224.43334960938
3142.48105851863	1225.76672363281
3144.59490735734	1225.58337402344
3146.70816345041	1222.63330078125
3148.82082706486	1223.08337402344
3150.93289846758	1225.94995117188
3153.04437792532	1224.86669921875
3155.15526570475	1224.06665039063
3157.26556207238	1222.06665039063
3159.37526729461	1224.80004882813
3161.48438163771	1223.59997558594
3163.59290536784	1224.03332519531
3165.70083875102	1222.34997558594
3167.80818205315	1225.23327636719
3169.91493554002	1225.44995117188
3172.02109947727	1223.16662597656
3174.12667413044	1226.16662597656
3176.23165976493	1223.68334960938
3178.33605664602	1223.51672363281
3180.43986503887	1224.09997558594
3182.54308520852	1224.26672363281
3184.64571741986	1225.83337402344
3186.74776193769	1221.26672363281
3188.84921902664	1222.55004882813
3190.95008895128	1221.81665039063
3193.05037197599	1222.76672363281
3195.15006836504	1220.91662597656
3197.24917838262	1224.41662597656
3199.34770229274	1224.75
3201.44564035931	1223.63330078125
3203.5429928461	1226.88330078125
3205.63976001677	1221.91662597656
3207.73594213484	1223.51672363281
3209.83153946372	1221.01672363281
3211.92655226669	1223.21667480469
3214.02098080688	1223.30004882813
3216.11482534732	1222.01672363281
3218.20808615091	1221.81665039063
3220.30076348041	1223.83337402344
3222.39285759847	1218.73327636719
3224.4843687676	1220.91662597656
3226.57529725019	1223.25
3228.66564330851	1221.90002441406
3230.75540720468	1221.11669921875
3232.8445892007	1221.71667480469
3234.93318955847	1221.43334960938
3237.02120853974	1224.59997558594
3239.10864640612	1222.78332519531
3241.19550341911	1222.56665039063
3243.28177984009	1221.44995117188
3245.36747593029	1223.16662597656
3247.45259195083	1223.13330078125
3249.53712816268	1220.06665039063
3251.62108482672	1220.28332519531
3253.70446220366	1219.08337402344
3255.78726055411	1219.19995117188
3257.86948013853	1218.46667480469
3259.95112121728	1220.58337402344
3262.03218405055	1219.01672363281
3264.11266889845	1220.26672363281
3266.19257602092	1218.18334960938
3268.27190567779	1218.19995117188
3270.35065812876	1222.08337402344
3272.4288336334	1219.59997558594
3274.50643245114	1220.21667480469
3276.5834548413	1221.11669921875
3278.65990106305	1219.19995117188
3280.73577137545	1219.25
3282.81106603742	1218.36669921875
3284.88578530774	1220.18334960938
3286.95992944508	1220.76672363281
3289.03349870796	1220.25
3291.1064933548	1216.93334960938
3293.17891364384	1217.21667480469
3295.25075983324	1220.01672363281
3297.322032181	1218.41662597656
3299.39273094501	1218.78332519531
3301.462856383	1216.73327636719
3303.53240875259	1217.98327636719
3305.60138831128	1218.51672363281
3307.6697953164	1218.84997558594
3309.73763002519	1218.88330078125
3311.80489269472	1216.21667480469
3313.87158358198	1220.25
3315.93770294378	1218.06665039063
3318.00325103681	1218.09997558594
3320.06822811764	1216.43334960938
3322.13263444272	1218.98327636719
3324.19647026832	1217.58337402344
3326.25973585064	1218.86669921875
3328.32243144568	1218.05004882813
3330.38455730938	1218.44995117188
3332.44611369749	1219.84997558594
3334.50710086564	1218.58337402344
3336.56751906936	1216.53332519531
3338.62736856401	1216.15002441406
3340.68664960483	1217.81665039063
3342.74536244693	1217.51672363281
3344.80350734528	1219.5
3346.86108455472	1214.59997558594
3348.91809432997	1214.28332519531
3350.97453692559	1216.65002441406
3353.03041259603	1218.40002441406
3355.08572159559	1214.56665039063
3357.14046417844	1215.28332519531
3359.19464059863	1215.41662597656
3361.24825111005	1217.40002441406
3363.30129596648	1216.28332519531
3365.35377542155	1217.05004882813
3367.40568972878	1216.78332519531
3369.45703914152	1215.73327636719
3371.507823913	1217.13330078125
3373.55804429633	1214.16662597656
3375.60770054446	1214.53332519531
3377.65679291024	1214.36669921875
3379.70532164635	1215.86669921875
3381.75328700534	1216.38330078125
3383.80068923965	1213.18334960938
3385.84752860155	1212.18334960938
3387.89380534321	1215.98327636719
3389.93951971664	1216.09997558594
3391.98467197371	1215.86669921875
3394.02926236618	1214.15002441406
3396.07329114566	1213.73327636719
3398.1167585636	1217.43334960938
3400.15966487137	1214.88330078125
3402.20201032014	1213.15002441406
3404.24379516099	1214.78332519531
3406.28501964484	1213.28332519531
3408.3256840225	1214.30004882813
3410.3657885446	1213.41662597656
3412.40533346167	1213.80004882813
3414.44431902408	1214.88330078125
3416.48274548209	1213.91662597656
3418.5206130858	1211.80004882813
3420.55792208516	1212.5
3422.59467273003	1212.11669921875
3424.63086527009	1211.93334960938
3426.6664999549	1212.76672363281
3428.70157703386	1213.75
3430.73609675628	1209.69995117188
3432.77005937129	1214
3434.80346512789	1212
3436.83631427494	1208.68334960938
3438.86860706119	1211.5
3440.90034373521	1211.38330078125
3442.93152454546	1212.55004882813
3444.96214974025	1211
3446.99221956775	1210.81665039063
3449.021734276	1213.69995117188
3451.05069411289	1212.58337402344
3453.07909932619	1211.63330078125
3455.1069501635	1209.96667480469
3457.1342468723	1211.58337402344
3459.16098969993	1209.5
3461.1871788936	1211.11669921875
3463.21281470035	1212.41662597656
3465.23789736712	1210.59997558594
3467.26242714067	1209.08337402344
3469.28640426765	1209.26672363281
3471.30982899455	1208.69995117188
3473.33270156774	1210.30004882813
3475.35502223343	1206.90002441406
3477.3767912377	1210.36669921875
3479.39800882649	1211.06665039063
3481.41867524559	1209.75
3483.43879074066	1209.59997558594
3485.45835555721	1211.59997558594
3487.47736994062	1209.68334960938
3489.49583413611	1208
3491.51374838879	1205.05004882813
3493.53111294359	1208.43334960938
3495.54792804533	1208.21667480469
3497.56419393867	1209.23327636719
3499.57991086814	1210.41662597656
3501.59507907811	1206.91662597656
3503.60969881284	1210.56665039063
3505.6237703164	1207.90002441406
3507.63729383278	1207.80004882813
3509.65026960577	1211.08337402344
3511.66269787904	1206.98327636719
3513.67457889613	1208.53332519531
3515.68591290042	1206.38330078125
3517.69670013515	1209.30004882813
3519.70694084342	1206.69995117188
3521.7166352682	1204.51672363281
3523.72578365229	1207.06665039063
3525.73438623836	1205.23327636719
3527.74244326893	1208
3529.74995498641	1208.81665039063
3531.75692163301	1211.06665039063
3533.76334345084	1206.05004882813
3535.76922068186	1206.44995117188
3537.77455356786	1204.53332519531
3539.77934235051	1208.84997558594
3541.78358727133	1205.19995117188
3543.78728857169	1206.46667480469
3545.79044649283	1205.91662597656
3547.79306127584	1205.56665039063
3549.79513316164	1203.11669921875
3551.79666239104	1205.55004882813
3553.79764920469	1207.01672363281
3555.7980938431	1205.26672363281
3557.79799654663	1206.69995117188
3559.79735755548	1205.15002441406
3561.79617710974	1205.86669921875
3563.79445544932	1206.15002441406
3565.79219281401	1205.48327636719
3567.78938944344	1204.41662597656
3569.7860455771	1204.73327636719
3571.78216145432	1205.73327636719
3573.77773731431	1203.66662597656
3575.7727733961	1204.51672363281
3577.76726993861	1203.96667480469
3579.76122718059	1204.58337402344
3581.75464536064	1202.96667480469
3583.74752471725	1205.21667480469
3585.7398654887	1202.80004882813
3587.73166791317	1203.78332519531
3589.7229322287	1201.98327636719
3591.71365867314	1202.66662597656
3593.70384748424	1204.40002441406
3595.69349889955	1203.11669921875
3597.68261315654	1201.33337402344
3599.67119049245	1201.78332519531
3601.65923114446	1201.81665039063
3603.64673534952	1200.80004882813
3605.63370334449	1202.69995117188
3607.62013536607	1204.84997558594
3609.60603165079	1202.90002441406
3611.59139243504	1201.73327636719
3613.57621795509	1201.58337402344
3615.56050844701	1201.41662597656
3617.54426414677	1202.65002441406
3619.52748529017	1201.96667480469
3621.51017211285	1201.69995117188
3623.49232485031	1199.71667480469
3625.47394373792	1200.80004882813
3627.45502901088	1201.91662597656
3629.43558090423	1201.86669921875
3631.41559965288	1201.91662597656
3633.3950854916	1200.31665039063
3635.37403865498	1199.68334960938
3637.35245937747	1199.59997558594
3639.33034789339	1198.59997558594
3641.30770443688	1199.76672363281
3643.28452924196	1199.15002441406
3645.26082254248	1197.56665039063
3647.23658457212	1199.59997558594
3649.21181556447	1200.18334960938
3651.18651575291	1199.33337402344
3653.16068537069	1197.98327636719
3655.13432465092	1198.08337402344
3657.10743382653	1199.11669921875
3659.08001313034	1199.51672363281
3661.05206279498	1197.94995117188
3663.02358305295	1199.73327636719
3664.9945741366	1198.01672363281
3666.96503627811	1200.33337402344
3668.93496970952	1197.48327636719
3670.90437466272	1200.26672363281
3672.87325136944	1198.88330078125
3674.84160006127	1197.36669921875
3676.80942096963	1198.68334960938
3678.77671432581	1199.56665039063
3680.74348036092	1197.88330078125
3682.70971930595	1199.38330078125
3684.6754313917	1197.94995117188
3686.64061684885	1197
3688.60527590791	1197.44995117188
3690.56940879924	1197.03332519531
3692.53301575303	1198.75
3694.49609699936	1197.46667480469
3696.45865276812	1195.13330078125
3698.42068328904	1196.96667480469
3700.38218879173	1196.08337402344
3702.34316950563	1199.11669921875
3704.30362566	1196.98327636719
3706.26355748399	1196.61669921875
3708.22296520657	1198.28332519531
3710.18184905656	1197.31665039063
3712.14020926263	1196.51672363281
3714.09804605328	1197.53332519531
3716.05535965687	1195.18334960938
3718.01215030162	1194.84997558594
3719.96841821555	1194.69995117188
3721.92416362657	1192.96667480469
3723.8793867624	1195.58337402344
3725.83408785063	1194.25
3727.78826711869	1196.91662597656
3729.74192479384	1195.98327636719
3731.69506110319	1195.05004882813
3733.64767627371	1194.48327636719
3735.59977053219	1192.11669921875
3737.55134410528	1194.13330078125
3739.50239721947	1193.78332519531
3741.45293010108	1194.86669921875
3743.40294297631	1192.46667480469
3745.35243607116	1192.91662597656
3747.3014096115	1193.36669921875
3749.24986382303	1193.01672363281
3751.19779893131	1194.46667480469
3753.14521516171	1192.09997558594
3755.09211273949	1193.11669921875
3757.0384918897	1195.41662597656
3758.98435283728	1191.86669921875
3760.92969580698	1194.76672363281
3762.87452102341	1192.53332519531
3764.81882871101	1191.30004882813
3766.76261909407	1193.31665039063
3768.70589239672	1192.01672363281
3770.64864884293	1193.05004882813
3772.59088865651	1193.68334960938
3774.53261206112	1191.13330078125
3776.47381928025	1191.58337402344
