-173.428722450078	1146.16662597656
-170.294344013779	1146.33337402344
-167.160990304052	1146.19995117188
-164.028660894548	1146.46667480469
-160.897355359205	1146.44995117188
-157.767073272189	1147.53332519531
-154.637814207931	1147.28332519531
-151.50957774112	1147.41662597656
-148.382363446704	1145.94995117188
-145.256170899859	1147.18334960938
-142.130999676054	1146.71667480469
-139.006849350965	1147.88330078125
-135.883719500571	1146.63330078125
-132.761609701053	1146.21667480469
-129.640519528863	1147.44995117188
-126.520448560715	1146.65002441406
-123.401396373553	1146.13330078125
-120.28336254458	1146.16662597656
-117.166346651252	1146.78332519531
-114.050348271258	1146.36669921875
-110.935366982541	1145.68334960938
-107.821402363301	1147.03332519531
-104.708453991972	1146.5
-101.596521447235	1146.30004882813
-98.4856043080122	1146.33337402344
-95.3757021534957	1145.55004882813
-92.2668145630801	1145.93334960938
-89.1589411164452	1145.56665039063
-86.0520813934781	1146.76672363281
-82.946234974338	1145.38330078125
-79.8414014394074	1146.06665039063
-76.7375803693083	1146.75
-73.6347713449181	1145.88330078125
-70.532973947345	1147.28332519531
-67.4321877579402	1146.23327636719
-64.3324123582935	1147
-61.2336473302252	1145.86669921875
-58.1358922558143	1146.26672363281
-55.0391467173494	1145.68334960938
-51.9434102973817	1145.71667480469
-48.8486825786838	1146.51672363281
-45.7549631442702	1146.90002441406
-42.662251577389	1146.44995117188
-39.5705474615295	1146.19995117188
-36.4798503804062	1145.5
-33.3901599179706	1145.83337402344
-30.301475658403	1146.21667480469
-27.2137971861287	1146.21667480469
-24.1271240858053	1146.23327636719
-21.0414559423028	1146.75
-17.9567923407513	1146.08337402344
-14.8731328664812	1146.51672363281
-11.7904771050747	1145.86669921875
-8.70882464233763	1146.81665039063
-5.62817506431157	1147.51672363281
-2.54852795725342	1148.53332519531
0.530117092344597	1154.69995117188
3.6077604977471	1156.86669921875
6.68440267202787	1151.11669921875
9.76004402799773	1147.16662597656
12.8346849782609	1146.75
15.9083259351831	1146.75
18.9809673109237	1146.21667480469
22.0526095173877	1146.43334960938
25.1232529662903	1146.66662597656
28.1928980690886	1146.19995117188
31.2615452370419	1147.08337402344
34.32919488118	1145.61669921875
37.3958474123071	1146.08337402344
40.4615032409942	1146.48327636719
43.5261627776189	1146.36669921875
46.58982643231	1146.15002441406
49.6524946149833	1146.31665039063
52.7141677353456	1146.43334960938
55.7748462028835	1146.65002441406
58.8345304268427	1145.68334960938
61.8932208162729	1146.81665039063
64.9509177800033	1146.75
68.0076217266271	1146.33337402344
71.0633330645419	1146.83337402344
74.118052201909	1148.86669921875
77.1717795467022	1155.03332519531
80.224515506648	1181.5
83.2762604892772	1236.41662597656
86.3270149018856	1299.90002441406
89.3767791515896	1333.93334960938
92.4255536452548	1347.21667480469
95.4733387895519	1357.76672363281
98.5201349909248	1359.26672363281
101.565942655643	1357.75
104.610762189717	1362.18334960938
107.654593998963	1358.61669921875
110.697438488996	1358.08337402344
113.739296065204	1359.38330078125
116.78016713278	1354.08337402344
119.820052096698	1352.06665039063
122.85895136172	1350.33337402344
125.896865332408	1344.18334960938
128.933794413111	1339.91662597656
131.969739007965	1339.93334960938
135.004699520911	1334.33337402344
138.038676355664	1329.19995117188
141.071669915751	1329.84997558594
144.103680604487	1326.31665039063
147.134708824975	1322.06665039063
150.164754980118	1320.31665039063
153.193819472611	1320.19995117188
156.221902704945	1318.03332519531
159.24900507942	1314.15002441406
162.275126998099	1317.83337402344
165.300268862873	1317.05004882813
168.324431075425	1314.16662597656
171.347614037231	1314.93334960938
174.369818149562	1314.40002441406
177.391043813491	1314.68334960938
180.411291429897	1312.98327636719
183.430561399437	1315
186.448854122582	1314.16662597656
189.466169999607	1310.46667480469
192.482509430598	1309.08337402344
195.497872815412	1308.75
198.512260553716	1313.01672363281
201.525673045011	1308.34997558594
204.538110688552	1311.33337402344
207.549573883427	1310.30004882813
210.560063028519	1310.73327636719
213.569578522523	1311.61669921875
216.578120763917	1311.46667480469
219.585690151021	1310.83337402344
222.592287081907	1311.94995117188
225.597911954507	1316.78332519531
228.602565166512	1320
231.606247115456	1321.18334960938
234.608958198646	1322.09997558594
237.610698813222	1320.36669921875
240.611469356122	1320.55004882813
243.611270224103	1320.73327636719
246.610101813707	1318.66662597656
249.607964521295	1319.65002441406
252.604858743044	1319.88330078125
255.600784874935	1324.41662597656
258.595743312749	1326.28332519531
261.589734452097	1327.80004882813
264.582758688393	1327.34997558594
267.574816416842	1326.28332519531
270.565908032503	1332.06665039063
273.556033930195	1330.73327636719
276.545194504586	1328.59997558594
279.533390150138	1330
282.520621261151	1327.58337402344
285.506888231708	1328.91662597656
288.49219145571	1336.25
291.476531326902	1334.53332519531
294.459908238794	1340.88330078125
297.442322584762	1339.90002441406
300.423774757966	1350.66662597656
303.404265151375	1358.94995117188
306.383794157805	1353.51672363281
309.362362169862	1343.31665039063
312.339969579982	1337.30004882813
315.316616780414	1332.58337402344
318.292304163227	1329.68334960938
321.267032120295	1329.81665039063
324.24080104332	1330.03332519531
327.213611323833	1326.36669921875
330.185463353171	1321.94995117188
333.156357522491	1319.36669921875
336.126294222774	1317.18334960938
339.095273844812	1316.38330078125
342.063296779227	1316.58337402344
345.030363416467	1317.40002441406
347.996474146782	1317.40002441406
350.961629360257	1312.94995117188
353.925829446806	1312.98327636719
356.889074796147	1312.5
359.851365797829	1313.18334960938
362.812702841222	1315.58337402344
365.773086315536	1311.33337402344
368.732516609768	1312.44995117188
371.690994112778	1312.16662597656
374.648519213243	1313.03332519531
377.605092299631	1308.96667480469
380.560713760273	1307.66662597656
383.515383983307	1309.84997558594
386.469103356711	1305.88330078125
389.421872268273	1306.83337402344
392.373691105615	1307.66662597656
395.32456025619	1303.05004882813
398.274480107272	1300.43334960938
401.223451045967	1299.53332519531
404.171473459202	1306.26672363281
407.118547733728	1305.63330078125
410.064674256155	1301.58337402344
413.009853412892	1304.16662597656
415.954085590181	1303.25
418.8973711741	1302.03332519531
421.83971055055	1301.25
424.781104105281	1301.5
427.721552223856	1302.76672363281
430.661055291665	1304.81665039063
433.599613693946	1304.36669921875
436.537227815752	1303.18334960938
439.473898041993	1303.06665039063
442.409624757378	1298.78332519531
445.344408346476	1295.55004882813
448.278249193683	1295.73327636719
451.211147683207	1293.63330078125
454.143104199122	1291.31665039063
457.074119125312	1287.21667480469
460.004192845497	1289.16662597656
462.933325743267	1290.21667480469
465.861518202001	1290.80004882813
468.788770604917	1296.21667480469
471.71508333511	1293.26672363281
474.640456775471	1296
477.564891308737	1295.51672363281
480.488387317487	1297.94995117188
483.410945184141	1301.21667480469
486.332565290942	1304.16662597656
489.253248019986	1308.46667480469
492.172993753197	1314.65002441406
495.091802872338	1322.38330078125
498.009675759011	1332.93334960938
500.926612794666	1342.98327636719
503.842614360571	1365.16662597656
506.757680837864	1407.15002441406
509.671812607493	1507.33337402344
512.585010050263	1810.31665039063
515.497273546817	2710.16674804688
518.408603477637	4186.2666015625
521.319000223045	4371.966796875
524.228464163205	3169.36669921875
527.136995678121	2235.2666015625
530.044595147647	1790.18334960938
532.951262951471	1578.01672363281
535.856999469123	1464.80004882813
538.761805079986	1405.80004882813
541.665680163279	1371.93334960938
544.568625098049	1349.05004882813
547.470640263216	1331.5
550.371726037533	1322.15002441406
553.271882799588	1315.68334960938
556.171110927825	1309.84997558594
559.069410800531	1305.21667480469
561.966782795823	1302.69995117188
564.863227291685	1297.19995117188
567.758744665944	1295.56665039063
570.653335296256	1294.81665039063
573.546999560148	1292.09997558594
576.439737834969	1288.81665039063
579.331550497935	1288.15002441406
582.222437926093	1288.76672363281
585.112400496356	1288.41662597656
588.001438585469	1289
590.889552570021	1288.30004882813
593.77674282648	1289.19995117188
596.663009731132	1286.61669921875
599.548353660116	1286.15002441406
602.432774989433	1289.40002441406
605.316274094926	1283.80004882813
608.198851352303	1290.86669921875
611.080507137075	1289.18334960938
613.961241824667	1296.06665039063
616.841055790315	1295.65002441406
619.71994940911	1296.68334960938
622.597923056008	1294.76672363281
625.474977105798	1291.15002441406
628.351111933143	1292.58337402344
631.22632791255	1292.73327636719
634.10062541835	1290.53332519531
636.97400482478	1292.11669921875
639.846466505882	1291.03332519531
642.718010835585	1290.38330078125
645.58863818764	1290.93334960938
648.458348935679	1289.30004882813
651.327143453188	1292.93334960938
654.195022113475	1291.46667480469
657.061985289745	1288.01672363281
659.928033355022	1292.68334960938
662.79316668221	1291.23327636719
665.657385644057	1289.98327636719
668.520690613176	1290.78332519531
671.383081962017	1293.75
674.244560062899	1288.59997558594
677.105125288002	1286.86669921875
679.964778009343	1292.58337402344
682.823518598832	1288.51672363281
685.681347428202	1287.08337402344
688.538264869057	1282.93334960938
691.394271292855	1280.55004882813
694.249367070914	1281.51672363281
697.103552574412	1281.26672363281
699.956828174378	1281.81665039063
702.809194241715	1280.94995117188
705.660651147175	1279.31665039063
708.511199261361	1278.84997558594
711.360838954755	1277.28332519531
714.209570597676	1278.96667480469
717.057394560329	1278.01672363281
719.90431121275	1281.33337402344
722.750320924861	1278.90002441406
725.59542406643	1279.38330078125
728.439621007094	1277.28332519531
731.282912116347	1280.5
734.125297763539	1277.40002441406
736.966778317898	1279.59997558594
739.807354148498	1280.98327636719
742.647025624275	1278.61669921875
745.485793114042	1275.81665039063
748.323656986468	1278.90002441406
751.160617610072	1282
753.996675353258	1283.19995117188
756.831830584275	1281.11669921875
759.666083671249	1281.18334960938
762.499434982158	1282.53332519531
765.331884884853	1281.33337402344
768.163433747055	1279.75
770.994081936328	1284.56665039063
773.823829820116	1281.69995117188
776.652677765732	1284.41662597656
779.480626140347	1280.93334960938
782.307675310993	1281.53332519531
785.133825644576	1283.96667480469
787.959077507869	1284.25
790.783431267511	1284.44995117188
793.606887289986	1284.05004882813
796.429445941685	1285.09997558594
799.251107588836	1284.84997558594
802.071872597536	1283.83337402344
804.891741333751	1284.28332519531
807.71071416334	1285.88330078125
810.528791451981	1285.28332519531
813.345973565269	1283.76672363281
816.162260868638	1286.46667480469
818.977653727395	1286.65002441406
821.792152506717	1288.15002441406
824.605757571661	1286.33337402344
827.418469287133	1284.06665039063
830.230288017926	1285.61669921875
833.0412141287	1286.34997558594
835.851247983973	1289.18334960938
838.660389948141	1288.58337402344
841.468640385466	1285.69995117188
844.27599966009	1286.16662597656
847.082468136026	1286.81665039063
849.888046177135	1289.13330078125
852.692734147171	1288.33337402344
855.496532409758	1289.33337402344
858.29944132839	1287.90002441406
861.10146126642	1287.61669921875
863.902592587094	1282.66662597656
866.702835653509	1288.34997558594
869.502190828641	1288.33337402344
872.300658475353	1286.18334960938
875.098238956361	1289.03332519531
877.894932634271	1290.31665039063
880.690739871548	1286.15002441406
883.485661030531	1288.06665039063
886.279696473447	1284.93334960938
889.072846562376	1286.18334960938
891.86511165929	1289.03332519531
894.65649212603	1290.28332519531
897.446988324303	1290.91662597656
900.236600615703	1286.18334960938
903.025329361687	1289.76672363281
905.813174923597	1286.5
908.600137662639	1287.94995117188
911.38621793991	1289.28332519531
914.171416116365	1292.11669921875
916.95573255285	1290.94995117188
919.739167610082	1294.66662597656
922.521721648641	1297.15002441406
925.303395029005	1307.33337402344
928.084188111517	1319.55004882813
930.864101256396	1329.30004882813
933.643134823733	1348.31665039063
936.42128917351	1368.80004882813
939.198564665577	1383.13330078125
941.97496165967	1388.65002441406
944.750480515391	1387.78332519531
947.525121592226	1392.38330078125
950.298885249534	1390.65002441406
953.071771846555	1397.76672363281
955.843781742413	1392.69995117188
958.614915296108	1394.19995117188
961.385172866513	1395.55004882813
964.154554812387	1398.73327636719
966.92306149236	1396.43334960938
969.690693264949	1396.83337402344
972.457450488552	1400.03332519531
975.223333521431	1401.80004882813
977.988342721749	1402.78332519531
980.752478447535	1400.91662597656
983.515741056708	1393.40002441406
986.278130907059	1384.18334960938
989.039648356259	1372.96667480469
991.800293761863	1352.66662597656
994.560067481312	1338.16662597656
997.318969871913	1331.41662597656
1000.07700129088	1324.46667480469
1002.83416209528	1318
1005.59045264208	1312.71667480469
1008.34587328813	1309.08337402344
1011.10042439014	1306.26672363281
1013.85410630472	1301.93334960938
1016.60691938837	1300.33337402344
1019.35886399746	1297.88330078125
1022.10994048823	1296.01672363281
1024.86014921684	1299.75
1027.60949053928	1294.16662597656
1030.35796481149	1287.28332519531
1033.10557238924	1285.03332519531
1035.85231362819	1282.16662597656
1038.5981888839	1279.88330078125
1041.34319851182	1278.41662597656
1044.08734286727	1277.81665039063
1046.83062230544	1273.78332519531
1049.57303718143	1277.33337402344
1052.31458785021	1274.63330078125
1055.05527466665	1276.40002441406
1057.79509798549	1276.84997558594
1060.53405816134	1275.84997558594
1063.27215554874	1270.51672363281
1066.00939050209	1274.90002441406
1068.74576337565	1270.15002441406
1071.48127452361	1272.36669921875
1074.21592430002	1273.16662597656
1076.94971305882	1272.41662597656
1079.68264115384	1272.23327636719
1082.41470893879	1271.41662597656
1085.14591676728	1273.63330078125
1087.8762649928	1274.66662597656
1090.60575396871	1269.58337402344
1093.33438404827	1271.21667480469
1096.06215558464	1271.16662597656
1098.78906893086	1273.34997558594
1101.51512443981	1270.91662597656
1104.24032246435	1273.78332519531
1106.96466335716	1271.68334960938
1109.68814747081	1272.23327636719
1112.41077515779	1273.58337402344
1115.13254677044	1268.84997558594
1117.85346266104	1268.94995117188
1120.57352318169	1269.78332519531
1123.29272868445	1268.21667480469
1126.01107952121	1266.44995117188
1128.72857604378	1271.63330078125
1131.44521860385	1269.86669921875
1134.16100755301	1267.80004882813
1136.87594324271	1268.48327636719
1139.59002602433	1268.98327636719
1142.3032562491	1274.23327636719
1145.01563426818	1273.68334960938
1147.72716043257	1276.59997558594
1150.43783509322	1279.06665039063
1153.14765860091	1277.18334960938
1155.85663130634	1277.46667480469
1158.56475356012	1275.86669921875
1161.27202571271	1272.94995117188
1163.97844811448	1270.38330078125
1166.68402111569	1274.25
1169.38874506649	1268.19995117188
1172.09262031694	1270.05004882813
1174.79564721695	1271.86669921875
1177.49782611635	1268.48327636719
1180.19915736486	1270.33337402344
1182.89964131208	1268.15002441406
1185.59927830751	1266.88330078125
1188.29806870054	1268.08337402344
1190.99601284046	1271.21667480469
1193.69311107643	1268.38330078125
1196.38936375753	1269.76672363281
1199.08477123271	1269.93334960938
1201.77933385082	1274.91662597656
1204.47305196061	1269
1207.1659259107	1267.93334960938
1209.85795604964	1267.43334960938
1212.54914272585	1271.23327636719
1215.23948628763	1272.75
1217.92898708319	1272.44995117188
1220.61764546064	1273.65002441406
1223.30546176798	1271.76672363281
1225.99243635308	1272.21667480469
1228.67856956373	1271.09997558594
1231.36386174761	1273.08337402344
1234.04831325228	1270.30004882813
1236.73192442522	1272.94995117188
1239.41469561377	1273.61669921875
1242.09662716519	1270.25
1244.77771942662	1272.06665039063
1247.45797274511	1273.69995117188
1250.13738746759	1268.16662597656
1252.81596394089	1271.55004882813
1255.49370251175	1273.40002441406
1258.17060352676	1275.63330078125
1260.84666733246	1272.88330078125
1263.52189427525	1273.78332519531
1266.19628470144	1275.33337402344
1268.86983895722	1273.41662597656
1271.5425573887	1277.06665039063
1274.21444034186	1273.03332519531
1276.8854881626	1276.90002441406
1279.55570119671	1273.09997558594
1282.22507978985	1275.26672363281
1284.89362428759	1275.83337402344
1287.56133503543	1275.63330078125
1290.22821237872	1277.34997558594
1292.89425666274	1277.53332519531
1295.55946823263	1281.46667480469
1298.22384743346	1282.36669921875
1300.88739461019	1278.66662597656
1303.55011010766	1277.90002441406
1306.21199427063	1269.59997558594
1308.87304744373	1273.59997558594
1311.53326997152	1270.73327636719
1314.19266219843	1266.44995117188
1316.8512244688	1269.08337402344
1319.50895712687	1268.19995117188
1322.16586051676	1268.5
1324.82193498252	1269.69995117188
1327.47718086806	1267.68334960938
1330.1315985172	1270.16662597656
1332.78518827369	1268.44995117188
1335.43795048114	1273.69995117188
1338.08988548307	1270.28332519531
1340.74099362289	1271.59997558594
1343.39127524392	1269.33337402344
1346.04073068939	1270
1348.6893603024	1270.81665039063
1351.33716442597	1268.5
1353.98414340301	1269.98327636719
1356.63029757632	1271.44995117188
1359.27562728863	1271.86669921875
1361.92013288252	1270.69995117188
1364.56381470053	1265.43334960938
1367.20667308505	1268.13330078125
1369.84870837838	1266.55004882813
1372.48992092274	1267.25
1375.13031106023	1267.44995117188
1377.76987913284	1266.13330078125
1380.40862548251	1266.16662597656
1383.04655045101	1264.34997558594
1385.68365438006	1265.98327636719
1388.31993761126	1264.88330078125
1390.95540048612	1266.34997558594
1393.59004334605	1267.11669921875
1396.22386653233	1265.96667480469
1398.85687038619	1267.25
1401.48905524873	1269.40002441406
1404.12042146094	1269.46667480469
1406.75096936375	1272.31665039063
1409.38069929796	1272.31665039063
1412.00961160428	1269.76672363281
1414.63770662332	1269.93334960938
1417.26498469557	1272.5
1419.89144616146	1264.56665039063
1422.51709136132	1266.28332519531
1425.14192063532	1264.53332519531
1427.76593432361	1266.30004882813
1430.3891327662	1267.09997558594
1433.01151630299	1269.91662597656
1435.63308527382	1271.06665039063
1438.2538400184	1271.5
1440.87378087637	1266.94995117188
1443.49290818722	1271.31665039063
1446.1112222904	1274.34997558594
1448.72872352524	1272.09997558594
1451.34541223097	1273.86669921875
1453.96128874671	1275.03332519531
1456.5763534115	1271.59997558594
1459.19060656429	1275.06665039063
1461.8040485439	1269.69995117188
1464.41667968907	1270.76672363281
1467.02850033846	1270.71667480469
1469.63951083061	1271.38330078125
1472.24971150397	1273.61669921875
1474.8591026969	1272.46667480469
1477.46768474763	1273.23327636719
1480.07545799434	1271.25
1482.68242277508	1276.36669921875
1485.28857942782	1275.65002441406
1487.89392829042	1270.46667480469
1490.49846970065	1269.69995117188
1493.10220399619	1267.19995117188
1495.70513151461	1263.55004882813
1498.30725259339	1268.16662597656
1500.90856756992	1267.96667480469
1503.50907678146	1268.75
1506.10878056524	1270.08337402344
1508.70767925832	1264.05004882813
1511.30577319772	1268.55004882813
1513.90306272032	1266.78332519531
1516.49954816295	1262.46667480469
1519.09522986229	1265.75
1521.69010815498	1262.73327636719
1524.28418337751	1264.88330078125
1526.87745586632	1264.83337402344
1529.46992595773	1265.03332519531
1532.06159398796	1264.81665039063
1534.65246029316	1266.96667480469
1537.24252520935	1265.21667480469
1539.83178907249	1267.05004882813
1542.42025221841	1262.38330078125
1545.00791498287	1264.81665039063
1547.59477770152	1265.90002441406
1550.18084070993	1263.93334960938
1552.76610434356	1267.23327636719
1555.35056893777	1267.90002441406
1557.93423482785	1267.59997558594
1560.51710234896	1266.31665039063
1563.0991718362	1270.51672363281
1565.68044362457	1270.81665039063
1568.26091804893	1269.98327636719
1570.84059544411	1268.44995117188
1573.41947614481	1270.93334960938
1575.99756048562	1268.48327636719
1578.57484880108	1270.88330078125
1581.15134142559	1272.38330078125
1583.72703869349	1268.98327636719
1586.301940939	1269.01672363281
1588.87604849628	1273.73327636719
1591.44936169934	1277
1594.02188088215	1281.13330078125
1596.59360637855	1287.03332519531
1599.16453852232	1295.59997558594
1601.73467764709	1300.69995117188
1604.30402408647	1307.98327636719
1606.87257817391	1305.28332519531
1609.44034024281	1294.59997558594
1612.00731062644	1286.61669921875
1614.57348965801	1280.33337402344
1617.13887767062	1278.19995117188
1619.70347499726	1276.61669921875
1622.26728197086	1273.63330078125
1624.83029892423	1276.05004882813
1627.39252619012	1278.25
1629.95396410112	1279.03332519531
1632.5146129898	1281.53332519531
1635.07447318858	1282.5
1637.63354502984	1280.59997558594
1640.19182884582	1273.56665039063
1642.74932496868	1271.71667480469
1645.3060337305	1268.84997558594
1647.86195546325	1268.23327636719
1650.41709049882	1268.34997558594
1652.971439169	1266.58337402344
1655.52500180548	1267.11669921875
1658.07777873987	1269.09997558594
1660.62977030368	1265
1663.18097682833	1262.18334960938
1665.73139864514	1263.05004882813
1668.28103608534	1265.03332519531
1670.82988948008	1265.06665039063
1673.37795916039	1266
1675.92524545724	1262.93334960938
1678.47174870147	1266.05004882813
1681.01746922386	1263.66662597656
1683.56240735508	1263.59997558594
1686.10656342572	1264.40002441406
1688.64993776626	1264.86669921875
1691.19253070709	1265.30004882813
1693.73434257853	1266.06665039063
1696.27537371078	1261.06665039063
1698.81562443395	1266.84997558594
1701.35509507809	1263.58337402344
1703.89378597311	1268.30004882813
1706.43169744886	1264.58337402344
1708.96882983509	1265.53332519531
1711.50518346144	1265.30004882813
1714.0407586575	1268.09997558594
1716.57555575272	1270.94995117188
1719.10957507649	1274.03332519531
1721.64281695809	1273.61669921875
1724.17528172671	1274
1726.70696971146	1271.88330078125
1729.23788124135	1274.03332519531
1731.7680166453	1272.71667480469
1734.29737625213	1272.18334960938
1736.82596039057	1272.05004882813
1739.35376938927	1267.78332519531
1741.88080357677	1269.59997558594
1744.40706328154	1268.71667480469
1746.93254883193	1265.01672363281
1749.45726055623	1265.73327636719
1751.9811987826	1266.48327636719
1754.50436383915	1268.69995117188
1757.02675605387	1264.03332519531
1759.54837575466	1263.78332519531
1762.06922326934	1262.23327636719
1764.58929892564	1263.88330078125
1767.10860305118	1263.84997558594
1769.6271359735	1266.15002441406
1772.14489802005	1262.78332519531
1774.66188951817	1263.73327636719
1777.17811079515	1263.09997558594
1779.69356217815	1265.41662597656
1782.20824399425	1263.28332519531
1784.72215657043	1266.98327636719
1787.23530023361	1264.11669921875
1789.74767531057	1264.43334960938
1792.25928212804	1262.83337402344
1794.77012101264	1263.69995117188
1797.2801922909	1267.59997558594
1799.78949628926	1265.25
1802.29803333406	1264.78332519531
1804.80580375158	1263.18334960938
1807.31280786797	1264
1809.81904600929	1263.36669921875
1812.32451850154	1266.01672363281
1814.82922567061	1263.63330078125
1817.33316784231	1262.33337402344
1819.83634534233	1264.01672363281
1822.33875849629	1263.28332519531
1824.84040762973	1262.78332519531
1827.34129306808	1265.5
1829.84141513667	1259.78332519531
1832.34077416077	1268.30004882813
1834.83937046553	1263.65002441406
1837.33720437602	1260.96667480469
1839.83427621723	1262.69995117188
1842.33058631404	1264.13330078125
1844.82613499125	1261.98327636719
1847.32092257355	1261.26672363281
1849.81494938558	1261.83337402344
1852.30821575184	1265.88330078125
1854.80072199677	1262.66662597656
1857.29246844473	1264.46667480469
1859.78345541994	1266.73327636719
1862.27368324658	1263.19995117188
1864.76315224871	1267.25
1867.2518627503	1262.78332519531
1869.73981507524	1265.26672363281
1872.22700954733	1263.21667480469
1874.71344649027	1263.18334960938
1877.19912622768	1262.21667480469
1879.68404908308	1264.48327636719
1882.16821537988	1265.94995117188
1884.65162544145	1264.11669921875
1887.13427959102	1263.90002441406
1889.61617815175	1264.06665039063
1892.0973214467	1262.23327636719
1894.57770979887	1263.81665039063
1897.05734353113	1263.94995117188
1899.53622296628	1260.93334960938
1902.014348427	1265.16662597656
1904.49172023593	1265.91662597656
1906.96833871558	1264.65002441406
1909.44420418839	1262.58337402344
1911.91931697668	1266.21667480469
1914.39367740272	1264.26672363281
1916.86728578865	1268.48327636719
1919.34014245654	1260.48327636719
1921.81224772838	1264.43334960938
1924.28360192604	1263.78332519531
1926.75420537132	1260.71667480469
1929.22405838593	1262
1931.69316129147	1266.65002441406
1934.16151440948	1265.91662597656
1936.62911806136	1264.03332519531
1939.09597256848	1267.56665039063
1941.56207825207	1264
1944.0274354333	1260.96667480469
1946.49204443322	1263.65002441406
1948.95590557284	1264.06665039063
1951.41901917301	1266.05004882813
1953.88138555454	1266.41662597656
1956.34300503813	1267.44995117188
1958.8038779444	1264.86669921875
1961.26400459387	1262.30004882813
1963.72338530697	1265.80004882813
1966.18202040403	1264.08337402344
1968.63991020531	1266.18334960938
1971.09705503097	1264.98327636719
1973.55345520107	1265.90002441406
1976.0091110356	1265.18334960938
1978.46402285444	1262.34997558594
1980.91819097737	1261.98327636719
1983.3716157241	1265
1985.82429741427	1262.80004882813
1988.27623636736	1266.03332519531
1990.72743290284	1263.03332519531
1993.17788734002	1265.21667480469
1995.62759999817	1266.31665039063
1998.07657119644	1266.33337402344
2000.5248012539	1266.44995117188
2002.97229048952	1266.01672363281
2005.41903922219	1264.5
2007.86504777071	1263.38330078125
2010.31031645378	1264.03332519531
2012.75484559	1268.16662597656
2015.19863549792	1267.46667480469
2017.64168649594	1265.61669921875
2020.08399890242	1268.59997558594
2022.5255730356	1264.43334960938
2024.96640921365	1264.31665039063
2027.40650775462	1266.61669921875
2029.84586897649	1267.66662597656
2032.28449319715	1267.59997558594
2034.72238073438	1265.16662597656
2037.15953190591	1264.15002441406
2039.59594702932	1261.33337402344
2042.03162642215	1262.46667480469
2044.46657040182	1266.90002441406
2046.90077928567	1263.94995117188
2049.33425339095	1264.11669921875
2051.76699303481	1266.28332519531
2054.19899853433	1267.46667480469
2056.63027020645	1265.78332519531
2059.06080836809	1268
2061.49061333602	1262.30004882813
2063.91968542694	1266.61669921875
2066.34802495747	1268.05004882813
2068.77563224411	1264.88330078125
2071.20250760329	1265.84997558594
2073.62865135136	1265.66662597656
2076.05406380455	1264.88330078125
2078.47874527901	1265.31665039063
2080.9026960908	1263.51672363281
2083.3259165559	1267.68334960938
2085.74840699018	1265.13330078125
2088.17016770944	1266.55004882813
2090.59119902935	1267.18334960938
2093.01150126553	1264.13330078125
2095.43107473348	1262.33337402344
2097.84991974864	1268.36669921875
2100.26803662633	1267.63330078125
2102.68542568178	1266.16662597656
2105.10208723015	1266.56665039063
2107.51802158648	1264.83337402344
2109.93322906574	1265.08337402344
2112.3477099828	1264.96667480469
2114.76146465245	1266.90002441406
2117.17449338937	1264.53332519531
2119.58679650815	1264.69995117188
2121.9983743233	1267.26672363281
2124.40922714924	1266.28332519531
2126.81935530029	1263.48327636719
2129.22875909067	1265.44995117188
2131.63743883452	1264.26672363281
2134.04539484589	1264.91662597656
2136.45262743874	1267.5
2138.85913692692	1266.68334960938
2141.26492362422	1267.16662597656
2143.6699878443	1265.31665039063
2146.07432990076	1265.84997558594
2148.47795010708	1266.28332519531
2150.88084877667	1266.71667480469
2153.28302622285	1260.40002441406
2155.68448275883	1267.15002441406
2158.08521869774	1266.69995117188
2160.48523435261	1262.46667480469
2162.88453003639	1264.56665039063
2165.28310606193	1267.51672363281
2167.68096274199	1268.01672363281
2170.07810038922	1271.05004882813
2172.47451931622	1265.31665039063
2174.87021983546	1268.03332519531
2177.26520225933	1261.11669921875
2179.65946690013	1266.26672363281
2182.05301407006	1263.58337402344
2184.44584408123	1264
2186.83795724567	1263.76672363281
2189.22935387531	1264.78332519531
2191.62003428198	1264.43334960938
2194.00999877743	1264.19995117188
2196.39924767329	1265.83337402344
2198.78778128115	1265.94995117188
2201.17559991245	1263.16662597656
2203.56270387857	1265.33337402344
2205.94909349081	1269.68334960938
2208.33476906033	1264.31665039063
2210.71973089824	1266.30004882813
2213.10397931554	1265.81665039063
2215.48751462314	1261.41662597656
2217.87033713186	1265.94995117188
2220.25244715242	1262.73327636719
2222.63384499546	1264.73327636719
2225.01453097151	1263.76672363281
2227.39450539101	1265.18334960938
2229.77376856434	1266.66662597656
2232.15232080173	1263
2234.53016241336	1261.40002441406
2236.9072937093	1263.30004882813
2239.28371499954	1265.51672363281
2241.65942659396	1264.06665039063
2244.03442880236	1263.03332519531
2246.40872193443	1264.33337402344
2248.78230629979	1261.65002441406
2251.15518220795	1266.15002441406
2253.52734996835	1264.65002441406
2255.89880989029	1264.30004882813
2258.26956228301	1265.66662597656
2260.63960745567	1267.5
2263.00894571731	1262.13330078125
2265.37757737688	1265.83337402344
2267.74550274324	1261.83337402344
2270.11272212517	1264.48327636719
2272.47923583134	1262.30004882813
2274.84504417031	1263.86669921875
2277.2101474506	1265.81665039063
2279.57454598058	1265.55004882813
2281.93824006856	1266.25
2284.30123002275	1263.36669921875
2286.66351615125	1266.88330078125
2289.02509876208	1263.16662597656
2291.38597816317	1267.76672363281
2293.74615466236	1265.73327636719
2296.10562856737	1263.41662597656
2298.46440018585	1263.33337402344
2300.82246982535	1259.86669921875
2303.1798377933	1261.76672363281
2305.5365043971	1262.56665039063
2307.89246994399	1264.90002441406
2310.24773474116	1265
2312.60229909566	1266.90002441406
2314.95616331451	1263.84997558594
2317.30932770456	1264.33337402344
2319.66179257263	1267.21667480469
2322.01355822542	1261.63330078125
2324.36462496953	1263.83337402344
2326.71499311146	1266.91662597656
2329.06466295764	1265.01672363281
2331.41363481439	1268
2333.76190898794	1265.63330078125
2336.10948578441	1264.76672363281
2338.45636550986	1265.55004882813
2340.80254847022	1265.58337402344
2343.14803497132	1263.33337402344
2345.49282531895	1265.15002441406
2347.83691981874	1263.16662597656
2350.18031877626	1264.36669921875
2352.52302249699	1266.18334960938
2354.8650312863	1264.03332519531
2357.20634544946	1268.36669921875
2359.54696529166	1266.75
2361.88689111798	1265.61669921875
2364.22612323341	1264.81665039063
2366.56466194287	1261.78332519531
2368.90250755114	1266.59997558594
2371.23966036293	1266.09997558594
2373.57612068286	1263.21667480469
2375.91188881545	1264.51672363281
2378.2469650651	1268.98327636719
2380.58134973615	1266.01672363281
2382.91504313282	1266.23327636719
2385.24804555926	1265.68334960938
2387.58035731949	1263.19995117188
2389.91197871745	1268.69995117188
2392.24291005701	1266.26672363281
2394.57315164189	1265.61669921875
2396.90270377577	1264.94995117188
2399.23156676218	1262.30004882813
2401.55974090461	1265.05004882813
2403.88722650642	1265.96667480469
2406.21402387086	1263.28332519531
2408.54013330113	1263.03332519531
2410.8655551003	1265.28332519531
2413.19028957133	1266.41662597656
2415.51433701713	1268.26672363281
2417.83769774049	1261.23327636719
2420.16037204408	1265.93334960938
2422.48236023051	1264.66662597656
2424.80366260228	1267.19995117188
2427.12427946179	1264.86669921875
2429.44421111134	1263.26672363281
2431.76345785315	1265.15002441406
2434.08201998932	1263.19995117188
2436.39989782188	1264.58337402344
2438.71709165273	1264.43334960938
2441.0336017837	1261.75
2443.34942851653	1265.09997558594
2445.66457215282	1262.61669921875
2447.97903299412	1264.05004882813
2450.29281134185	1265.88330078125
2452.60590749736	1264.94995117188
2454.91832176188	1263.71667480469
2457.23005443656	1261.96667480469
2459.54110582243	1261.18334960938
2461.85147622045	1261.38330078125
2464.16116593146	1263.86669921875
2466.47017525621	1265.58337402344
2468.77850449536	1263.90002441406
2471.08615394947	1264.21667480469
2473.39312391899	1265.43334960938
2475.69941470429	1266.18334960938
2478.00502660562	1265.03332519531
2480.30995992316	1263.55004882813
2482.61421495697	1262.31665039063
2484.91779200702	1265.44995117188
2487.22069137316	1263.86669921875
2489.5229133552	1262.76672363281
2491.8244582528	1264.19995117188
2494.12532636553	1261.18334960938
2496.42551799287	1262.23327636719
2498.72503343421	1261.56665039063
2501.02387298882	1263.86669921875
2503.32203695588	1259.30004882813
2505.61952563449	1262.44995117188
2507.91633932361	1263.03332519531
2510.21247832216	1259.53332519531
2512.50794292891	1262.69995117188
2514.80273344255	1263.40002441406
2517.09685016167	1263.93334960938
2519.39029338476	1266.28332519531
2521.68306341022	1265.66662597656
2523.97516053634	1264.36669921875
2526.26658506132	1265.21667480469
2528.55733728325	1260.66662597656
2530.84741750012	1261.61669921875
2533.13682600984	1263.59997558594
2535.4255631102	1263.71667480469
2537.7136290989	1263.33337402344
2540.00102427354	1262.41662597656
2542.28774893162	1263.28332519531
2544.57380337053	1263.36669921875
2546.85918788758	1264.06665039063
2549.14390277997	1264.83337402344
2551.4279483448	1264.86669921875
2553.71132487906	1263.05004882813
2555.99403267966	1261.43334960938
2558.27607204341	1263.88330078125
2560.55744326699	1261.94995117188
2562.83814664702	1262.36669921875
2565.11818247999	1264.03332519531
2567.3975510623	1263.21667480469
2569.67625269025	1262.25
2571.95428766003	1262.23327636719
2574.23165626776	1261.18334960938
2576.50835880942	1264.59997558594
2578.78439558093	1262.96667480469
2581.05976687806	1262.69995117188
2583.33447299652	1264.36669921875
2585.60851423191	1264.98327636719
2587.88189087972	1259.59997558594
2590.15460323534	1260.68334960938
2592.42665159406	1264.44995117188
2594.69803625108	1260.53332519531
2596.9687575015	1262.25
2599.23881564029	1262.05004882813
2601.50821096235	1262.51672363281
2603.77694376245	1266
2606.0450143353	1263.80004882813
2608.31242297548	1262.61669921875
2610.57916997746	1263.59997558594
2612.84525563562	1265.90002441406
2615.11068024426	1263.83337402344
2617.37544409753	1263.26672363281
2619.63954748952	1263.78332519531
2621.90299071421	1263.68334960938
2624.16577406546	1263
2626.42789783705	1263.51672363281
2628.68936232264	1259.63330078125
2630.9501678158	1262.13330078125
2633.21031460999	1262.68334960938
2635.46980299857	1261.73327636719
2637.72863327481	1261.36669921875
2639.98680573185	1264.16662597656
2642.24432066276	1258.36669921875
2644.50117836048	1259.25
2646.75737911786	1263.83337402344
2649.01292322765	1263.15002441406
2651.26781098249	1266.30004882813
2653.52204267492	1264.68334960938
2655.77561859738	1261
2658.0285390422	1261.18334960938
2660.28080430161	1263.36669921875
2662.53241466774	1264
2664.78337043263	1260.36669921875
2667.03367188817	1262.28332519531
2669.2833193262	1263.61669921875
2671.53231303844	1261.36669921875
2673.78065331648	1259.76672363281
2676.02834045184	1264.05004882813
2678.27537473592	1260.76672363281
2680.52175646002	1265.01672363281
2682.76748591535	1263.13330078125
2685.01256339298	1263.05004882813
2687.25698918391	1261.48327636719
2689.50076357901	1260.46667480469
2691.74388686909	1259.11669921875
2693.9863593448	1263.58337402344
2696.22818129672	1261.01672363281
2698.46935301532	1262.11669921875
2700.70987479096	1261.23327636719
2702.94974691389	1263.03332519531
2705.18896967428	1261.36669921875
2707.42754336216	1259.88330078125
2709.66546826749	1262.11669921875
2711.90274468011	1260.53332519531
2714.13937288974	1260.40002441406
2716.37535318602	1258.44995117188
2718.61068585848	1261.33337402344
2720.84537119652	1262.08337402344
2723.07940948947	1257.51672363281
2725.31280102654	1260.68334960938
2727.54554609682	1258.26672363281
2729.77764498933	1260.03332519531
2732.00909799294	1262.03332519531
2734.23990539644	1263.68334960938
2736.47006748853	1261.11669921875
2738.69958455777	1259.93334960938
2740.92845689263	1259.68334960938
2743.15668478147	1262.09997558594
2745.38426851257	1260.03332519531
2747.61120837406	1258.58337402344
2749.83750465399	1262.43334960938
2752.0631576403	1260.18334960938
2754.28816762083	1261.34997558594
2756.51253488329	1260.90002441406
2758.73625971532	1260.96667480469
2760.95934240442	1262.88330078125
2763.18178323801	1260.13330078125
2765.40358250338	1260.03332519531
2767.62474048773	1259.61669921875
2769.84525747814	1260.11669921875
2772.06513376159	1261.44995117188
2774.28436962496	1260.61669921875
2776.50296535501	1259.03332519531
2778.7209212384	1261.15002441406
2780.93823756168	1257.51672363281
2783.15491461129	1259.76672363281
2785.37095267358	1262.58337402344
2787.58635203477	1257.91662597656
2789.80111298097	1260.09997558594
2792.01523579822	1257.55004882813
2794.2287207724	1259.38330078125
2796.44156818932	1257.48327636719
2798.65377833468	1261.34997558594
2800.86535149404	1259.93334960938
2803.07628795289	1261.86669921875
2805.28658799659	1258.36669921875
2807.4962519104	1258.5
2809.70527997946	1258.94995117188
2811.91367248883	1259.31665039063
2814.12142972342	1257.26672363281
2816.32855196807	1261.38330078125
2818.53503950749	1258.43334960938
2820.74089262628	1254.83337402344
2822.94611160894	1258.75
2825.15069673987	1260.71667480469
2827.35464830333	1257.86669921875
2829.55796658351	1256.84997558594
2831.76065186445	1258.05004882813
2833.96270443012	1256.61669921875
2836.16412456437	1261.16662597656
2838.3649125509	1257.28332519531
2840.56506867336	1260.61669921875
2842.76459321526	1258.06665039063
2844.96348645999	1257.03332519531
2847.16174869086	1258.21667480469
2849.35938019105	1262.11669921875
2851.55638124363	1259.41662597656
2853.75275213157	1261.18334960938
2855.94849313772	1259.43334960938
2858.14360454483	1258.34997558594
2860.33808663553	1260.75
2862.53193969234	1259.78332519531
2864.72516399768	1259.61669921875
2866.91775983385	1261.25
2869.10972748304	1263.91662597656
2871.30106722733	1263.66662597656
2873.4917793487	1264.88330078125
2875.68186412899	1264.98327636719
2877.87132184997	1267.46667480469
2880.06015279325	1263.63330078125
2882.24835724039	1265.56665039063
2884.43593547278	1268.08337402344
2886.62288777173	1263.65002441406
2888.80921441843	1268.21667480469
2890.99491569397	1269.96667480469
2893.1799918793	1266.19995117188
2895.36444325529	1266.91662597656
2897.54827010269	1268.93334960938
2899.73147270213	1270.48327636719
2901.91405133412	1267.93334960938
2904.09600627909	1266.31665039063
2906.27733781731	1267.58337402344
2908.45804622899	1270.86669921875
2910.63813179418	1272.66662597656
2912.81759479286	1271.93334960938
2914.99643550486	1271.83337402344
2917.17465420994	1271.13330078125
2919.3522511877	1277.61669921875
2921.52922671765	1275.66662597656
2923.7055810792	1275.46667480469
2925.88131455162	1275.83337402344
2928.05642741408	1277.44995117188
2930.23091994566	1277.08337402344
2932.40479242528	1275.93334960938
2934.57804513178	1280.40002441406
2936.75067834387	1278.11669921875
2938.92269234017	1279.13330078125
2941.09408739916	1277.84997558594
2943.26486379921	1280.16662597656
2945.4350218186	1272.90002441406
2947.60456173546	1275.81665039063
2949.77348382783	1275.09997558594
2951.94178837363	1275.13330078125
2954.10947565068	1275.51672363281
2956.27654593666	1277.25
2958.44299950915	1275.11669921875
2960.60883664562	1278.63330078125
2962.77405762341	1278.81665039063
2964.93866271975	1276.43334960938
2967.10265221178	1277.38330078125
2969.26602637648	1279.48327636719
2971.42878549076	1275.73327636719
2973.59092983139	1274.76672363281
2975.75245967501	1270.81665039063
2977.9133752982	1269.30004882813
2980.07367697736	1269.33337402344
2982.23336498882	1268.40002441406
2984.39243960877	1266.59997558594
2986.5509011133	1266.93334960938
2988.70874977837	1266.61669921875
2990.86598587984	1265.96667480469
2993.02260969344	1268.03332519531
2995.17862149478	1263.80004882813
2997.33402155938	1262.34997558594
2999.48881016262	1264.44995117188
3001.64298757978	1262.44995117188
3003.796554086	1261.91662597656
3005.94950995633	1263.16662597656
3008.10185546569	1259.81665039063
3010.25359088888	1259.86669921875
3012.40471650059	1260.15002441406
3014.5552325754	1261.91662597656
3016.70513938776	1258.05004882813
3018.85443721201	1260.31665039063
3021.00312632236	1258.48327636719
3023.15120699292	1256.81665039063
3025.29867949769	1257.66662597656
3027.44554411052	1256.36669921875
3029.59180110516	1257.55004882813
3031.73745075527	1261.33337402344
3033.88249333434	1263.41662597656
3036.02692911578	1263.71667480469
3038.17075837287	1267.90002441406
3040.31398137877	1263.33337402344
3042.45659840653	1264.90002441406
3044.59860972907	1266.05004882813
3046.7400156192	1263.38330078125
3048.88081634961	1261.81665039063
3051.02101219287	1262.90002441406
3053.16060342144	1264.93334960938
3055.29959030765	1259.41662597656
3057.43797312371	1262.75
3059.57575214172	1265.90002441406
3061.71292763366	1266.84997558594
3063.84949987139	1264.44995117188
3065.98546912665	1266.90002441406
3068.12083567105	1265.38330078125
3070.2555997761	1265.36669921875
3072.38976171319	1263.48327636719
3074.52332175356	1262.08337402344
3076.65628016837	1262.5
3078.78863722863	1259.68334960938
3080.92039320526	1259.41662597656
3083.05154836902	1255.69995117188
3085.1821029906	1255.11669921875
3087.31205734051	1253.31665039063
3089.44141168921	1257.09997558594
3091.57016630696	1252.48327636719
3093.69832146398	1252.18334960938
3095.82587743032	1251.18334960938
3097.9528344759	1252.56665039063
3100.07919287056	1252.16662597656
3102.204952884	1249.55004882813
3104.33011478579	1250.86669921875
3106.45467884538	1254.01672363281
3108.57864533212	1254.16662597656
3110.70201451522	1250.71667480469
3112.82478666378	1251.09997558594
3114.94696204676	1250.30004882813
3117.06854093301	1248.28332519531
3119.18952359127	1253.41662597656
3121.30991029013	1249.91662597656
3123.4297012981	1249.13330078125
3125.54889688352	1250.13330078125
3127.66749731464	1246.69995117188
3129.78550285957	1248
3131.90291378633	1248.53332519531
3134.01973036277	1249.28332519531
3136.13595285665	1246.11669921875
3138.2515815356	1247.08337402344
3140.36661666714	1247.28332519531
3142.48105851863	1243.73327636719
3144.59490735734	1245.01672363281
3146.70816345041	1247.08337402344
3148.82082706486	1245.06665039063
3150.93289846758	1244.98327636719
3153.04437792532	1246.13330078125
3155.15526570475	1243.09997558594
3157.26556207238	1245.21667480469
3159.37526729461	1244.86669921875
3161.48438163771	1244.73327636719
3163.59290536784	1242.65002441406
3165.70083875102	1242.56665039063
3167.80818205315	1240.53332519531
3169.91493554002	1244.15002441406
3172.02109947727	1244.81665039063
3174.12667413044	1243.71667480469
3176.23165976493	1243.81665039063
3178.33605664602	1246.26672363281
3180.43986503887	1246.01672363281
3182.54308520852	1246.88330078125
3184.64571741986	1243.33337402344
3186.74776193769	1245.11669921875
3188.84921902664	1245.73327636719
3190.95008895128	1243.68334960938
3193.05037197599	1244.73327636719
3195.15006836504	1246.58337402344
3197.24917838262	1247.01672363281
3199.34770229274	1247.75
3201.44564035931	1243.63330078125
3203.5429928461	1246.96667480469
3205.63976001677	1243.51672363281
3207.73594213484	1245
3209.83153946372	1245.08337402344
3211.92655226669	1244.31665039063
3214.02098080688	1244.91662597656
3216.11482534732	1243.31665039063
3218.20808615091	1245.71667480469
3220.30076348041	1243.11669921875
3222.39285759847	1244.66662597656
3224.4843687676	1243.65002441406
3226.57529725019	1241.88330078125
3228.66564330851	1246.75
3230.75540720468	1244.55004882813
3232.8445892007	1242.21667480469
3234.93318955847	1246.88330078125
3237.02120853974	1244.19995117188
3239.10864640612	1241.63330078125
3241.19550341911	1242.61669921875
3243.28177984009	1242.09997558594
3245.36747593029	1243.40002441406
3247.45259195083	1241.90002441406
3249.53712816268	1241.91662597656
3251.62108482672	1241.43334960938
3253.70446220366	1243.59997558594
3255.78726055411	1241.16662597656
3257.86948013853	1242.75
3259.95112121728	1240.01672363281
3262.03218405055	1242.44995117188
3264.11266889845	1242.21667480469
3266.19257602092	1241.81665039063
3268.27190567779	1240.01672363281
3270.35065812876	1239.58337402344
3272.4288336334	1241.5
3274.50643245114	1239.21667480469
3276.5834548413	1242.63330078125
3278.65990106305	1240.43334960938
3280.73577137545	1242.11669921875
3282.81106603742	1242.81665039063
3284.88578530774	1240.25
3286.95992944508	1243.43334960938
3289.03349870796	1241.91662597656
3291.1064933548	1238.41662597656
3293.17891364384	1239.44995117188
3295.25075983324	1239.46667480469
3297.322032181	1240.40002441406
3299.39273094501	1241.05004882813
3301.462856383	1238.16662597656
3303.53240875259	1238.63330078125
3305.60138831128	1241.28332519531
3307.6697953164	1239.01672363281
3309.73763002519	1240.96667480469
3311.80489269472	1236.61669921875
3313.87158358198	1240.16662597656
3315.93770294378	1239
3318.00325103681	1238.18334960938
3320.06822811764	1241.73327636719
3322.13263444272	1239.25
3324.19647026832	1238.41662597656
3326.25973585064	1237.08337402344
3328.32243144568	1238.68334960938
3330.38455730938	1240.34997558594
3332.44611369749	1238.90002441406
3334.50710086564	1238.61669921875
3336.56751906936	1237.63330078125
3338.62736856401	1238.05004882813
3340.68664960483	1238.93334960938
3342.74536244693	1238.36669921875
3344.80350734528	1238.18334960938
3346.86108455472	1236.31665039063
3348.91809432997	1237.61669921875
3350.97453692559	1238.84997558594
3353.03041259603	1236.28332519531
3355.08572159559	1239.13330078125
3357.14046417844	1239.31665039063
3359.19464059863	1235.84997558594
3361.24825111005	1235.40002441406
3363.30129596648	1238.44995117188
3365.35377542155	1234.76672363281
3367.40568972878	1235.34997558594
3369.45703914152	1235.26672363281
3371.507823913	1233.98327636719
3373.55804429633	1235.53332519531
3375.60770054446	1235.59997558594
3377.65679291024	1234.86669921875
3379.70532164635	1234.33337402344
3381.75328700534	1234.41662597656
3383.80068923965	1235.51672363281
3385.84752860155	1235.73327636719
3387.89380534321	1234.13330078125
3389.93951971664	1235.21667480469
3391.98467197371	1236.21667480469
3394.02926236618	1232.98327636719
3396.07329114566	1237.76672363281
3398.1167585636	1233.88330078125
3400.15966487137	1234.66662597656
3402.20201032014	1233.26672363281
3404.24379516099	1232.65002441406
3406.28501964484	1232.23327636719
3408.3256840225	1229.41662597656
3410.3657885446	1234.91662597656
3412.40533346167	1230.51672363281
3414.44431902408	1233.56665039063
3416.48274548209	1234.81665039063
3418.5206130858	1231.58337402344
3420.55792208516	1230.68334960938
3422.59467273003	1235.21667480469
3424.63086527009	1231.09997558594
3426.6664999549	1231.40002441406
3428.70157703386	1234.19995117188
3430.73609675628	1231.76672363281
3432.77005937129	1232.96667480469
3434.80346512789	1230.59997558594
3436.83631427494	1234.96667480469
3438.86860706119	1229.68334960938
3440.90034373521	1229.76672363281
3442.93152454546	1229.76672363281
3444.96214974025	1232.19995117188
3446.99221956775	1232.86669921875
3449.021734276	1231.01672363281
3451.05069411289	1230.73327636719
3453.07909932619	1231.53332519531
3455.1069501635	1230.63330078125
3457.1342468723	1230.43334960938
3459.16098969993	1227.73327636719
3461.1871788936	1227.65002441406
3463.21281470035	1228.68334960938
3465.23789736712	1228.5
3467.26242714067	1227.30004882813
3469.28640426765	1226.41662597656
3471.30982899455	1229.21667480469
3473.33270156774	1231.19995117188
3475.35502223343	1228.15002441406
3477.3767912377	1228.08337402344
3479.39800882649	1227.34997558594
3481.41867524559	1228.21667480469
3483.43879074066	1225.15002441406
3485.45835555721	1225.21667480469
3487.47736994062	1227.08337402344
3489.49583413611	1227.31665039063
3491.51374838879	1226.63330078125
3493.53111294359	1228.25
3495.54792804533	1227.56665039063
3497.56419393867	1230.06665039063
3499.57991086814	1223.69995117188
3501.59507907811	1227.26672363281
3503.60969881284	1228.43334960938
3505.6237703164	1225.18334960938
3507.63729383278	1228.25
3509.65026960577	1227.80004882813
3511.66269787904	1225.25
3513.67457889613	1224.05004882813
3515.68591290042	1223.71667480469
3517.69670013515	1226.81665039063
3519.70694084342	1226.18334960938
3521.7166352682	1224.26672363281
3523.72578365229	1223.06665039063
3525.73438623836	1223.90002441406
3527.74244326893	1225.93334960938
3529.74995498641	1226.03332519531
3531.75692163301	1225.65002441406
3533.76334345084	1225.36669921875
3535.76922068186	1225.25
3537.77455356786	1223.15002441406
3539.77934235051	1223.19995117188
3541.78358727133	1222.30004882813
3543.78728857169	1224.94995117188
3545.79044649283	1221.69995117188
3547.79306127584	1224.78332519531
3549.79513316164	1225.13330078125
3551.79666239104	1221.23327636719
3553.79764920469	1224.83337402344
3555.7980938431	1223.21667480469
3557.79799654663	1224.65002441406
3559.79735755548	1222.18334960938
3561.79617710974	1221.46667480469
3563.79445544932	1222.88330078125
3565.79219281401	1220.78332519531
3567.78938944344	1222.15002441406
3569.7860455771	1220.30004882813
3571.78216145432	1219.96667480469
3573.77773731431	1220.59997558594
3575.7727733961	1218.73327636719
3577.76726993861	1221.53332519531
3579.76122718059	1221.65002441406
3581.75464536064	1219.19995117188
3583.74752471725	1223.81665039063
3585.7398654887	1221.78332519531
3587.73166791317	1217.73327636719
3589.7229322287	1220
3591.71365867314	1221.05004882813
3593.70384748424	1219.58337402344
3595.69349889955	1218.5
3597.68261315654	1221.38330078125
3599.67119049245	1218.21667480469
3601.65923114446	1218.25
3603.64673534952	1218.36669921875
3605.63370334449	1216.68334960938
3607.62013536607	1219.03332519531
3609.60603165079	1217.81665039063
3611.59139243504	1216.41662597656
3613.57621795509	1217.51672363281
3615.56050844701	1218.08337402344
3617.54426414677	1215.83337402344
3619.52748529017	1217.61669921875
3621.51017211285	1217.69995117188
3623.49232485031	1215.55004882813
3625.47394373792	1218.21667480469
3627.45502901088	1215.93334960938
3629.43558090423	1219.03332519531
3631.41559965288	1218.30004882813
3633.3950854916	1218.88330078125
3635.37403865498	1213.78332519531
3637.35245937747	1214.65002441406
3639.33034789339	1215.33337402344
3641.30770443688	1216.66662597656
3643.28452924196	1218.93334960938
3645.26082254248	1215.30004882813
3647.23658457212	1214.96667480469
3649.21181556447	1216.38330078125
3651.18651575291	1215.71667480469
3653.16068537069	1216.51672363281
3655.13432465092	1214.05004882813
3657.10743382653	1215.08337402344
3659.08001313034	1216.84997558594
3661.05206279498	1214.13330078125
3663.02358305295	1214.96667480469
3664.9945741366	1215.25
3666.96503627811	1213.51672363281
3668.93496970952	1214.40002441406
3670.90437466272	1213.88330078125
3672.87325136944	1212.94995117188
3674.84160006127	1214.19995117188
3676.80942096963	1217.81665039063
3678.77671432581	1213.33337402344
3680.74348036092	1214.55004882813
3682.70971930595	1213.58337402344
3684.6754313917	1214.76672363281
3686.64061684885	1212.56665039063
3688.60527590791	1213.38330078125
3690.56940879924	1211.18334960938
3692.53301575303	1213.03332519531
3694.49609699936	1212.90002441406
3696.45865276812	1210.98327636719
3698.42068328904	1215.68334960938
3700.38218879173	1211.71667480469
3702.34316950563	1214.33337402344
3704.30362566	1212.53332519531
3706.26355748399	1213.66662597656
3708.22296520657	1213.16662597656
3710.18184905656	1209.33337402344
3712.14020926263	1213.93334960938
3714.09804605328	1212.55004882813
3716.05535965687	1211.84997558594
3718.01215030162	1208.21667480469
3719.96841821555	1212.01672363281
3721.92416362657	1212.34997558594
3723.8793867624	1210.71667480469
3725.83408785063	1211.56665039063
3727.78826711869	1209.66662597656
3729.74192479384	1208.41662597656
3731.69506110319	1210.38330078125
3733.64767627371	1209.38330078125
3735.59977053219	1208.66662597656
3737.55134410528	1209.31665039063
3739.50239721947	1207.94995117188
3741.45293010108	1207.76672363281
3743.40294297631	1206.98327636719
3745.35243607116	1207.15002441406
3747.3014096115	1205.75
3749.24986382303	1206.41662597656
3751.19779893131	1209.18334960938
3753.14521516171	1204.76672363281
3755.09211273949	1208.53332519531
3757.0384918897	1208.01672363281
3758.98435283728	1205.30004882813
3760.92969580698	1208.38330078125
3762.87452102341	1208.98327636719
3764.81882871101	1208.55004882813
3766.76261909407	1207.36669921875
3768.70589239672	1208.58337402344
3770.64864884293	1206.5
3772.59088865651	1205.56665039063
3774.53261206112	1207.13330078125
3776.47381928025	1204.5
