-173.428722450078	1146.16662597656
-170.294344013779	1147.48327636719
-167.160990304052	1146.13330078125
-164.028660894548	1145.78332519531
-160.897355359205	1146.88330078125
-157.767073272189	1145.93334960938
-154.637814207931	1146.53332519531
-151.50957774112	1145.84997558594
-148.382363446704	1146.38330078125
-145.256170899859	1145.83337402344
-142.130999676054	1147.06665039063
-139.006849350965	1146.68334960938
-135.883719500571	1146.25
-132.761609701053	1145.23327636719
-129.640519528863	1145.90002441406
-126.520448560715	1146.68334960938
-123.401396373553	1145.56665039063
-120.28336254458	1146.55004882813
-117.166346651252	1146.18334960938
-114.050348271258	1146.44995117188
-110.935366982541	1147.11669921875
-107.821402363301	1146.55004882813
-104.708453991972	1146.40002441406
-101.596521447235	1146.16662597656
-98.4856043080122	1146.21667480469
-95.3757021534957	1145.66662597656
-92.2668145630801	1147.06665039063
-89.1589411164452	1147.19995117188
-86.0520813934781	1146.36669921875
-82.946234974338	1145.84997558594
-79.8414014394074	1146.03332519531
-76.7375803693083	1146.46667480469
-73.6347713449181	1146.75
-70.532973947345	1145.81665039063
-67.4321877579402	1146.59997558594
-64.3324123582935	1145.78332519531
-61.2336473302252	1146.78332519531
-58.1358922558143	1145.59997558594
-55.0391467173494	1146.16662597656
-51.9434102973817	1147.40002441406
-48.8486825786838	1145.13330078125
-45.7549631442702	1146.36669921875
-42.662251577389	1146.51672363281
-39.5705474615295	1145.86669921875
-36.4798503804062	1145.76672363281
-33.3901599179706	1147.05004882813
-30.301475658403	1146.78332519531
-27.2137971861287	1146.80004882813
-24.1271240858053	1145.01672363281
-21.0414559423028	1146.59997558594
-17.9567923407513	1147.11669921875
-14.8731328664812	1145.90002441406
-11.7904771050747	1146.73327636719
-8.70882464233763	1146.61669921875
-5.62817506431157	1145.81665039063
-2.54852795725342	1149.03332519531
0.530117092344597	1157.5
3.6077604977471	1160.41662597656
6.68440267202787	1154.43334960938
9.76004402799773	1149.18334960938
12.8346849782609	1147.56665039063
15.9083259351831	1146.41662597656
18.9809673109237	1146.69995117188
22.0526095173877	1147.25
25.1232529662903	1147.01672363281
28.1928980690886	1145.86669921875
31.2615452370419	1146.33337402344
34.32919488118	1146.40002441406
37.3958474123071	1145.88330078125
40.4615032409942	1146.63330078125
43.5261627776189	1145.83337402344
46.58982643231	1146.53332519531
49.6524946149833	1145.80004882813
52.7141677353456	1147.15002441406
55.7748462028835	1147.13330078125
58.8345304268427	1147.15002441406
61.8932208162729	1146.34997558594
64.9509177800033	1146.16662597656
68.0076217266271	1148.06665039063
71.0633330645419	1147.09997558594
74.118052201909	1148.31665039063
77.1717795467022	1157.80004882813
80.224515506648	1186
83.2762604892772	1246
86.3270149018856	1316.36669921875
89.3767791515896	1351.93334960938
92.4255536452548	1371.05004882813
95.4733387895519	1381.05004882813
98.5201349909248	1385.68334960938
101.565942655643	1384.38330078125
104.610762189717	1379.06665039063
107.654593998963	1384.01672363281
110.697438488996	1380.56665039063
113.739296065204	1381.25
116.78016713278	1382.38330078125
119.820052096698	1374.05004882813
122.85895136172	1373.78332519531
125.896865332408	1364.75
128.933794413111	1362.18334960938
131.969739007965	1357.78332519531
135.004699520911	1358.11669921875
138.038676355664	1347.5
141.071669915751	1343.19995117188
144.103680604487	1346.43334960938
147.134708824975	1342.61669921875
150.164754980118	1338.68334960938
153.193819472611	1334.06665039063
156.221902704945	1335.81665039063
159.24900507942	1333.31665039063
162.275126998099	1334.80004882813
165.300268862873	1335.48327636719
168.324431075425	1337.23327636719
171.347614037231	1333.65002441406
174.369818149562	1336.40002441406
177.391043813491	1338.36669921875
180.411291429897	1335.88330078125
183.430561399437	1332.13330078125
186.448854122582	1333.09997558594
189.466169999607	1336.21667480469
192.482509430598	1332.96667480469
195.497872815412	1332.11669921875
198.512260553716	1330.16662597656
201.525673045011	1331.61669921875
204.538110688552	1333.55004882813
207.549573883427	1332.86669921875
210.560063028519	1332.59997558594
213.569578522523	1330.43334960938
216.578120763917	1327.71667480469
219.585690151021	1328.13330078125
222.592287081907	1325.15002441406
225.597911954507	1327.65002441406
228.602565166512	1329.38330078125
231.606247115456	1329.80004882813
234.608958198646	1329.30004882813
237.610698813222	1327.08337402344
240.611469356122	1328.71667480469
243.611270224103	1328.5
246.610101813707	1331.25
249.607964521295	1332.68334960938
252.604858743044	1331.08337402344
255.600784874935	1328.68334960938
258.595743312749	1329.19995117188
261.589734452097	1332.80004882813
264.582758688393	1330.75
267.574816416842	1330.28332519531
270.565908032503	1329.55004882813
273.556033930195	1327.55004882813
276.545194504586	1331.03332519531
279.533390150138	1329.41662597656
282.520621261151	1335.84997558594
285.506888231708	1332.81665039063
288.49219145571	1329.56665039063
291.476531326902	1327.11669921875
294.459908238794	1335.73327636719
297.442322584762	1334.19995117188
300.423774757966	1333.26672363281
303.404265151375	1336.56665039063
306.383794157805	1330.56665039063
309.362362169862	1332.90002441406
312.339969579982	1331.19995117188
315.316616780414	1330.30004882813
318.292304163227	1333.11669921875
321.267032120295	1332.36669921875
324.24080104332	1327.36669921875
327.213611323833	1327.09997558594
330.185463353171	1331.13330078125
333.156357522491	1324.5
336.126294222774	1326.55004882813
339.095273844812	1328.08337402344
342.063296779227	1323.53332519531
345.030363416467	1324.23327636719
347.996474146782	1326.16662597656
350.961629360257	1326.88330078125
353.925829446806	1325.08337402344
356.889074796147	1328.66662597656
359.851365797829	1327.21667480469
362.812702841222	1324.55004882813
365.773086315536	1322.23327636719
368.732516609768	1324.69995117188
371.690994112778	1327.16662597656
374.648519213243	1323.05004882813
377.605092299631	1320.19995117188
380.560713760273	1323.15002441406
383.515383983307	1324.55004882813
386.469103356711	1321.01672363281
389.421872268273	1319.01672363281
392.373691105615	1320.19995117188
395.32456025619	1315.53332519531
398.274480107272	1318.90002441406
401.223451045967	1322.90002441406
404.171473459202	1323.16662597656
407.118547733728	1318.84997558594
410.064674256155	1319.81665039063
413.009853412892	1317.46667480469
415.954085590181	1322.43334960938
418.8973711741	1320.01672363281
421.83971055055	1321.81665039063
424.781104105281	1320.76672363281
427.721552223856	1320.98327636719
430.661055291665	1323.5
433.599613693946	1324.15002441406
436.537227815752	1324.84997558594
439.473898041993	1317.96667480469
442.409624757378	1319.88330078125
445.344408346476	1319.69995117188
448.278249193683	1321.34997558594
451.211147683207	1317.5
454.143104199122	1321.84997558594
457.074119125312	1320.75
460.004192845497	1322.5
462.933325743267	1318.76672363281
465.861518202001	1317.81665039063
468.788770604917	1319.01672363281
471.71508333511	1313.83337402344
474.640456775471	1322.69995117188
477.564891308737	1317.93334960938
480.488387317487	1321.5
483.410945184141	1322.26672363281
486.332565290942	1320.23327636719
489.253248019986	1319.25
492.172993753197	1322.80004882813
495.091802872338	1324.28332519531
498.009675759011	1328.75
500.926612794666	1329.15002441406
503.842614360571	1332.34997558594
506.757680837864	1342.46667480469
509.671812607493	1359.75
512.585010050263	1412.44995117188
515.497273546817	1599.09997558594
518.408603477637	1920.78332519531
521.319000223045	1974.66662597656
524.228464163205	1703.69995117188
527.136995678121	1508.28332519531
530.044595147647	1413.76672363281
532.951262951471	1370.48327636719
535.856999469123	1349.33337402344
538.761805079986	1337.55004882813
541.665680163279	1327.18334960938
544.568625098049	1325.69995117188
547.470640263216	1323.56665039063
550.371726037533	1318.09997558594
553.271882799588	1321.11669921875
556.171110927825	1317.30004882813
559.069410800531	1316.03332519531
561.966782795823	1319.19995117188
564.863227291685	1317.73327636719
567.758744665944	1312.28332519531
570.653335296256	1317.90002441406
573.546999560148	1315.78332519531
576.439737834969	1318.93334960938
579.331550497935	1317.43334960938
582.222437926093	1312.59997558594
585.112400496356	1314.43334960938
588.001438585469	1316.09997558594
590.889552570021	1314.46667480469
593.77674282648	1316.76672363281
596.663009731132	1311.48327636719
599.548353660116	1313.30004882813
602.432774989433	1316.73327636719
605.316274094926	1314.34997558594
608.198851352303	1314.06665039063
611.080507137075	1314.09997558594
613.961241824667	1316.86669921875
616.841055790315	1313.76672363281
619.71994940911	1317.18334960938
622.597923056008	1316.81665039063
625.474977105798	1313.81665039063
628.351111933143	1314.06665039063
631.22632791255	1315.93334960938
634.10062541835	1315.63330078125
636.97400482478	1317.61669921875
639.846466505882	1313.58337402344
642.718010835585	1314.05004882813
645.58863818764	1317.18334960938
648.458348935679	1316.19995117188
651.327143453188	1316.15002441406
654.195022113475	1314.51672363281
657.061985289745	1316.09997558594
659.928033355022	1315.66662597656
662.79316668221	1317.46667480469
665.657385644057	1316
668.520690613176	1314.31665039063
671.383081962017	1311.05004882813
674.244560062899	1314.46667480469
677.105125288002	1313.44995117188
679.964778009343	1315.46667480469
682.823518598832	1314.69995117188
685.681347428202	1317.48327636719
688.538264869057	1311.98327636719
691.394271292855	1315.76672363281
694.249367070914	1312.34997558594
697.103552574412	1310.86669921875
699.956828174378	1312.21667480469
702.809194241715	1313.38330078125
705.660651147175	1308.06665039063
708.511199261361	1310.84997558594
711.360838954755	1312.94995117188
714.209570597676	1309.93334960938
717.057394560329	1312.93334960938
719.90431121275	1313.36669921875
722.750320924861	1311.36669921875
725.59542406643	1312.63330078125
728.439621007094	1311.25
731.282912116347	1311.26672363281
734.125297763539	1309.84997558594
736.966778317898	1311.69995117188
739.807354148498	1307.43334960938
742.647025624275	1312.69995117188
745.485793114042	1310.43334960938
748.323656986468	1314.05004882813
751.160617610072	1314.90002441406
753.996675353258	1315.56665039063
756.831830584275	1314.93334960938
759.666083671249	1314.28332519531
762.499434982158	1313.63330078125
765.331884884853	1312.03332519531
768.163433747055	1313.40002441406
770.994081936328	1311.21667480469
773.823829820116	1313.63330078125
776.652677765732	1311.90002441406
779.480626140347	1311.65002441406
782.307675310993	1314.25
785.133825644576	1311.34997558594
787.959077507869	1311.36669921875
790.783431267511	1313.78332519531
793.606887289986	1315.81665039063
796.429445941685	1316.94995117188
799.251107588836	1316.01672363281
802.071872597536	1314.19995117188
804.891741333751	1314.05004882813
807.71071416334	1311.5
810.528791451981	1313.03332519531
813.345973565269	1309.75
816.162260868638	1311.91662597656
818.977653727395	1313.63330078125
821.792152506717	1314.19995117188
824.605757571661	1313.06665039063
827.418469287133	1314.58337402344
830.230288017926	1317.15002441406
833.0412141287	1315.38330078125
835.851247983973	1314.03332519531
838.660389948141	1311.13330078125
841.468640385466	1313.58337402344
844.27599966009	1317.98327636719
847.082468136026	1318.31665039063
849.888046177135	1319.55004882813
852.692734147171	1314.01672363281
855.496532409758	1314.83337402344
858.29944132839	1316.36669921875
861.10146126642	1319.06665039063
863.902592587094	1317.59997558594
866.702835653509	1316.66662597656
869.502190828641	1317.69995117188
872.300658475353	1313.11669921875
875.098238956361	1316.94995117188
877.894932634271	1315.59997558594
880.690739871548	1316.25
883.485661030531	1317.51672363281
886.279696473447	1315.23327636719
889.072846562376	1318.18334960938
891.86511165929	1319.38330078125
894.65649212603	1315.19995117188
897.446988324303	1315.83337402344
900.236600615703	1316.11669921875
903.025329361687	1317.06665039063
905.813174923597	1318.03332519531
908.600137662639	1317.43334960938
911.38621793991	1318.30004882813
914.171416116365	1318.40002441406
916.95573255285	1317.56665039063
919.739167610082	1315.03332519531
922.521721648641	1316.73327636719
925.303395029005	1318.73327636719
928.084188111517	1324.76672363281
930.864101256396	1329.36669921875
933.643134823733	1326.51672363281
936.42128917351	1331.66662597656
939.198564665577	1337.55004882813
941.97496165967	1335.28332519531
944.750480515391	1340.91662597656
947.525121592226	1338.98327636719
950.298885249534	1339.16662597656
953.071771846555	1337.46667480469
955.843781742413	1336.34997558594
958.614915296108	1335.15002441406
961.385172866513	1340.09997558594
964.154554812387	1339.65002441406
966.92306149236	1338.93334960938
969.690693264949	1336.5
972.457450488552	1336.53332519531
975.223333521431	1341.01672363281
977.988342721749	1339.55004882813
980.752478447535	1334.73327636719
983.515741056708	1336.28332519531
986.278130907059	1336.90002441406
989.039648356259	1331.69995117188
991.800293761863	1333.19995117188
994.560067481312	1329.71667480469
997.318969871913	1326.28332519531
1000.07700129088	1329.06665039063
1002.83416209528	1323.43334960938
1005.59045264208	1322.78332519531
1008.34587328813	1320.78332519531
1011.10042439014	1317.06665039063
1013.85410630472	1320.63330078125
1016.60691938837	1319.91662597656
1019.35886399746	1317.69995117188
1022.10994048823	1321.18334960938
1024.86014921684	1324.31665039063
1027.60949053928	1320.18334960938
1030.35796481149	1314.13330078125
1033.10557238924	1313.43334960938
1035.85231362819	1316.88330078125
1038.5981888839	1316.96667480469
1041.34319851182	1316.71667480469
1044.08734286727	1309.66662597656
1046.83062230544	1311.28332519531
1049.57303718143	1310.59997558594
1052.31458785021	1312.41662597656
1055.05527466665	1310.69995117188
1057.79509798549	1309.23327636719
1060.53405816134	1315.41662597656
1063.27215554874	1308.59997558594
1066.00939050209	1312.93334960938
1068.74576337565	1311.48327636719
1071.48127452361	1314.11669921875
1074.21592430002	1310.83337402344
1076.94971305882	1305.56665039063
1079.68264115384	1311.13330078125
1082.41470893879	1307.25
1085.14591676728	1309.78332519531
1087.8762649928	1305.06665039063
1090.60575396871	1307.05004882813
1093.33438404827	1312.80004882813
1096.06215558464	1307.41662597656
1098.78906893086	1310.33337402344
1101.51512443981	1309.81665039063
1104.24032246435	1306.91662597656
1106.96466335716	1307.91662597656
1109.68814747081	1305.46667480469
1112.41077515779	1309.75
1115.13254677044	1306.44995117188
1117.85346266104	1309.36669921875
1120.57352318169	1306.80004882813
1123.29272868445	1306.73327636719
1126.01107952121	1304.61669921875
1128.72857604378	1308.28332519531
1131.44521860385	1310.84997558594
1134.16100755301	1302.09997558594
1136.87594324271	1309.25
1139.59002602433	1306.06665039063
1142.3032562491	1311.56665039063
1145.01563426818	1316.96667480469
1147.72716043257	1316.48327636719
1150.43783509322	1316.36669921875
1153.14765860091	1317.34997558594
1155.85663130634	1314.40002441406
1158.56475356012	1312.63330078125
1161.27202571271	1308.16662597656
1163.97844811448	1312.15002441406
1166.68402111569	1311.15002441406
1169.38874506649	1311.94995117188
1172.09262031694	1312.65002441406
1174.79564721695	1309.43334960938
1177.49782611635	1313.01672363281
1180.19915736486	1307.94995117188
1182.89964131208	1311.94995117188
1185.59927830751	1308.36669921875
1188.29806870054	1312.26672363281
1190.99601284046	1305.03332519531
1193.69311107643	1308.33337402344
1196.38936375753	1308.80004882813
1199.08477123271	1308.68334960938
1201.77933385082	1307.78332519531
1204.47305196061	1310.31665039063
1207.1659259107	1307.91662597656
1209.85795604964	1309.36669921875
1212.54914272585	1311.33337402344
1215.23948628763	1307.83337402344
1217.92898708319	1310.76672363281
1220.61764546064	1313.63330078125
1223.30546176798	1316
1225.99243635308	1313.94995117188
1228.67856956373	1309.91662597656
1231.36386174761	1309.48327636719
1234.04831325228	1314.66662597656
1236.73192442522	1312.44995117188
1239.41469561377	1308.96667480469
1242.09662716519	1312.56665039063
1244.77771942662	1312.25
1247.45797274511	1314.55004882813
1250.13738746759	1310.43334960938
1252.81596394089	1316.06665039063
1255.49370251175	1313.65002441406
1258.17060352676	1312.31665039063
1260.84666733246	1310.73327636719
1263.52189427525	1314.91662597656
1266.19628470144	1319.75
1268.86983895722	1315.18334960938
1271.5425573887	1315.15002441406
1274.21444034186	1319.96667480469
1276.8854881626	1317.11669921875
1279.55570119671	1319.06665039063
1282.22507978985	1315.68334960938
1284.89362428759	1317.38330078125
1287.56133503543	1317.05004882813
1290.22821237872	1323.05004882813
1292.89425666274	1320.53332519531
1295.55946823263	1324.25
1298.22384743346	1323.73327636719
1300.88739461019	1325.46667480469
1303.55011010766	1317.03332519531
1306.21199427063	1313.28332519531
1308.87304744373	1312.53332519531
1311.53326997152	1313.03332519531
1314.19266219843	1313.11669921875
1316.8512244688	1310.93334960938
1319.50895712687	1311.06665039063
1322.16586051676	1307.69995117188
1324.82193498252	1305.40002441406
1327.47718086806	1311.76672363281
1330.1315985172	1304.98327636719
1332.78518827369	1308.83337402344
1335.43795048114	1307.68334960938
1338.08988548307	1308.40002441406
1340.74099362289	1313.08337402344
1343.39127524392	1308.96667480469
1346.04073068939	1310.58337402344
1348.6893603024	1311.11669921875
1351.33716442597	1307.56665039063
1353.98414340301	1311.76672363281
1356.63029757632	1308.40002441406
1359.27562728863	1306.30004882813
1361.92013288252	1308.28332519531
1364.56381470053	1304.28332519531
1367.20667308505	1302.18334960938
1369.84870837838	1304.58337402344
1372.48992092274	1306.88330078125
1375.13031106023	1307.26672363281
1377.76987913284	1304.96667480469
1380.40862548251	1308.33337402344
1383.04655045101	1305.15002441406
1385.68365438006	1306.71667480469
1388.31993761126	1306.71667480469
1390.95540048612	1308.16662597656
1393.59004334605	1308.23327636719
1396.22386653233	1307.78332519531
1398.85687038619	1308.34997558594
1401.48905524873	1308.61669921875
1404.12042146094	1309.84997558594
1406.75096936375	1312.53332519531
1409.38069929796	1311.08337402344
1412.00961160428	1311.58337402344
1414.63770662332	1310.5
1417.26498469557	1306.11669921875
1419.89144616146	1305.91662597656
1422.51709136132	1306.56665039063
1425.14192063532	1308.08337402344
1427.76593432361	1309.15002441406
1430.3891327662	1306.21667480469
1433.01151630299	1304.65002441406
1435.63308527382	1310.05004882813
1438.2538400184	1309.03332519531
1440.87378087637	1307.88330078125
1443.49290818722	1309.36669921875
1446.1112222904	1313.86669921875
1448.72872352524	1307.88330078125
1451.34541223097	1308.44995117188
1453.96128874671	1313.61669921875
1456.5763534115	1313.94995117188
1459.19060656429	1307.83337402344
1461.8040485439	1311.48327636719
1464.41667968907	1310.75
1467.02850033846	1311.75
1469.63951083061	1311.90002441406
1472.24971150397	1307.69995117188
1474.8591026969	1307.28332519531
1477.46768474763	1306.80004882813
1480.07545799434	1310.34997558594
1482.68242277508	1315.41662597656
1485.28857942782	1312.59997558594
1487.89392829042	1307.28332519531
1490.49846970065	1302.41662597656
1493.10220399619	1304.5
1495.70513151461	1303.86669921875
1498.30725259339	1303.75
1500.90856756992	1306.31665039063
1503.50907678146	1305.01672363281
1506.10878056524	1303.33337402344
1508.70767925832	1301.03332519531
1511.30577319772	1303.68334960938
1513.90306272032	1302.58337402344
1516.49954816295	1302.30004882813
1519.09522986229	1303.69995117188
1521.69010815498	1300.81665039063
1524.28418337751	1298.83337402344
1526.87745586632	1302.84997558594
1529.46992595773	1300.81665039063
1532.06159398796	1302.09997558594
1534.65246029316	1301.46667480469
1537.24252520935	1302.11669921875
1539.83178907249	1304.25
1542.42025221841	1299.98327636719
1545.00791498287	1299.48327636719
1547.59477770152	1302.33337402344
1550.18084070993	1301.16662597656
1552.76610434356	1303.03332519531
1555.35056893777	1301.18334960938
1557.93423482785	1303.13330078125
1560.51710234896	1305.15002441406
1563.0991718362	1304.19995117188
1565.68044362457	1304.98327636719
1568.26091804893	1303.5
1570.84059544411	1304.68334960938
1573.41947614481	1305.56665039063
1575.99756048562	1306.15002441406
1578.57484880108	1308.98327636719
1581.15134142559	1306.96667480469
1583.72703869349	1307.33337402344
1586.301940939	1311.18334960938
1588.87604849628	1311.69995117188
1591.44936169934	1315.51672363281
1594.02188088215	1316.93334960938
1596.59360637855	1325.13330078125
1599.16453852232	1340.41662597656
1601.73467764709	1347.53332519531
1604.30402408647	1350.05004882813
1606.87257817391	1347.19995117188
1609.44034024281	1338.55004882813
1612.00731062644	1330.61669921875
1614.57348965801	1323.31665039063
1617.13887767062	1318.05004882813
1619.70347499726	1313.43334960938
1622.26728197086	1312.38330078125
1624.83029892423	1309.41662597656
1627.39252619012	1312.25
1629.95396410112	1322.26672363281
1632.5146129898	1329.26672363281
1635.07447318858	1327.21667480469
1637.63354502984	1322.06665039063
1640.19182884582	1310.33337402344
1642.74932496868	1310.78332519531
1645.3060337305	1304.40002441406
1647.86195546325	1304.28332519531
1650.41709049882	1305.26672363281
1652.971439169	1304.41662597656
1655.52500180548	1301.98327636719
1658.07777873987	1300.84997558594
1660.62977030368	1302.06665039063
1663.18097682833	1301.86669921875
1665.73139864514	1300.33337402344
1668.28103608534	1300.46667480469
1670.82988948008	1295.94995117188
1673.37795916039	1299.15002441406
1675.92524545724	1298.34997558594
1678.47174870147	1299.01672363281
1681.01746922386	1299.65002441406
1683.56240735508	1300.83337402344
1686.10656342572	1297.33337402344
1688.64993776626	1302.11669921875
1691.19253070709	1299.55004882813
1693.73434257853	1300.48327636719
1696.27537371078	1299.44995117188
1698.81562443395	1300.94995117188
1701.35509507809	1302.76672363281
1703.89378597311	1298.44995117188
1706.43169744886	1303.61669921875
1708.96882983509	1301.73327636719
1711.50518346144	1303.36669921875
1714.0407586575	1305.94995117188
1716.57555575272	1311.40002441406
1719.10957507649	1311.26672363281
1721.64281695809	1315.5
1724.17528172671	1317.66662597656
1726.70696971146	1317.56665039063
1729.23788124135	1315.09997558594
1731.7680166453	1317.08337402344
1734.29737625213	1311.18334960938
1736.82596039057	1311.48327636719
1739.35376938927	1309.33337402344
1741.88080357677	1302.43334960938
1744.40706328154	1304
1746.93254883193	1306.73327636719
1749.45726055623	1301.08337402344
1751.9811987826	1303.80004882813
1754.50436383915	1301
1757.02675605387	1299.90002441406
1759.54837575466	1296.93334960938
1762.06922326934	1298.01672363281
1764.58929892564	1296.56665039063
1767.10860305118	1299.51672363281
1769.6271359735	1296.06665039063
1772.14489802005	1297.48327636719
1774.66188951817	1299.55004882813
1777.17811079515	1300.84997558594
1779.69356217815	1301.18334960938
1782.20824399425	1299.41662597656
1784.72215657043	1300
1787.23530023361	1298.23327636719
1789.74767531057	1297.56665039063
1792.25928212804	1299.80004882813
1794.77012101264	1296.94995117188
1797.2801922909	1296.63330078125
1799.78949628926	1299.75
1802.29803333406	1297.08337402344
1804.80580375158	1296.73327636719
1807.31280786797	1300.5
1809.81904600929	1300.53332519531
1812.32451850154	1297.68334960938
1814.82922567061	1296.48327636719
1817.33316784231	1296.80004882813
1819.83634534233	1296.48327636719
1822.33875849629	1299.13330078125
1824.84040762973	1296.65002441406
1827.34129306808	1297.43334960938
1829.84141513667	1297.61669921875
1832.34077416077	1296.44995117188
1834.83937046553	1300.56665039063
1837.33720437602	1294.75
1839.83427621723	1293.73327636719
1842.33058631404	1294.98327636719
1844.82613499125	1295.13330078125
1847.32092257355	1297.76672363281
1849.81494938558	1294.83337402344
1852.30821575184	1297.86669921875
1854.80072199677	1298.91662597656
1857.29246844473	1300.93334960938
1859.78345541994	1298.61669921875
1862.27368324658	1297.43334960938
1864.76315224871	1296.15002441406
1867.2518627503	1296.71667480469
1869.73981507524	1294.51672363281
1872.22700954733	1295.59997558594
1874.71344649027	1298.26672363281
1877.19912622768	1297.48327636719
1879.68404908308	1298.94995117188
1882.16821537988	1298.30004882813
1884.65162544145	1297.11669921875
1887.13427959102	1295.94995117188
1889.61617815175	1302.65002441406
1892.0973214467	1298.58337402344
1894.57770979887	1298.65002441406
1897.05734353113	1298.76672363281
1899.53622296628	1296.63330078125
1902.014348427	1298.51672363281
1904.49172023593	1297.46667480469
1906.96833871558	1296.5
1909.44420418839	1298.25
1911.91931697668	1298.23327636719
1914.39367740272	1298.21667480469
1916.86728578865	1298.43334960938
1919.34014245654	1294.30004882813
1921.81224772838	1296.01672363281
1924.28360192604	1298.76672363281
1926.75420537132	1296.09997558594
1929.22405838593	1298.90002441406
1931.69316129147	1294.26672363281
1934.16151440948	1297.68334960938
1936.62911806136	1294.78332519531
1939.09597256848	1296.68334960938
1941.56207825207	1296.03332519531
1944.0274354333	1299.75
1946.49204443322	1292.93334960938
1948.95590557284	1296.73327636719
1951.41901917301	1298.08337402344
1953.88138555454	1291.33337402344
1956.34300503813	1296.18334960938
1958.8038779444	1296.73327636719
1961.26400459387	1297.71667480469
1963.72338530697	1293.96667480469
1966.18202040403	1297.5
1968.63991020531	1297
1971.09705503097	1295.53332519531
1973.55345520107	1294.06665039063
1976.0091110356	1296.96667480469
1978.46402285444	1301.61669921875
1980.91819097737	1294.83337402344
1983.3716157241	1297.44995117188
1985.82429741427	1295.84997558594
1988.27623636736	1294.71667480469
1990.72743290284	1297.66662597656
1993.17788734002	1294.51672363281
1995.62759999817	1295.44995117188
1998.07657119644	1292.51672363281
2000.5248012539	1296.36669921875
2002.97229048952	1293.25
2005.41903922219	1296.55004882813
2007.86504777071	1299.31665039063
2010.31031645378	1294.75
2012.75484559	1296.48327636719
2015.19863549792	1298.11669921875
2017.64168649594	1298.16662597656
2020.08399890242	1296.15002441406
2022.5255730356	1297.31665039063
2024.96640921365	1296.15002441406
2027.40650775462	1294.33337402344
2029.84586897649	1295.16662597656
2032.28449319715	1293.05004882813
2034.72238073438	1297.66662597656
2037.15953190591	1295.30004882813
2039.59594702932	1296.51672363281
2042.03162642215	1294.68334960938
2044.46657040182	1297.28332519531
2046.90077928567	1298.59997558594
2049.33425339095	1296.56665039063
2051.76699303481	1297.40002441406
2054.19899853433	1294.69995117188
2056.63027020645	1294.44995117188
2059.06080836809	1294.06665039063
2061.49061333602	1297.18334960938
2063.91968542694	1295.88330078125
2066.34802495747	1294.91662597656
2068.77563224411	1295.33337402344
2071.20250760329	1293.18334960938
2073.62865135136	1297
2076.05406380455	1293.38330078125
2078.47874527901	1292.31665039063
2080.9026960908	1291.84997558594
2083.3259165559	1295.78332519531
2085.74840699018	1297.38330078125
2088.17016770944	1295.06665039063
2090.59119902935	1294.43334960938
2093.01150126553	1294.05004882813
2095.43107473348	1294.56665039063
2097.84991974864	1296.18334960938
2100.26803662633	1296.19995117188
2102.68542568178	1295.16662597656
2105.10208723015	1296.78332519531
2107.51802158648	1290.90002441406
2109.93322906574	1295.18334960938
2112.3477099828	1294.51672363281
2114.76146465245	1295.59997558594
2117.17449338937	1294.56665039063
2119.58679650815	1293.73327636719
2121.9983743233	1294.68334960938
2124.40922714924	1295.11669921875
2126.81935530029	1292.65002441406
2129.22875909067	1295.44995117188
2131.63743883452	1296.58337402344
2134.04539484589	1296.56665039063
2136.45262743874	1297.46667480469
2138.85913692692	1298.59997558594
2141.26492362422	1296.30004882813
2143.6699878443	1293.86669921875
2146.07432990076	1295.94995117188
2148.47795010708	1292.81665039063
2150.88084877667	1294.73327636719
2153.28302622285	1294.63330078125
2155.68448275883	1298.40002441406
2158.08521869774	1292.84997558594
2160.48523435261	1294.53332519531
2162.88453003639	1294.58337402344
2165.28310606193	1295.21667480469
2167.68096274199	1298.98327636719
2170.07810038922	1292.78332519531
2172.47451931622	1296.41662597656
2174.87021983546	1297.86669921875
2177.26520225933	1293.81665039063
2179.65946690013	1293.61669921875
2182.05301407006	1294.46667480469
2184.44584408123	1294.55004882813
2186.83795724567	1292.15002441406
2189.22935387531	1295.33337402344
2191.62003428198	1297.80004882813
2194.00999877743	1293.68334960938
2196.39924767329	1296.41662597656
2198.78778128115	1293.91662597656
2201.17559991245	1292.08337402344
2203.56270387857	1294.94995117188
2205.94909349081	1295.75
2208.33476906033	1294.48327636719
2210.71973089824	1294.96667480469
2213.10397931554	1295.96667480469
2215.48751462314	1296.56665039063
2217.87033713186	1293.36669921875
2220.25244715242	1291.58337402344
2222.63384499546	1294.34997558594
2225.01453097151	1296.90002441406
2227.39450539101	1294.56665039063
2229.77376856434	1296.56665039063
2232.15232080173	1293.88330078125
2234.53016241336	1293
2236.9072937093	1296.30004882813
2239.28371499954	1296.55004882813
2241.65942659396	1296.06665039063
2244.03442880236	1297.41662597656
2246.40872193443	1295.83337402344
2248.78230629979	1290.90002441406
2251.15518220795	1295.25
2253.52734996835	1297.13330078125
2255.89880989029	1295.25
2258.26956228301	1294.93334960938
2260.63960745567	1294.23327636719
2263.00894571731	1296.09997558594
2265.37757737688	1295.55004882813
2267.74550274324	1293.43334960938
2270.11272212517	1293.75
2272.47923583134	1294.84997558594
2274.84504417031	1294.76672363281
2277.2101474506	1299.43334960938
2279.57454598058	1296.38330078125
2281.93824006856	1292.61669921875
2284.30123002275	1292.96667480469
2286.66351615125	1294.91662597656
2289.02509876208	1297.63330078125
2291.38597816317	1296
2293.74615466236	1295.30004882813
2296.10562856737	1293.15002441406
2298.46440018585	1294.93334960938
2300.82246982535	1296.05004882813
2303.1798377933	1291.61669921875
2305.5365043971	1294.69995117188
2307.89246994399	1294.66662597656
2310.24773474116	1297
2312.60229909566	1293.09997558594
2314.95616331451	1293.41662597656
2317.30932770456	1293.53332519531
2319.66179257263	1293.13330078125
2322.01355822542	1294.09997558594
2324.36462496953	1294.46667480469
2326.71499311146	1297.78332519531
2329.06466295764	1294.76672363281
2331.41363481439	1296.08337402344
2333.76190898794	1294.81665039063
2336.10948578441	1297.91662597656
2338.45636550986	1293.61669921875
2340.80254847022	1291.63330078125
2343.14803497132	1294.65002441406
2345.49282531895	1294.36669921875
2347.83691981874	1297.01672363281
2350.18031877626	1292.83337402344
2352.52302249699	1294.05004882813
2354.8650312863	1293.19995117188
2357.20634544946	1296.83337402344
2359.54696529166	1291.55004882813
2361.88689111798	1293.5
2364.22612323341	1296.25
2366.56466194287	1296.21667480469
2368.90250755114	1294.69995117188
2371.23966036293	1292.15002441406
2373.57612068286	1292.34997558594
2375.91188881545	1296.44995117188
2378.2469650651	1297.61669921875
2380.58134973615	1294.41662597656
2382.91504313282	1295.30004882813
2385.24804555926	1292.41662597656
2387.58035731949	1294.25
2389.91197871745	1294.75
2392.24291005701	1292.31665039063
2394.57315164189	1292.40002441406
2396.90270377577	1293.98327636719
2399.23156676218	1292.06665039063
2401.55974090461	1296.66662597656
2403.88722650642	1291.65002441406
2406.21402387086	1294.03332519531
2408.54013330113	1293.61669921875
2410.8655551003	1291.15002441406
2413.19028957133	1296.31665039063
2415.51433701713	1292.5
2417.83769774049	1295.90002441406
2420.16037204408	1296
2422.48236023051	1290.59997558594
2424.80366260228	1293.55004882813
2427.12427946179	1291.69995117188
2429.44421111134	1293.21667480469
2431.76345785315	1294.75
2434.08201998932	1292.51672363281
2436.39989782188	1296.46667480469
2438.71709165273	1291.91662597656
2441.0336017837	1294.08337402344
2443.34942851653	1293.05004882813
2445.66457215282	1290.73327636719
2447.97903299412	1294.34997558594
2450.29281134185	1291.88330078125
2452.60590749736	1293.98327636719
2454.91832176188	1289.69995117188
2457.23005443656	1293.68334960938
2459.54110582243	1295.81665039063
2461.85147622045	1298.03332519531
2464.16116593146	1292.73327636719
2466.47017525621	1290.80004882813
2468.77850449536	1293.08337402344
2471.08615394947	1290.05004882813
2473.39312391899	1291.19995117188
2475.69941470429	1293.75
2478.00502660562	1293.59997558594
2480.30995992316	1291.18334960938
2482.61421495697	1292.16662597656
2484.91779200702	1296.33337402344
2487.22069137316	1293.30004882813
2489.5229133552	1293.06665039063
2491.8244582528	1290.80004882813
2494.12532636553	1294.86669921875
2496.42551799287	1289.68334960938
2498.72503343421	1292.88330078125
2501.02387298882	1291.09997558594
2503.32203695588	1293.06665039063
2505.61952563449	1290.43334960938
2507.91633932361	1293.59997558594
2510.21247832216	1290.98327636719
2512.50794292891	1291.83337402344
2514.80273344255	1288.18334960938
2517.09685016167	1290.55004882813
2519.39029338476	1289.88330078125
2521.68306341022	1291.03332519531
2523.97516053634	1291.13330078125
2526.26658506132	1288.5
2528.55733728325	1290.75
2530.84741750012	1293.23327636719
2533.13682600984	1291.15002441406
2535.4255631102	1291.06665039063
2537.7136290989	1291.26672363281
2540.00102427354	1289.81665039063
2542.28774893162	1290.48327636719
2544.57380337053	1289.61669921875
2546.85918788758	1289.16662597656
2549.14390277997	1294.11669921875
2551.4279483448	1289.90002441406
2553.71132487906	1294.43334960938
2555.99403267966	1286.34997558594
2558.27607204341	1296.43334960938
2560.55744326699	1290.59997558594
2562.83814664702	1292.03332519531
2565.11818247999	1294.83337402344
2567.3975510623	1291.68334960938
2569.67625269025	1291.30004882813
2571.95428766003	1290.44995117188
2574.23165626776	1290.55004882813
2576.50835880942	1287.68334960938
2578.78439558093	1289.46667480469
2581.05976687806	1287.25
2583.33447299652	1292.59997558594
2585.60851423191	1290.68334960938
2587.88189087972	1291.23327636719
2590.15460323534	1292.48327636719
2592.42665159406	1287.33337402344
2594.69803625108	1290.65002441406
2596.9687575015	1293.19995117188
2599.23881564029	1288.28332519531
2601.50821096235	1288.65002441406
2603.77694376245	1289.01672363281
2606.0450143353	1292.88330078125
2608.31242297548	1289.19995117188
2610.57916997746	1288.34997558594
2612.84525563562	1290.21667480469
2615.11068024426	1289.58337402344
2617.37544409753	1286.43334960938
2619.63954748952	1292.18334960938
2621.90299071421	1288.05004882813
2624.16577406546	1290.94995117188
2626.42789783705	1293.19995117188
2628.68936232264	1293.18334960938
2630.9501678158	1291.01672363281
2633.21031460999	1288.41662597656
2635.46980299857	1287.43334960938
2637.72863327481	1290.53332519531
2639.98680573185	1290.63330078125
2642.24432066276	1289.33337402344
2644.50117836048	1290.96667480469
2646.75737911786	1293.84997558594
2649.01292322765	1290.44995117188
2651.26781098249	1288.36669921875
2653.52204267492	1289.63330078125
2655.77561859738	1287.93334960938
2658.0285390422	1292.25
2660.28080430161	1288.91662597656
2662.53241466774	1288.76672363281
2664.78337043263	1287.59997558594
2667.03367188817	1290.43334960938
2669.2833193262	1288.68334960938
2671.53231303844	1289.48327636719
2673.78065331648	1288.76672363281
2676.02834045184	1289.46667480469
2678.27537473592	1290.56665039063
2680.52175646002	1293.03332519531
2682.76748591535	1289.31665039063
2685.01256339298	1286.09997558594
2687.25698918391	1286.16662597656
2689.50076357901	1289.56665039063
2691.74388686909	1287.93334960938
2693.9863593448	1289.11669921875
2696.22818129672	1290.26672363281
2698.46935301532	1288.26672363281
2700.70987479096	1287.96667480469
2702.94974691389	1289.71667480469
2705.18896967428	1290.40002441406
2707.42754336216	1288.25
2709.66546826749	1291.18334960938
2711.90274468011	1286.65002441406
2714.13937288974	1289.66662597656
2716.37535318602	1286.71667480469
2718.61068585848	1289.46667480469
2720.84537119652	1287.73327636719
2723.07940948947	1288.88330078125
2725.31280102654	1285.71667480469
2727.54554609682	1286.83337402344
2729.77764498933	1287.76672363281
2732.00909799294	1287.26672363281
2734.23990539644	1285.38330078125
2736.47006748853	1283.13330078125
2738.69958455777	1284.21667480469
2740.92845689263	1287.81665039063
2743.15668478147	1284.51672363281
2745.38426851257	1287.46667480469
2747.61120837406	1285.01672363281
2749.83750465399	1282.48327636719
2752.0631576403	1289.03332519531
2754.28816762083	1286.09997558594
2756.51253488329	1288.41662597656
2758.73625971532	1287.63330078125
2760.95934240442	1288
2763.18178323801	1285.03332519531
2765.40358250338	1283.78332519531
2767.62474048773	1286.93334960938
2769.84525747814	1285.55004882813
2772.06513376159	1283.30004882813
2774.28436962496	1285.44995117188
2776.50296535501	1286.96667480469
2778.7209212384	1284.98327636719
2780.93823756168	1286.48327636719
2783.15491461129	1286.21667480469
2785.37095267358	1286.48327636719
2787.58635203477	1281.93334960938
2789.80111298097	1285.11669921875
2792.01523579822	1281.94995117188
2794.2287207724	1283.48327636719
2796.44156818932	1286.06665039063
2798.65377833468	1285.30004882813
2800.86535149404	1282.81665039063
2803.07628795289	1282.31665039063
2805.28658799659	1285.88330078125
2807.4962519104	1284.34997558594
2809.70527997946	1279.98327636719
2811.91367248883	1284.93334960938
2814.12142972342	1285.66662597656
2816.32855196807	1282.94995117188
2818.53503950749	1283.40002441406
2820.74089262628	1283.83337402344
2822.94611160894	1284.30004882813
2825.15069673987	1282.63330078125
2827.35464830333	1281.66662597656
2829.55796658351	1282.61669921875
2831.76065186445	1281.61669921875
2833.96270443012	1282.01672363281
2836.16412456437	1283.69995117188
2838.3649125509	1280.63330078125
2840.56506867336	1284.53332519531
2842.76459321526	1282.80004882813
2844.96348645999	1281.73327636719
2847.16174869086	1282.94995117188
2849.35938019105	1284.83337402344
2851.55638124363	1283.81665039063
2853.75275213157	1285.53332519531
2855.94849313772	1281.28332519531
2858.14360454483	1286.25
2860.33808663553	1285.51672363281
2862.53193969234	1288.38330078125
2864.72516399768	1285.41662597656
2866.91775983385	1289.36669921875
2869.10972748304	1283.90002441406
2871.30106722733	1289.26672363281
2873.4917793487	1290.25
2875.68186412899	1287.98327636719
2877.87132184997	1289.78332519531
2880.06015279325	1290.61669921875
2882.24835724039	1291.16662597656
2884.43593547278	1295.61669921875
2886.62288777173	1292.36669921875
2888.80921441843	1289.68334960938
2890.99491569397	1291.21667480469
2893.1799918793	1295.08337402344
2895.36444325529	1293.84997558594
2897.54827010269	1295.78332519531
2899.73147270213	1295.80004882813
2901.91405133412	1295.11669921875
2904.09600627909	1294.71667480469
2906.27733781731	1294.13330078125
2908.45804622899	1296.59997558594
2910.63813179418	1297.84997558594
2912.81759479286	1297
2914.99643550486	1300.86669921875
2917.17465420994	1302.73327636719
2919.3522511877	1299.58337402344
2921.52922671765	1306.19995117188
2923.7055810792	1306.11669921875
2925.88131455162	1304.80004882813
2928.05642741408	1307.31665039063
2930.23091994566	1306.23327636719
2932.40479242528	1308.53332519531
2934.57804513178	1304.61669921875
2936.75067834387	1303.71667480469
2938.92269234017	1303.84997558594
2941.09408739916	1304.78332519531
2943.26486379921	1304.88330078125
2945.4350218186	1306.98327636719
2947.60456173546	1304.09997558594
2949.77348382783	1302.66662597656
2951.94178837363	1306.86669921875
2954.10947565068	1304.91662597656
2956.27654593666	1304.23327636719
2958.44299950915	1308.71667480469
2960.60883664562	1305.53332519531
2962.77405762341	1307.58337402344
2964.93866271975	1303.73327636719
2967.10265221178	1307.16662597656
2969.26602637648	1302.51672363281
2971.42878549076	1308.83337402344
2973.59092983139	1302.11669921875
2975.75245967501	1304.43334960938
2977.9133752982	1301.16662597656
2980.07367697736	1296.51672363281
2982.23336498882	1294.65002441406
2984.39243960877	1296.18334960938
2986.5509011133	1298.19995117188
2988.70874977837	1297.16662597656
2990.86598587984	1296.05004882813
2993.02260969344	1296.21667480469
2995.17862149478	1294.21667480469
2997.33402155938	1291.61669921875
2999.48881016262	1291.06665039063
3001.64298757978	1290.44995117188
3003.796554086	1287.78332519531
3005.94950995633	1287.56665039063
3008.10185546569	1290.65002441406
3010.25359088888	1286.98327636719
3012.40471650059	1285.09997558594
3014.5552325754	1287.21667480469
3016.70513938776	1284.26672363281
3018.85443721201	1280.94995117188
3021.00312632236	1282.59997558594
3023.15120699292	1284.55004882813
3025.29867949769	1283.43334960938
3027.44554411052	1282.55004882813
3029.59180110516	1286.46667480469
3031.73745075527	1289.40002441406
3033.88249333434	1290.59997558594
3036.02692911578	1294.03332519531
3038.17075837287	1291.18334960938
3040.31398137877	1292.71667480469
3042.45659840653	1292.28332519531
3044.59860972907	1289.88330078125
3046.7400156192	1285.28332519531
3048.88081634961	1289.71667480469
3051.02101219287	1283.34997558594
3053.16060342144	1289.16662597656
3055.29959030765	1283.19995117188
3057.43797312371	1290.66662597656
3059.57575214172	1287.94995117188
3061.71292763366	1286.51672363281
3063.84949987139	1285.93334960938
3065.98546912665	1288.21667480469
3068.12083567105	1291.44995117188
3070.2555997761	1288.11669921875
3072.38976171319	1285.16662597656
3074.52332175356	1286.81665039063
3076.65628016837	1283.78332519531
3078.78863722863	1284.05004882813
3080.92039320526	1280.81665039063
3083.05154836902	1278.94995117188
3085.1821029906	1279.34997558594
3087.31205734051	1276.55004882813
3089.44141168921	1275.55004882813
3091.57016630696	1277.06665039063
3093.69832146398	1276.09997558594
3095.82587743032	1275.91662597656
3097.9528344759	1275.76672363281
3100.07919287056	1276.75
3102.204952884	1275.86669921875
3104.33011478579	1278.28332519531
3106.45467884538	1276.53332519531
3108.57864533212	1278.76672363281
3110.70201451522	1279.06665039063
3112.82478666378	1278.90002441406
3114.94696204676	1274.19995117188
3117.06854093301	1274.05004882813
3119.18952359127	1272.26672363281
3121.30991029013	1270.93334960938
3123.4297012981	1273.21667480469
3125.54889688352	1269.26672363281
3127.66749731464	1273.26672363281
3129.78550285957	1268.81665039063
3131.90291378633	1270.80004882813
3134.01973036277	1271.5
3136.13595285665	1266.01672363281
3138.2515815356	1267.55004882813
3140.36661666714	1269.63330078125
3142.48105851863	1270.41662597656
3144.59490735734	1266.01672363281
3146.70816345041	1267.11669921875
3148.82082706486	1265.56665039063
3150.93289846758	1266.69995117188
3153.04437792532	1266.41662597656
3155.15526570475	1265.44995117188
3157.26556207238	1265.78332519531
3159.37526729461	1265.36669921875
3161.48438163771	1264.88330078125
3163.59290536784	1265.46667480469
3165.70083875102	1265.09997558594
3167.80818205315	1265.83337402344
3169.91493554002	1262.91662597656
3172.02109947727	1267.34997558594
3174.12667413044	1264.66662597656
3176.23165976493	1262.80004882813
3178.33605664602	1264.34997558594
3180.43986503887	1268.56665039063
3182.54308520852	1265.43334960938
3184.64571741986	1266.71667480469
3186.74776193769	1263.28332519531
3188.84921902664	1262.91662597656
3190.95008895128	1266.90002441406
3193.05037197599	1264.63330078125
3195.15006836504	1265.94995117188
3197.24917838262	1264.73327636719
3199.34770229274	1266.5
3201.44564035931	1261.19995117188
3203.5429928461	1262.71667480469
3205.63976001677	1266.73327636719
3207.73594213484	1260.68334960938
3209.83153946372	1264.13330078125
3211.92655226669	1263.86669921875
3214.02098080688	1266.05004882813
3216.11482534732	1265.06665039063
3218.20808615091	1261.75
3220.30076348041	1264.13330078125
3222.39285759847	1266.36669921875
3224.4843687676	1261.5
3226.57529725019	1264.26672363281
3228.66564330851	1261.34997558594
3230.75540720468	1259.05004882813
3232.8445892007	1263.06665039063
3234.93318955847	1262.48327636719
3237.02120853974	1263
3239.10864640612	1262.90002441406
3241.19550341911	1263.46667480469
3243.28177984009	1260.5
3245.36747593029	1259.41662597656
3247.45259195083	1260.34997558594
3249.53712816268	1257.93334960938
3251.62108482672	1262.01672363281
3253.70446220366	1260.38330078125
3255.78726055411	1262.51672363281
3257.86948013853	1257.36669921875
3259.95112121728	1260.46667480469
3262.03218405055	1258.83337402344
3264.11266889845	1259.43334960938
3266.19257602092	1258.16662597656
3268.27190567779	1260.81665039063
3270.35065812876	1258.55004882813
3272.4288336334	1258.03332519531
3274.50643245114	1258.40002441406
3276.5834548413	1258.68334960938
3278.65990106305	1259.53332519531
3280.73577137545	1261.26672363281
3282.81106603742	1259.75
3284.88578530774	1259.36669921875
3286.95992944508	1258.46667480469
3289.03349870796	1254.41662597656
3291.1064933548	1256.69995117188
3293.17891364384	1258.81665039063
3295.25075983324	1255.66662597656
3297.322032181	1257.05004882813
3299.39273094501	1254.61669921875
3301.462856383	1256.93334960938
3303.53240875259	1256.75
3305.60138831128	1255.83337402344
3307.6697953164	1255.51672363281
3309.73763002519	1256.11669921875
3311.80489269472	1257.88330078125
3313.87158358198	1254.76672363281
3315.93770294378	1254.59997558594
3318.00325103681	1256.09997558594
3320.06822811764	1257.69995117188
3322.13263444272	1254.91662597656
3324.19647026832	1255.81665039063
3326.25973585064	1256.18334960938
3328.32243144568	1256.16662597656
3330.38455730938	1254.86669921875
3332.44611369749	1255.51672363281
3334.50710086564	1255.33337402344
3336.56751906936	1252.31665039063
3338.62736856401	1255.34997558594
3340.68664960483	1254.08337402344
3342.74536244693	1255.43334960938
3344.80350734528	1253.81665039063
3346.86108455472	1255.90002441406
3348.91809432997	1253.63330078125
3350.97453692559	1253.08337402344
3353.03041259603	1251.90002441406
3355.08572159559	1251.59997558594
3357.14046417844	1254.15002441406
3359.19464059863	1252.66662597656
3361.24825111005	1253.28332519531
3363.30129596648	1251.51672363281
3365.35377542155	1249.96667480469
3367.40568972878	1254.80004882813
3369.45703914152	1253.98327636719
3371.507823913	1251.34997558594
3373.55804429633	1251.80004882813
3375.60770054446	1251.25
3377.65679291024	1248.84997558594
3379.70532164635	1250.65002441406
3381.75328700534	1252.01672363281
3383.80068923965	1246.80004882813
3385.84752860155	1252.08337402344
3387.89380534321	1249.81665039063
3389.93951971664	1251.16662597656
3391.98467197371	1248.18334960938
3394.02926236618	1252.01672363281
3396.07329114566	1249.84997558594
3398.1167585636	1247.44995117188
3400.15966487137	1247.86669921875
3402.20201032014	1249.96667480469
3404.24379516099	1250.80004882813
3406.28501964484	1250.26672363281
3408.3256840225	1248.06665039063
3410.3657885446	1248.78332519531
3412.40533346167	1248.08337402344
3414.44431902408	1250.90002441406
3416.48274548209	1245.61669921875
3418.5206130858	1246.28332519531
3420.55792208516	1248.09997558594
3422.59467273003	1251.30004882813
3424.63086527009	1246.40002441406
3426.6664999549	1249.13330078125
3428.70157703386	1248
3430.73609675628	1247.86669921875
3432.77005937129	1247
3434.80346512789	1246.33337402344
3436.83631427494	1244.96667480469
3438.86860706119	1245.51672363281
3440.90034373521	1245.01672363281
3442.93152454546	1245.06665039063
3444.96214974025	1245.53332519531
3446.99221956775	1245.46667480469
3449.021734276	1246.38330078125
3451.05069411289	1243.96667480469
3453.07909932619	1245.69995117188
3455.1069501635	1246.44995117188
3457.1342468723	1246.53332519531
3459.16098969993	1248.91662597656
3461.1871788936	1243.86669921875
3463.21281470035	1248.26672363281
3465.23789736712	1245.19995117188
3467.26242714067	1245.55004882813
3469.28640426765	1246.30004882813
3471.30982899455	1244.43334960938
3473.33270156774	1242.51672363281
3475.35502223343	1245.03332519531
3477.3767912377	1245.21667480469
3479.39800882649	1242.98327636719
3481.41867524559	1244.28332519531
3483.43879074066	1243.18334960938
3485.45835555721	1242.18334960938
3487.47736994062	1242.40002441406
3489.49583413611	1241.51672363281
3491.51374838879	1241.93334960938
3493.53111294359	1241.80004882813
3495.54792804533	1240.98327636719
3497.56419393867	1240.40002441406
3499.57991086814	1240.11669921875
3501.59507907811	1241.91662597656
3503.60969881284	1242.48327636719
3505.6237703164	1241.06665039063
3507.63729383278	1239.81665039063
3509.65026960577	1240.36669921875
3511.66269787904	1240.33337402344
3513.67457889613	1241.65002441406
3515.68591290042	1242.05004882813
3517.69670013515	1239.09997558594
3519.70694084342	1241.59997558594
3521.7166352682	1237.33337402344
3523.72578365229	1241.13330078125
3525.73438623836	1238.86669921875
3527.74244326893	1237.63330078125
3529.74995498641	1238.93334960938
3531.75692163301	1241.55004882813
3533.76334345084	1237.69995117188
3535.76922068186	1238.68334960938
3537.77455356786	1238.48327636719
3539.77934235051	1236.55004882813
3541.78358727133	1237.46667480469
3543.78728857169	1238.13330078125
3545.79044649283	1239.63330078125
3547.79306127584	1238.44995117188
3549.79513316164	1237.68334960938
3551.79666239104	1236.86669921875
3553.79764920469	1236.94995117188
3555.7980938431	1235.78332519531
3557.79799654663	1235.05004882813
3559.79735755548	1238.13330078125
3561.79617710974	1237
3563.79445544932	1238.58337402344
3565.79219281401	1235.76672363281
3567.78938944344	1234.05004882813
3569.7860455771	1236.51672363281
3571.78216145432	1235.40002441406
3573.77773731431	1235.36669921875
3575.7727733961	1235.43334960938
3577.76726993861	1237.03332519531
3579.76122718059	1234
3581.75464536064	1234.73327636719
3583.74752471725	1233.83337402344
3585.7398654887	1235.84997558594
3587.73166791317	1234.05004882813
3589.7229322287	1231.91662597656
3591.71365867314	1234.16662597656
3593.70384748424	1232.76672363281
3595.69349889955	1235.58337402344
3597.68261315654	1232.73327636719
3599.67119049245	1233.28332519531
3601.65923114446	1233.78332519531
3603.64673534952	1232.91662597656
3605.63370334449	1231.13330078125
3607.62013536607	1233.46667480469
3609.60603165079	1231.81665039063
3611.59139243504	1231.80004882813
3613.57621795509	1231.21667480469
3615.56050844701	1228.43334960938
3617.54426414677	1231.06665039063
3619.52748529017	1227.59997558594
3621.51017211285	1232.51672363281
3623.49232485031	1231.65002441406
3625.47394373792	1228.36669921875
3627.45502901088	1228.30004882813
3629.43558090423	1231.16662597656
3631.41559965288	1230.43334960938
3633.3950854916	1230.01672363281
3635.37403865498	1230.84997558594
3637.35245937747	1229.48327636719
3639.33034789339	1227.03332519531
3641.30770443688	1228.28332519531
3643.28452924196	1230.16662597656
3645.26082254248	1229.06665039063
3647.23658457212	1228.90002441406
3649.21181556447	1229.93334960938
3651.18651575291	1228.58337402344
3653.16068537069	1228.88330078125
3655.13432465092	1226.15002441406
3657.10743382653	1228.40002441406
3659.08001313034	1229.03332519531
3661.05206279498	1228.56665039063
3663.02358305295	1226.78332519531
3664.9945741366	1225.65002441406
3666.96503627811	1229.38330078125
3668.93496970952	1225.46667480469
3670.90437466272	1230.46667480469
3672.87325136944	1225.40002441406
3674.84160006127	1226.23327636719
3676.80942096963	1228.71667480469
3678.77671432581	1226.63330078125
3680.74348036092	1224.81665039063
3682.70971930595	1227.80004882813
3684.6754313917	1223.31665039063
3686.64061684885	1225.78332519531
3688.60527590791	1225.23327636719
3690.56940879924	1228.31665039063
3692.53301575303	1225.19995117188
3694.49609699936	1225.33337402344
3696.45865276812	1224.59997558594
3698.42068328904	1226.55004882813
3700.38218879173	1222.46667480469
3702.34316950563	1225.30004882813
3704.30362566	1223.96667480469
3706.26355748399	1224.34997558594
3708.22296520657	1224.53332519531
3710.18184905656	1223.23327636719
3712.14020926263	1224.55004882813
3714.09804605328	1223.91662597656
3716.05535965687	1222.11669921875
3718.01215030162	1219.98327636719
3719.96841821555	1222.09997558594
3721.92416362657	1222.80004882813
3723.8793867624	1221.38330078125
3725.83408785063	1223.59997558594
3727.78826711869	1222.18334960938
3729.74192479384	1220.41662597656
3731.69506110319	1220.86669921875
3733.64767627371	1219.83337402344
3735.59977053219	1219.16662597656
3737.55134410528	1219.91662597656
3739.50239721947	1218.15002441406
3741.45293010108	1218.84997558594
3743.40294297631	1220.26672363281
3745.35243607116	1220.66662597656
3747.3014096115	1220.61669921875
3749.24986382303	1220.48327636719
3751.19779893131	1216.40002441406
3753.14521516171	1218.46667480469
3755.09211273949	1218.26672363281
3757.0384918897	1220.30004882813
3758.98435283728	1219.5
3760.92969580698	1216.09997558594
3762.87452102341	1215.19995117188
3764.81882871101	1219.38330078125
3766.76261909407	1217.5
3768.70589239672	1218.41662597656
3770.64864884293	1216.46667480469
3772.59088865651	1217.84997558594
3774.53261206112	1217.94995117188
3776.47381928025	1216.53332519531
