-173.428722450078	1147.05004882813
-170.294344013779	1147.76672363281
-167.160990304052	1147
-164.028660894548	1148.59997558594
-160.897355359205	1147.65002441406
-157.767073272189	1147.06665039063
-154.637814207931	1149.01672363281
-151.50957774112	1147.30004882813
-148.382363446704	1147.78332519531
-145.256170899859	1148.73327636719
-142.130999676054	1147.30004882813
-139.006849350965	1147.55004882813
-135.883719500571	1148.13330078125
-132.761609701053	1147.16662597656
-129.640519528863	1147.81665039063
-126.520448560715	1148.58337402344
-123.401396373553	1147.63330078125
-120.28336254458	1148.55004882813
-117.166346651252	1147.31665039063
-114.050348271258	1147.46667480469
-110.935366982541	1147.94995117188
-107.821402363301	1148.15002441406
-104.708453991972	1147.58337402344
-101.596521447235	1147.43334960938
-98.4856043080122	1148.16662597656
-95.3757021534957	1148.08337402344
-92.2668145630801	1148.81665039063
-89.1589411164452	1147.28332519531
-86.0520813934781	1148.71667480469
-82.946234974338	1147.69995117188
-79.8414014394074	1147.81665039063
-76.7375803693083	1148.06665039063
-73.6347713449181	1146.56665039063
-70.532973947345	1147.93334960938
-67.4321877579402	1148.06665039063
-64.3324123582935	1147.33337402344
-61.2336473302252	1148.38330078125
-58.1358922558143	1147.76672363281
-55.0391467173494	1147.51672363281
-51.9434102973817	1148.75
-48.8486825786838	1148.51672363281
-45.7549631442702	1148.76672363281
-42.662251577389	1148.41662597656
-39.5705474615295	1148.46667480469
-36.4798503804062	1148.43334960938
-33.3901599179706	1148.26672363281
-30.301475658403	1148.59997558594
-27.2137971861287	1148.66662597656
-24.1271240858053	1148.31665039063
-21.0414559423028	1147.91662597656
-17.9567923407513	1147.48327636719
-14.8731328664812	1147.5
-11.7904771050747	1147.34997558594
-8.70882464233763	1148.09997558594
-5.62817506431157	1148.26672363281
-2.54852795725342	1149.31665039063
0.530117092344597	1155.63330078125
3.6077604977471	1158.75
6.68440267202787	1153
9.76004402799773	1149.5
12.8346849782609	1148.69995117188
15.9083259351831	1147.98327636719
18.9809673109237	1148.51672363281
22.0526095173877	1148.08337402344
25.1232529662903	1148.08337402344
28.1928980690886	1148.44995117188
31.2615452370419	1148.19995117188
34.32919488118	1147.81665039063
37.3958474123071	1147.26672363281
40.4615032409942	1147.23327636719
43.5261627776189	1148.18334960938
46.58982643231	1147.68334960938
49.6524946149833	1148.65002441406
52.7141677353456	1147.40002441406
55.7748462028835	1147.30004882813
58.8345304268427	1147.94995117188
61.8932208162729	1148.21667480469
64.9509177800033	1148.33337402344
68.0076217266271	1148.58337402344
71.0633330645419	1149.08337402344
74.118052201909	1153.11669921875
77.1717795467022	1166.55004882813
80.224515506648	1220.65002441406
83.2762604892772	1336.68334960938
86.3270149018856	1472.81665039063
89.3767791515896	1544.75
92.4255536452548	1581.26672363281
95.4733387895519	1601.90002441406
98.5201349909248	1620.31665039063
101.565942655643	1621.34997558594
104.610762189717	1627.36669921875
107.654593998963	1639.61669921875
110.697438488996	1651.18334960938
113.739296065204	1653.5
116.78016713278	1653.16662597656
119.820052096698	1653.86669921875
122.85895136172	1649.05004882813
125.896865332408	1645.11669921875
128.933794413111	1642.33337402344
131.969739007965	1641.63330078125
135.004699520911	1633.96667480469
138.038676355664	1634.09997558594
141.071669915751	1638.59997558594
144.103680604487	1634.86669921875
147.134708824975	1629.84997558594
150.164754980118	1628.25
153.193819472611	1628.05004882813
156.221902704945	1629.81665039063
159.24900507942	1633.13330078125
162.275126998099	1636.5
165.300268862873	1641.68334960938
168.324431075425	1641.73327636719
171.347614037231	1648.58337402344
174.369818149562	1647.76672363281
177.391043813491	1657.34997558594
180.411291429897	1658.05004882813
183.430561399437	1655.61669921875
186.448854122582	1654.71667480469
189.466169999607	1656.78332519531
192.482509430598	1657.81665039063
195.497872815412	1662.30004882813
198.512260553716	1658.71667480469
201.525673045011	1670.41662597656
204.538110688552	1660.76672363281
207.549573883427	1658.48327636719
210.560063028519	1665.16662597656
213.569578522523	1665.94995117188
216.578120763917	1666.81665039063
219.585690151021	1665.19995117188
222.592287081907	1664.55004882813
225.597911954507	1657.61669921875
228.602565166512	1661.46667480469
231.606247115456	1663.30004882813
234.608958198646	1659.58337402344
237.610698813222	1660.33337402344
240.611469356122	1667.65002441406
243.611270224103	1664.84997558594
246.610101813707	1674.56665039063
249.607964521295	1670.91662597656
252.604858743044	1679.53332519531
255.600784874935	1677.46667480469
258.595743312749	1675.44995117188
261.589734452097	1683.06665039063
264.582758688393	1682.61669921875
267.574816416842	1683.25
270.565908032503	1686
273.556033930195	1687.63330078125
276.545194504586	1682.06665039063
279.533390150138	1682.09997558594
282.520621261151	1683.73327636719
285.506888231708	1681.91662597656
288.49219145571	1689.68334960938
291.476531326902	1683.01672363281
294.459908238794	1685.69995117188
297.442322584762	1688.53332519531
300.423774757966	1689.63330078125
303.404265151375	1693.53332519531
306.383794157805	1689.53332519531
309.362362169862	1685.96667480469
312.339969579982	1686.36669921875
315.316616780414	1690.71667480469
318.292304163227	1693.05004882813
321.267032120295	1693.83337402344
324.24080104332	1691.73327636719
327.213611323833	1690.55004882813
330.185463353171	1692.61669921875
333.156357522491	1693.31665039063
336.126294222774	1696.13330078125
339.095273844812	1695.30004882813
342.063296779227	1695.58337402344
345.030363416467	1696
347.996474146782	1703.78332519531
350.961629360257	1705.73327636719
353.925829446806	1704.34997558594
356.889074796147	1702.68334960938
359.851365797829	1710.30004882813
362.812702841222	1702.98327636719
365.773086315536	1710.09997558594
368.732516609768	1713.09997558594
371.690994112778	1713.11669921875
374.648519213243	1706.84997558594
377.605092299631	1710.26672363281
380.560713760273	1703.16662597656
383.515383983307	1702
386.469103356711	1703.83337402344
389.421872268273	1707.69995117188
392.373691105615	1710.33337402344
395.32456025619	1703.80004882813
398.274480107272	1706.91662597656
401.223451045967	1707.31665039063
404.171473459202	1707.21667480469
407.118547733728	1705.63330078125
410.064674256155	1704.75
413.009853412892	1712.41662597656
415.954085590181	1711.21667480469
418.8973711741	1715.13330078125
421.83971055055	1712.93334960938
424.781104105281	1714.83337402344
427.721552223856	1712.90002441406
430.661055291665	1713.71667480469
433.599613693946	1726.78332519531
436.537227815752	1725.08337402344
439.473898041993	1724.53332519531
442.409624757378	1720.15002441406
445.344408346476	1720.56665039063
448.278249193683	1721.23327636719
451.211147683207	1726.34997558594
454.143104199122	1728.73327636719
457.074119125312	1721.68334960938
460.004192845497	1732.75
462.933325743267	1723.19995117188
465.861518202001	1725.69995117188
468.788770604917	1729.15002441406
471.71508333511	1733.53332519531
474.640456775471	1725.51672363281
477.564891308737	1730.61669921875
480.488387317487	1730.18334960938
483.410945184141	1733.53332519531
486.332565290942	1730.59997558594
489.253248019986	1738.58337402344
492.172993753197	1735.86669921875
495.091802872338	1739.41662597656
498.009675759011	1742.18334960938
500.926612794666	1740.05004882813
503.842614360571	1743.31665039063
506.757680837864	1746.76672363281
509.671812607493	1751.59997558594
512.585010050263	1770.51672363281
515.497273546817	1836.98327636719
518.408603477637	1952.75
521.319000223045	1972.28332519531
524.228464163205	1877.75
527.136995678121	1803.76672363281
530.044595147647	1768.94995117188
532.951262951471	1750.91662597656
535.856999469123	1751.40002441406
538.761805079986	1746.58337402344
541.665680163279	1747.15002441406
544.568625098049	1746.41662597656
547.470640263216	1747.21667480469
550.371726037533	1751.5
553.271882799588	1748.83337402344
556.171110927825	1746.36669921875
559.069410800531	1751.21667480469
561.966782795823	1756.25
564.863227291685	1756.80004882813
567.758744665944	1757.38330078125
570.653335296256	1750.44995117188
573.546999560148	1761.34997558594
576.439737834969	1761.58337402344
579.331550497935	1759.56665039063
582.222437926093	1765.78332519531
585.112400496356	1758.83337402344
588.001438585469	1761.93334960938
590.889552570021	1759.51672363281
593.77674282648	1754.28332519531
596.663009731132	1757.55004882813
599.548353660116	1755.90002441406
602.432774989433	1759.21667480469
605.316274094926	1768.88330078125
608.198851352303	1757.63330078125
611.080507137075	1761.48327636719
613.961241824667	1753.94995117188
616.841055790315	1766.86669921875
619.71994940911	1765.13330078125
622.597923056008	1759.81665039063
625.474977105798	1754.75
628.351111933143	1759.06665039063
631.22632791255	1761.16662597656
634.10062541835	1767.84997558594
636.97400482478	1769.53332519531
639.846466505882	1767.44995117188
642.718010835585	1767.15002441406
645.58863818764	1770.44995117188
648.458348935679	1775.43334960938
651.327143453188	1771.40002441406
654.195022113475	1778.48327636719
657.061985289745	1776.58337402344
659.928033355022	1777.59997558594
662.79316668221	1773.41662597656
665.657385644057	1783.38330078125
668.520690613176	1775.61669921875
671.383081962017	1776.40002441406
674.244560062899	1777.88330078125
677.105125288002	1775.43334960938
679.964778009343	1781.11669921875
682.823518598832	1780.38330078125
685.681347428202	1780.03332519531
688.538264869057	1779.51672363281
691.394271292855	1785.73327636719
694.249367070914	1776.53332519531
697.103552574412	1779.81665039063
699.956828174378	1777.43334960938
702.809194241715	1769.90002441406
705.660651147175	1777.19995117188
708.511199261361	1772.94995117188
711.360838954755	1777.16662597656
714.209570597676	1774.31665039063
717.057394560329	1771.41662597656
719.90431121275	1777.83337402344
722.750320924861	1787.48327636719
725.59542406643	1783.09997558594
728.439621007094	1781.05004882813
731.282912116347	1785.93334960938
734.125297763539	1781.53332519531
736.966778317898	1783.46667480469
739.807354148498	1784.09997558594
742.647025624275	1795.63330078125
745.485793114042	1795.93334960938
748.323656986468	1791.23327636719
751.160617610072	1790.80004882813
753.996675353258	1794.65002441406
756.831830584275	1797.81665039063
759.666083671249	1795.61669921875
762.499434982158	1796.56665039063
765.331884884853	1798.08337402344
768.163433747055	1790.83337402344
770.994081936328	1793.59997558594
773.823829820116	1800.41662597656
776.652677765732	1800.80004882813
779.480626140347	1795.68334960938
782.307675310993	1792.23327636719
785.133825644576	1806.11669921875
787.959077507869	1796.05004882813
790.783431267511	1788.90002441406
793.606887289986	1803.5
796.429445941685	1801.40002441406
799.251107588836	1803.40002441406
802.071872597536	1793.06665039063
804.891741333751	1802.31665039063
807.71071416334	1795.09997558594
810.528791451981	1796.81665039063
813.345973565269	1801.18334960938
816.162260868638	1808.11669921875
818.977653727395	1803.93334960938
821.792152506717	1801.23327636719
824.605757571661	1807.36669921875
827.418469287133	1802.73327636719
830.230288017926	1807.94995117188
833.0412141287	1804.48327636719
835.851247983973	1822.65002441406
838.660389948141	1811.56665039063
841.468640385466	1814.86669921875
844.27599966009	1814.31665039063
847.082468136026	1815.44995117188
849.888046177135	1817.94995117188
852.692734147171	1823.88330078125
855.496532409758	1819.09997558594
858.29944132839	1825.19995117188
861.10146126642	1824.36669921875
863.902592587094	1819.81665039063
866.702835653509	1821.34997558594
869.502190828641	1823.23327636719
872.300658475353	1823.15002441406
875.098238956361	1822.28332519531
877.894932634271	1823.84997558594
880.690739871548	1828.76672363281
883.485661030531	1828.78332519531
886.279696473447	1832.86669921875
889.072846562376	1832.13330078125
891.86511165929	1823.75
894.65649212603	1827.58337402344
897.446988324303	1818.28332519531
900.236600615703	1830.41662597656
903.025329361687	1828.30004882813
905.813174923597	1829.78332519531
908.600137662639	1823.90002441406
911.38621793991	1830.83337402344
914.171416116365	1822.46667480469
916.95573255285	1841.25
919.739167610082	1833.19995117188
922.521721648641	1838.80004882813
925.303395029005	1840.41662597656
928.084188111517	1843.40002441406
930.864101256396	1841.69995117188
933.643134823733	1842.75
936.42128917351	1846.28332519531
939.198564665577	1848.71667480469
941.97496165967	1851.08337402344
944.750480515391	1856.21667480469
947.525121592226	1850.46667480469
950.298885249534	1862.08337402344
953.071771846555	1853.44995117188
955.843781742413	1857.61669921875
958.614915296108	1863.06665039063
961.385172866513	1857.80004882813
964.154554812387	1858.36669921875
966.92306149236	1862.25
969.690693264949	1859.51672363281
972.457450488552	1864.08337402344
975.223333521431	1866.21667480469
977.988342721749	1869.08337402344
980.752478447535	1866.06665039063
983.515741056708	1870.63330078125
986.278130907059	1874.03332519531
989.039648356259	1876.93334960938
991.800293761863	1876.05004882813
994.560067481312	1881.43334960938
997.318969871913	1865.63330078125
1000.07700129088	1867.06665039063
1002.83416209528	1872.90002441406
1005.59045264208	1870.80004882813
1008.34587328813	1872.80004882813
1011.10042439014	1873.55004882813
1013.85410630472	1868.81665039063
1016.60691938837	1872.48327636719
1019.35886399746	1868.21667480469
1022.10994048823	1879.44995117188
1024.86014921684	1879.09997558594
1027.60949053928	1872.65002441406
1030.35796481149	1882.28332519531
1033.10557238924	1880.19995117188
1035.85231362819	1871.53332519531
1038.5981888839	1874.84997558594
1041.34319851182	1879.98327636719
1044.08734286727	1874.48327636719
1046.83062230544	1869.36669921875
1049.57303718143	1880.25
1052.31458785021	1880.69995117188
1055.05527466665	1886.96667480469
1057.79509798549	1891.86669921875
1060.53405816134	1891.18334960938
1063.27215554874	1882.96667480469
1066.00939050209	1893.08337402344
1068.74576337565	1892.40002441406
1071.48127452361	1888.76672363281
1074.21592430002	1898.98327636719
1076.94971305882	1892.83337402344
1079.68264115384	1888.90002441406
1082.41470893879	1895.68334960938
1085.14591676728	1902.98327636719
1087.8762649928	1904.43334960938
1090.60575396871	1905.21667480469
1093.33438404827	1896.51672363281
1096.06215558464	1897.71667480469
1098.78906893086	1901.58337402344
1101.51512443981	1899.5
1104.24032246435	1904.63330078125
1106.96466335716	1906.43334960938
1109.68814747081	1910.01672363281
1112.41077515779	1906.09997558594
1115.13254677044	1907.16662597656
1117.85346266104	1908.06665039063
1120.57352318169	1911.36669921875
1123.29272868445	1908.15002441406
1126.01107952121	1910.56665039063
1128.72857604378	1913.41662597656
1131.44521860385	1919.31665039063
1134.16100755301	1917.91662597656
1136.87594324271	1910.15002441406
1139.59002602433	1915.66662597656
1142.3032562491	1921.5
1145.01563426818	1921.43334960938
1147.72716043257	1924.84997558594
1150.43783509322	1928.05004882813
1153.14765860091	1928.05004882813
1155.85663130634	1920.51672363281
1158.56475356012	1929.94995117188
1161.27202571271	1926.43334960938
1163.97844811448	1922.91662597656
1166.68402111569	1934.41662597656
1169.38874506649	1932.86669921875
1172.09262031694	1929.51672363281
1174.79564721695	1934.56665039063
1177.49782611635	1931.06665039063
1180.19915736486	1943.51672363281
1182.89964131208	1952.18334960938
1185.59927830751	1941.03332519531
1188.29806870054	1942.96667480469
1190.99601284046	1943.83337402344
1193.69311107643	1947.83337402344
1196.38936375753	1954.26672363281
1199.08477123271	1946.11669921875
1201.77933385082	1953.51672363281
1204.47305196061	1952.55004882813
1207.1659259107	1958.15002441406
1209.85795604964	1961.26672363281
1212.54914272585	1956.46667480469
1215.23948628763	1968.81665039063
1217.92898708319	1970.34997558594
1220.61764546064	1966.36669921875
1223.30546176798	1970.71667480469
1225.99243635308	1968.41662597656
1228.67856956373	1963.71667480469
1231.36386174761	1972.96667480469
1234.04831325228	1973.5
1236.73192442522	1973.78332519531
1239.41469561377	1968.08337402344
1242.09662716519	1976.44995117188
1244.77771942662	1977.25
1247.45797274511	1971.19995117188
1250.13738746759	1974.38330078125
1252.81596394089	1970.86669921875
1255.49370251175	1978.31665039063
1258.17060352676	1978.55004882813
1260.84666733246	1972.75
1263.52189427525	1983
1266.19628470144	1988.94995117188
1268.86983895722	1988.03332519531
1271.5425573887	1994.31665039063
1274.21444034186	1991.43334960938
1276.8854881626	1989.41662597656
1279.55570119671	1988.43334960938
1282.22507978985	1988.11669921875
1284.89362428759	1998.78332519531
1287.56133503543	2004.19995117188
1290.22821237872	2005.48327636719
1292.89425666274	2005.78332519531
1295.55946823263	2010.69995117188
1298.22384743346	2022.31665039063
1300.88739461019	2021.94995117188
1303.55011010766	2008.44995117188
1306.21199427063	2018.40002441406
1308.87304744373	2019.56665039063
1311.53326997152	2018.41662597656
1314.19266219843	2015.61669921875
1316.8512244688	2021.33337402344
1319.50895712687	2019.18334960938
1322.16586051676	2026.63330078125
1324.82193498252	2022.56665039063
1327.47718086806	2021.33337402344
1330.1315985172	2035.21667480469
1332.78518827369	2032.09997558594
1335.43795048114	2041.41662597656
1338.08988548307	2046.73327636719
1340.74099362289	2044.88330078125
1343.39127524392	2042.08337402344
1346.04073068939	2057.66674804688
1348.6893603024	2051.93334960938
1351.33716442597	2053.2333984375
1353.98414340301	2046.40002441406
1356.63029757632	2048.41674804688
1359.27562728863	2042.34997558594
1361.92013288252	2047.73327636719
1364.56381470053	2043.28332519531
1367.20667308505	2045.40002441406
1369.84870837838	2044.46667480469
1372.48992092274	2040.59997558594
1375.13031106023	2037.84997558594
1377.76987913284	2027
1380.40862548251	2032.01672363281
1383.04655045101	2029.96667480469
1385.68365438006	2039.55004882813
1388.31993761126	2037
1390.95540048612	2035.44995117188
1393.59004334605	2038.34997558594
1396.22386653233	2037.48327636719
1398.85687038619	2043.59997558594
1401.48905524873	2041.48327636719
1404.12042146094	2042.86669921875
1406.75096936375	2045.78332519531
1409.38069929796	2044.44995117188
1412.00961160428	2040.78332519531
1414.63770662332	2043.58337402344
1417.26498469557	2045.93334960938
1419.89144616146	2053.43334960938
1422.51709136132	2040.69995117188
1425.14192063532	2043.96667480469
1427.76593432361	2053.94995117188
1430.3891327662	2039.23327636719
1433.01151630299	2040.11669921875
1435.63308527382	2054.33325195313
1438.2538400184	2058.44995117188
1440.87378087637	2060.88330078125
1443.49290818722	2059.06665039063
1446.1112222904	2062.81665039063
1448.72872352524	2058.9833984375
1451.34541223097	2049.9833984375
1453.96128874671	2049.7666015625
1456.5763534115	2047.81665039063
1459.19060656429	2056.88330078125
1461.8040485439	2048.46655273438
1464.41667968907	2062.33325195313
1467.02850033846	2059.2666015625
1469.63951083061	2061.13330078125
1472.24971150397	2061.2333984375
1474.8591026969	2053.2666015625
1477.46768474763	2065.38330078125
1480.07545799434	2062.94995117188
1482.68242277508	2069.94995117188
1485.28857942782	2058.60009765625
1487.89392829042	2058.89990234375
1490.49846970065	2055.55004882813
1493.10220399619	2049.10009765625
1495.70513151461	2059.0166015625
1498.30725259339	2063.13330078125
1500.90856756992	2065.41674804688
1503.50907678146	2061.5
1506.10878056524	2054.61669921875
1508.70767925832	2056.36669921875
1511.30577319772	2070.18334960938
1513.90306272032	2069.39990234375
1516.49954816295	2062.30004882813
1519.09522986229	2070.0166015625
1521.69010815498	2067.05004882813
1524.28418337751	2073.2333984375
1526.87745586632	2067.30004882813
1529.46992595773	2075.2666015625
1532.06159398796	2084.64990234375
1534.65246029316	2076.03344726563
1537.24252520935	2090.21655273438
1539.83178907249	2091.7666015625
1542.42025221841	2094.05004882813
1545.00791498287	2104.63330078125
1547.59477770152	2101.83325195313
1550.18084070993	2096.55004882813
1552.76610434356	2100.75
1555.35056893777	2097.55004882813
1557.93423482785	2119.11669921875
1560.51710234896	2119.53344726563
1563.0991718362	2116
1565.68044362457	2129.93334960938
1568.26091804893	2131.91674804688
1570.84059544411	2141.91674804688
1573.41947614481	2147.11669921875
1575.99756048562	2141.43334960938
1578.57484880108	2164.5166015625
1581.15134142559	2157.85009765625
1583.72703869349	2162.75
1586.301940939	2162.93334960938
1588.87604849628	2154.71655273438
1591.44936169934	2166.36669921875
1594.02188088215	2158.56665039063
1596.59360637855	2160.7666015625
1599.16453852232	2159.61669921875
1601.73467764709	2158.89990234375
1604.30402408647	2162.81665039063
1606.87257817391	2157.21655273438
1609.44034024281	2148.14990234375
1612.00731062644	2148.56665039063
1614.57348965801	2137.38330078125
1617.13887767062	2122.41674804688
1619.70347499726	2126.88330078125
1622.26728197086	2129.5
1624.83029892423	2118.94995117188
1627.39252619012	2114.63330078125
1629.95396410112	2112.63330078125
1632.5146129898	2118.2666015625
1635.07447318858	2118.5166015625
1637.63354502984	2115.06665039063
1640.19182884582	2105.30004882813
1642.74932496868	2098.05004882813
1645.3060337305	2101.69995117188
1647.86195546325	2094.36669921875
1650.41709049882	2097.44995117188
1652.971439169	2089.71655273438
1655.52500180548	2094.36669921875
1658.07777873987	2085.66674804688
1660.62977030368	2097.05004882813
1663.18097682833	2095.44995117188
1665.73139864514	2089.18334960938
1668.28103608534	2096.68334960938
1670.82988948008	2092.44995117188
1673.37795916039	2093.46655273438
1675.92524545724	2090.66674804688
1678.47174870147	2087.06665039063
1681.01746922386	2087.55004882813
1683.56240735508	2088.21655273438
1686.10656342572	2081.11669921875
1688.64993776626	2083.39990234375
1691.19253070709	2087.0166015625
1693.73434257853	2083.9833984375
1696.27537371078	2078.68334960938
1698.81562443395	2080.36669921875
1701.35509507809	2080.93334960938
1703.89378597311	2075.4833984375
1706.43169744886	2080.16674804688
1708.96882983509	2079.88330078125
1711.50518346144	2083.2333984375
1714.0407586575	2087.69995117188
1716.57555575272	2083.86669921875
1719.10957507649	2092.0166015625
1721.64281695809	2085.19995117188
1724.17528172671	2084.2333984375
1726.70696971146	2088.78344726563
1729.23788124135	2094.11669921875
1731.7680166453	2091.53344726563
1734.29737625213	2095.25
1736.82596039057	2090.81665039063
1739.35376938927	2087.0166015625
1741.88080357677	2087.2333984375
1744.40706328154	2097.11669921875
1746.93254883193	2086.81665039063
1749.45726055623	2086.88330078125
1751.9811987826	2094.4833984375
1754.50436383915	2088.13330078125
1757.02675605387	2089.53344726563
1759.54837575466	2094.93334960938
1762.06922326934	2094.88330078125
1764.58929892564	2091.21655273438
1767.10860305118	2091.0166015625
1769.6271359735	2085.16674804688
1772.14489802005	2099.25
1774.66188951817	2096.68334960938
1777.17811079515	2093.44995117188
1779.69356217815	2093.69995117188
1782.20824399425	2087.75
1784.72215657043	2093.78344726563
1787.23530023361	2087.88330078125
1789.74767531057	2096.38330078125
1792.25928212804	2096.33325195313
1794.77012101264	2099.61669921875
1797.2801922909	2097.30004882813
1799.78949628926	2096.2666015625
1802.29803333406	2094.08325195313
1804.80580375158	2099.69995117188
1807.31280786797	2093.28344726563
1809.81904600929	2090.44995117188
1812.32451850154	2089.10009765625
1814.82922567061	2107.36669921875
1817.33316784231	2089.56665039063
1819.83634534233	2101.06665039063
1822.33875849629	2093.78344726563
1824.84040762973	2101.53344726563
1827.34129306808	2094.39990234375
1829.84141513667	2087.55004882813
1832.34077416077	2104.88330078125
1834.83937046553	2090.05004882813
1837.33720437602	2089.81665039063
1839.83427621723	2093.28344726563
1842.33058631404	2098.58325195313
1844.82613499125	2087.39990234375
1847.32092257355	2096.28344726563
1849.81494938558	2096.08325195313
1852.30821575184	2092.5166015625
1854.80072199677	2101.46655273438
1857.29246844473	2106
1859.78345541994	2092.85009765625
1862.27368324658	2104.7333984375
1864.76315224871	2104.71655273438
1867.2518627503	2103.69995117188
1869.73981507524	2105.5166015625
1872.22700954733	2104.60009765625
1874.71344649027	2109.18334960938
1877.19912622768	2107.93334960938
1879.68404908308	2104.25
1882.16821537988	2118.05004882813
1884.65162544145	2115.10009765625
1887.13427959102	2103.88330078125
1889.61617815175	2112.46655273438
1892.0973214467	2102.25
1894.57770979887	2113.18334960938
1897.05734353113	2107.5
1899.53622296628	2118.38330078125
1902.014348427	2117.66674804688
1904.49172023593	2112.61669921875
1906.96833871558	2123.13330078125
1909.44420418839	2114.46655273438
1911.91931697668	2113.25
1914.39367740272	2109.46655273438
1916.86728578865	2115.68334960938
1919.34014245654	2107.71655273438
1921.81224772838	2117.93334960938
1924.28360192604	2114.4833984375
1926.75420537132	2116.16674804688
1929.22405838593	2122.81665039063
1931.69316129147	2112.75
1934.16151440948	2118.11669921875
1936.62911806136	2108.2333984375
1939.09597256848	2111.55004882813
1941.56207825207	2113.35009765625
1944.0274354333	2104.7666015625
1946.49204443322	2118.46655273438
1948.95590557284	2114.11669921875
1951.41901917301	2112.10009765625
1953.88138555454	2119.05004882813
1956.34300503813	2121.55004882813
1958.8038779444	2117.69995117188
1961.26400459387	2114.75
1963.72338530697	2125.43334960938
1966.18202040403	2105.61669921875
1968.63991020531	2122.16674804688
1971.09705503097	2120.21655273438
1973.55345520107	2109.25
1976.0091110356	2114.53344726563
1978.46402285444	2118.64990234375
1980.91819097737	2115.38330078125
1983.3716157241	2127.9833984375
1985.82429741427	2120.5
1988.27623636736	2120.19995117188
1990.72743290284	2112.14990234375
1993.17788734002	2133.0166015625
1995.62759999817	2129.33325195313
1998.07657119644	2125.31665039063
2000.5248012539	2122.68334960938
2002.97229048952	2133.44995117188
2005.41903922219	2125.39990234375
2007.86504777071	2124.75
2010.31031645378	2120.2333984375
2012.75484559	2118.7666015625
2015.19863549792	2131.46655273438
2017.64168649594	2131.46655273438
2020.08399890242	2127.56665039063
2022.5255730356	2137.36669921875
2024.96640921365	2125.66674804688
2027.40650775462	2129.55004882813
2029.84586897649	2130.31665039063
2032.28449319715	2117.35009765625
2034.72238073438	2127.60009765625
2037.15953190591	2124.68334960938
2039.59594702932	2130.71655273438
2042.03162642215	2125.08325195313
2044.46657040182	2123.33325195313
2046.90077928567	2130.81665039063
2049.33425339095	2123.60009765625
2051.76699303481	2131.71655273438
2054.19899853433	2137.35009765625
2056.63027020645	2133.91674804688
2059.06080836809	2131.78344726563
2061.49061333602	2125.89990234375
2063.91968542694	2133.31665039063
2066.34802495747	2122.05004882813
2068.77563224411	2129.68334960938
2071.20250760329	2131.7333984375
2073.62865135136	2138.4833984375
2076.05406380455	2132.4833984375
2078.47874527901	2134.83325195313
2080.9026960908	2136.80004882813
2083.3259165559	2138.83325195313
2085.74840699018	2132.64990234375
2088.17016770944	2131.18334960938
2090.59119902935	2137.81665039063
2093.01150126553	2130.28344726563
2095.43107473348	2130.86669921875
2097.84991974864	2127.56665039063
2100.26803662633	2139.35009765625
2102.68542568178	2137.0166015625
2105.10208723015	2137.36669921875
2107.51802158648	2137.64990234375
2109.93322906574	2133.41674804688
2112.3477099828	2134.33325195313
2114.76146465245	2134.10009765625
2117.17449338937	2136.10009765625
2119.58679650815	2135.16674804688
2121.9983743233	2143.63330078125
2124.40922714924	2139.88330078125
2126.81935530029	2128.89990234375
2129.22875909067	2143.31665039063
2131.63743883452	2147.13330078125
2134.04539484589	2146.10009765625
2136.45262743874	2138.89990234375
2138.85913692692	2153.10009765625
2141.26492362422	2157.80004882813
2143.6699878443	2143.10009765625
2146.07432990076	2144.28344726563
2148.47795010708	2129.2333984375
2150.88084877667	2144.36669921875
2153.28302622285	2138.43334960938
2155.68448275883	2142.08325195313
2158.08521869774	2146.25
2160.48523435261	2142.06665039063
2162.88453003639	2145.68334960938
2165.28310606193	2149.69995117188
2167.68096274199	2152.7333984375
2170.07810038922	2137.58325195313
2172.47451931622	2146.89990234375
2174.87021983546	2151.7666015625
2177.26520225933	2147.5
2179.65946690013	2138.08325195313
2182.05301407006	2145.9833984375
2184.44584408123	2140.7666015625
2186.83795724567	2149.81665039063
2189.22935387531	2147
2191.62003428198	2142.0166015625
2194.00999877743	2151.36669921875
2196.39924767329	2149.80004882813
2198.78778128115	2145.13330078125
2201.17559991245	2141.18334960938
2203.56270387857	2147.13330078125
2205.94909349081	2152.33325195313
2208.33476906033	2150.11669921875
2210.71973089824	2142.16674804688
2213.10397931554	2142.94995117188
2215.48751462314	2134.2666015625
2217.87033713186	2147.63330078125
2220.25244715242	2149.10009765625
2222.63384499546	2151.44995117188
2225.01453097151	2150.11669921875
2227.39450539101	2147.85009765625
2229.77376856434	2151.06665039063
2232.15232080173	2156.7666015625
2234.53016241336	2152.36669921875
2236.9072937093	2150.5
2239.28371499954	2155.63330078125
2241.65942659396	2147.11669921875
2244.03442880236	2142.83325195313
2246.40872193443	2142.4833984375
2248.78230629979	2150.93334960938
2251.15518220795	2151.39990234375
2253.52734996835	2146.71655273438
2255.89880989029	2149.46655273438
2258.26956228301	2157.11669921875
2260.63960745567	2150.31665039063
2263.00894571731	2154.43334960938
2265.37757737688	2144.11669921875
2267.74550274324	2149.05004882813
2270.11272212517	2147.86669921875
2272.47923583134	2144.60009765625
2274.84504417031	2155.43334960938
2277.2101474506	2146.03344726563
2279.57454598058	2151.9833984375
2281.93824006856	2156.44995117188
2284.30123002275	2145.68334960938
2286.66351615125	2147.91674804688
2289.02509876208	2153.41674804688
2291.38597816317	2166.55004882813
2293.74615466236	2160.94995117188
2296.10562856737	2149.33325195313
2298.46440018585	2160.96655273438
2300.82246982535	2161.91674804688
2303.1798377933	2154.05004882813
2305.5365043971	2165.75
2307.89246994399	2155.66674804688
2310.24773474116	2157.36669921875
2312.60229909566	2155.75
2314.95616331451	2163.05004882813
2317.30932770456	2164.83325195313
2319.66179257263	2165.13330078125
2322.01355822542	2171.61669921875
2324.36462496953	2175.18334960938
2326.71499311146	2166.7666015625
2329.06466295764	2168.61669921875
2331.41363481439	2162.58325195313
2333.76190898794	2172.81665039063
2336.10948578441	2170.5
2338.45636550986	2175.4833984375
2340.80254847022	2163.43334960938
2343.14803497132	2167.43334960938
2345.49282531895	2169.06665039063
2347.83691981874	2173.5
2350.18031877626	2166.88330078125
2352.52302249699	2176.75
2354.8650312863	2175.33325195313
2357.20634544946	2169.03344726563
2359.54696529166	2164.03344726563
2361.88689111798	2170.30004882813
2364.22612323341	2173.06665039063
2366.56466194287	2173.18334960938
2368.90250755114	2167.61669921875
2371.23966036293	2176.36669921875
2373.57612068286	2174.0166015625
2375.91188881545	2169.96655273438
2378.2469650651	2175.38330078125
2380.58134973615	2173.93334960938
2382.91504313282	2183.58325195313
2385.24804555926	2176.7333984375
2387.58035731949	2175.96655273438
2389.91197871745	2180.9833984375
2392.24291005701	2172.80004882813
2394.57315164189	2177.7666015625
2396.90270377577	2183.4833984375
2399.23156676218	2176.06665039063
2401.55974090461	2179.5166015625
2403.88722650642	2182.5166015625
2406.21402387086	2180.13330078125
2408.54013330113	2181.88330078125
2410.8655551003	2174.89990234375
2413.19028957133	2181.25
2415.51433701713	2186.81665039063
2417.83769774049	2177.66674804688
2420.16037204408	2182.86669921875
2422.48236023051	2179.03344726563
2424.80366260228	2171.86669921875
2427.12427946179	2187.83325195313
2429.44421111134	2186.7333984375
2431.76345785315	2183.13330078125
2434.08201998932	2190.7666015625
2436.39989782188	2188.93334960938
2438.71709165273	2190.63330078125
2441.0336017837	2179.5
2443.34942851653	2192.46655273438
2445.66457215282	2192.85009765625
2447.97903299412	2190.08325195313
2450.29281134185	2202.88330078125
2452.60590749736	2192.13330078125
2454.91832176188	2183.41674804688
2457.23005443656	2181.96655273438
2459.54110582243	2191.19995117188
2461.85147622045	2191.30004882813
2464.16116593146	2185.08325195313
2466.47017525621	2190.31665039063
2468.77850449536	2192.28344726563
2471.08615394947	2190.64990234375
2473.39312391899	2188.81665039063
2475.69941470429	2200.05004882813
2478.00502660562	2192.2666015625
2480.30995992316	2196.89990234375
2482.61421495697	2184.89990234375
2484.91779200702	2190.5166015625
2487.22069137316	2197.66674804688
2489.5229133552	2191.2333984375
2491.8244582528	2187.64990234375
2494.12532636553	2195.2666015625
2496.42551799287	2189.69995117188
2498.72503343421	2196.80004882813
2501.02387298882	2193.31665039063
2503.32203695588	2188.11669921875
2505.61952563449	2199.10009765625
2507.91633932361	2195.11669921875
2510.21247832216	2200.81665039063
2512.50794292891	2187.63330078125
2514.80273344255	2198.43334960938
2517.09685016167	2191.61669921875
2519.39029338476	2198.61669921875
2521.68306341022	2188.83325195313
2523.97516053634	2199.60009765625
2526.26658506132	2195.08325195313
2528.55733728325	2205.91674804688
2530.84741750012	2195.30004882813
2533.13682600984	2198.43334960938
2535.4255631102	2194.25
2537.7136290989	2196.80004882813
2540.00102427354	2196.68334960938
2542.28774893162	2205.31665039063
2544.57380337053	2198.2333984375
2546.85918788758	2200.78344726563
2549.14390277997	2200.36669921875
2551.4279483448	2205.08325195313
2553.71132487906	2206.14990234375
2555.99403267966	2200.68334960938
2558.27607204341	2197.75
2560.55744326699	2200.71655273438
2562.83814664702	2198.25
2565.11818247999	2202.55004882813
2567.3975510623	2204.18334960938
2569.67625269025	2200.25
2571.95428766003	2200.7333984375
2574.23165626776	2194.53344726563
2576.50835880942	2194.75
2578.78439558093	2196.46655273438
2581.05976687806	2204.43334960938
2583.33447299652	2194.56665039063
2585.60851423191	2201.83325195313
2587.88189087972	2206.35009765625
2590.15460323534	2200.96655273438
2592.42665159406	2197.08325195313
2594.69803625108	2209.93334960938
2596.9687575015	2199.0166015625
2599.23881564029	2196.94995117188
2601.50821096235	2201.7666015625
2603.77694376245	2197.13330078125
2606.0450143353	2202.96655273438
2608.31242297548	2196.9833984375
2610.57916997746	2206.69995117188
2612.84525563562	2207.28344726563
2615.11068024426	2202.88330078125
2617.37544409753	2204.0166015625
2619.63954748952	2208.61669921875
2621.90299071421	2199.2333984375
2624.16577406546	2202.63330078125
2626.42789783705	2199.11669921875
2628.68936232264	2201.88330078125
2630.9501678158	2198.5166015625
2633.21031460999	2208.43334960938
2635.46980299857	2208.46655273438
2637.72863327481	2208.10009765625
2639.98680573185	2214.75
2642.24432066276	2211.44995117188
2644.50117836048	2212.85009765625
2646.75737911786	2211.46655273438
2649.01292322765	2218.58325195313
2651.26781098249	2216.05004882813
2653.52204267492	2207.38330078125
2655.77561859738	2219.89990234375
2658.0285390422	2222.93334960938
2660.28080430161	2235.58325195313
2662.53241466774	2224.16674804688
2664.78337043263	2230.64990234375
2667.03367188817	2247.5166015625
2669.2833193262	2240.2666015625
2671.53231303844	2249.14990234375
2673.78065331648	2265.36669921875
2676.02834045184	2250.88330078125
2678.27537473592	2267.46655273438
2680.52175646002	2278.60009765625
2682.76748591535	2289.56665039063
2685.01256339298	2298.06665039063
2687.25698918391	2312.68334960938
2689.50076357901	2316.30004882813
2691.74388686909	2336.81665039063
2693.9863593448	2341.08325195313
2696.22818129672	2355.81665039063
2698.46935301532	2344.13330078125
2700.70987479096	2346.36669921875
2702.94974691389	2328.5
2705.18896967428	2317.08325195313
2707.42754336216	2303.38330078125
2709.66546826749	2287.60009765625
2711.90274468011	2273.83325195313
2714.13937288974	2265.91674804688
2716.37535318602	2248.85009765625
2718.61068585848	2250.7333984375
2720.84537119652	2236.30004882813
2723.07940948947	2223.14990234375
2725.31280102654	2225.2666015625
2727.54554609682	2222.25
2729.77764498933	2217.36669921875
2732.00909799294	2218.2666015625
2734.23990539644	2209.35009765625
2736.47006748853	2208.05004882813
2738.69958455777	2201.41674804688
2740.92845689263	2213.5166015625
2743.15668478147	2199.94995117188
2745.38426851257	2207.56665039063
2747.61120837406	2200.64990234375
2749.83750465399	2201.63330078125
2752.0631576403	2212.83325195313
2754.28816762083	2201.68334960938
2756.51253488329	2201.28344726563
2758.73625971532	2202.71655273438
2760.95934240442	2198.80004882813
2763.18178323801	2194.69995117188
2765.40358250338	2196.05004882813
2767.62474048773	2198.35009765625
2769.84525747814	2188.80004882813
2772.06513376159	2203.38330078125
2774.28436962496	2199.4833984375
2776.50296535501	2194.03344726563
2778.7209212384	2196.43334960938
2780.93823756168	2195.56665039063
2783.15491461129	2196.03344726563
2785.37095267358	2196.5166015625
2787.58635203477	2189.46655273438
2789.80111298097	2190.93334960938
2792.01523579822	2191.06665039063
2794.2287207724	2184.2666015625
2796.44156818932	2193.2333984375
2798.65377833468	2189.5166015625
2800.86535149404	2187
2803.07628795289	2193.91674804688
2805.28658799659	2179.4833984375
2807.4962519104	2184.2333984375
2809.70527997946	2190.06665039063
2811.91367248883	2179.93334960938
2814.12142972342	2184.69995117188
2816.32855196807	2182.08325195313
2818.53503950749	2179.41674804688
2820.74089262628	2187.08325195313
2822.94611160894	2181.30004882813
2825.15069673987	2181.64990234375
2827.35464830333	2180.2666015625
2829.55796658351	2179.13330078125
2831.76065186445	2172.64990234375
2833.96270443012	2184.08325195313
2836.16412456437	2179.39990234375
2838.3649125509	2174.0166015625
2840.56506867336	2183.36669921875
2842.76459321526	2185.5166015625
2844.96348645999	2186.9833984375
2847.16174869086	2182.11669921875
2849.35938019105	2187.25
2851.55638124363	2182.81665039063
2853.75275213157	2188.06665039063
2855.94849313772	2183.33325195313
2858.14360454483	2188.11669921875
2860.33808663553	2183.71655273438
2862.53193969234	2188.68334960938
2864.72516399768	2184.16674804688
2866.91775983385	2179.06665039063
2869.10972748304	2195.21655273438
2871.30106722733	2190.66674804688
2873.4917793487	2190.81665039063
2875.68186412899	2187.86669921875
2877.87132184997	2184.33325195313
2880.06015279325	2195.2333984375
2882.24835724039	2193.33325195313
2884.43593547278	2204.78344726563
2886.62288777173	2192.03344726563
2888.80921441843	2198.38330078125
2890.99491569397	2200.2666015625
2893.1799918793	2194.7666015625
2895.36444325529	2192.43334960938
2897.54827010269	2193.80004882813
2899.73147270213	2187.03344726563
2901.91405133412	2194.03344726563
2904.09600627909	2184.19995117188
2906.27733781731	2183.78344726563
2908.45804622899	2187.16674804688
2910.63813179418	2199.69995117188
2912.81759479286	2195.19995117188
2914.99643550486	2189.83325195313
2917.17465420994	2205.60009765625
2919.3522511877	2193.9833984375
2921.52922671765	2194
2923.7055810792	2198.19995117188
2925.88131455162	2195.86669921875
2928.05642741408	2198.96655273438
2930.23091994566	2190.44995117188
2932.40479242528	2184.93334960938
2934.57804513178	2185.4833984375
2936.75067834387	2194.18334960938
2938.92269234017	2181.96655273438
2941.09408739916	2189.68334960938
2943.26486379921	2193.69995117188
2945.4350218186	2179.53344726563
2947.60456173546	2182.14990234375
2949.77348382783	2191.86669921875
2951.94178837363	2186.08325195313
2954.10947565068	2172.35009765625
2956.27654593666	2178.13330078125
2958.44299950915	2175.86669921875
2960.60883664562	2179.08325195313
2962.77405762341	2176.9833984375
2964.93866271975	2167.7666015625
2967.10265221178	2182.81665039063
2969.26602637648	2175.31665039063
2971.42878549076	2176.86669921875
2973.59092983139	2182.56665039063
2975.75245967501	2176.33325195313
2977.9133752982	2178.86669921875
2980.07367697736	2174.58325195313
2982.23336498882	2176.44995117188
2984.39243960877	2168.60009765625
2986.5509011133	2183.03344726563
2988.70874977837	2168.60009765625
2990.86598587984	2180.83325195313
2993.02260969344	2179.06665039063
2995.17862149478	2172.28344726563
2997.33402155938	2173.41674804688
2999.48881016262	2174.38330078125
3001.64298757978	2170.10009765625
3003.796554086	2176.93334960938
3005.94950995633	2167.43334960938
3008.10185546569	2163.06665039063
3010.25359088888	2172.55004882813
3012.40471650059	2172.7333984375
3014.5552325754	2169.08325195313
3016.70513938776	2155.89990234375
3018.85443721201	2156.83325195313
3021.00312632236	2156.93334960938
3023.15120699292	2161.25
3025.29867949769	2155.06665039063
3027.44554411052	2151.7333984375
3029.59180110516	2156.7666015625
3031.73745075527	2164.53344726563
3033.88249333434	2161.5
3036.02692911578	2161.46655273438
3038.17075837287	2151.66674804688
3040.31398137877	2157.55004882813
3042.45659840653	2152.83325195313
3044.59860972907	2156.91674804688
3046.7400156192	2154.96655273438
3048.88081634961	2159.64990234375
3051.02101219287	2157.25
3053.16060342144	2150.7333984375
3055.29959030765	2143.0166015625
3057.43797312371	2155.55004882813
3059.57575214172	2154.21655273438
3061.71292763366	2149.56665039063
3063.84949987139	2152.35009765625
3065.98546912665	2147.68334960938
3068.12083567105	2143.61669921875
3070.2555997761	2153.41674804688
3072.38976171319	2147.9833984375
3074.52332175356	2150.46655273438
3076.65628016837	2141.71655273438
3078.78863722863	2145.68334960938
3080.92039320526	2148.85009765625
3083.05154836902	2138.14990234375
3085.1821029906	2134.71655273438
3087.31205734051	2129.55004882813
3089.44141168921	2133.56665039063
3091.57016630696	2136.25
3093.69832146398	2141.16674804688
3095.82587743032	2141.16674804688
3097.9528344759	2136.96655273438
3100.07919287056	2140.2666015625
3102.204952884	2140.60009765625
3104.33011478579	2136.78344726563
3106.45467884538	2143.14990234375
3108.57864533212	2136.7666015625
3110.70201451522	2143.41674804688
3112.82478666378	2136.39990234375
3114.94696204676	2145.08325195313
3117.06854093301	2132.35009765625
3119.18952359127	2134.44995117188
3121.30991029013	2137.13330078125
3123.4297012981	2139.64990234375
3125.54889688352	2143.85009765625
3127.66749731464	2134.78344726563
3129.78550285957	2133.68334960938
3131.90291378633	2135.85009765625
3134.01973036277	2137.0166015625
3136.13595285665	2125.81665039063
3138.2515815356	2123.7333984375
3140.36661666714	2123.13330078125
3142.48105851863	2123.46655273438
3144.59490735734	2130.69995117188
3146.70816345041	2118.58325195313
3148.82082706486	2119.64990234375
3150.93289846758	2112.85009765625
3153.04437792532	2118.43334960938
3155.15526570475	2130.53344726563
3157.26556207238	2108.55004882813
3159.37526729461	2110.06665039063
3161.48438163771	2114.78344726563
3163.59290536784	2116.43334960938
3165.70083875102	2118.19995117188
3167.80818205315	2114.08325195313
3169.91493554002	2108.81665039063
3172.02109947727	2114.4833984375
3174.12667413044	2113.55004882813
3176.23165976493	2120.10009765625
3178.33605664602	2114.68334960938
3180.43986503887	2114.10009765625
3182.54308520852	2124.25
3184.64571741986	2105.43334960938
3186.74776193769	2115.43334960938
3188.84921902664	2106.19995117188
3190.95008895128	2114.4833984375
3193.05037197599	2122.5166015625
3195.15006836504	2127.11669921875
3197.24917838262	2123.78344726563
3199.34770229274	2117.10009765625
3201.44564035931	2108.68334960938
3203.5429928461	2119.2666015625
3205.63976001677	2110.28344726563
3207.73594213484	2110.94995117188
3209.83153946372	2118.7666015625
3211.92655226669	2111.93334960938
3214.02098080688	2119.5
3216.11482534732	2116.89990234375
3218.20808615091	2114.28344726563
3220.30076348041	2113.56665039063
3222.39285759847	2117.78344726563
3224.4843687676	2110.66674804688
3226.57529725019	2120.39990234375
3228.66564330851	2102.83325195313
3230.75540720468	2110.91674804688
3232.8445892007	2104.5166015625
3234.93318955847	2109.91674804688
3237.02120853974	2114.2666015625
3239.10864640612	2112.28344726563
3241.19550341911	2099.5166015625
3243.28177984009	2108.41674804688
3245.36747593029	2106.0166015625
3247.45259195083	2105.03344726563
3249.53712816268	2099.89990234375
3251.62108482672	2101.03344726563
3253.70446220366	2102.19995117188
3255.78726055411	2090.18334960938
3257.86948013853	2099.10009765625
3259.95112121728	2085.58325195313
3262.03218405055	2093.81665039063
3264.11266889845	2097.7333984375
3266.19257602092	2090.5166015625
3268.27190567779	2081.30004882813
3270.35065812876	2084.81665039063
3272.4288336334	2094.33325195313
3274.50643245114	2079.71655273438
3276.5834548413	2091.08325195313
3278.65990106305	2085.31665039063
3280.73577137545	2076.03344726563
3282.81106603742	2080.68334960938
3284.88578530774	2084.2333984375
3286.95992944508	2081.06665039063
3289.03349870796	2080.88330078125
3291.1064933548	2087.13330078125
3293.17891364384	2073.08325195313
3295.25075983324	2077.81665039063
3297.322032181	2080.2333984375
3299.39273094501	2080.58325195313
3301.462856383	2079.53344726563
3303.53240875259	2077.25
3305.60138831128	2078.91674804688
3307.6697953164	2078.2333984375
3309.73763002519	2074.88330078125
3311.80489269472	2080.36669921875
3313.87158358198	2079.7333984375
3315.93770294378	2086.83325195313
3318.00325103681	2078.16674804688
3320.06822811764	2078.0166015625
3322.13263444272	2080.56665039063
3324.19647026832	2085.25
3326.25973585064	2073.10009765625
3328.32243144568	2077.56665039063
3330.38455730938	2079.68334960938
3332.44611369749	2075.86669921875
3334.50710086564	2078.55004882813
3336.56751906936	2070.33325195313
3338.62736856401	2076.14990234375
3340.68664960483	2070.7666015625
3342.74536244693	2071.31665039063
3344.80350734528	2076.69995117188
3346.86108455472	2070.0166015625
3348.91809432997	2071.0166015625
3350.97453692559	2064.08325195313
3353.03041259603	2057.78344726563
3355.08572159559	2062.58325195313
3357.14046417844	2059.83325195313
3359.19464059863	2054
3361.24825111005	2056.61669921875
3363.30129596648	2052.44995117188
3365.35377542155	2045.51672363281
3367.40568972878	2062.0166015625
3369.45703914152	2054.19995117188
3371.507823913	2060.2666015625
3373.55804429633	2050.10009765625
3375.60770054446	2059.33325195313
3377.65679291024	2046.84997558594
3379.70532164635	2047.88330078125
3381.75328700534	2048.05004882813
3383.80068923965	2041.08337402344
3385.84752860155	2041.21667480469
3387.89380534321	2039.01672363281
3389.93951971664	2044.31665039063
3391.98467197371	2040.96667480469
3394.02926236618	2041.68334960938
3396.07329114566	2048.41674804688
3398.1167585636	2040.93334960938
3400.15966487137	2035.48327636719
3402.20201032014	2048.36669921875
3404.24379516099	2033.93334960938
3406.28501964484	2041.53332519531
3408.3256840225	2036.76672363281
3410.3657885446	2035.5
3412.40533346167	2031.91662597656
3414.44431902408	2037.01672363281
3416.48274548209	2030.56665039063
3418.5206130858	2030.11669921875
3420.55792208516	2031.75
3422.59467273003	2029.86669921875
3424.63086527009	2037.75
3426.6664999549	2031.15002441406
3428.70157703386	2034.90002441406
3430.73609675628	2031.93334960938
3432.77005937129	2031.5
3434.80346512789	2032.18334960938
3436.83631427494	2033.30004882813
3438.86860706119	2017.25
3440.90034373521	2032.5
3442.93152454546	2021.84997558594
3444.96214974025	2025.71667480469
3446.99221956775	2023.96667480469
3449.021734276	2009.23327636719
3451.05069411289	2015.08337402344
3453.07909932619	2013.15002441406
3455.1069501635	2018.03332519531
3457.1342468723	2021
3459.16098969993	2009.80004882813
3461.1871788936	2011.06665039063
3463.21281470035	2010.09997558594
3465.23789736712	2002.03332519531
3467.26242714067	2009.94995117188
3469.28640426765	1991.94995117188
3471.30982899455	2006.94995117188
3473.33270156774	1993.84997558594
3475.35502223343	1988.93334960938
3477.3767912377	1999.40002441406
3479.39800882649	2001.43334960938
3481.41867524559	1990.81665039063
3483.43879074066	1997.63330078125
3485.45835555721	1994.56665039063
3487.47736994062	1985.16662597656
3489.49583413611	1988.11669921875
3491.51374838879	1982.65002441406
3493.53111294359	1979.80004882813
3495.54792804533	1982.40002441406
3497.56419393867	1977.75
3499.57991086814	1978.11669921875
3501.59507907811	1974.66662597656
3503.60969881284	1984.63330078125
3505.6237703164	1979.01672363281
3507.63729383278	1976.80004882813
3509.65026960577	1974.5
3511.66269787904	1975.61669921875
3513.67457889613	1964.11669921875
3515.68591290042	1969.55004882813
3517.69670013515	1970.61669921875
3519.70694084342	1970.40002441406
3521.7166352682	1961.11669921875
3523.72578365229	1966.65002441406
3525.73438623836	1959.71667480469
3527.74244326893	1970.59997558594
3529.74995498641	1960.06665039063
3531.75692163301	1966.53332519531
3533.76334345084	1959.68334960938
3535.76922068186	1964.25
3537.77455356786	1968.33337402344
3539.77934235051	1958.33337402344
3541.78358727133	1961.44995117188
3543.78728857169	1965.46667480469
3545.79044649283	1966.21667480469
3547.79306127584	1956.83337402344
3549.79513316164	1955.83337402344
3551.79666239104	1949.53332519531
3553.79764920469	1961.25
3555.7980938431	1954.03332519531
3557.79799654663	1954.26672363281
3559.79735755548	1950.11669921875
3561.79617710974	1940.90002441406
3563.79445544932	1946.55004882813
3565.79219281401	1944.81665039063
3567.78938944344	1938.84997558594
3569.7860455771	1937.23327636719
3571.78216145432	1937.58337402344
3573.77773731431	1933.51672363281
3575.7727733961	1931.48327636719
3577.76726993861	1939.15002441406
3579.76122718059	1934.63330078125
3581.75464536064	1931.73327636719
3583.74752471725	1930.38330078125
3585.7398654887	1930.58337402344
3587.73166791317	1928.33337402344
3589.7229322287	1917.21667480469
3591.71365867314	1919.51672363281
3593.70384748424	1921.83337402344
3595.69349889955	1923.13330078125
3597.68261315654	1917.76672363281
3599.67119049245	1912.83337402344
3601.65923114446	1913.58337402344
3603.64673534952	1913.25
3605.63370334449	1910.41662597656
3607.62013536607	1909.25
3609.60603165079	1906.71667480469
3611.59139243504	1908.86669921875
3613.57621795509	1899.06665039063
3615.56050844701	1899.55004882813
3617.54426414677	1898.08337402344
3619.52748529017	1896.51672363281
3621.51017211285	1891.69995117188
3623.49232485031	1893.55004882813
3625.47394373792	1896
3627.45502901088	1887.41662597656
3629.43558090423	1895.73327636719
3631.41559965288	1892.53332519531
3633.3950854916	1887.65002441406
3635.37403865498	1891.25
3637.35245937747	1880.51672363281
3639.33034789339	1885.59997558594
3641.30770443688	1885.48327636719
3643.28452924196	1879.46667480469
3645.26082254248	1886.40002441406
3647.23658457212	1880.11669921875
3649.21181556447	1883.66662597656
3651.18651575291	1885.01672363281
3653.16068537069	1882.96667480469
3655.13432465092	1881.48327636719
3657.10743382653	1879.25
3659.08001313034	1886.41662597656
3661.05206279498	1880.30004882813
3663.02358305295	1875.18334960938
3664.9945741366	1868.80004882813
3666.96503627811	1874.96667480469
3668.93496970952	1870.76672363281
3670.90437466272	1863.15002441406
3672.87325136944	1864.23327636719
3674.84160006127	1863.65002441406
3676.80942096963	1856.44995117188
3678.77671432581	1872
3680.74348036092	1867.94995117188
3682.70971930595	1854.65002441406
3684.6754313917	1858.09997558594
3686.64061684885	1860.81665039063
3688.60527590791	1862.73327636719
3690.56940879924	1855.19995117188
3692.53301575303	1853.31665039063
3694.49609699936	1852.43334960938
3696.45865276812	1860.93334960938
3698.42068328904	1848.11669921875
3700.38218879173	1846.83337402344
3702.34316950563	1844.48327636719
3704.30362566	1844.48327636719
3706.26355748399	1841.09997558594
3708.22296520657	1844.80004882813
3710.18184905656	1848.59997558594
3712.14020926263	1839.19995117188
3714.09804605328	1840.80004882813
3716.05535965687	1832.15002441406
3718.01215030162	1825.28332519531
3719.96841821555	1829.09997558594
3721.92416362657	1831.61669921875
3723.8793867624	1824.58337402344
3725.83408785063	1820.94995117188
3727.78826711869	1826.01672363281
3729.74192479384	1822.44995117188
3731.69506110319	1823.11669921875
3733.64767627371	1818.46667480469
3735.59977053219	1811.59997558594
3737.55134410528	1814.05004882813
3739.50239721947	1815.25
3741.45293010108	1807.76672363281
3743.40294297631	1815.63330078125
3745.35243607116	1811.55004882813
3747.3014096115	1807.11669921875
3749.24986382303	1802.01672363281
3751.19779893131	1808.80004882813
3753.14521516171	1801.80004882813
3755.09211273949	1796.36669921875
3757.0384918897	1803.21667480469
3758.98435283728	1797.46667480469
3760.92969580698	1794.84997558594
3762.87452102341	1791.18334960938
3764.81882871101	1796.34997558594
3766.76261909407	1792.41662597656
3768.70589239672	1797.66662597656
3770.64864884293	1795.34997558594
3772.59088865651	1796.96667480469
3774.53261206112	1789.61669921875
3776.47381928025	1793.16662597656
