-173.428722450078	1146.61669921875
-170.294344013779	1147.16662597656
-167.160990304052	1146.31665039063
-164.028660894548	1146.41662597656
-160.897355359205	1146.56665039063
-157.767073272189	1146.34997558594
-154.637814207931	1146.58337402344
-151.50957774112	1146.90002441406
-148.382363446704	1146.23327636719
-145.256170899859	1146.83337402344
-142.130999676054	1146.43334960938
-139.006849350965	1146.66662597656
-135.883719500571	1146.84997558594
-132.761609701053	1147.26672363281
-129.640519528863	1146.16662597656
-126.520448560715	1145.96667480469
-123.401396373553	1146.86669921875
-120.28336254458	1146.21667480469
-117.166346651252	1146.59997558594
-114.050348271258	1146.86669921875
-110.935366982541	1146.48327636719
-107.821402363301	1146.13330078125
-104.708453991972	1146.51672363281
-101.596521447235	1146.31665039063
-98.4856043080122	1145.93334960938
-95.3757021534957	1146.61669921875
-92.2668145630801	1146.63330078125
-89.1589411164452	1147.36669921875
-86.0520813934781	1146.90002441406
-82.946234974338	1146.81665039063
-79.8414014394074	1146.41662597656
-76.7375803693083	1147.11669921875
-73.6347713449181	1147.55004882813
-70.532973947345	1145.83337402344
-67.4321877579402	1147.40002441406
-64.3324123582935	1147.69995117188
-61.2336473302252	1146.41662597656
-58.1358922558143	1146.86669921875
-55.0391467173494	1146.05004882813
-51.9434102973817	1146.26672363281
-48.8486825786838	1147.21667480469
-45.7549631442702	1145.88330078125
-42.662251577389	1146.84997558594
-39.5705474615295	1146.05004882813
-36.4798503804062	1146.43334960938
-33.3901599179706	1146.40002441406
-30.301475658403	1146.13330078125
-27.2137971861287	1146
-24.1271240858053	1146.44995117188
-21.0414559423028	1146.53332519531
-17.9567923407513	1146.41662597656
-14.8731328664812	1146.06665039063
-11.7904771050747	1146.46667480469
-8.70882464233763	1146.46667480469
-5.62817506431157	1146.59997558594
-2.54852795725342	1146.5
0.530117092344597	1147.38330078125
3.6077604977471	1148.84997558594
6.68440267202787	1147.51672363281
9.76004402799773	1146.93334960938
12.8346849782609	1146.30004882813
15.9083259351831	1146.48327636719
18.9809673109237	1145.71667480469
22.0526095173877	1145.91662597656
25.1232529662903	1146.84997558594
28.1928980690886	1146.93334960938
31.2615452370419	1146.46667480469
34.32919488118	1146.51672363281
37.3958474123071	1146.48327636719
40.4615032409942	1146.53332519531
43.5261627776189	1146.43334960938
46.58982643231	1146.25
49.6524946149833	1146.44995117188
52.7141677353456	1146.71667480469
55.7748462028835	1146.68334960938
58.8345304268427	1145.41662597656
61.8932208162729	1147.06665039063
64.9509177800033	1146.98327636719
68.0076217266271	1146.28332519531
71.0633330645419	1148.56665039063
74.118052201909	1148.41662597656
77.1717795467022	1153.58337402344
80.224515506648	1172.55004882813
83.2762604892772	1213.25
86.3270149018856	1257.15002441406
89.3767791515896	1286.05004882813
92.4255536452548	1298.68334960938
95.4733387895519	1300.80004882813
98.5201349909248	1306.71667480469
101.565942655643	1306.91662597656
104.610762189717	1309.65002441406
107.654593998963	1309.11669921875
110.697438488996	1314.73327636719
113.739296065204	1315.93334960938
116.78016713278	1314.23327636719
119.820052096698	1316.28332519531
122.85895136172	1309.88330078125
125.896865332408	1310.56665039063
128.933794413111	1309.78332519531
131.969739007965	1306.56665039063
135.004699520911	1308.98327636719
138.038676355664	1304.80004882813
141.071669915751	1298.75
144.103680604487	1304.16662597656
147.134708824975	1301.66662597656
150.164754980118	1298.61669921875
153.193819472611	1296.75
156.221902704945	1297.90002441406
159.24900507942	1299.71667480469
162.275126998099	1299.36669921875
165.300268862873	1298.38330078125
168.324431075425	1300.51672363281
171.347614037231	1304.41662597656
174.369818149562	1302.03332519531
177.391043813491	1306.16662597656
180.411291429897	1301.94995117188
183.430561399437	1304.75
186.448854122582	1304.44995117188
189.466169999607	1303
192.482509430598	1305.05004882813
195.497872815412	1302.21667480469
198.512260553716	1306.40002441406
201.525673045011	1305.58337402344
204.538110688552	1300.69995117188
207.549573883427	1303.43334960938
210.560063028519	1304.78332519531
213.569578522523	1302.81665039063
216.578120763917	1305.78332519531
219.585690151021	1301.36669921875
222.592287081907	1300.90002441406
225.597911954507	1302.08337402344
228.602565166512	1303.19995117188
231.606247115456	1301.83337402344
234.608958198646	1299.96667480469
237.610698813222	1301.26672363281
240.611469356122	1302.68334960938
243.611270224103	1299.73327636719
246.610101813707	1299.25
249.607964521295	1307.08337402344
252.604858743044	1304.46667480469
255.600784874935	1305.69995117188
258.595743312749	1307.25
261.589734452097	1305
264.582758688393	1308.65002441406
267.574816416842	1308.78332519531
270.565908032503	1308.05004882813
273.556033930195	1306.88330078125
276.545194504586	1303.75
279.533390150138	1304.83337402344
282.520621261151	1303.66662597656
285.506888231708	1304.31665039063
288.49219145571	1304.96667480469
291.476531326902	1305.66662597656
294.459908238794	1306.25
297.442322584762	1305.98327636719
300.423774757966	1305.11669921875
303.404265151375	1306.63330078125
306.383794157805	1304.15002441406
309.362362169862	1304.21667480469
312.339969579982	1309.61669921875
315.316616780414	1306.13330078125
318.292304163227	1303.53332519531
321.267032120295	1305.19995117188
324.24080104332	1307.98327636719
327.213611323833	1303.96667480469
330.185463353171	1308.80004882813
333.156357522491	1308.75
336.126294222774	1306.68334960938
339.095273844812	1303.18334960938
342.063296779227	1303.86669921875
345.030363416467	1306.59997558594
347.996474146782	1305.05004882813
350.961629360257	1307.31665039063
353.925829446806	1303.23327636719
356.889074796147	1309.48327636719
359.851365797829	1305.83337402344
362.812702841222	1306.88330078125
365.773086315536	1306.80004882813
368.732516609768	1310.76672363281
371.690994112778	1305.31665039063
374.648519213243	1307.36669921875
377.605092299631	1306.91662597656
380.560713760273	1308.09997558594
383.515383983307	1306.26672363281
386.469103356711	1305.86669921875
389.421872268273	1304.78332519531
392.373691105615	1306.41662597656
395.32456025619	1303
398.274480107272	1303.78332519531
401.223451045967	1308.61669921875
404.171473459202	1306.05004882813
407.118547733728	1304.96667480469
410.064674256155	1306.68334960938
413.009853412892	1305.96667480469
415.954085590181	1306.68334960938
418.8973711741	1307.13330078125
421.83971055055	1304.5
424.781104105281	1308.36669921875
427.721552223856	1302.84997558594
430.661055291665	1305.31665039063
433.599613693946	1303.55004882813
436.537227815752	1307.19995117188
439.473898041993	1306.71667480469
442.409624757378	1306.80004882813
445.344408346476	1309.5
448.278249193683	1303.30004882813
451.211147683207	1305.96667480469
454.143104199122	1307.81665039063
457.074119125312	1310.90002441406
460.004192845497	1308.66662597656
462.933325743267	1308.05004882813
465.861518202001	1305.5
468.788770604917	1309.23327636719
471.71508333511	1306.31665039063
474.640456775471	1307
477.564891308737	1302.11669921875
480.488387317487	1308.88330078125
483.410945184141	1305.48327636719
486.332565290942	1304.68334960938
489.253248019986	1308.11669921875
492.172993753197	1304.71667480469
495.091802872338	1305.40002441406
498.009675759011	1310.90002441406
500.926612794666	1309.96667480469
503.842614360571	1309.19995117188
506.757680837864	1309.56665039063
509.671812607493	1310.71667480469
512.585010050263	1315.69995117188
515.497273546817	1327.25
518.408603477637	1347.83337402344
521.319000223045	1349.84997558594
524.228464163205	1333.65002441406
527.136995678121	1322.88330078125
530.044595147647	1314.93334960938
532.951262951471	1309.38330078125
535.856999469123	1307.48327636719
538.761805079986	1310.15002441406
541.665680163279	1307.91662597656
544.568625098049	1311.76672363281
547.470640263216	1307.63330078125
550.371726037533	1309.56665039063
553.271882799588	1311.05004882813
556.171110927825	1307.90002441406
559.069410800531	1305.75
561.966782795823	1308.15002441406
564.863227291685	1309.30004882813
567.758744665944	1310.59997558594
570.653335296256	1307.56665039063
573.546999560148	1309.68334960938
576.439737834969	1310.38330078125
579.331550497935	1309.81665039063
582.222437926093	1308.76672363281
585.112400496356	1308.31665039063
588.001438585469	1306.96667480469
590.889552570021	1307.08337402344
593.77674282648	1311.16662597656
596.663009731132	1307.31665039063
599.548353660116	1309.23327636719
602.432774989433	1308.55004882813
605.316274094926	1311.75
608.198851352303	1308.59997558594
611.080507137075	1312.71667480469
613.961241824667	1306.81665039063
616.841055790315	1307.19995117188
619.71994940911	1313.18334960938
622.597923056008	1311.43334960938
625.474977105798	1309.09997558594
628.351111933143	1308.68334960938
631.22632791255	1311.5
634.10062541835	1313.26672363281
636.97400482478	1310.86669921875
639.846466505882	1309.73327636719
642.718010835585	1310.76672363281
645.58863818764	1313.26672363281
648.458348935679	1312.81665039063
651.327143453188	1313.5
654.195022113475	1312.56665039063
657.061985289745	1311.34997558594
659.928033355022	1310.26672363281
662.79316668221	1309.91662597656
665.657385644057	1314.01672363281
668.520690613176	1314.26672363281
671.383081962017	1308.31665039063
674.244560062899	1312.05004882813
677.105125288002	1309.69995117188
679.964778009343	1311.51672363281
682.823518598832	1311.75
685.681347428202	1312.51672363281
688.538264869057	1313.28332519531
691.394271292855	1313.83337402344
694.249367070914	1312.34997558594
697.103552574412	1310.5
699.956828174378	1310.33337402344
702.809194241715	1311.83337402344
705.660651147175	1309.58337402344
708.511199261361	1312.90002441406
711.360838954755	1313.51672363281
714.209570597676	1308.96667480469
717.057394560329	1313.28332519531
719.90431121275	1311.59997558594
722.750320924861	1310.69995117188
725.59542406643	1313.11669921875
728.439621007094	1312.26672363281
731.282912116347	1315.48327636719
734.125297763539	1314.69995117188
736.966778317898	1309.90002441406
739.807354148498	1316.18334960938
742.647025624275	1311.80004882813
745.485793114042	1312.08337402344
748.323656986468	1313.58337402344
751.160617610072	1316.41662597656
753.996675353258	1313.28332519531
756.831830584275	1318.08337402344
759.666083671249	1315.33337402344
762.499434982158	1318.09997558594
765.331884884853	1313.75
768.163433747055	1310.43334960938
770.994081936328	1314.05004882813
773.823829820116	1311.69995117188
776.652677765732	1312.13330078125
779.480626140347	1314.83337402344
782.307675310993	1313.73327636719
785.133825644576	1315.96667480469
787.959077507869	1310.30004882813
790.783431267511	1312.65002441406
793.606887289986	1316.13330078125
796.429445941685	1311.40002441406
799.251107588836	1310.03332519531
802.071872597536	1312.13330078125
804.891741333751	1312.56665039063
807.71071416334	1310.53332519531
810.528791451981	1312.31665039063
813.345973565269	1314.86669921875
816.162260868638	1312.65002441406
818.977653727395	1313.75
821.792152506717	1310.83337402344
824.605757571661	1311.01672363281
827.418469287133	1316.73327636719
830.230288017926	1312.21667480469
833.0412141287	1312.15002441406
835.851247983973	1312.05004882813
838.660389948141	1314.28332519531
841.468640385466	1316.05004882813
844.27599966009	1314.33337402344
847.082468136026	1316.73327636719
849.888046177135	1313.19995117188
852.692734147171	1319.19995117188
855.496532409758	1318.03332519531
858.29944132839	1316.06665039063
861.10146126642	1315.91662597656
863.902592587094	1314.65002441406
866.702835653509	1316.81665039063
869.502190828641	1316.21667480469
872.300658475353	1310.93334960938
875.098238956361	1317.88330078125
877.894932634271	1316.65002441406
880.690739871548	1318.90002441406
883.485661030531	1312.55004882813
886.279696473447	1316.61669921875
889.072846562376	1316.34997558594
891.86511165929	1318.15002441406
894.65649212603	1317.63330078125
897.446988324303	1320.36669921875
900.236600615703	1316.13330078125
903.025329361687	1316.25
905.813174923597	1312.91662597656
908.600137662639	1315.65002441406
911.38621793991	1316.43334960938
914.171416116365	1318.01672363281
916.95573255285	1317.34997558594
919.739167610082	1319.94995117188
922.521721648641	1318.09997558594
925.303395029005	1318.80004882813
928.084188111517	1320.94995117188
930.864101256396	1316.19995117188
933.643134823733	1316.16662597656
936.42128917351	1317.5
939.198564665577	1320.26672363281
941.97496165967	1314.16662597656
944.750480515391	1318.59997558594
947.525121592226	1325.30004882813
950.298885249534	1316.31665039063
953.071771846555	1318.38330078125
955.843781742413	1321.5
958.614915296108	1316.66662597656
961.385172866513	1316.38330078125
964.154554812387	1322.58337402344
966.92306149236	1319.46667480469
969.690693264949	1315.31665039063
972.457450488552	1322.34997558594
975.223333521431	1321.71667480469
977.988342721749	1322.56665039063
980.752478447535	1319.66662597656
983.515741056708	1321.61669921875
986.278130907059	1320.31665039063
989.039648356259	1319.73327636719
991.800293761863	1319.83337402344
994.560067481312	1320.36669921875
997.318969871913	1321.51672363281
1000.07700129088	1323.63330078125
1002.83416209528	1322.73327636719
1005.59045264208	1322.51672363281
1008.34587328813	1320.40002441406
1011.10042439014	1323.05004882813
1013.85410630472	1320.18334960938
1016.60691938837	1320.76672363281
1019.35886399746	1323.61669921875
1022.10994048823	1319.91662597656
1024.86014921684	1325.58337402344
1027.60949053928	1317.90002441406
1030.35796481149	1318.21667480469
1033.10557238924	1322.03332519531
1035.85231362819	1321.59997558594
1038.5981888839	1317.98327636719
1041.34319851182	1319.76672363281
1044.08734286727	1322.05004882813
1046.83062230544	1322.09997558594
1049.57303718143	1317.59997558594
1052.31458785021	1320.03332519531
1055.05527466665	1317.58337402344
1057.79509798549	1319.55004882813
1060.53405816134	1322.18334960938
1063.27215554874	1321.11669921875
1066.00939050209	1321.80004882813
1068.74576337565	1318.66662597656
1071.48127452361	1320.06665039063
1074.21592430002	1322.69995117188
1076.94971305882	1318.15002441406
1079.68264115384	1318.40002441406
1082.41470893879	1321.33337402344
1085.14591676728	1321.05004882813
1087.8762649928	1323.55004882813
1090.60575396871	1318.18334960938
1093.33438404827	1322.84997558594
1096.06215558464	1321.56665039063
1098.78906893086	1321.80004882813
1101.51512443981	1320.63330078125
1104.24032246435	1321.11669921875
1106.96466335716	1319.38330078125
1109.68814747081	1322.21667480469
1112.41077515779	1325.03332519531
1115.13254677044	1322.18334960938
1117.85346266104	1324.59997558594
1120.57352318169	1323.11669921875
1123.29272868445	1319.73327636719
1126.01107952121	1324.06665039063
1128.72857604378	1318.81665039063
1131.44521860385	1321.83337402344
1134.16100755301	1319.56665039063
1136.87594324271	1320.98327636719
1139.59002602433	1323.68334960938
1142.3032562491	1320.65002441406
1145.01563426818	1322.68334960938
1147.72716043257	1324.93334960938
1150.43783509322	1328.83337402344
1153.14765860091	1323.93334960938
1155.85663130634	1327.76672363281
1158.56475356012	1323.13330078125
1161.27202571271	1324
1163.97844811448	1320.83337402344
1166.68402111569	1322.59997558594
1169.38874506649	1323.56665039063
1172.09262031694	1322.26672363281
1174.79564721695	1323.58337402344
1177.49782611635	1325.21667480469
1180.19915736486	1324.19995117188
1182.89964131208	1327.75
1185.59927830751	1321.06665039063
1188.29806870054	1325.58337402344
1190.99601284046	1325.65002441406
1193.69311107643	1326.25
1196.38936375753	1322.84997558594
1199.08477123271	1325.28332519531
1201.77933385082	1328.30004882813
1204.47305196061	1322.36669921875
1207.1659259107	1326.09997558594
1209.85795604964	1322.65002441406
1212.54914272585	1328.25
1215.23948628763	1331.23327636719
1217.92898708319	1329.88330078125
1220.61764546064	1329.81665039063
1223.30546176798	1327.08337402344
1225.99243635308	1329.33337402344
1228.67856956373	1330.11669921875
1231.36386174761	1327.43334960938
1234.04831325228	1326.66662597656
1236.73192442522	1329.80004882813
1239.41469561377	1323.86669921875
1242.09662716519	1329.18334960938
1244.77771942662	1326.08337402344
1247.45797274511	1327.44995117188
1250.13738746759	1328.86669921875
1252.81596394089	1327.38330078125
1255.49370251175	1325.30004882813
1258.17060352676	1331.68334960938
1260.84666733246	1332.73327636719
1263.52189427525	1334.06665039063
1266.19628470144	1333.90002441406
1268.86983895722	1325.38330078125
1271.5425573887	1332.48327636719
1274.21444034186	1330.46667480469
1276.8854881626	1331.98327636719
1279.55570119671	1333.31665039063
1282.22507978985	1327.80004882813
1284.89362428759	1326.80004882813
1287.56133503543	1335.23327636719
1290.22821237872	1333.36669921875
1292.89425666274	1332.56665039063
1295.55946823263	1337.48327636719
1298.22384743346	1336.30004882813
1300.88739461019	1336.71667480469
1303.55011010766	1332.83337402344
1306.21199427063	1331.38330078125
1308.87304744373	1337.41662597656
1311.53326997152	1331.44995117188
1314.19266219843	1334.48327636719
1316.8512244688	1332.96667480469
1319.50895712687	1335.63330078125
1322.16586051676	1333.11669921875
1324.82193498252	1334.59997558594
1327.47718086806	1332.73327636719
1330.1315985172	1332.44995117188
1332.78518827369	1330.06665039063
1335.43795048114	1334.98327636719
1338.08988548307	1332.56665039063
1340.74099362289	1335.13330078125
1343.39127524392	1334.84997558594
1346.04073068939	1341.23327636719
1348.6893603024	1333.5
1351.33716442597	1336.36669921875
1353.98414340301	1332.26672363281
1356.63029757632	1332.59997558594
1359.27562728863	1334.66662597656
1361.92013288252	1335.31665039063
1364.56381470053	1330.88330078125
1367.20667308505	1334.33337402344
1369.84870837838	1335.28332519531
1372.48992092274	1333.65002441406
1375.13031106023	1331.43334960938
1377.76987913284	1337.18334960938
1380.40862548251	1329.63330078125
1383.04655045101	1334.80004882813
1385.68365438006	1328.86669921875
1388.31993761126	1329.40002441406
1390.95540048612	1331.76672363281
1393.59004334605	1331.96667480469
1396.22386653233	1333.53332519531
1398.85687038619	1335.15002441406
1401.48905524873	1330.41662597656
1404.12042146094	1329.59997558594
1406.75096936375	1333.81665039063
1409.38069929796	1329.91662597656
1412.00961160428	1329.43334960938
1414.63770662332	1332.5
1417.26498469557	1332.5
1419.89144616146	1331.13330078125
1422.51709136132	1334.63330078125
1425.14192063532	1340.01672363281
1427.76593432361	1331.61669921875
1430.3891327662	1332.86669921875
1433.01151630299	1336.05004882813
1435.63308527382	1333.18334960938
1438.2538400184	1329.58337402344
1440.87378087637	1336.21667480469
1443.49290818722	1332.71667480469
1446.1112222904	1332.86669921875
1448.72872352524	1335.33337402344
1451.34541223097	1335.63330078125
1453.96128874671	1335.80004882813
1456.5763534115	1333.94995117188
1459.19060656429	1332.15002441406
1461.8040485439	1329.51672363281
1464.41667968907	1334.25
1467.02850033846	1335.06665039063
1469.63951083061	1333.68334960938
1472.24971150397	1334.69995117188
1474.8591026969	1335.08337402344
1477.46768474763	1331.98327636719
1480.07545799434	1337.31665039063
1482.68242277508	1336.38330078125
1485.28857942782	1336.18334960938
1487.89392829042	1332.19995117188
1490.49846970065	1332.08337402344
1493.10220399619	1330.93334960938
1495.70513151461	1334.44995117188
1498.30725259339	1332.71667480469
1500.90856756992	1333.26672363281
1503.50907678146	1333.01672363281
1506.10878056524	1332.56665039063
1508.70767925832	1331.08337402344
1511.30577319772	1332.58337402344
1513.90306272032	1333.18334960938
1516.49954816295	1331.31665039063
1519.09522986229	1331.40002441406
1521.69010815498	1329.84997558594
1524.28418337751	1327.13330078125
1526.87745586632	1331.69995117188
1529.46992595773	1329.68334960938
1532.06159398796	1326.06665039063
1534.65246029316	1330.30004882813
1537.24252520935	1334.58337402344
1539.83178907249	1336.75
1542.42025221841	1334.5
1545.00791498287	1333.48327636719
1547.59477770152	1337.03332519531
1550.18084070993	1336.23327636719
1552.76610434356	1338.23327636719
1555.35056893777	1338.41662597656
1557.93423482785	1337.65002441406
1560.51710234896	1344.36669921875
1563.0991718362	1339.25
1565.68044362457	1341.38330078125
1568.26091804893	1340.53332519531
1570.84059544411	1339
1573.41947614481	1340.48327636719
1575.99756048562	1341.31665039063
1578.57484880108	1341.90002441406
1581.15134142559	1343.83337402344
1583.72703869349	1344.18334960938
1586.301940939	1345.61669921875
1588.87604849628	1346.19995117188
1591.44936169934	1348.21667480469
1594.02188088215	1350.16662597656
1596.59360637855	1350.51672363281
1599.16453852232	1356.44995117188
1601.73467764709	1359.05004882813
1604.30402408647	1357.51672363281
1606.87257817391	1359.11669921875
1609.44034024281	1352.28332519531
1612.00731062644	1347.61669921875
1614.57348965801	1346.21667480469
1617.13887767062	1343.71667480469
1619.70347499726	1344.30004882813
1622.26728197086	1339.81665039063
1624.83029892423	1339.90002441406
1627.39252619012	1344.08337402344
1629.95396410112	1341.5
1632.5146129898	1342.98327636719
1635.07447318858	1343.18334960938
1637.63354502984	1340.40002441406
1640.19182884582	1336.76672363281
1642.74932496868	1335.83337402344
1645.3060337305	1338.84997558594
1647.86195546325	1331.81665039063
1650.41709049882	1335.28332519531
1652.971439169	1331.83337402344
1655.52500180548	1329.75
1658.07777873987	1331.55004882813
1660.62977030368	1334.75
1663.18097682833	1330.78332519531
1665.73139864514	1332.01672363281
1668.28103608534	1334.66662597656
1670.82988948008	1334.90002441406
1673.37795916039	1332.90002441406
1675.92524545724	1330.33337402344
1678.47174870147	1329.40002441406
1681.01746922386	1328.18334960938
1683.56240735508	1332.56665039063
1686.10656342572	1330.44995117188
1688.64993776626	1331.81665039063
1691.19253070709	1329.68334960938
1693.73434257853	1327.84997558594
1696.27537371078	1328.11669921875
1698.81562443395	1333.03332519531
1701.35509507809	1330.88330078125
1703.89378597311	1330.06665039063
1706.43169744886	1329.81665039063
1708.96882983509	1328.58337402344
1711.50518346144	1329.86669921875
1714.0407586575	1333.53332519531
1716.57555575272	1332.13330078125
1719.10957507649	1329.30004882813
1721.64281695809	1334.5
1724.17528172671	1330.30004882813
1726.70696971146	1331.38330078125
1729.23788124135	1333.06665039063
1731.7680166453	1333.03332519531
1734.29737625213	1333.90002441406
1736.82596039057	1331.88330078125
1739.35376938927	1333.28332519531
1741.88080357677	1333.78332519531
1744.40706328154	1333.08337402344
1746.93254883193	1332.75
1749.45726055623	1330.13330078125
1751.9811987826	1328.76672363281
1754.50436383915	1330.75
1757.02675605387	1327.91662597656
1759.54837575466	1330.44995117188
1762.06922326934	1332.48327636719
1764.58929892564	1331.65002441406
1767.10860305118	1331.94995117188
1769.6271359735	1328.90002441406
1772.14489802005	1327.98327636719
1774.66188951817	1331.09997558594
1777.17811079515	1333.03332519531
1779.69356217815	1330.78332519531
1782.20824399425	1328.55004882813
1784.72215657043	1329.83337402344
1787.23530023361	1327.16662597656
1789.74767531057	1327.18334960938
1792.25928212804	1327.38330078125
1794.77012101264	1329.44995117188
1797.2801922909	1328.09997558594
1799.78949628926	1329.41662597656
1802.29803333406	1333.90002441406
1804.80580375158	1332.30004882813
1807.31280786797	1333.31665039063
1809.81904600929	1330.55004882813
1812.32451850154	1332.65002441406
1814.82922567061	1329.78332519531
1817.33316784231	1328.23327636719
1819.83634534233	1330.09997558594
1822.33875849629	1328.86669921875
1824.84040762973	1328.68334960938
1827.34129306808	1328.19995117188
1829.84141513667	1329.53332519531
1832.34077416077	1326.66662597656
1834.83937046553	1329.25
1837.33720437602	1327.61669921875
1839.83427621723	1329.51672363281
1842.33058631404	1325.93334960938
1844.82613499125	1330.83337402344
1847.32092257355	1324.63330078125
1849.81494938558	1327.40002441406
1852.30821575184	1328.16662597656
1854.80072199677	1328.63330078125
1857.29246844473	1332.68334960938
1859.78345541994	1330.34997558594
1862.27368324658	1328.71667480469
1864.76315224871	1329.76672363281
1867.2518627503	1327.16662597656
1869.73981507524	1329.40002441406
1872.22700954733	1329.11669921875
1874.71344649027	1327.98327636719
1877.19912622768	1329.18334960938
1879.68404908308	1333.86669921875
1882.16821537988	1331.16662597656
1884.65162544145	1332.09997558594
1887.13427959102	1330.40002441406
1889.61617815175	1334.34997558594
1892.0973214467	1334.98327636719
1894.57770979887	1327
1897.05734353113	1329
1899.53622296628	1334.06665039063
1902.014348427	1331.94995117188
1904.49172023593	1336.15002441406
1906.96833871558	1332.38330078125
1909.44420418839	1330.46667480469
1911.91931697668	1328.65002441406
1914.39367740272	1336.23327636719
1916.86728578865	1330.51672363281
1919.34014245654	1332.08337402344
1921.81224772838	1327.08337402344
1924.28360192604	1333.51672363281
1926.75420537132	1334.26672363281
1929.22405838593	1331.08337402344
1931.69316129147	1331.26672363281
1934.16151440948	1334.15002441406
1936.62911806136	1329.43334960938
1939.09597256848	1330.34997558594
1941.56207825207	1332.66662597656
1944.0274354333	1332.65002441406
1946.49204443322	1331.94995117188
1948.95590557284	1331.65002441406
1951.41901917301	1332.58337402344
1953.88138555454	1332.33337402344
1956.34300503813	1331.55004882813
1958.8038779444	1328.18334960938
1961.26400459387	1330.55004882813
1963.72338530697	1330.56665039063
1966.18202040403	1330.58337402344
1968.63991020531	1335.18334960938
1971.09705503097	1329.93334960938
1973.55345520107	1329.59997558594
1976.0091110356	1331.11669921875
1978.46402285444	1331.03332519531
1980.91819097737	1333.09997558594
1983.3716157241	1333.11669921875
1985.82429741427	1334.26672363281
1988.27623636736	1335.40002441406
1990.72743290284	1329.78332519531
1993.17788734002	1334.46667480469
1995.62759999817	1335.56665039063
1998.07657119644	1332.09997558594
2000.5248012539	1333.33337402344
2002.97229048952	1339.16662597656
2005.41903922219	1328.41662597656
2007.86504777071	1333.93334960938
2010.31031645378	1333.65002441406
2012.75484559	1336.18334960938
2015.19863549792	1333.98327636719
2017.64168649594	1336.58337402344
2020.08399890242	1337.40002441406
2022.5255730356	1335.63330078125
2024.96640921365	1333.40002441406
2027.40650775462	1336.56665039063
2029.84586897649	1335.43334960938
2032.28449319715	1329.15002441406
2034.72238073438	1333.5
2037.15953190591	1334.46667480469
2039.59594702932	1327.86669921875
2042.03162642215	1334.88330078125
2044.46657040182	1332.71667480469
2046.90077928567	1335.94995117188
2049.33425339095	1331.71667480469
2051.76699303481	1336.59997558594
2054.19899853433	1338.06665039063
2056.63027020645	1334.36669921875
2059.06080836809	1332.59997558594
2061.49061333602	1333.41662597656
2063.91968542694	1331.53332519531
2066.34802495747	1335.55004882813
2068.77563224411	1333.34997558594
2071.20250760329	1331.41662597656
2073.62865135136	1332.58337402344
2076.05406380455	1328.84997558594
2078.47874527901	1332.75
2080.9026960908	1332.19995117188
2083.3259165559	1334.08337402344
2085.74840699018	1333.91662597656
2088.17016770944	1330.98327636719
2090.59119902935	1335.18334960938
2093.01150126553	1329.93334960938
2095.43107473348	1333.34997558594
2097.84991974864	1332.81665039063
2100.26803662633	1333.96667480469
2102.68542568178	1331.98327636719
2105.10208723015	1333.03332519531
2107.51802158648	1334.05004882813
2109.93322906574	1335.34997558594
2112.3477099828	1332.93334960938
2114.76146465245	1333.69995117188
2117.17449338937	1333.91662597656
2119.58679650815	1335.65002441406
2121.9983743233	1331.98327636719
2124.40922714924	1336.23327636719
2126.81935530029	1334.91662597656
2129.22875909067	1337.26672363281
2131.63743883452	1331.69995117188
2134.04539484589	1336.69995117188
2136.45262743874	1332.08337402344
2138.85913692692	1337.83337402344
2141.26492362422	1333
2143.6699878443	1338.59997558594
2146.07432990076	1334.01672363281
2148.47795010708	1333.33337402344
2150.88084877667	1333.81665039063
2153.28302622285	1329.46667480469
2155.68448275883	1331.55004882813
2158.08521869774	1332.73327636719
2160.48523435261	1334.15002441406
2162.88453003639	1334.51672363281
2165.28310606193	1333.21667480469
2167.68096274199	1330.48327636719
2170.07810038922	1332.90002441406
2172.47451931622	1331.05004882813
2174.87021983546	1331.23327636719
2177.26520225933	1333.58337402344
2179.65946690013	1334.31665039063
2182.05301407006	1332.36669921875
2184.44584408123	1330.51672363281
2186.83795724567	1334.59997558594
2189.22935387531	1335.23327636719
2191.62003428198	1331.55004882813
2194.00999877743	1330.38330078125
2196.39924767329	1333.09997558594
2198.78778128115	1333.08337402344
2201.17559991245	1336.71667480469
2203.56270387857	1328.5
2205.94909349081	1333.15002441406
2208.33476906033	1336.44995117188
2210.71973089824	1331.15002441406
2213.10397931554	1335.09997558594
2215.48751462314	1331.73327636719
2217.87033713186	1331.40002441406
2220.25244715242	1332.93334960938
2222.63384499546	1332.31665039063
2225.01453097151	1331.93334960938
2227.39450539101	1333.61669921875
2229.77376856434	1333.81665039063
2232.15232080173	1333.13330078125
2234.53016241336	1333.58337402344
2236.9072937093	1331.31665039063
2239.28371499954	1336.26672363281
2241.65942659396	1333.71667480469
2244.03442880236	1334.86669921875
2246.40872193443	1333.41662597656
2248.78230629979	1331.68334960938
2251.15518220795	1331.76672363281
2253.52734996835	1330.43334960938
2255.89880989029	1335.80004882813
2258.26956228301	1334.41662597656
2260.63960745567	1330.93334960938
2263.00894571731	1332.71667480469
2265.37757737688	1332.91662597656
2267.74550274324	1333.96667480469
2270.11272212517	1329.55004882813
2272.47923583134	1328.61669921875
2274.84504417031	1334.69995117188
2277.2101474506	1333.91662597656
2279.57454598058	1330.94995117188
2281.93824006856	1334.83337402344
2284.30123002275	1330.83337402344
2286.66351615125	1335.81665039063
2289.02509876208	1334.26672363281
2291.38597816317	1334.76672363281
2293.74615466236	1333.38330078125
2296.10562856737	1332.55004882813
2298.46440018585	1334.18334960938
2300.82246982535	1331.75
2303.1798377933	1331.03332519531
2305.5365043971	1332.36669921875
2307.89246994399	1333.18334960938
2310.24773474116	1333.26672363281
2312.60229909566	1334.75
2314.95616331451	1334.90002441406
2317.30932770456	1333.86669921875
2319.66179257263	1332.19995117188
2322.01355822542	1333.88330078125
2324.36462496953	1333.36669921875
2326.71499311146	1331.15002441406
2329.06466295764	1331.03332519531
2331.41363481439	1330.56665039063
2333.76190898794	1330.98327636719
2336.10948578441	1334.23327636719
2338.45636550986	1332.18334960938
2340.80254847022	1332.78332519531
2343.14803497132	1332.78332519531
2345.49282531895	1336.01672363281
2347.83691981874	1336.18334960938
2350.18031877626	1334.31665039063
2352.52302249699	1334.11669921875
2354.8650312863	1335.25
2357.20634544946	1332.08337402344
2359.54696529166	1335.44995117188
2361.88689111798	1333.80004882813
2364.22612323341	1335.69995117188
2366.56466194287	1335.69995117188
2368.90250755114	1334.78332519531
2371.23966036293	1334.80004882813
2373.57612068286	1331.13330078125
2375.91188881545	1331.23327636719
2378.2469650651	1332.81665039063
2380.58134973615	1335.69995117188
2382.91504313282	1334.76672363281
2385.24804555926	1335.61669921875
2387.58035731949	1332.86669921875
2389.91197871745	1335.16662597656
2392.24291005701	1334.68334960938
2394.57315164189	1330.88330078125
2396.90270377577	1332.76672363281
2399.23156676218	1329.61669921875
2401.55974090461	1335.48327636719
2403.88722650642	1332.81665039063
2406.21402387086	1333.61669921875
2408.54013330113	1331.81665039063
2410.8655551003	1329.53332519531
2413.19028957133	1333.63330078125
2415.51433701713	1334.75
2417.83769774049	1337.15002441406
2420.16037204408	1331.94995117188
2422.48236023051	1334.98327636719
2424.80366260228	1330.40002441406
2427.12427946179	1331.86669921875
2429.44421111134	1331.88330078125
2431.76345785315	1332.30004882813
2434.08201998932	1336.23327636719
2436.39989782188	1333.26672363281
2438.71709165273	1334.56665039063
2441.0336017837	1330.46667480469
2443.34942851653	1330.51672363281
2445.66457215282	1334.56665039063
2447.97903299412	1337.03332519531
2450.29281134185	1330.78332519531
2452.60590749736	1334.08337402344
2454.91832176188	1331.80004882813
2457.23005443656	1329.09997558594
2459.54110582243	1334.46667480469
2461.85147622045	1332.28332519531
2464.16116593146	1331.83337402344
2466.47017525621	1330.30004882813
2468.77850449536	1332.09997558594
2471.08615394947	1334.44995117188
2473.39312391899	1336.16662597656
2475.69941470429	1333.36669921875
2478.00502660562	1333.5
2480.30995992316	1332.78332519531
2482.61421495697	1332.41662597656
2484.91779200702	1335
2487.22069137316	1331.83337402344
2489.5229133552	1332.86669921875
2491.8244582528	1331.21667480469
2494.12532636553	1331.58337402344
2496.42551799287	1331.93334960938
2498.72503343421	1331.06665039063
2501.02387298882	1332.01672363281
2503.32203695588	1330.36669921875
2505.61952563449	1331.91662597656
2507.91633932361	1336.53332519531
2510.21247832216	1332.03332519531
2512.50794292891	1332
2514.80273344255	1330.06665039063
2517.09685016167	1335.18334960938
2519.39029338476	1335.51672363281
2521.68306341022	1334.61669921875
2523.97516053634	1333.26672363281
2526.26658506132	1330
2528.55733728325	1331.53332519531
2530.84741750012	1333.05004882813
2533.13682600984	1330.38330078125
2535.4255631102	1332.91662597656
2537.7136290989	1333.09997558594
2540.00102427354	1333.40002441406
2542.28774893162	1327.86669921875
2544.57380337053	1335.40002441406
2546.85918788758	1330.30004882813
2549.14390277997	1332.78332519531
2551.4279483448	1329.59997558594
2553.71132487906	1328.76672363281
2555.99403267966	1328.71667480469
2558.27607204341	1328.96667480469
2560.55744326699	1329.13330078125
2562.83814664702	1331.51672363281
2565.11818247999	1336.21667480469
2567.3975510623	1331.36669921875
2569.67625269025	1330.08337402344
2571.95428766003	1327.5
2574.23165626776	1331.48327636719
2576.50835880942	1328.05004882813
2578.78439558093	1332.23327636719
2581.05976687806	1327.80004882813
2583.33447299652	1334.15002441406
2585.60851423191	1326.83337402344
2587.88189087972	1338.06665039063
2590.15460323534	1327.36669921875
2592.42665159406	1329.38330078125
2594.69803625108	1329.81665039063
2596.9687575015	1331.13330078125
2599.23881564029	1328.98327636719
2601.50821096235	1331.19995117188
2603.77694376245	1331.5
2606.0450143353	1330.03332519531
2608.31242297548	1328.48327636719
2610.57916997746	1327.38330078125
2612.84525563562	1329.65002441406
2615.11068024426	1328.18334960938
2617.37544409753	1327.78332519531
2619.63954748952	1327.28332519531
2621.90299071421	1328.53332519531
2624.16577406546	1327.55004882813
2626.42789783705	1328.98327636719
2628.68936232264	1328
2630.9501678158	1327.5
2633.21031460999	1327.80004882813
2635.46980299857	1326.93334960938
2637.72863327481	1327.40002441406
2639.98680573185	1330.46667480469
2642.24432066276	1327.40002441406
2644.50117836048	1328.80004882813
2646.75737911786	1324.34997558594
2649.01292322765	1332.33337402344
2651.26781098249	1331.16662597656
2653.52204267492	1326.30004882813
2655.77561859738	1330.18334960938
2658.0285390422	1329.11669921875
2660.28080430161	1329.28332519531
2662.53241466774	1329.71667480469
2664.78337043263	1333.31665039063
2667.03367188817	1330.68334960938
2669.2833193262	1330.36669921875
2671.53231303844	1332.51672363281
2673.78065331648	1331.76672363281
2676.02834045184	1332.73327636719
2678.27537473592	1330.88330078125
2680.52175646002	1332.91662597656
2682.76748591535	1328.73327636719
2685.01256339298	1330.68334960938
2687.25698918391	1331.06665039063
2689.50076357901	1328.86669921875
2691.74388686909	1330.05004882813
2693.9863593448	1329.68334960938
2696.22818129672	1334.16662597656
2698.46935301532	1335.91662597656
2700.70987479096	1330.96667480469
2702.94974691389	1333.08337402344
2705.18896967428	1330.01672363281
2707.42754336216	1328.26672363281
2709.66546826749	1329.91662597656
2711.90274468011	1327.81665039063
2714.13937288974	1330.13330078125
2716.37535318602	1331.65002441406
2718.61068585848	1329.84997558594
2720.84537119652	1326.40002441406
2723.07940948947	1328.81665039063
2725.31280102654	1327.34997558594
2727.54554609682	1326.11669921875
2729.77764498933	1324.58337402344
2732.00909799294	1327.61669921875
2734.23990539644	1324.71667480469
2736.47006748853	1328.01672363281
2738.69958455777	1323.19995117188
2740.92845689263	1323.40002441406
2743.15668478147	1322.90002441406
2745.38426851257	1324.43334960938
2747.61120837406	1329.73327636719
2749.83750465399	1325.41662597656
2752.0631576403	1326.5
2754.28816762083	1325.31665039063
2756.51253488329	1325.91662597656
2758.73625971532	1322.63330078125
2760.95934240442	1328.18334960938
2763.18178323801	1324.66662597656
2765.40358250338	1322.88330078125
2767.62474048773	1324.48327636719
2769.84525747814	1325.91662597656
2772.06513376159	1319.46667480469
2774.28436962496	1322.55004882813
2776.50296535501	1320.93334960938
2778.7209212384	1327.19995117188
2780.93823756168	1323.51672363281
2783.15491461129	1324.41662597656
2785.37095267358	1323.08337402344
2787.58635203477	1323.21667480469
2789.80111298097	1324
2792.01523579822	1323.33337402344
2794.2287207724	1323.38330078125
2796.44156818932	1322.25
2798.65377833468	1324.28332519531
2800.86535149404	1320.69995117188
2803.07628795289	1327.05004882813
2805.28658799659	1323.36669921875
2807.4962519104	1319.80004882813
2809.70527997946	1319.08337402344
2811.91367248883	1320.33337402344
2814.12142972342	1317.96667480469
2816.32855196807	1320.93334960938
2818.53503950749	1326.61669921875
2820.74089262628	1317.33337402344
2822.94611160894	1318.40002441406
2825.15069673987	1323.16662597656
2827.35464830333	1323.75
2829.55796658351	1319.19995117188
2831.76065186445	1319.65002441406
2833.96270443012	1320.86669921875
2836.16412456437	1319.06665039063
2838.3649125509	1321.13330078125
2840.56506867336	1320.48327636719
2842.76459321526	1320.91662597656
2844.96348645999	1319.93334960938
2847.16174869086	1322.59997558594
2849.35938019105	1319.61669921875
2851.55638124363	1321.58337402344
2853.75275213157	1320.86669921875
2855.94849313772	1324.08337402344
2858.14360454483	1320.33337402344
2860.33808663553	1323.66662597656
2862.53193969234	1321.30004882813
2864.72516399768	1325.81665039063
2866.91775983385	1318.55004882813
2869.10972748304	1322.41662597656
2871.30106722733	1320.58337402344
2873.4917793487	1321.26672363281
2875.68186412899	1320.69995117188
2877.87132184997	1321.88330078125
2880.06015279325	1323.94995117188
2882.24835724039	1325.06665039063
2884.43593547278	1322.96667480469
2886.62288777173	1323.33337402344
2888.80921441843	1320.86669921875
2890.99491569397	1324.41662597656
2893.1799918793	1326.76672363281
2895.36444325529	1323.43334960938
2897.54827010269	1322.28332519531
2899.73147270213	1324.31665039063
2901.91405133412	1327.90002441406
2904.09600627909	1326.11669921875
2906.27733781731	1327.41662597656
2908.45804622899	1328.01672363281
2910.63813179418	1327.19995117188
2912.81759479286	1325.11669921875
2914.99643550486	1324.83337402344
2917.17465420994	1325.83337402344
2919.3522511877	1324.66662597656
2921.52922671765	1329.61669921875
2923.7055810792	1326
2925.88131455162	1325.69995117188
2928.05642741408	1322.30004882813
2930.23091994566	1326.91662597656
2932.40479242528	1324.31665039063
2934.57804513178	1328.76672363281
2936.75067834387	1324.48327636719
2938.92269234017	1327.23327636719
2941.09408739916	1322.69995117188
2943.26486379921	1325.55004882813
2945.4350218186	1324.61669921875
2947.60456173546	1322.98327636719
2949.77348382783	1325.41662597656
2951.94178837363	1322.69995117188
2954.10947565068	1326.90002441406
2956.27654593666	1321.44995117188
2958.44299950915	1325.23327636719
2960.60883664562	1325.01672363281
2962.77405762341	1324.13330078125
2964.93866271975	1325.43334960938
2967.10265221178	1320.93334960938
2969.26602637648	1323.30004882813
2971.42878549076	1321.34997558594
2973.59092983139	1318.63330078125
2975.75245967501	1321.66662597656
2977.9133752982	1321.34997558594
2980.07367697736	1318.66662597656
2982.23336498882	1320.63330078125
2984.39243960877	1318.61669921875
2986.5509011133	1317.63330078125
2988.70874977837	1318.18334960938
2990.86598587984	1322.06665039063
2993.02260969344	1318.98327636719
2995.17862149478	1322.03332519531
2997.33402155938	1318.83337402344
2999.48881016262	1318.31665039063
3001.64298757978	1314.65002441406
3003.796554086	1317.40002441406
3005.94950995633	1317.21667480469
3008.10185546569	1316.31665039063
3010.25359088888	1319.40002441406
3012.40471650059	1317.18334960938
3014.5552325754	1313.80004882813
3016.70513938776	1317.25
3018.85443721201	1312.46667480469
3021.00312632236	1310.28332519531
3023.15120699292	1315.03332519531
3025.29867949769	1319.09997558594
3027.44554411052	1314.40002441406
3029.59180110516	1316.16662597656
3031.73745075527	1316.44995117188
3033.88249333434	1313.68334960938
3036.02692911578	1316.43334960938
3038.17075837287	1316.84997558594
3040.31398137877	1315.66662597656
3042.45659840653	1313.73327636719
3044.59860972907	1314.08337402344
3046.7400156192	1315.55004882813
3048.88081634961	1313.63330078125
3051.02101219287	1308.75
3053.16060342144	1314.69995117188
3055.29959030765	1311.43334960938
3057.43797312371	1316.06665039063
3059.57575214172	1315.28332519531
3061.71292763366	1311.26672363281
3063.84949987139	1313.21667480469
3065.98546912665	1318.01672363281
3068.12083567105	1311.03332519531
3070.2555997761	1313.33337402344
3072.38976171319	1314.86669921875
3074.52332175356	1314.34997558594
3076.65628016837	1309.13330078125
3078.78863722863	1313.73327636719
3080.92039320526	1315.11669921875
3083.05154836902	1310.36669921875
3085.1821029906	1309.43334960938
3087.31205734051	1308.33337402344
3089.44141168921	1310.59997558594
3091.57016630696	1309.63330078125
3093.69832146398	1310.33337402344
3095.82587743032	1306.16662597656
3097.9528344759	1307.93334960938
3100.07919287056	1307.68334960938
3102.204952884	1305.05004882813
3104.33011478579	1307.05004882813
3106.45467884538	1308.16662597656
3108.57864533212	1305.69995117188
3110.70201451522	1307.63330078125
3112.82478666378	1308.86669921875
3114.94696204676	1304.55004882813
3117.06854093301	1304.48327636719
3119.18952359127	1306.01672363281
3121.30991029013	1308.40002441406
3123.4297012981	1304.63330078125
3125.54889688352	1305.34997558594
3127.66749731464	1307.13330078125
3129.78550285957	1305.13330078125
3131.90291378633	1304.06665039063
3134.01973036277	1301.90002441406
3136.13595285665	1305.84997558594
3138.2515815356	1300.90002441406
3140.36661666714	1302.83337402344
3142.48105851863	1302.93334960938
3144.59490735734	1297.91662597656
3146.70816345041	1305.55004882813
3148.82082706486	1301.56665039063
3150.93289846758	1303.18334960938
3153.04437792532	1304.33337402344
3155.15526570475	1301.33337402344
3157.26556207238	1299.63330078125
3159.37526729461	1302.61669921875
3161.48438163771	1304.58337402344
3163.59290536784	1298.51672363281
3165.70083875102	1298.06665039063
3167.80818205315	1299.73327636719
3169.91493554002	1298.15002441406
3172.02109947727	1301.84997558594
3174.12667413044	1299.15002441406
3176.23165976493	1297.80004882813
3178.33605664602	1300.94995117188
3180.43986503887	1303.56665039063
3182.54308520852	1299.11669921875
3184.64571741986	1302.21667480469
3186.74776193769	1298.80004882813
3188.84921902664	1301.21667480469
3190.95008895128	1300
3193.05037197599	1298.84997558594
3195.15006836504	1297.34997558594
3197.24917838262	1299.98327636719
3199.34770229274	1300.55004882813
3201.44564035931	1297.5
3203.5429928461	1297.5
3205.63976001677	1296.66662597656
3207.73594213484	1300.09997558594
3209.83153946372	1300.63330078125
3211.92655226669	1298.56665039063
3214.02098080688	1296.03332519531
3216.11482534732	1296.66662597656
3218.20808615091	1297.5
3220.30076348041	1296.88330078125
3222.39285759847	1295.30004882813
3224.4843687676	1296.36669921875
3226.57529725019	1297.76672363281
3228.66564330851	1297.55004882813
3230.75540720468	1297.68334960938
3232.8445892007	1297.83337402344
3234.93318955847	1298.55004882813
3237.02120853974	1299.98327636719
3239.10864640612	1298.75
3241.19550341911	1298.81665039063
3243.28177984009	1295.31665039063
3245.36747593029	1297.46667480469
3247.45259195083	1296.36669921875
3249.53712816268	1295.41662597656
3251.62108482672	1291.51672363281
3253.70446220366	1296.16662597656
3255.78726055411	1291.05004882813
3257.86948013853	1294.61669921875
3259.95112121728	1296.56665039063
3262.03218405055	1293.31665039063
3264.11266889845	1294.65002441406
3266.19257602092	1296.78332519531
3268.27190567779	1292.75
3270.35065812876	1296.63330078125
3272.4288336334	1294.80004882813
3274.50643245114	1291.98327636719
3276.5834548413	1288.80004882813
3278.65990106305	1293.83337402344
3280.73577137545	1291.69995117188
3282.81106603742	1294.26672363281
3284.88578530774	1290.91662597656
3286.95992944508	1289.93334960938
3289.03349870796	1294.08337402344
3291.1064933548	1292.05004882813
3293.17891364384	1290.73327636719
3295.25075983324	1289.38330078125
3297.322032181	1290.65002441406
3299.39273094501	1291.43334960938
3301.462856383	1292.01672363281
3303.53240875259	1291.40002441406
3305.60138831128	1291.80004882813
3307.6697953164	1289.91662597656
3309.73763002519	1290.38330078125
3311.80489269472	1297.08337402344
3313.87158358198	1291.06665039063
3315.93770294378	1289.80004882813
3318.00325103681	1291.55004882813
3320.06822811764	1292.44995117188
3322.13263444272	1291.96667480469
3324.19647026832	1289
3326.25973585064	1291.65002441406
3328.32243144568	1289.83337402344
3330.38455730938	1292.13330078125
3332.44611369749	1291.80004882813
3334.50710086564	1289.93334960938
3336.56751906936	1287.30004882813
3338.62736856401	1288.18334960938
3340.68664960483	1289.83337402344
3342.74536244693	1287.96667480469
3344.80350734528	1288.34997558594
3346.86108455472	1287.65002441406
3348.91809432997	1286.96667480469
3350.97453692559	1284.38330078125
3353.03041259603	1285.65002441406
3355.08572159559	1286.19995117188
3357.14046417844	1286.30004882813
3359.19464059863	1285.94995117188
3361.24825111005	1282.56665039063
3363.30129596648	1282.58337402344
3365.35377542155	1285.51672363281
3367.40568972878	1286.33337402344
3369.45703914152	1285.33337402344
3371.507823913	1287.88330078125
3373.55804429633	1282.93334960938
3375.60770054446	1281.75
3377.65679291024	1283.69995117188
3379.70532164635	1283.78332519531
3381.75328700534	1284.36669921875
3383.80068923965	1284.83337402344
3385.84752860155	1283.23327636719
3387.89380534321	1282.08337402344
3389.93951971664	1283.76672363281
3391.98467197371	1284.73327636719
3394.02926236618	1283.84997558594
3396.07329114566	1282.93334960938
3398.1167585636	1278.93334960938
3400.15966487137	1284.03332519531
3402.20201032014	1282.08337402344
3404.24379516099	1285.5
3406.28501964484	1284.44995117188
3408.3256840225	1283.21667480469
3410.3657885446	1281.84997558594
3412.40533346167	1281.21667480469
3414.44431902408	1283.55004882813
3416.48274548209	1283.76672363281
3418.5206130858	1278.66662597656
3420.55792208516	1278.71667480469
3422.59467273003	1282.76672363281
3424.63086527009	1281.36669921875
3426.6664999549	1280.94995117188
3428.70157703386	1281.84997558594
3430.73609675628	1279.03332519531
3432.77005937129	1284.44995117188
3434.80346512789	1281.63330078125
3436.83631427494	1280.41662597656
3438.86860706119	1278.59997558594
3440.90034373521	1279.41662597656
3442.93152454546	1278.56665039063
3444.96214974025	1275.40002441406
3446.99221956775	1279.25
3449.021734276	1277.55004882813
3451.05069411289	1278.28332519531
3453.07909932619	1279.84997558594
3455.1069501635	1278.26672363281
3457.1342468723	1277.68334960938
3459.16098969993	1279.81665039063
3461.1871788936	1273.36669921875
3463.21281470035	1274.69995117188
3465.23789736712	1276.16662597656
3467.26242714067	1275.91662597656
3469.28640426765	1275.48327636719
3471.30982899455	1278.76672363281
3473.33270156774	1273.71667480469
3475.35502223343	1276.23327636719
3477.3767912377	1272.11669921875
3479.39800882649	1276.01672363281
3481.41867524559	1274.65002441406
3483.43879074066	1274.08337402344
3485.45835555721	1271.71667480469
3487.47736994062	1271.38330078125
3489.49583413611	1270.76672363281
3491.51374838879	1270.53332519531
3493.53111294359	1272.53332519531
3495.54792804533	1271.11669921875
3497.56419393867	1268.28332519531
3499.57991086814	1272.08337402344
3501.59507907811	1269.66662597656
3503.60969881284	1275.01672363281
3505.6237703164	1274.61669921875
3507.63729383278	1268.23327636719
3509.65026960577	1267.83337402344
3511.66269787904	1271.68334960938
3513.67457889613	1267.61669921875
3515.68591290042	1268.91662597656
3517.69670013515	1270.31665039063
3519.70694084342	1266.61669921875
3521.7166352682	1266.66662597656
3523.72578365229	1268.08337402344
3525.73438623836	1269.31665039063
3527.74244326893	1270.56665039063
3529.74995498641	1268.5
3531.75692163301	1267.46667480469
3533.76334345084	1268.41662597656
3535.76922068186	1268.83337402344
3537.77455356786	1268.63330078125
3539.77934235051	1269.61669921875
3541.78358727133	1267.86669921875
3543.78728857169	1265.96667480469
3545.79044649283	1267.40002441406
3547.79306127584	1265.06665039063
3549.79513316164	1265.18334960938
3551.79666239104	1265.84997558594
3553.79764920469	1266.56665039063
3555.7980938431	1263.91662597656
3557.79799654663	1264
3559.79735755548	1263.25
3561.79617710974	1268.03332519531
3563.79445544932	1263.06665039063
3565.79219281401	1268.33337402344
3567.78938944344	1263.59997558594
3569.7860455771	1262.61669921875
3571.78216145432	1262.25
3573.77773731431	1266.05004882813
3575.7727733961	1261.76672363281
3577.76726993861	1262.63330078125
3579.76122718059	1263.93334960938
3581.75464536064	1258.40002441406
3583.74752471725	1265.25
3585.7398654887	1259.09997558594
3587.73166791317	1261.68334960938
3589.7229322287	1262.11669921875
3591.71365867314	1261.31665039063
3593.70384748424	1258.08337402344
3595.69349889955	1260.86669921875
3597.68261315654	1256.84997558594
3599.67119049245	1258.15002441406
3601.65923114446	1256.01672363281
3603.64673534952	1259.96667480469
3605.63370334449	1256.09997558594
3607.62013536607	1259.91662597656
3609.60603165079	1258.80004882813
3611.59139243504	1256.68334960938
3613.57621795509	1256.71667480469
3615.56050844701	1254.90002441406
3617.54426414677	1258.36669921875
3619.52748529017	1256.61669921875
3621.51017211285	1254.38330078125
3623.49232485031	1256.25
3625.47394373792	1257.56665039063
3627.45502901088	1254.66662597656
3629.43558090423	1257.21667480469
3631.41559965288	1253.21667480469
3633.3950854916	1252.98327636719
3635.37403865498	1254.44995117188
3637.35245937747	1250.96667480469
3639.33034789339	1254.63330078125
3641.30770443688	1252.48327636719
3643.28452924196	1255.25
3645.26082254248	1253.93334960938
3647.23658457212	1255.21667480469
3649.21181556447	1253.31665039063
3651.18651575291	1253.05004882813
3653.16068537069	1255.51672363281
3655.13432465092	1254.31665039063
3657.10743382653	1253.94995117188
3659.08001313034	1252.81665039063
3661.05206279498	1252.56665039063
3663.02358305295	1253.34997558594
3664.9945741366	1251.66662597656
3666.96503627811	1248.56665039063
3668.93496970952	1252.46667480469
3670.90437466272	1251.06665039063
3672.87325136944	1252.65002441406
3674.84160006127	1252.86669921875
3676.80942096963	1251.33337402344
3678.77671432581	1252.13330078125
3680.74348036092	1249.43334960938
3682.70971930595	1253.38330078125
3684.6754313917	1250.40002441406
3686.64061684885	1250.38330078125
3688.60527590791	1249.28332519531
3690.56940879924	1251.98327636719
3692.53301575303	1248.34997558594
3694.49609699936	1253
3696.45865276812	1247.88330078125
3698.42068328904	1249.43334960938
3700.38218879173	1249.34997558594
3702.34316950563	1250.09997558594
3704.30362566	1249.93334960938
3706.26355748399	1247.78332519531
3708.22296520657	1248.31665039063
3710.18184905656	1246.78332519531
3712.14020926263	1247.81665039063
3714.09804605328	1248.15002441406
3716.05535965687	1245.26672363281
3718.01215030162	1246.34997558594
3719.96841821555	1248.53332519531
3721.92416362657	1248.59997558594
3723.8793867624	1244.15002441406
3725.83408785063	1246.56665039063
3727.78826711869	1245.19995117188
3729.74192479384	1245.81665039063
3731.69506110319	1245.31665039063
3733.64767627371	1244.15002441406
3735.59977053219	1246.21667480469
3737.55134410528	1243.84997558594
3739.50239721947	1245.06665039063
3741.45293010108	1244.44995117188
3743.40294297631	1242.15002441406
3745.35243607116	1241.46667480469
3747.3014096115	1244.25
3749.24986382303	1240.75
3751.19779893131	1243.16662597656
3753.14521516171	1239.28332519531
3755.09211273949	1241.26672363281
3757.0384918897	1240.66662597656
3758.98435283728	1239.15002441406
3760.92969580698	1241.53332519531
3762.87452102341	1241.83337402344
3764.81882871101	1240
3766.76261909407	1240.26672363281
3768.70589239672	1239.25
3770.64864884293	1240.84997558594
3772.59088865651	1244.59997558594
3774.53261206112	1240.25
3776.47381928025	1240.44995117188
