-173.428722450078	1146.26672363281
-170.294344013779	1146.40002441406
-167.160990304052	1148.05004882813
-164.028660894548	1146.93334960938
-160.897355359205	1146.21667480469
-157.767073272189	1146.41662597656
-154.637814207931	1146.80004882813
-151.50957774112	1146.01672363281
-148.382363446704	1146.03332519531
-145.256170899859	1146.28332519531
-142.130999676054	1146.75
-139.006849350965	1146.28332519531
-135.883719500571	1146.56665039063
-132.761609701053	1146.56665039063
-129.640519528863	1147.15002441406
-126.520448560715	1146.08337402344
-123.401396373553	1147.69995117188
-120.28336254458	1146.84997558594
-117.166346651252	1145.88330078125
-114.050348271258	1147.25
-110.935366982541	1146.55004882813
-107.821402363301	1147
-104.708453991972	1146.61669921875
-101.596521447235	1146.40002441406
-98.4856043080122	1146.46667480469
-95.3757021534957	1146.73327636719
-92.2668145630801	1146.91662597656
-89.1589411164452	1145.78332519531
-86.0520813934781	1146.65002441406
-82.946234974338	1146.78332519531
-79.8414014394074	1146.80004882813
-76.7375803693083	1146.33337402344
-73.6347713449181	1146.69995117188
-70.532973947345	1147.11669921875
-67.4321877579402	1146.58337402344
-64.3324123582935	1145.91662597656
-61.2336473302252	1147.19995117188
-58.1358922558143	1147.28332519531
-55.0391467173494	1147.69995117188
-51.9434102973817	1146
-48.8486825786838	1146.88330078125
-45.7549631442702	1146.40002441406
-42.662251577389	1146.76672363281
-39.5705474615295	1147.56665039063
-36.4798503804062	1145.94995117188
-33.3901599179706	1146.06665039063
-30.301475658403	1146.43334960938
-27.2137971861287	1146.18334960938
-24.1271240858053	1146.65002441406
-21.0414559423028	1146.43334960938
-17.9567923407513	1147.19995117188
-14.8731328664812	1146.16662597656
-11.7904771050747	1146.18334960938
-8.70882464233763	1146.40002441406
-5.62817506431157	1146.93334960938
-2.54852795725342	1147.21667480469
0.530117092344597	1147.94995117188
3.6077604977471	1147.06665039063
6.68440267202787	1147.21667480469
9.76004402799773	1147.19995117188
12.8346849782609	1146.88330078125
15.9083259351831	1146.16662597656
18.9809673109237	1146.65002441406
22.0526095173877	1146.30004882813
25.1232529662903	1147.08337402344
28.1928980690886	1147.13330078125
31.2615452370419	1146.66662597656
34.32919488118	1147.30004882813
37.3958474123071	1146.43334960938
40.4615032409942	1146.41662597656
43.5261627776189	1147.09997558594
46.58982643231	1146.28332519531
49.6524946149833	1146.63330078125
52.7141677353456	1147.36669921875
55.7748462028835	1146.23327636719
58.8345304268427	1146.43334960938
61.8932208162729	1146.15002441406
64.9509177800033	1147.61669921875
68.0076217266271	1147.23327636719
71.0633330645419	1147.25
74.118052201909	1148.25
77.1717795467022	1152.83337402344
80.224515506648	1173.81665039063
83.2762604892772	1217.55004882813
86.3270149018856	1264.19995117188
89.3767791515896	1288.48327636719
92.4255536452548	1297.93334960938
95.4733387895519	1309.13330078125
98.5201349909248	1316.40002441406
101.565942655643	1317.06665039063
104.610762189717	1315.33337402344
107.654593998963	1319.94995117188
110.697438488996	1318.86669921875
113.739296065204	1319.15002441406
116.78016713278	1317.40002441406
119.820052096698	1317.05004882813
122.85895136172	1315.06665039063
125.896865332408	1308.21667480469
128.933794413111	1305.91662597656
131.969739007965	1303.68334960938
135.004699520911	1305.41662597656
138.038676355664	1302.90002441406
141.071669915751	1300.31665039063
144.103680604487	1298.91662597656
147.134708824975	1299.01672363281
150.164754980118	1298.48327636719
153.193819472611	1293.23327636719
156.221902704945	1298.31665039063
159.24900507942	1291.16662597656
162.275126998099	1292.46667480469
165.300268862873	1294.18334960938
168.324431075425	1289.33337402344
171.347614037231	1294.96667480469
174.369818149562	1295.68334960938
177.391043813491	1296.08337402344
180.411291429897	1296.43334960938
183.430561399437	1292.11669921875
186.448854122582	1297.08337402344
189.466169999607	1291.80004882813
192.482509430598	1295.16662597656
195.497872815412	1295.48327636719
198.512260553716	1295.94995117188
201.525673045011	1291.31665039063
204.538110688552	1290.84997558594
207.549573883427	1294.80004882813
210.560063028519	1295.86669921875
213.569578522523	1295.65002441406
216.578120763917	1296.25
219.585690151021	1293.83337402344
222.592287081907	1290.75
225.597911954507	1294.5
228.602565166512	1294.58337402344
231.606247115456	1301.5
234.608958198646	1296.15002441406
237.610698813222	1295.30004882813
240.611469356122	1295.44995117188
243.611270224103	1296.15002441406
246.610101813707	1297.09997558594
249.607964521295	1298.94995117188
252.604858743044	1302.28332519531
255.600784874935	1298.94995117188
258.595743312749	1296.13330078125
261.589734452097	1297.08337402344
264.582758688393	1299.15002441406
267.574816416842	1300.84997558594
270.565908032503	1305.81665039063
273.556033930195	1298.86669921875
276.545194504586	1303.71667480469
279.533390150138	1300.33337402344
282.520621261151	1298.68334960938
285.506888231708	1300.30004882813
288.49219145571	1299.61669921875
291.476531326902	1306.84997558594
294.459908238794	1305.43334960938
297.442322584762	1304.33337402344
300.423774757966	1306.01672363281
303.404265151375	1307.59997558594
306.383794157805	1308.33337402344
309.362362169862	1303.23327636719
312.339969579982	1301.15002441406
315.316616780414	1301.78332519531
318.292304163227	1301.59997558594
321.267032120295	1301.03332519531
324.24080104332	1296.94995117188
327.213611323833	1298.73327636719
330.185463353171	1296.68334960938
333.156357522491	1298.44995117188
336.126294222774	1294.30004882813
339.095273844812	1296.83337402344
342.063296779227	1294.75
345.030363416467	1290.5
347.996474146782	1294.25
350.961629360257	1295.88330078125
353.925829446806	1299.41662597656
356.889074796147	1293.53332519531
359.851365797829	1295.18334960938
362.812702841222	1294.93334960938
365.773086315536	1293.88330078125
368.732516609768	1292.13330078125
371.690994112778	1292.5
374.648519213243	1295
377.605092299631	1292.34997558594
380.560713760273	1296.09997558594
383.515383983307	1290.05004882813
386.469103356711	1290.31665039063
389.421872268273	1290.68334960938
392.373691105615	1289.34997558594
395.32456025619	1289.59997558594
398.274480107272	1290.13330078125
401.223451045967	1289.73327636719
404.171473459202	1286.98327636719
407.118547733728	1289.84997558594
410.064674256155	1291.13330078125
413.009853412892	1289.21667480469
415.954085590181	1288.71667480469
418.8973711741	1290.25
421.83971055055	1289.71667480469
424.781104105281	1292.5
427.721552223856	1288.53332519531
430.661055291665	1289.03332519531
433.599613693946	1291.28332519531
436.537227815752	1290.81665039063
439.473898041993	1291.33337402344
442.409624757378	1288.09997558594
445.344408346476	1290.11669921875
448.278249193683	1285.30004882813
451.211147683207	1286.75
454.143104199122	1285.94995117188
457.074119125312	1285.73327636719
460.004192845497	1287.44995117188
462.933325743267	1285.13330078125
465.861518202001	1285.46667480469
468.788770604917	1286.58337402344
471.71508333511	1289
474.640456775471	1288.81665039063
477.564891308737	1289.90002441406
480.488387317487	1290.13330078125
483.410945184141	1289.23327636719
486.332565290942	1292.80004882813
489.253248019986	1295.55004882813
492.172993753197	1294.68334960938
495.091802872338	1298.34997558594
498.009675759011	1297.66662597656
500.926612794666	1300.98327636719
503.842614360571	1308.53332519531
506.757680837864	1324.25
509.671812607493	1353.66662597656
512.585010050263	1445.80004882813
515.497273546817	1754.26672363281
518.408603477637	2277.21655273438
521.319000223045	2349.46655273438
524.228464163205	1917.31665039063
527.136995678121	1589.23327636719
530.044595147647	1444.63330078125
532.951262951471	1375.63330078125
535.856999469123	1338.56665039063
538.761805079986	1320.05004882813
541.665680163279	1306.28332519531
544.568625098049	1301.94995117188
547.470640263216	1297.19995117188
550.371726037533	1295.18334960938
553.271882799588	1292.19995117188
556.171110927825	1288.09997558594
559.069410800531	1287.63330078125
561.966782795823	1286.05004882813
564.863227291685	1288.18334960938
567.758744665944	1287.31665039063
570.653335296256	1283.05004882813
573.546999560148	1284.58337402344
576.439737834969	1284.5
579.331550497935	1286.30004882813
582.222437926093	1283.18334960938
585.112400496356	1282.91662597656
588.001438585469	1283.84997558594
590.889552570021	1285.41662597656
593.77674282648	1282.63330078125
596.663009731132	1284.59997558594
599.548353660116	1284.38330078125
602.432774989433	1283.75
605.316274094926	1283.21667480469
608.198851352303	1283.73327636719
611.080507137075	1283.23327636719
613.961241824667	1285
616.841055790315	1286.16662597656
619.71994940911	1283.46667480469
622.597923056008	1286.53332519531
625.474977105798	1283.05004882813
628.351111933143	1285.16662597656
631.22632791255	1284.5
634.10062541835	1286
636.97400482478	1282.30004882813
639.846466505882	1287.33337402344
642.718010835585	1283.80004882813
645.58863818764	1287.21667480469
648.458348935679	1282.15002441406
651.327143453188	1285.73327636719
654.195022113475	1285.06665039063
657.061985289745	1286.83337402344
659.928033355022	1285.34997558594
662.79316668221	1287.40002441406
665.657385644057	1286.05004882813
668.520690613176	1288.08337402344
671.383081962017	1284.88330078125
674.244560062899	1284.93334960938
677.105125288002	1283.28332519531
679.964778009343	1284.58337402344
682.823518598832	1283.84997558594
685.681347428202	1279.09997558594
688.538264869057	1280.59997558594
691.394271292855	1278.94995117188
694.249367070914	1278
697.103552574412	1280.34997558594
699.956828174378	1282.46667480469
702.809194241715	1279.18334960938
705.660651147175	1279.56665039063
708.511199261361	1278.11669921875
711.360838954755	1281.41662597656
714.209570597676	1281.86669921875
717.057394560329	1278.09997558594
719.90431121275	1279.81665039063
722.750320924861	1282.18334960938
725.59542406643	1282.09997558594
728.439621007094	1282.81665039063
731.282912116347	1283.53332519531
734.125297763539	1280.19995117188
736.966778317898	1280.01672363281
739.807354148498	1279.96667480469
742.647025624275	1283.5
745.485793114042	1285.21667480469
748.323656986468	1281.63330078125
751.160617610072	1284.03332519531
753.996675353258	1284.66662597656
756.831830584275	1282.63330078125
759.666083671249	1286.30004882813
762.499434982158	1282.06665039063
765.331884884853	1280.90002441406
768.163433747055	1282.33337402344
770.994081936328	1283.16662597656
773.823829820116	1279.53332519531
776.652677765732	1280.96667480469
779.480626140347	1277.56665039063
782.307675310993	1282.23327636719
785.133825644576	1278.18334960938
787.959077507869	1280.63330078125
790.783431267511	1279.71667480469
793.606887289986	1280.98327636719
796.429445941685	1281.63330078125
799.251107588836	1278.88330078125
802.071872597536	1283.81665039063
804.891741333751	1279.83337402344
807.71071416334	1282.40002441406
810.528791451981	1280.34997558594
813.345973565269	1281.41662597656
816.162260868638	1282.48327636719
818.977653727395	1284.41662597656
821.792152506717	1284.36669921875
824.605757571661	1282.88330078125
827.418469287133	1283.26672363281
830.230288017926	1283.43334960938
833.0412141287	1283.05004882813
835.851247983973	1281.58337402344
838.660389948141	1278.15002441406
841.468640385466	1280.40002441406
844.27599966009	1284.48327636719
847.082468136026	1284.43334960938
849.888046177135	1287.09997558594
852.692734147171	1280.75
855.496532409758	1285.33337402344
858.29944132839	1282.40002441406
861.10146126642	1280.43334960938
863.902592587094	1282.03332519531
866.702835653509	1283.76672363281
869.502190828641	1282.68334960938
872.300658475353	1282.69995117188
875.098238956361	1281.78332519531
877.894932634271	1283.63330078125
880.690739871548	1283.83337402344
883.485661030531	1281.26672363281
886.279696473447	1283.44995117188
889.072846562376	1284.28332519531
891.86511165929	1279.81665039063
894.65649212603	1281.41662597656
897.446988324303	1281.33337402344
900.236600615703	1279.31665039063
903.025329361687	1280.76672363281
905.813174923597	1280.61669921875
908.600137662639	1283.46667480469
911.38621793991	1280.53332519531
914.171416116365	1279.69995117188
916.95573255285	1284.25
919.739167610082	1284.91662597656
922.521721648641	1286.65002441406
925.303395029005	1286.56665039063
928.084188111517	1290.36669921875
930.864101256396	1295.34997558594
933.643134823733	1303.78332519531
936.42128917351	1307
939.198564665577	1308.13330078125
941.97496165967	1314.66662597656
944.750480515391	1315.76672363281
947.525121592226	1316.44995117188
950.298885249534	1316.66662597656
953.071771846555	1313.80004882813
955.843781742413	1317.73327636719
958.614915296108	1313.91662597656
961.385172866513	1312.93334960938
964.154554812387	1315.01672363281
966.92306149236	1319.5
969.690693264949	1313.73327636719
972.457450488552	1320.01672363281
975.223333521431	1316.31665039063
977.988342721749	1316.25
980.752478447535	1313.59997558594
983.515741056708	1316.94995117188
986.278130907059	1314.48327636719
989.039648356259	1309.83337402344
991.800293761863	1301.43334960938
994.560067481312	1299.93334960938
997.318969871913	1297.03332519531
1000.07700129088	1292.65002441406
1002.83416209528	1293.19995117188
1005.59045264208	1290.13330078125
1008.34587328813	1287.96667480469
1011.10042439014	1286.33337402344
1013.85410630472	1286.71667480469
1016.60691938837	1281.33337402344
1019.35886399746	1286.18334960938
1022.10994048823	1289.63330078125
1024.86014921684	1287.76672363281
1027.60949053928	1282.58337402344
1030.35796481149	1284.5
1033.10557238924	1280
1035.85231362819	1282.5
1038.5981888839	1279.44995117188
1041.34319851182	1279.55004882813
1044.08734286727	1275.98327636719
1046.83062230544	1276.59997558594
1049.57303718143	1281.21667480469
1052.31458785021	1275.48327636719
1055.05527466665	1278.46667480469
1057.79509798549	1276.38330078125
1060.53405816134	1275.75
1063.27215554874	1276.71667480469
1066.00939050209	1278.34997558594
1068.74576337565	1276.58337402344
1071.48127452361	1276.88330078125
1074.21592430002	1273.11669921875
1076.94971305882	1276.15002441406
1079.68264115384	1273.94995117188
1082.41470893879	1274.44995117188
1085.14591676728	1272.56665039063
1087.8762649928	1272.58337402344
1090.60575396871	1275.19995117188
1093.33438404827	1275.26672363281
1096.06215558464	1274.98327636719
1098.78906893086	1273.83337402344
1101.51512443981	1273.43334960938
1104.24032246435	1274.44995117188
1106.96466335716	1269.80004882813
1109.68814747081	1271.69995117188
1112.41077515779	1273.48327636719
1115.13254677044	1275.91662597656
1117.85346266104	1274.81665039063
1120.57352318169	1272.44995117188
1123.29272868445	1272.15002441406
1126.01107952121	1271.61669921875
1128.72857604378	1270.11669921875
1131.44521860385	1271.48327636719
1134.16100755301	1273.86669921875
1136.87594324271	1273.58337402344
1139.59002602433	1272.76672363281
1142.3032562491	1271.31665039063
1145.01563426818	1277.96667480469
1147.72716043257	1275.98327636719
1150.43783509322	1277.63330078125
1153.14765860091	1279.05004882813
1155.85663130634	1277.68334960938
1158.56475356012	1275.61669921875
1161.27202571271	1275.58337402344
1163.97844811448	1272.06665039063
1166.68402111569	1275.30004882813
1169.38874506649	1270.78332519531
1172.09262031694	1276.25
1174.79564721695	1270.78332519531
1177.49782611635	1273.90002441406
1180.19915736486	1272.26672363281
1182.89964131208	1272
1185.59927830751	1272.69995117188
1188.29806870054	1271.09997558594
1190.99601284046	1269.13330078125
1193.69311107643	1273.75
1196.38936375753	1270.78332519531
1199.08477123271	1271.84997558594
1201.77933385082	1272.83337402344
1204.47305196061	1270.75
1207.1659259107	1273.16662597656
1209.85795604964	1273.73327636719
1212.54914272585	1274.78332519531
1215.23948628763	1272.55004882813
1217.92898708319	1273.34997558594
1220.61764546064	1276.61669921875
1223.30546176798	1279.01672363281
1225.99243635308	1278.58337402344
1228.67856956373	1276.11669921875
1231.36386174761	1275.5
1234.04831325228	1273.33337402344
1236.73192442522	1275.16662597656
1239.41469561377	1274.58337402344
1242.09662716519	1273.76672363281
1244.77771942662	1272.43334960938
1247.45797274511	1271.43334960938
1250.13738746759	1270.5
1252.81596394089	1272.59997558594
1255.49370251175	1275.78332519531
1258.17060352676	1275.01672363281
1260.84666733246	1271.84997558594
1263.52189427525	1273.98327636719
1266.19628470144	1276.59997558594
1268.86983895722	1276.75
1271.5425573887	1272.81665039063
1274.21444034186	1273.05004882813
1276.8854881626	1275.93334960938
1279.55570119671	1274.30004882813
1282.22507978985	1276.09997558594
1284.89362428759	1276.23327636719
1287.56133503543	1275.93334960938
1290.22821237872	1282.03332519531
1292.89425666274	1279
1295.55946823263	1285.25
1298.22384743346	1282.91662597656
1300.88739461019	1280.19995117188
1303.55011010766	1279.53332519531
1306.21199427063	1277.59997558594
1308.87304744373	1276.03332519531
1311.53326997152	1271.03332519531
1314.19266219843	1274.23327636719
1316.8512244688	1270.96667480469
1319.50895712687	1272.55004882813
1322.16586051676	1269.98327636719
1324.82193498252	1269.63330078125
1327.47718086806	1271.55004882813
1330.1315985172	1272.43334960938
1332.78518827369	1272.58337402344
1335.43795048114	1272.38330078125
1338.08988548307	1270.96667480469
1340.74099362289	1273.73327636719
1343.39127524392	1273.65002441406
1346.04073068939	1270.21667480469
1348.6893603024	1273.40002441406
1351.33716442597	1271.93334960938
1353.98414340301	1269.53332519531
1356.63029757632	1272.75
1359.27562728863	1270.21667480469
1361.92013288252	1269.01672363281
1364.56381470053	1269.06665039063
1367.20667308505	1268.76672363281
1369.84870837838	1270.36669921875
1372.48992092274	1269.46667480469
1375.13031106023	1269.43334960938
1377.76987913284	1266.31665039063
1380.40862548251	1268.43334960938
1383.04655045101	1269.48327636719
1385.68365438006	1267.98327636719
1388.31993761126	1265.80004882813
1390.95540048612	1263.90002441406
1393.59004334605	1265.68334960938
1396.22386653233	1267.88330078125
1398.85687038619	1270.84997558594
1401.48905524873	1267.46667480469
1404.12042146094	1271.28332519531
1406.75096936375	1268.33337402344
1409.38069929796	1270.61669921875
1412.00961160428	1273.23327636719
1414.63770662332	1269.63330078125
1417.26498469557	1268.38330078125
1419.89144616146	1266.46667480469
1422.51709136132	1269.09997558594
1425.14192063532	1268.41662597656
1427.76593432361	1270.05004882813
1430.3891327662	1268.16662597656
1433.01151630299	1271.16662597656
1435.63308527382	1268.34997558594
1438.2538400184	1267.81665039063
1440.87378087637	1270.41662597656
1443.49290818722	1271.96667480469
1446.1112222904	1269.68334960938
1448.72872352524	1272.46667480469
1451.34541223097	1270.73327636719
1453.96128874671	1272.16662597656
1456.5763534115	1273.36669921875
1459.19060656429	1271.23327636719
1461.8040485439	1271.55004882813
1464.41667968907	1270.23327636719
1467.02850033846	1270.80004882813
1469.63951083061	1270.59997558594
1472.24971150397	1267.28332519531
1474.8591026969	1266.48327636719
1477.46768474763	1270.41662597656
1480.07545799434	1269.08337402344
1482.68242277508	1270.84997558594
1485.28857942782	1269.44995117188
1487.89392829042	1266.55004882813
1490.49846970065	1268.61669921875
1493.10220399619	1266.40002441406
1495.70513151461	1262.30004882813
1498.30725259339	1266.19995117188
1500.90856756992	1264.83337402344
1503.50907678146	1267.75
1506.10878056524	1267.25
1508.70767925832	1265.46667480469
1511.30577319772	1269.88330078125
1513.90306272032	1265.30004882813
1516.49954816295	1265.05004882813
1519.09522986229	1265.46667480469
1521.69010815498	1265.71667480469
1524.28418337751	1265.69995117188
1526.87745586632	1263.96667480469
1529.46992595773	1265.94995117188
1532.06159398796	1266.56665039063
1534.65246029316	1267.08337402344
1537.24252520935	1268
1539.83178907249	1267.53332519531
1542.42025221841	1266.48327636719
1545.00791498287	1268.73327636719
1547.59477770152	1265.88330078125
1550.18084070993	1267.51672363281
1552.76610434356	1266.5
1555.35056893777	1267.76672363281
1557.93423482785	1266.73327636719
1560.51710234896	1264.25
1563.0991718362	1267.13330078125
1565.68044362457	1268.46667480469
1568.26091804893	1269.41662597656
1570.84059544411	1267.90002441406
1573.41947614481	1269.05004882813
1575.99756048562	1268.11669921875
1578.57484880108	1268.06665039063
1581.15134142559	1271.30004882813
1583.72703869349	1270.80004882813
1586.301940939	1270.71667480469
1588.87604849628	1272.75
1591.44936169934	1273
1594.02188088215	1273.15002441406
1596.59360637855	1276.75
1599.16453852232	1283.75
1601.73467764709	1293.58337402344
1604.30402408647	1295
1606.87257817391	1294.55004882813
1609.44034024281	1289.16662597656
1612.00731062644	1280.25
1614.57348965801	1277.73327636719
1617.13887767062	1274.19995117188
1619.70347499726	1272.59997558594
1622.26728197086	1271.11669921875
1624.83029892423	1272.80004882813
1627.39252619012	1273.13330078125
1629.95396410112	1276.15002441406
1632.5146129898	1275.33337402344
1635.07447318858	1277.61669921875
1637.63354502984	1268.94995117188
1640.19182884582	1271.34997558594
1642.74932496868	1267.41662597656
1645.3060337305	1265.90002441406
1647.86195546325	1266.09997558594
1650.41709049882	1265.80004882813
1652.971439169	1266.06665039063
1655.52500180548	1265.34997558594
1658.07777873987	1266.31665039063
1660.62977030368	1264.84997558594
1663.18097682833	1264.15002441406
1665.73139864514	1263.41662597656
1668.28103608534	1266.91662597656
1670.82988948008	1264.44995117188
1673.37795916039	1264.03332519531
1675.92524545724	1268.03332519531
1678.47174870147	1265.23327636719
1681.01746922386	1268.48327636719
1683.56240735508	1263.80004882813
1686.10656342572	1261.09997558594
1688.64993776626	1262.5
1691.19253070709	1263.59997558594
1693.73434257853	1262.53332519531
1696.27537371078	1264
1698.81562443395	1262.55004882813
1701.35509507809	1262.61669921875
1703.89378597311	1265.58337402344
1706.43169744886	1264.23327636719
1708.96882983509	1266.33337402344
1711.50518346144	1264.41662597656
1714.0407586575	1268.41662597656
1716.57555575272	1269.36669921875
1719.10957507649	1266.98327636719
1721.64281695809	1269.34997558594
1724.17528172671	1266.41662597656
1726.70696971146	1269.33337402344
1729.23788124135	1273.15002441406
1731.7680166453	1271.65002441406
1734.29737625213	1268.58337402344
1736.82596039057	1266.84997558594
1739.35376938927	1266.48327636719
1741.88080357677	1267.11669921875
1744.40706328154	1265.19995117188
1746.93254883193	1265.83337402344
1749.45726055623	1266.81665039063
1751.9811987826	1266.88330078125
1754.50436383915	1264.91662597656
1757.02675605387	1266.28332519531
1759.54837575466	1265.66662597656
1762.06922326934	1263.93334960938
1764.58929892564	1264.43334960938
1767.10860305118	1262.94995117188
1769.6271359735	1261.88330078125
1772.14489802005	1262.08337402344
1774.66188951817	1264.73327636719
1777.17811079515	1262.11669921875
1779.69356217815	1262.81665039063
1782.20824399425	1261.91662597656
1784.72215657043	1261.33337402344
1787.23530023361	1263.16662597656
1789.74767531057	1265.18334960938
1792.25928212804	1260.19995117188
1794.77012101264	1262.16662597656
1797.2801922909	1263.33337402344
1799.78949628926	1264.65002441406
1802.29803333406	1266.83337402344
1804.80580375158	1262.44995117188
1807.31280786797	1261.03332519531
1809.81904600929	1263.73327636719
1812.32451850154	1261.80004882813
1814.82922567061	1262.28332519531
1817.33316784231	1262.58337402344
1819.83634534233	1261.76672363281
1822.33875849629	1260.48327636719
1824.84040762973	1262.08337402344
1827.34129306808	1260.16662597656
1829.84141513667	1260.84997558594
1832.34077416077	1263.21667480469
1834.83937046553	1263.19995117188
1837.33720437602	1258.01672363281
1839.83427621723	1261.46667480469
1842.33058631404	1259.15002441406
1844.82613499125	1261.90002441406
1847.32092257355	1260.55004882813
1849.81494938558	1262.28332519531
1852.30821575184	1262.78332519531
1854.80072199677	1259.84997558594
1857.29246844473	1259.88330078125
1859.78345541994	1260.91662597656
1862.27368324658	1260.86669921875
1864.76315224871	1262.21667480469
1867.2518627503	1261.26672363281
1869.73981507524	1262.55004882813
1872.22700954733	1260.51672363281
1874.71344649027	1263.69995117188
1877.19912622768	1260.86669921875
1879.68404908308	1264.98327636719
1882.16821537988	1262.73327636719
1884.65162544145	1261.68334960938
1887.13427959102	1262.91662597656
1889.61617815175	1259.51672363281
1892.0973214467	1262.53332519531
1894.57770979887	1263.08337402344
1897.05734353113	1259.25
1899.53622296628	1262.18334960938
1902.014348427	1259.66662597656
1904.49172023593	1263.88330078125
1906.96833871558	1263.38330078125
1909.44420418839	1258.38330078125
1911.91931697668	1262.55004882813
1914.39367740272	1264.13330078125
1916.86728578865	1264.55004882813
1919.34014245654	1265.51672363281
1921.81224772838	1263.55004882813
1924.28360192604	1260.33337402344
1926.75420537132	1266.34997558594
1929.22405838593	1260.80004882813
1931.69316129147	1261.06665039063
1934.16151440948	1256.25
1936.62911806136	1260.5
1939.09597256848	1263.59997558594
1941.56207825207	1261.61669921875
1944.0274354333	1259.84997558594
1946.49204443322	1258.36669921875
1948.95590557284	1259.56665039063
1951.41901917301	1259.84997558594
1953.88138555454	1260.16662597656
1956.34300503813	1261.31665039063
1958.8038779444	1260.41662597656
1961.26400459387	1260.88330078125
1963.72338530697	1261.40002441406
1966.18202040403	1258.98327636719
1968.63991020531	1262.06665039063
1971.09705503097	1261.98327636719
1973.55345520107	1260.84997558594
1976.0091110356	1260.01672363281
1978.46402285444	1258.38330078125
1980.91819097737	1263.18334960938
1983.3716157241	1260.51672363281
1985.82429741427	1259.91662597656
1988.27623636736	1261.91662597656
1990.72743290284	1263.03332519531
1993.17788734002	1264.38330078125
1995.62759999817	1262.13330078125
1998.07657119644	1260.93334960938
2000.5248012539	1263.98327636719
2002.97229048952	1263.18334960938
2005.41903922219	1262.23327636719
2007.86504777071	1263.34997558594
2010.31031645378	1262.34997558594
2012.75484559	1263.94995117188
2015.19863549792	1262.58337402344
2017.64168649594	1266.26672363281
2020.08399890242	1259.18334960938
2022.5255730356	1263.13330078125
2024.96640921365	1263.06665039063
2027.40650775462	1264.33337402344
2029.84586897649	1262.08337402344
2032.28449319715	1261.90002441406
2034.72238073438	1261.5
2037.15953190591	1262.18334960938
2039.59594702932	1259.31665039063
2042.03162642215	1263.36669921875
2044.46657040182	1263.68334960938
2046.90077928567	1258.71667480469
2049.33425339095	1262.53332519531
2051.76699303481	1262.26672363281
2054.19899853433	1259.46667480469
2056.63027020645	1259.5
2059.06080836809	1259.31665039063
2061.49061333602	1261.09997558594
2063.91968542694	1260.80004882813
2066.34802495747	1258.26672363281
2068.77563224411	1258.98327636719
2071.20250760329	1261.88330078125
2073.62865135136	1263.21667480469
2076.05406380455	1260
2078.47874527901	1259.80004882813
2080.9026960908	1262.48327636719
2083.3259165559	1264.18334960938
2085.74840699018	1257.06665039063
2088.17016770944	1259.15002441406
2090.59119902935	1260.44995117188
2093.01150126553	1258.44995117188
2095.43107473348	1257.84997558594
2097.84991974864	1263.75
2100.26803662633	1259.33337402344
2102.68542568178	1263.93334960938
2105.10208723015	1260.84997558594
2107.51802158648	1261.38330078125
2109.93322906574	1263.71667480469
2112.3477099828	1258.78332519531
2114.76146465245	1258.66662597656
2117.17449338937	1258.43334960938
2119.58679650815	1261.96667480469
2121.9983743233	1257.78332519531
2124.40922714924	1259.91662597656
2126.81935530029	1261.91662597656
2129.22875909067	1262.90002441406
2131.63743883452	1262.06665039063
2134.04539484589	1257.41662597656
2136.45262743874	1259.31665039063
2138.85913692692	1263.73327636719
2141.26492362422	1260.90002441406
2143.6699878443	1258.21667480469
2146.07432990076	1262.55004882813
2148.47795010708	1261.59997558594
2150.88084877667	1259.11669921875
2153.28302622285	1257.68334960938
2155.68448275883	1261.28332519531
2158.08521869774	1258.86669921875
2160.48523435261	1255.5
2162.88453003639	1261.19995117188
2165.28310606193	1259.56665039063
2167.68096274199	1259.30004882813
2170.07810038922	1260.36669921875
2172.47451931622	1259.69995117188
2174.87021983546	1259.55004882813
2177.26520225933	1260
2179.65946690013	1260.15002441406
2182.05301407006	1262.73327636719
2184.44584408123	1261.56665039063
2186.83795724567	1258.13330078125
2189.22935387531	1259.06665039063
2191.62003428198	1257.53332519531
2194.00999877743	1259.30004882813
2196.39924767329	1254.76672363281
2198.78778128115	1259.11669921875
2201.17559991245	1256.84997558594
2203.56270387857	1258.25
2205.94909349081	1257.21667480469
2208.33476906033	1260.26672363281
2210.71973089824	1258.06665039063
2213.10397931554	1260
2215.48751462314	1258.76672363281
2217.87033713186	1256.43334960938
2220.25244715242	1261.30004882813
2222.63384499546	1256.25
2225.01453097151	1259.98327636719
2227.39450539101	1256.88330078125
2229.77376856434	1258.34997558594
2232.15232080173	1261.86669921875
2234.53016241336	1256.01672363281
2236.9072937093	1259.08337402344
2239.28371499954	1258.58337402344
2241.65942659396	1257.90002441406
2244.03442880236	1258.36669921875
2246.40872193443	1255.66662597656
2248.78230629979	1257.56665039063
2251.15518220795	1256.98327636719
2253.52734996835	1258.94995117188
2255.89880989029	1258.34997558594
2258.26956228301	1260.94995117188
2260.63960745567	1256.5
2263.00894571731	1259.38330078125
2265.37757737688	1258.46667480469
2267.74550274324	1256.41662597656
2270.11272212517	1258.18334960938
2272.47923583134	1258.23327636719
2274.84504417031	1258.59997558594
2277.2101474506	1256.76672363281
2279.57454598058	1257.83337402344
2281.93824006856	1256.26672363281
2284.30123002275	1259.09997558594
2286.66351615125	1256.28332519531
2289.02509876208	1257.01672363281
2291.38597816317	1259.18334960938
2293.74615466236	1258.16662597656
2296.10562856737	1259.38330078125
2298.46440018585	1258.19995117188
2300.82246982535	1257.83337402344
2303.1798377933	1258.58337402344
2305.5365043971	1259.73327636719
2307.89246994399	1259.05004882813
2310.24773474116	1258.71667480469
2312.60229909566	1258.98327636719
2314.95616331451	1260
2317.30932770456	1255.71667480469
2319.66179257263	1255.51672363281
2322.01355822542	1260.33337402344
2324.36462496953	1259.81665039063
2326.71499311146	1258.65002441406
2329.06466295764	1259.76672363281
2331.41363481439	1259.30004882813
2333.76190898794	1257.16662597656
2336.10948578441	1261
2338.45636550986	1259.96667480469
2340.80254847022	1259.98327636719
2343.14803497132	1258.59997558594
2345.49282531895	1259.06665039063
2347.83691981874	1258.88330078125
2350.18031877626	1260.26672363281
2352.52302249699	1260.34997558594
2354.8650312863	1256.18334960938
2357.20634544946	1257.59997558594
2359.54696529166	1259.19995117188
2361.88689111798	1259.83337402344
2364.22612323341	1254.88330078125
2366.56466194287	1259.69995117188
2368.90250755114	1256.71667480469
2371.23966036293	1258.93334960938
2373.57612068286	1258.03332519531
2375.91188881545	1257.55004882813
2378.2469650651	1259.01672363281
2380.58134973615	1260.40002441406
2382.91504313282	1256.43334960938
2385.24804555926	1260.76672363281
2387.58035731949	1259
2389.91197871745	1257.53332519531
2392.24291005701	1260.06665039063
2394.57315164189	1257.40002441406
2396.90270377577	1257.41662597656
2399.23156676218	1260.41662597656
2401.55974090461	1258.34997558594
2403.88722650642	1257.21667480469
2406.21402387086	1260.94995117188
2408.54013330113	1255.98327636719
2410.8655551003	1260.38330078125
2413.19028957133	1259.84997558594
2415.51433701713	1256.78332519531
2417.83769774049	1258.69995117188
2420.16037204408	1256.51672363281
2422.48236023051	1262.56665039063
2424.80366260228	1257.59997558594
2427.12427946179	1256.68334960938
2429.44421111134	1258.44995117188
2431.76345785315	1257.65002441406
2434.08201998932	1258.69995117188
2436.39989782188	1256.94995117188
2438.71709165273	1254.71667480469
2441.0336017837	1258.93334960938
2443.34942851653	1258.33337402344
2445.66457215282	1258.36669921875
2447.97903299412	1257.66662597656
2450.29281134185	1256.28332519531
2452.60590749736	1257.65002441406
2454.91832176188	1256.94995117188
2457.23005443656	1254.83337402344
2459.54110582243	1258.18334960938
2461.85147622045	1258.86669921875
2464.16116593146	1256.33337402344
2466.47017525621	1256.51672363281
2468.77850449536	1257.41662597656
2471.08615394947	1257.41662597656
2473.39312391899	1257.36669921875
2475.69941470429	1256.71667480469
2478.00502660562	1257.5
2480.30995992316	1257.61669921875
2482.61421495697	1256.25
2484.91779200702	1254.21667480469
2487.22069137316	1259.08337402344
2489.5229133552	1253.41662597656
2491.8244582528	1262.33337402344
2494.12532636553	1257.43334960938
2496.42551799287	1257.96667480469
2498.72503343421	1255.90002441406
2501.02387298882	1255.40002441406
2503.32203695588	1254.73327636719
2505.61952563449	1258.31665039063
2507.91633932361	1256.15002441406
2510.21247832216	1255.43334960938
2512.50794292891	1258.41662597656
2514.80273344255	1259.06665039063
2517.09685016167	1258.34997558594
2519.39029338476	1256.76672363281
2521.68306341022	1255.59997558594
2523.97516053634	1254
2526.26658506132	1256.43334960938
2528.55733728325	1254.68334960938
2530.84741750012	1260.91662597656
2533.13682600984	1254.76672363281
2535.4255631102	1257.88330078125
2537.7136290989	1258.33337402344
2540.00102427354	1255.63330078125
2542.28774893162	1259.05004882813
2544.57380337053	1253.80004882813
2546.85918788758	1256.03332519531
2549.14390277997	1257.76672363281
2551.4279483448	1255.56665039063
2553.71132487906	1255.18334960938
2555.99403267966	1255.16662597656
2558.27607204341	1255.46667480469
2560.55744326699	1257.96667480469
2562.83814664702	1255.23327636719
2565.11818247999	1257.15002441406
2567.3975510623	1257.03332519531
2569.67625269025	1255.83337402344
2571.95428766003	1257.84997558594
2574.23165626776	1256.65002441406
2576.50835880942	1253.05004882813
2578.78439558093	1255.34997558594
2581.05976687806	1256.16662597656
2583.33447299652	1256.06665039063
2585.60851423191	1255.80004882813
2587.88189087972	1257.43334960938
2590.15460323534	1253.34997558594
2592.42665159406	1256.55004882813
2594.69803625108	1253.16662597656
2596.9687575015	1254.65002441406
2599.23881564029	1250.59997558594
2601.50821096235	1255.90002441406
2603.77694376245	1254.33337402344
2606.0450143353	1253.16662597656
2608.31242297548	1255.96667480469
2610.57916997746	1255.86669921875
2612.84525563562	1255.34997558594
2615.11068024426	1252.09997558594
2617.37544409753	1253.75
2619.63954748952	1253.88330078125
2621.90299071421	1253.28332519531
2624.16577406546	1253.69995117188
2626.42789783705	1251.78332519531
2628.68936232264	1257.63330078125
2630.9501678158	1250.18334960938
2633.21031460999	1252.03332519531
2635.46980299857	1253.21667480469
2637.72863327481	1254.58337402344
2639.98680573185	1254.31665039063
2642.24432066276	1251.46667480469
2644.50117836048	1254.66662597656
2646.75737911786	1255.09997558594
2649.01292322765	1251.55004882813
2651.26781098249	1254.84997558594
2653.52204267492	1251.19995117188
2655.77561859738	1255.41662597656
2658.0285390422	1252.23327636719
2660.28080430161	1252.90002441406
2662.53241466774	1255.48327636719
2664.78337043263	1252.21667480469
2667.03367188817	1254.94995117188
2669.2833193262	1252.03332519531
2671.53231303844	1252.40002441406
2673.78065331648	1256.15002441406
2676.02834045184	1253.48327636719
2678.27537473592	1253.15002441406
2680.52175646002	1253.34997558594
2682.76748591535	1254.51672363281
2685.01256339298	1256.11669921875
2687.25698918391	1251.69995117188
2689.50076357901	1253.75
2691.74388686909	1252.69995117188
2693.9863593448	1252.16662597656
2696.22818129672	1252.25
2698.46935301532	1251.80004882813
2700.70987479096	1250.46667480469
2702.94974691389	1253.48327636719
2705.18896967428	1255.06665039063
2707.42754336216	1253.01672363281
2709.66546826749	1248.01672363281
2711.90274468011	1251.38330078125
2714.13937288974	1249.21667480469
2716.37535318602	1249.90002441406
2718.61068585848	1253.11669921875
2720.84537119652	1251.31665039063
2723.07940948947	1251.84997558594
2725.31280102654	1251.08337402344
2727.54554609682	1251.38330078125
2729.77764498933	1251.58337402344
2732.00909799294	1250.55004882813
2734.23990539644	1249.78332519531
2736.47006748853	1249.63330078125
2738.69958455777	1252.48327636719
2740.92845689263	1252.69995117188
2743.15668478147	1253.26672363281
2745.38426851257	1251.68334960938
2747.61120837406	1252.76672363281
2749.83750465399	1247.94995117188
2752.0631576403	1249.28332519531
2754.28816762083	1252.36669921875
2756.51253488329	1248.41662597656
2758.73625971532	1248.46667480469
2760.95934240442	1252.28332519531
2763.18178323801	1250.09997558594
2765.40358250338	1248.76672363281
2767.62474048773	1249.05004882813
2769.84525747814	1250.61669921875
2772.06513376159	1250.73327636719
2774.28436962496	1247.58337402344
2776.50296535501	1249.11669921875
2778.7209212384	1250.88330078125
2780.93823756168	1250.90002441406
2783.15491461129	1249.61669921875
2785.37095267358	1250.31665039063
2787.58635203477	1246.41662597656
2789.80111298097	1249.51672363281
2792.01523579822	1246.86669921875
2794.2287207724	1247.81665039063
2796.44156818932	1249.59997558594
2798.65377833468	1250.06665039063
2800.86535149404	1249.51672363281
2803.07628795289	1250.58337402344
2805.28658799659	1251.68334960938
2807.4962519104	1250.93334960938
2809.70527997946	1249.25
2811.91367248883	1249.86669921875
2814.12142972342	1250.23327636719
2816.32855196807	1250.65002441406
2818.53503950749	1247.41662597656
2820.74089262628	1250.25
2822.94611160894	1245.55004882813
2825.15069673987	1249.86669921875
2827.35464830333	1248.28332519531
2829.55796658351	1248.65002441406
2831.76065186445	1248.58337402344
2833.96270443012	1246.06665039063
2836.16412456437	1247.30004882813
2838.3649125509	1247.81665039063
2840.56506867336	1247.68334960938
2842.76459321526	1248.59997558594
2844.96348645999	1249.33337402344
2847.16174869086	1248.08337402344
2849.35938019105	1247.43334960938
2851.55638124363	1251.15002441406
2853.75275213157	1248.19995117188
2855.94849313772	1248.36669921875
2858.14360454483	1249.68334960938
2860.33808663553	1248.06665039063
2862.53193969234	1251.83337402344
2864.72516399768	1252.09997558594
2866.91775983385	1247.06665039063
2869.10972748304	1251.66662597656
2871.30106722733	1252.56665039063
2873.4917793487	1250.66662597656
2875.68186412899	1250.80004882813
2877.87132184997	1254.80004882813
2880.06015279325	1253.21667480469
2882.24835724039	1253.19995117188
2884.43593547278	1252.05004882813
2886.62288777173	1252.46667480469
2888.80921441843	1251.40002441406
2890.99491569397	1255.88330078125
2893.1799918793	1254.91662597656
2895.36444325529	1252.01672363281
2897.54827010269	1253.41662597656
2899.73147270213	1256.83337402344
2901.91405133412	1256.91662597656
2904.09600627909	1257.86669921875
2906.27733781731	1254.69995117188
2908.45804622899	1255.09997558594
2910.63813179418	1254.08337402344
2912.81759479286	1255.94995117188
2914.99643550486	1255.36669921875
2917.17465420994	1253.94995117188
2919.3522511877	1258.84997558594
2921.52922671765	1259.61669921875
2923.7055810792	1257.75
2925.88131455162	1260.41662597656
2928.05642741408	1262.93334960938
2930.23091994566	1262.11669921875
2932.40479242528	1259.40002441406
2934.57804513178	1257.11669921875
2936.75067834387	1260.83337402344
2938.92269234017	1257.53332519531
2941.09408739916	1256.83337402344
2943.26486379921	1260.18334960938
2945.4350218186	1259.11669921875
2947.60456173546	1261.88330078125
2949.77348382783	1259.66662597656
2951.94178837363	1258.5
2954.10947565068	1260.63330078125
2956.27654593666	1258.71667480469
2958.44299950915	1259.18334960938
2960.60883664562	1259.94995117188
2962.77405762341	1262.41662597656
2964.93866271975	1257.40002441406
2967.10265221178	1255.26672363281
2969.26602637648	1255.81665039063
2971.42878549076	1262.08337402344
2973.59092983139	1254.43334960938
2975.75245967501	1256.08337402344
2977.9133752982	1257.36669921875
2980.07367697736	1252.69995117188
2982.23336498882	1254.58337402344
2984.39243960877	1255.03332519531
2986.5509011133	1252.96667480469
2988.70874977837	1250.84997558594
2990.86598587984	1251.36669921875
2993.02260969344	1251.86669921875
2995.17862149478	1251.41662597656
2997.33402155938	1250.81665039063
2999.48881016262	1252.30004882813
3001.64298757978	1249.65002441406
3003.796554086	1247.93334960938
3005.94950995633	1248.76672363281
3008.10185546569	1248.13330078125
3010.25359088888	1248.75
3012.40471650059	1247.59997558594
3014.5552325754	1243.03332519531
3016.70513938776	1248.31665039063
3018.85443721201	1247.16662597656
3021.00312632236	1247.66662597656
3023.15120699292	1246.16662597656
3025.29867949769	1245.96667480469
3027.44554411052	1249.75
3029.59180110516	1246.78332519531
3031.73745075527	1247.96667480469
3033.88249333434	1248.48327636719
3036.02692911578	1249.73327636719
3038.17075837287	1248.38330078125
3040.31398137877	1250.30004882813
3042.45659840653	1254.16662597656
3044.59860972907	1247.81665039063
3046.7400156192	1249.86669921875
3048.88081634961	1248.56665039063
3051.02101219287	1251.21667480469
3053.16060342144	1247.78332519531
3055.29959030765	1245.59997558594
3057.43797312371	1248.90002441406
3059.57575214172	1249.25
3061.71292763366	1248.23327636719
3063.84949987139	1253.33337402344
3065.98546912665	1250.71667480469
3068.12083567105	1251.09997558594
3070.2555997761	1251.53332519531
3072.38976171319	1250.18334960938
3074.52332175356	1248.88330078125
3076.65628016837	1250.01672363281
3078.78863722863	1245.53332519531
3080.92039320526	1242.18334960938
3083.05154836902	1244.90002441406
3085.1821029906	1244.21667480469
3087.31205734051	1242.66662597656
3089.44141168921	1244.59997558594
3091.57016630696	1243.41662597656
3093.69832146398	1243
3095.82587743032	1243.80004882813
3097.9528344759	1242.65002441406
3100.07919287056	1239.53332519531
3102.204952884	1242.44995117188
3104.33011478579	1237.36669921875
3106.45467884538	1242.56665039063
3108.57864533212	1242.05004882813
3110.70201451522	1237.83337402344
3112.82478666378	1241.65002441406
3114.94696204676	1237.86669921875
3117.06854093301	1239.93334960938
3119.18952359127	1239.48327636719
3121.30991029013	1240.86669921875
3123.4297012981	1239.65002441406
3125.54889688352	1241.81665039063
3127.66749731464	1236.34997558594
3129.78550285957	1239.23327636719
3131.90291378633	1236.53332519531
3134.01973036277	1238.81665039063
3136.13595285665	1238.91662597656
3138.2515815356	1238.5
3140.36661666714	1238.48327636719
3142.48105851863	1235.43334960938
3144.59490735734	1240
3146.70816345041	1237.48327636719
3148.82082706486	1233.86669921875
3150.93289846758	1239.21667480469
3153.04437792532	1238.33337402344
3155.15526570475	1238.01672363281
3157.26556207238	1234.91662597656
3159.37526729461	1235.65002441406
3161.48438163771	1235.76672363281
3163.59290536784	1235.83337402344
3165.70083875102	1235.51672363281
3167.80818205315	1234.33337402344
3169.91493554002	1232.59997558594
3172.02109947727	1232.65002441406
3174.12667413044	1233.58337402344
3176.23165976493	1234.05004882813
3178.33605664602	1235.41662597656
3180.43986503887	1234.58337402344
3182.54308520852	1235.44995117188
3184.64571741986	1236.66662597656
3186.74776193769	1235.76672363281
3188.84921902664	1232.84997558594
3190.95008895128	1235.83337402344
3193.05037197599	1235.93334960938
3195.15006836504	1235.56665039063
3197.24917838262	1234.73327636719
3199.34770229274	1235.16662597656
3201.44564035931	1234.11669921875
3203.5429928461	1236.36669921875
3205.63976001677	1234.61669921875
3207.73594213484	1234.90002441406
3209.83153946372	1235.76672363281
3211.92655226669	1235.48327636719
3214.02098080688	1232.75
3216.11482534732	1234.19995117188
3218.20808615091	1232.91662597656
3220.30076348041	1232.46667480469
3222.39285759847	1236.73327636719
3224.4843687676	1234.94995117188
3226.57529725019	1232.78332519531
3228.66564330851	1231.73327636719
3230.75540720468	1232.71667480469
3232.8445892007	1231.38330078125
3234.93318955847	1232
3237.02120853974	1231.98327636719
3239.10864640612	1233.05004882813
3241.19550341911	1232.51672363281
3243.28177984009	1233.15002441406
3245.36747593029	1230.94995117188
3247.45259195083	1231.44995117188
3249.53712816268	1234.21667480469
3251.62108482672	1232.38330078125
3253.70446220366	1232.51672363281
3255.78726055411	1232.28332519531
3257.86948013853	1233.66662597656
3259.95112121728	1234.19995117188
3262.03218405055	1234.18334960938
3264.11266889845	1233
3266.19257602092	1231.09997558594
3268.27190567779	1229.43334960938
3270.35065812876	1229.56665039063
3272.4288336334	1227.63330078125
3274.50643245114	1229.55004882813
3276.5834548413	1231.15002441406
3278.65990106305	1232.23327636719
3280.73577137545	1231.86669921875
3282.81106603742	1229.83337402344
3284.88578530774	1231.44995117188
3286.95992944508	1230.58337402344
3289.03349870796	1230.16662597656
3291.1064933548	1229.28332519531
3293.17891364384	1231.76672363281
3295.25075983324	1229.41662597656
3297.322032181	1228.08337402344
3299.39273094501	1227.43334960938
3301.462856383	1227.91662597656
3303.53240875259	1229.80004882813
3305.60138831128	1230.88330078125
3307.6697953164	1229.98327636719
3309.73763002519	1230.36669921875
3311.80489269472	1230.53332519531
3313.87158358198	1229.76672363281
3315.93770294378	1227.16662597656
3318.00325103681	1228.69995117188
3320.06822811764	1228.90002441406
3322.13263444272	1229.96667480469
3324.19647026832	1230.78332519531
3326.25973585064	1230.59997558594
3328.32243144568	1233.18334960938
3330.38455730938	1230.96667480469
3332.44611369749	1228.51672363281
3334.50710086564	1227.51672363281
3336.56751906936	1228.26672363281
3338.62736856401	1226.61669921875
3340.68664960483	1229.34997558594
3342.74536244693	1228.18334960938
3344.80350734528	1227.59997558594
3346.86108455472	1228.23327636719
3348.91809432997	1229.19995117188
3350.97453692559	1228.56665039063
3353.03041259603	1228.81665039063
3355.08572159559	1228.41662597656
3357.14046417844	1228.19995117188
3359.19464059863	1228.15002441406
3361.24825111005	1227.08337402344
3363.30129596648	1226.26672363281
3365.35377542155	1227.53332519531
3367.40568972878	1227.55004882813
3369.45703914152	1227.91662597656
3371.507823913	1227.94995117188
3373.55804429633	1227.15002441406
3375.60770054446	1227.48327636719
3377.65679291024	1224.28332519531
3379.70532164635	1224.66662597656
3381.75328700534	1225.21667480469
3383.80068923965	1226.59997558594
3385.84752860155	1229.03332519531
3387.89380534321	1224.93334960938
3389.93951971664	1228.96667480469
3391.98467197371	1225.78332519531
3394.02926236618	1224.73327636719
3396.07329114566	1225.5
3398.1167585636	1222.84997558594
3400.15966487137	1226.26672363281
3402.20201032014	1223.65002441406
3404.24379516099	1226.83337402344
3406.28501964484	1225
3408.3256840225	1224.13330078125
3410.3657885446	1224.19995117188
3412.40533346167	1223.65002441406
3414.44431902408	1226.09997558594
3416.48274548209	1226.69995117188
3418.5206130858	1223.09997558594
3420.55792208516	1224.94995117188
3422.59467273003	1220.53332519531
3424.63086527009	1223.01672363281
3426.6664999549	1222.59997558594
3428.70157703386	1224.91662597656
3430.73609675628	1225.69995117188
3432.77005937129	1225.78332519531
3434.80346512789	1224.11669921875
3436.83631427494	1224.08337402344
3438.86860706119	1223.91662597656
3440.90034373521	1221.71667480469
3442.93152454546	1222.19995117188
3444.96214974025	1222.25
3446.99221956775	1221.36669921875
3449.021734276	1223.28332519531
3451.05069411289	1222.41662597656
3453.07909932619	1223.65002441406
3455.1069501635	1224.69995117188
3457.1342468723	1222.68334960938
3459.16098969993	1221.01672363281
3461.1871788936	1223.28332519531
3463.21281470035	1221.08337402344
3465.23789736712	1220.08337402344
3467.26242714067	1218.90002441406
3469.28640426765	1221.21667480469
3471.30982899455	1220.13330078125
3473.33270156774	1218.26672363281
3475.35502223343	1220.33337402344
3477.3767912377	1220.61669921875
3479.39800882649	1221.43334960938
3481.41867524559	1220.06665039063
3483.43879074066	1219.36669921875
3485.45835555721	1219.93334960938
3487.47736994062	1219.06665039063
3489.49583413611	1221.38330078125
3491.51374838879	1219.41662597656
3493.53111294359	1221.13330078125
3495.54792804533	1217.88330078125
3497.56419393867	1218.26672363281
3499.57991086814	1218.86669921875
3501.59507907811	1217.28332519531
3503.60969881284	1220
3505.6237703164	1217.13330078125
3507.63729383278	1218.25
3509.65026960577	1218.61669921875
3511.66269787904	1219.13330078125
3513.67457889613	1218.43334960938
3515.68591290042	1217.76672363281
3517.69670013515	1218.01672363281
3519.70694084342	1216.05004882813
3521.7166352682	1216.86669921875
3523.72578365229	1216.38330078125
3525.73438623836	1216.65002441406
3527.74244326893	1218.30004882813
3529.74995498641	1215.94995117188
3531.75692163301	1219.21667480469
3533.76334345084	1216.65002441406
3535.76922068186	1215.75
3537.77455356786	1216.16662597656
3539.77934235051	1218.61669921875
3541.78358727133	1215.96667480469
3543.78728857169	1216.94995117188
3545.79044649283	1218.25
3547.79306127584	1216.63330078125
3549.79513316164	1216.36669921875
3551.79666239104	1213.93334960938
3553.79764920469	1214.81665039063
3555.7980938431	1216.33337402344
3557.79799654663	1215.19995117188
3559.79735755548	1214.41662597656
3561.79617710974	1215.73327636719
3563.79445544932	1217.43334960938
3565.79219281401	1215.88330078125
3567.78938944344	1214
3569.7860455771	1214.44995117188
3571.78216145432	1213.65002441406
3573.77773731431	1212.08337402344
3575.7727733961	1212.34997558594
3577.76726993861	1213.53332519531
3579.76122718059	1212.71667480469
3581.75464536064	1213.81665039063
3583.74752471725	1210.69995117188
3585.7398654887	1212.25
3587.73166791317	1213.78332519531
3589.7229322287	1211.61669921875
3591.71365867314	1213.36669921875
3593.70384748424	1212.01672363281
3595.69349889955	1211.65002441406
3597.68261315654	1212.36669921875
3599.67119049245	1211.93334960938
3601.65923114446	1211.98327636719
3603.64673534952	1212.81665039063
3605.63370334449	1213.78332519531
3607.62013536607	1211.36669921875
3609.60603165079	1210
3611.59139243504	1210.83337402344
3613.57621795509	1210
3615.56050844701	1208.05004882813
3617.54426414677	1209.40002441406
3619.52748529017	1207.30004882813
3621.51017211285	1210.03332519531
3623.49232485031	1208.71667480469
3625.47394373792	1210.33337402344
3627.45502901088	1208.65002441406
3629.43558090423	1209.33337402344
3631.41559965288	1208.53332519531
3633.3950854916	1210.83337402344
3635.37403865498	1208.71667480469
3637.35245937747	1207.46667480469
3639.33034789339	1209.18334960938
3641.30770443688	1209.75
3643.28452924196	1208.43334960938
3645.26082254248	1206.83337402344
3647.23658457212	1208.58337402344
3649.21181556447	1208.26672363281
3651.18651575291	1208.84997558594
3653.16068537069	1206.44995117188
3655.13432465092	1207.48327636719
3657.10743382653	1207.06665039063
3659.08001313034	1206.98327636719
3661.05206279498	1209.13330078125
3663.02358305295	1206.13330078125
3664.9945741366	1207.44995117188
3666.96503627811	1206.38330078125
3668.93496970952	1208.33337402344
3670.90437466272	1203.59997558594
3672.87325136944	1206.81665039063
3674.84160006127	1207.51672363281
3676.80942096963	1206.59997558594
3678.77671432581	1207.69995117188
3680.74348036092	1207.59997558594
3682.70971930595	1208.36669921875
3684.6754313917	1205.01672363281
3686.64061684885	1207.19995117188
3688.60527590791	1206.40002441406
3690.56940879924	1206.34997558594
3692.53301575303	1203.91662597656
3694.49609699936	1204.28332519531
3696.45865276812	1204.80004882813
3698.42068328904	1205.83337402344
3700.38218879173	1205.15002441406
3702.34316950563	1207.38330078125
3704.30362566	1205.56665039063
3706.26355748399	1205.90002441406
3708.22296520657	1206.15002441406
3710.18184905656	1205.06665039063
3712.14020926263	1206.40002441406
3714.09804605328	1204.84997558594
3716.05535965687	1203.75
3718.01215030162	1204.33337402344
3719.96841821555	1205.09997558594
3721.92416362657	1203.51672363281
3723.8793867624	1205.15002441406
3725.83408785063	1201.38330078125
3727.78826711869	1203.98327636719
3729.74192479384	1200.71667480469
3731.69506110319	1203.11669921875
3733.64767627371	1202.91662597656
3735.59977053219	1202.03332519531
3737.55134410528	1203.68334960938
3739.50239721947	1202.46667480469
3741.45293010108	1203
3743.40294297631	1201.18334960938
3745.35243607116	1200.76672363281
3747.3014096115	1200.53332519531
3749.24986382303	1202.73327636719
3751.19779893131	1201.84997558594
3753.14521516171	1202.06665039063
3755.09211273949	1200.21667480469
3757.0384918897	1198.34997558594
3758.98435283728	1201.18334960938
3760.92969580698	1200.48327636719
3762.87452102341	1200.90002441406
3764.81882871101	1199.61669921875
3766.76261909407	1200.25
3768.70589239672	1201.93334960938
3770.64864884293	1198.96667480469
3772.59088865651	1198.88330078125
3774.53261206112	1199.46667480469
3776.47381928025	1197.78332519531
