-173.428722450078	1146.55004882813
-170.294344013779	1146.61669921875
-167.160990304052	1145.83337402344
-164.028660894548	1146.80004882813
-160.897355359205	1146.76672363281
-157.767073272189	1146.09997558594
-154.637814207931	1146.83337402344
-151.50957774112	1145.83337402344
-148.382363446704	1146.38330078125
-145.256170899859	1145.93334960938
-142.130999676054	1145.98327636719
-139.006849350965	1145.51672363281
-135.883719500571	1146.25
-132.761609701053	1146.69995117188
-129.640519528863	1147.48327636719
-126.520448560715	1147.30004882813
-123.401396373553	1147.21667480469
-120.28336254458	1146.31665039063
-117.166346651252	1147.11669921875
-114.050348271258	1146.94995117188
-110.935366982541	1146.16662597656
-107.821402363301	1146.65002441406
-104.708453991972	1145.73327636719
-101.596521447235	1147.11669921875
-98.4856043080122	1146.26672363281
-95.3757021534957	1146.66662597656
-92.2668145630801	1146.59997558594
-89.1589411164452	1147.15002441406
-86.0520813934781	1146.18334960938
-82.946234974338	1146.06665039063
-79.8414014394074	1146.98327636719
-76.7375803693083	1146.81665039063
-73.6347713449181	1146.66662597656
-70.532973947345	1147.09997558594
-67.4321877579402	1146.59997558594
-64.3324123582935	1146.09997558594
-61.2336473302252	1146.30004882813
-58.1358922558143	1147.31665039063
-55.0391467173494	1146.61669921875
-51.9434102973817	1146
-48.8486825786838	1146.31665039063
-45.7549631442702	1146.41662597656
-42.662251577389	1144.84997558594
-39.5705474615295	1146.86669921875
-36.4798503804062	1146.15002441406
-33.3901599179706	1146.66662597656
-30.301475658403	1146.46667480469
-27.2137971861287	1146.96667480469
-24.1271240858053	1146.71667480469
-21.0414559423028	1146.63330078125
-17.9567923407513	1146.71667480469
-14.8731328664812	1145.59997558594
-11.7904771050747	1146.66662597656
-8.70882464233763	1146.90002441406
-5.62817506431157	1146.53332519531
-2.54852795725342	1146.61669921875
0.530117092344597	1147.40002441406
3.6077604977471	1147.86669921875
6.68440267202787	1146.86669921875
9.76004402799773	1146.19995117188
12.8346849782609	1146.25
15.9083259351831	1145.90002441406
18.9809673109237	1146.96667480469
22.0526095173877	1145.40002441406
25.1232529662903	1147.19995117188
28.1928980690886	1146.33337402344
31.2615452370419	1146.19995117188
34.32919488118	1147.23327636719
37.3958474123071	1146.31665039063
40.4615032409942	1146.19995117188
43.5261627776189	1146.15002441406
46.58982643231	1146.75
49.6524946149833	1146.44995117188
52.7141677353456	1146.31665039063
55.7748462028835	1146.23327636719
58.8345304268427	1147.21667480469
61.8932208162729	1146.53332519531
64.9509177800033	1146.33337402344
68.0076217266271	1146.44995117188
71.0633330645419	1147.21667480469
74.118052201909	1148.59997558594
77.1717795467022	1153.81665039063
80.224515506648	1172.15002441406
83.2762604892772	1209.41662597656
86.3270149018856	1247.05004882813
89.3767791515896	1272.56665039063
92.4255536452548	1284.55004882813
95.4733387895519	1293.38330078125
98.5201349909248	1294.15002441406
101.565942655643	1296.34997558594
104.610762189717	1299.75
107.654593998963	1298.76672363281
110.697438488996	1303.68334960938
113.739296065204	1304.05004882813
116.78016713278	1304.59997558594
119.820052096698	1305.86669921875
122.85895136172	1297.83337402344
125.896865332408	1299.16662597656
128.933794413111	1292.13330078125
131.969739007965	1298.66662597656
135.004699520911	1292.91662597656
138.038676355664	1294.40002441406
141.071669915751	1290.51672363281
144.103680604487	1294.44995117188
147.134708824975	1292.15002441406
150.164754980118	1290.13330078125
153.193819472611	1288.44995117188
156.221902704945	1291.38330078125
159.24900507942	1291.28332519531
162.275126998099	1292.01672363281
165.300268862873	1294.03332519531
168.324431075425	1291.94995117188
171.347614037231	1293.81665039063
174.369818149562	1293.93334960938
177.391043813491	1294.46667480469
180.411291429897	1294.80004882813
183.430561399437	1292.5
186.448854122582	1296.46667480469
189.466169999607	1294.05004882813
192.482509430598	1293.21667480469
195.497872815412	1293.84997558594
198.512260553716	1294.91662597656
201.525673045011	1293.48327636719
204.538110688552	1292.98327636719
207.549573883427	1296.26672363281
210.560063028519	1292.83337402344
213.569578522523	1291.23327636719
216.578120763917	1291.59997558594
219.585690151021	1292.63330078125
222.592287081907	1294.16662597656
225.597911954507	1294
228.602565166512	1290.83337402344
231.606247115456	1291.08337402344
234.608958198646	1291.53332519531
237.610698813222	1292.16662597656
240.611469356122	1291.13330078125
243.611270224103	1293.75
246.610101813707	1292.33337402344
249.607964521295	1292.71667480469
252.604858743044	1294.11669921875
255.600784874935	1296.28332519531
258.595743312749	1296.09997558594
261.589734452097	1291.11669921875
264.582758688393	1295.56665039063
267.574816416842	1296.09997558594
270.565908032503	1294.78332519531
273.556033930195	1295.15002441406
276.545194504586	1296.78332519531
279.533390150138	1293.91662597656
282.520621261151	1292.11669921875
285.506888231708	1295.59997558594
288.49219145571	1293.15002441406
291.476531326902	1295.48327636719
294.459908238794	1292.48327636719
297.442322584762	1295.01672363281
300.423774757966	1295.66662597656
303.404265151375	1289.21667480469
306.383794157805	1293.33337402344
309.362362169862	1294.28332519531
312.339969579982	1293.91662597656
315.316616780414	1292.21667480469
318.292304163227	1292.71667480469
321.267032120295	1291.93334960938
324.24080104332	1292.34997558594
327.213611323833	1293.76672363281
330.185463353171	1293.65002441406
333.156357522491	1292.34997558594
336.126294222774	1290.13330078125
339.095273844812	1292.59997558594
342.063296779227	1291.15002441406
345.030363416467	1292.56665039063
347.996474146782	1290.44995117188
350.961629360257	1295.34997558594
353.925829446806	1291.91662597656
356.889074796147	1293.46667480469
359.851365797829	1293.34997558594
362.812702841222	1294.78332519531
365.773086315536	1293.5
368.732516609768	1293.78332519531
371.690994112778	1295.84997558594
374.648519213243	1291.94995117188
377.605092299631	1296.81665039063
380.560713760273	1296.15002441406
383.515383983307	1291.38330078125
386.469103356711	1289.33337402344
389.421872268273	1290.26672363281
392.373691105615	1289.69995117188
395.32456025619	1293.5
398.274480107272	1291.56665039063
401.223451045967	1289.48327636719
404.171473459202	1290.90002441406
407.118547733728	1292.25
410.064674256155	1291.88330078125
413.009853412892	1292.71667480469
415.954085590181	1289.08337402344
418.8973711741	1292.90002441406
421.83971055055	1287.71667480469
424.781104105281	1294.16662597656
427.721552223856	1297.09997558594
430.661055291665	1292.30004882813
433.599613693946	1295.71667480469
436.537227815752	1291.43334960938
439.473898041993	1290.13330078125
442.409624757378	1292.71667480469
445.344408346476	1293.44995117188
448.278249193683	1290.96667480469
451.211147683207	1293.23327636719
454.143104199122	1291.48327636719
457.074119125312	1291.33337402344
460.004192845497	1289.15002441406
462.933325743267	1292.96667480469
465.861518202001	1292.43334960938
468.788770604917	1291.13330078125
471.71508333511	1294.83337402344
474.640456775471	1292.51672363281
477.564891308737	1289.44995117188
480.488387317487	1294.28332519531
483.410945184141	1296.94995117188
486.332565290942	1290.31665039063
489.253248019986	1289.58337402344
492.172993753197	1293.40002441406
495.091802872338	1294.71667480469
498.009675759011	1295.36669921875
500.926612794666	1296.41662597656
503.842614360571	1292.80004882813
506.757680837864	1299
509.671812607493	1298.66662597656
512.585010050263	1317.25
515.497273546817	1355.05004882813
518.408603477637	1434.41662597656
521.319000223045	1442.55004882813
524.228464163205	1379.06665039063
527.136995678121	1331.30004882813
530.044595147647	1309.23327636719
532.951262951471	1301.76672363281
535.856999469123	1297.40002441406
538.761805079986	1295.40002441406
541.665680163279	1293.09997558594
544.568625098049	1292.76672363281
547.470640263216	1293.30004882813
550.371726037533	1293.46667480469
553.271882799588	1290.65002441406
556.171110927825	1293.55004882813
559.069410800531	1294.65002441406
561.966782795823	1295.86669921875
564.863227291685	1291.58337402344
567.758744665944	1293.71667480469
570.653335296256	1290.76672363281
573.546999560148	1292.13330078125
576.439737834969	1291.53332519531
579.331550497935	1289.05004882813
582.222437926093	1293.44995117188
585.112400496356	1292.68334960938
588.001438585469	1293.15002441406
590.889552570021	1292.48327636719
593.77674282648	1290.69995117188
596.663009731132	1291.93334960938
599.548353660116	1291.83337402344
602.432774989433	1289.18334960938
605.316274094926	1290.36669921875
608.198851352303	1291.31665039063
611.080507137075	1290.75
613.961241824667	1292.91662597656
616.841055790315	1294.93334960938
619.71994940911	1294.58337402344
622.597923056008	1289.21667480469
625.474977105798	1288.98327636719
628.351111933143	1293.88330078125
631.22632791255	1296.06665039063
634.10062541835	1292.06665039063
636.97400482478	1294.05004882813
639.846466505882	1291.94995117188
642.718010835585	1290.91662597656
645.58863818764	1290.26672363281
648.458348935679	1292.65002441406
651.327143453188	1296.69995117188
654.195022113475	1291.98327636719
657.061985289745	1294.55004882813
659.928033355022	1294.56665039063
662.79316668221	1293.66662597656
665.657385644057	1292.76672363281
668.520690613176	1293.38330078125
671.383081962017	1293.19995117188
674.244560062899	1294.28332519531
677.105125288002	1292.68334960938
679.964778009343	1290.28332519531
682.823518598832	1292.15002441406
685.681347428202	1293.81665039063
688.538264869057	1293.18334960938
691.394271292855	1293.05004882813
694.249367070914	1294.19995117188
697.103552574412	1293.11669921875
699.956828174378	1289.31665039063
702.809194241715	1295.48327636719
705.660651147175	1290.06665039063
708.511199261361	1290.98327636719
711.360838954755	1292.15002441406
714.209570597676	1292.58337402344
717.057394560329	1291.01672363281
719.90431121275	1292.05004882813
722.750320924861	1292.75
725.59542406643	1290.21667480469
728.439621007094	1290.23327636719
731.282912116347	1291.08337402344
734.125297763539	1291.01672363281
736.966778317898	1293.06665039063
739.807354148498	1292.40002441406
742.647025624275	1291.90002441406
745.485793114042	1293.06665039063
748.323656986468	1291.16662597656
751.160617610072	1294.51672363281
753.996675353258	1294.13330078125
756.831830584275	1293.26672363281
759.666083671249	1293.36669921875
762.499434982158	1291.43334960938
765.331884884853	1285.86669921875
768.163433747055	1290.66662597656
770.994081936328	1293.75
773.823829820116	1293.69995117188
776.652677765732	1288.59997558594
779.480626140347	1290.91662597656
782.307675310993	1289.34997558594
785.133825644576	1294.75
787.959077507869	1290.80004882813
790.783431267511	1290.05004882813
793.606887289986	1291.08337402344
796.429445941685	1291.83337402344
799.251107588836	1292.78332519531
802.071872597536	1289.59997558594
804.891741333751	1292.40002441406
807.71071416334	1291.81665039063
810.528791451981	1291.40002441406
813.345973565269	1288.96667480469
816.162260868638	1290.88330078125
818.977653727395	1291.21667480469
821.792152506717	1291.98327636719
824.605757571661	1293.25
827.418469287133	1290.68334960938
830.230288017926	1294.75
833.0412141287	1290.23327636719
835.851247983973	1293.30004882813
838.660389948141	1292.65002441406
841.468640385466	1289.65002441406
844.27599966009	1292.44995117188
847.082468136026	1290.69995117188
849.888046177135	1295.08337402344
852.692734147171	1292.31665039063
855.496532409758	1292.08337402344
858.29944132839	1294.71667480469
861.10146126642	1294.48327636719
863.902592587094	1292.69995117188
866.702835653509	1291.90002441406
869.502190828641	1290.15002441406
872.300658475353	1290.58337402344
875.098238956361	1294
877.894932634271	1293.21667480469
880.690739871548	1289.16662597656
883.485661030531	1291.59997558594
886.279696473447	1291.76672363281
889.072846562376	1292.05004882813
891.86511165929	1292.03332519531
894.65649212603	1292.58337402344
897.446988324303	1290.69995117188
900.236600615703	1290.59997558594
903.025329361687	1292.76672363281
905.813174923597	1294.06665039063
908.600137662639	1289.86669921875
911.38621793991	1295.41662597656
914.171416116365	1293.18334960938
916.95573255285	1292.66662597656
919.739167610082	1293.51672363281
922.521721648641	1295.68334960938
925.303395029005	1295.36669921875
928.084188111517	1296.34997558594
930.864101256396	1295.28332519531
933.643134823733	1294.66662597656
936.42128917351	1295.28332519531
939.198564665577	1296.88330078125
941.97496165967	1295.69995117188
944.750480515391	1294.91662597656
947.525121592226	1300.44995117188
950.298885249534	1297.43334960938
953.071771846555	1299.88330078125
955.843781742413	1298.61669921875
958.614915296108	1299
961.385172866513	1294.44995117188
964.154554812387	1299.01672363281
966.92306149236	1297.31665039063
969.690693264949	1299.44995117188
972.457450488552	1298.46667480469
975.223333521431	1302.34997558594
977.988342721749	1297.06665039063
980.752478447535	1300.61669921875
983.515741056708	1297.06665039063
986.278130907059	1301.80004882813
989.039648356259	1294.55004882813
991.800293761863	1299.73327636719
994.560067481312	1296.48327636719
997.318969871913	1297.30004882813
1000.07700129088	1299.34997558594
1002.83416209528	1297.59997558594
1005.59045264208	1297.88330078125
1008.34587328813	1295.11669921875
1011.10042439014	1295.23327636719
1013.85410630472	1295.18334960938
1016.60691938837	1293.83337402344
1019.35886399746	1296.48327636719
1022.10994048823	1294.38330078125
1024.86014921684	1291.15002441406
1027.60949053928	1296.76672363281
1030.35796481149	1294.23327636719
1033.10557238924	1294.46667480469
1035.85231362819	1293.19995117188
1038.5981888839	1291.68334960938
1041.34319851182	1294.11669921875
1044.08734286727	1295.19995117188
1046.83062230544	1294.83337402344
1049.57303718143	1292.31665039063
1052.31458785021	1289.78332519531
1055.05527466665	1290.06665039063
1057.79509798549	1294.48327636719
1060.53405816134	1296.21667480469
1063.27215554874	1294.71667480469
1066.00939050209	1294.26672363281
1068.74576337565	1294.26672363281
1071.48127452361	1296.55004882813
1074.21592430002	1293.56665039063
1076.94971305882	1295.53332519531
1079.68264115384	1293.11669921875
1082.41470893879	1295.59997558594
1085.14591676728	1294.34997558594
1087.8762649928	1289.44995117188
1090.60575396871	1289.75
1093.33438404827	1292.84997558594
1096.06215558464	1291.91662597656
1098.78906893086	1291.65002441406
1101.51512443981	1294.61669921875
1104.24032246435	1294.19995117188
1106.96466335716	1292.09997558594
1109.68814747081	1293.48327636719
1112.41077515779	1293
1115.13254677044	1292.86669921875
1117.85346266104	1290.44995117188
1120.57352318169	1295.43334960938
1123.29272868445	1295.48327636719
1126.01107952121	1293.86669921875
1128.72857604378	1292.46667480469
1131.44521860385	1295.05004882813
1134.16100755301	1292.05004882813
1136.87594324271	1293.38330078125
1139.59002602433	1290.86669921875
1142.3032562491	1291.33337402344
1145.01563426818	1292.84997558594
1147.72716043257	1295.86669921875
1150.43783509322	1296.23327636719
1153.14765860091	1296.58337402344
1155.85663130634	1296.88330078125
1158.56475356012	1291.63330078125
1161.27202571271	1295.55004882813
1163.97844811448	1293.48327636719
1166.68402111569	1293.53332519531
1169.38874506649	1294.38330078125
1172.09262031694	1294.53332519531
1174.79564721695	1293.16662597656
1177.49782611635	1294.98327636719
1180.19915736486	1295.18334960938
1182.89964131208	1296.91662597656
1185.59927830751	1298.36669921875
1188.29806870054	1289.65002441406
1190.99601284046	1295.03332519531
1193.69311107643	1292
1196.38936375753	1292.71667480469
1199.08477123271	1292.58337402344
1201.77933385082	1292.56665039063
1204.47305196061	1295.76672363281
1207.1659259107	1292.98327636719
1209.85795604964	1293.28332519531
1212.54914272585	1296.48327636719
1215.23948628763	1295.16662597656
1217.92898708319	1293.36669921875
1220.61764546064	1297.83337402344
1223.30546176798	1291.78332519531
1225.99243635308	1296.11669921875
1228.67856956373	1295.68334960938
1231.36386174761	1293.80004882813
1234.04831325228	1292.40002441406
1236.73192442522	1293.11669921875
1239.41469561377	1290.28332519531
1242.09662716519	1292
1244.77771942662	1293.26672363281
1247.45797274511	1291.78332519531
1250.13738746759	1292.56665039063
1252.81596394089	1294.41662597656
1255.49370251175	1293.94995117188
1258.17060352676	1295.56665039063
1260.84666733246	1296.5
1263.52189427525	1294.56665039063
1266.19628470144	1290.11669921875
1268.86983895722	1293.43334960938
1271.5425573887	1294.31665039063
1274.21444034186	1296.30004882813
1276.8854881626	1293.78332519531
1279.55570119671	1293.88330078125
1282.22507978985	1296.08337402344
1284.89362428759	1294.80004882813
1287.56133503543	1297.11669921875
1290.22821237872	1299.09997558594
1292.89425666274	1297.63330078125
1295.55946823263	1299.71667480469
1298.22384743346	1298.41662597656
1300.88739461019	1294.84997558594
1303.55011010766	1298.63330078125
1306.21199427063	1292.88330078125
1308.87304744373	1294.98327636719
1311.53326997152	1296.41662597656
1314.19266219843	1294.86669921875
1316.8512244688	1298.91662597656
1319.50895712687	1297.31665039063
1322.16586051676	1298.19995117188
1324.82193498252	1295.66662597656
1327.47718086806	1295.66662597656
1330.1315985172	1294.01672363281
1332.78518827369	1292.05004882813
1335.43795048114	1295.69995117188
1338.08988548307	1299.86669921875
1340.74099362289	1296.01672363281
1343.39127524392	1294.71667480469
1346.04073068939	1294.63330078125
1348.6893603024	1300.43334960938
1351.33716442597	1292.23327636719
1353.98414340301	1292.16662597656
1356.63029757632	1294.11669921875
1359.27562728863	1295.44995117188
1361.92013288252	1295.63330078125
1364.56381470053	1293.48327636719
1367.20667308505	1292.73327636719
1369.84870837838	1295.61669921875
1372.48992092274	1288.38330078125
1375.13031106023	1292.76672363281
1377.76987913284	1289.73327636719
1380.40862548251	1293.71667480469
1383.04655045101	1293.86669921875
1385.68365438006	1293.69995117188
1388.31993761126	1291.93334960938
1390.95540048612	1290.01672363281
1393.59004334605	1294.30004882813
1396.22386653233	1295.46667480469
1398.85687038619	1295
1401.48905524873	1294.08337402344
1404.12042146094	1294.75
1406.75096936375	1295.98327636719
1409.38069929796	1297.83337402344
1412.00961160428	1291.71667480469
1414.63770662332	1294.53332519531
1417.26498469557	1289.84997558594
1419.89144616146	1294.53332519531
1422.51709136132	1290.66662597656
1425.14192063532	1289.59997558594
1427.76593432361	1294.01672363281
1430.3891327662	1296.46667480469
1433.01151630299	1293.08337402344
1435.63308527382	1296.53332519531
1438.2538400184	1296.25
1440.87378087637	1295.65002441406
1443.49290818722	1297.61669921875
1446.1112222904	1295.93334960938
1448.72872352524	1295.08337402344
1451.34541223097	1298.03332519531
1453.96128874671	1297
1456.5763534115	1300.16662597656
1459.19060656429	1294.84997558594
1461.8040485439	1299.28332519531
1464.41667968907	1298.19995117188
1467.02850033846	1295.63330078125
1469.63951083061	1299.16662597656
1472.24971150397	1296.80004882813
1474.8591026969	1295.19995117188
1477.46768474763	1294.76672363281
1480.07545799434	1295.65002441406
1482.68242277508	1295.19995117188
1485.28857942782	1296.75
1487.89392829042	1292.41662597656
1490.49846970065	1293.01672363281
1493.10220399619	1293.65002441406
1495.70513151461	1293
1498.30725259339	1292.69995117188
1500.90856756992	1293.55004882813
1503.50907678146	1295.96667480469
1506.10878056524	1297.25
1508.70767925832	1293.65002441406
1511.30577319772	1294.5
1513.90306272032	1293.33337402344
1516.49954816295	1297.90002441406
1519.09522986229	1294.59997558594
1521.69010815498	1296.71667480469
1524.28418337751	1295.96667480469
1526.87745586632	1293.25
1529.46992595773	1295.41662597656
1532.06159398796	1296.61669921875
1534.65246029316	1294.33337402344
1537.24252520935	1292.61669921875
1539.83178907249	1295.44995117188
1542.42025221841	1294.26672363281
1545.00791498287	1297.69995117188
1547.59477770152	1297.69995117188
1550.18084070993	1297.84997558594
1552.76610434356	1295.83337402344
1555.35056893777	1291.53332519531
1557.93423482785	1298.43334960938
1560.51710234896	1295.56665039063
1563.0991718362	1296.06665039063
1565.68044362457	1293.68334960938
1568.26091804893	1299.40002441406
1570.84059544411	1294.63330078125
1573.41947614481	1296.55004882813
1575.99756048562	1294.93334960938
1578.57484880108	1298.83337402344
1581.15134142559	1295.94995117188
1583.72703869349	1296.21667480469
1586.301940939	1295.86669921875
1588.87604849628	1296.90002441406
1591.44936169934	1297.11669921875
1594.02188088215	1300.23327636719
1596.59360637855	1299.76672363281
1599.16453852232	1301.94995117188
1601.73467764709	1307.80004882813
1604.30402408647	1306.53332519531
1606.87257817391	1306.65002441406
1609.44034024281	1303.01672363281
1612.00731062644	1300.25
1614.57348965801	1298.84997558594
1617.13887767062	1296.28332519531
1619.70347499726	1299.08337402344
1622.26728197086	1296.23327636719
1624.83029892423	1297.01672363281
1627.39252619012	1296.93334960938
1629.95396410112	1301.18334960938
1632.5146129898	1299.38330078125
1635.07447318858	1302.65002441406
1637.63354502984	1297.33337402344
1640.19182884582	1298.84997558594
1642.74932496868	1299.76672363281
1645.3060337305	1294.65002441406
1647.86195546325	1297.86669921875
1650.41709049882	1295.34997558594
1652.971439169	1295.30004882813
1655.52500180548	1297.71667480469
1658.07777873987	1297.30004882813
1660.62977030368	1293.58337402344
1663.18097682833	1297.41662597656
1665.73139864514	1298.59997558594
1668.28103608534	1302.21667480469
1670.82988948008	1298.43334960938
1673.37795916039	1300.84997558594
1675.92524545724	1295.33337402344
1678.47174870147	1293.11669921875
1681.01746922386	1294.90002441406
1683.56240735508	1297.58337402344
1686.10656342572	1295.90002441406
1688.64993776626	1297.69995117188
1691.19253070709	1297.58337402344
1693.73434257853	1297.61669921875
1696.27537371078	1293.90002441406
1698.81562443395	1297.63330078125
1701.35509507809	1293.86669921875
1703.89378597311	1294.94995117188
1706.43169744886	1296.88330078125
1708.96882983509	1295.61669921875
1711.50518346144	1296.44995117188
1714.0407586575	1296.63330078125
1716.57555575272	1296.84997558594
1719.10957507649	1298.05004882813
1721.64281695809	1297.19995117188
1724.17528172671	1298.90002441406
1726.70696971146	1300.98327636719
1729.23788124135	1300.25
1731.7680166453	1298.30004882813
1734.29737625213	1300.33337402344
1736.82596039057	1298.71667480469
1739.35376938927	1297.68334960938
1741.88080357677	1296.5
1744.40706328154	1296.13330078125
1746.93254883193	1296.61669921875
1749.45726055623	1294.55004882813
1751.9811987826	1298.38330078125
1754.50436383915	1295.11669921875
1757.02675605387	1296.86669921875
1759.54837575466	1296.61669921875
1762.06922326934	1298.53332519531
1764.58929892564	1294.94995117188
1767.10860305118	1298.21667480469
1769.6271359735	1294.94995117188
1772.14489802005	1295.88330078125
1774.66188951817	1293.5
1777.17811079515	1295.34997558594
1779.69356217815	1297.93334960938
1782.20824399425	1297.63330078125
1784.72215657043	1297.13330078125
1787.23530023361	1293.71667480469
1789.74767531057	1300.96667480469
1792.25928212804	1296.51672363281
1794.77012101264	1300.30004882813
1797.2801922909	1293.40002441406
1799.78949628926	1294.34997558594
1802.29803333406	1297.21667480469
1804.80580375158	1295.5
1807.31280786797	1297
1809.81904600929	1297.69995117188
1812.32451850154	1296.41662597656
1814.82922567061	1299.26672363281
1817.33316784231	1297.61669921875
1819.83634534233	1292.75
1822.33875849629	1296.90002441406
1824.84040762973	1292.03332519531
1827.34129306808	1299.66662597656
1829.84141513667	1296.83337402344
1832.34077416077	1296.03332519531
1834.83937046553	1298.15002441406
1837.33720437602	1293.55004882813
1839.83427621723	1297.05004882813
1842.33058631404	1291.76672363281
1844.82613499125	1295.11669921875
1847.32092257355	1295.56665039063
1849.81494938558	1296.28332519531
1852.30821575184	1297.06665039063
1854.80072199677	1297.59997558594
1857.29246844473	1297.84997558594
1859.78345541994	1295.08337402344
1862.27368324658	1297.08337402344
1864.76315224871	1296.65002441406
1867.2518627503	1296.40002441406
1869.73981507524	1295.44995117188
1872.22700954733	1298.59997558594
1874.71344649027	1295.46667480469
1877.19912622768	1298.53332519531
1879.68404908308	1300.06665039063
1882.16821537988	1297.34997558594
1884.65162544145	1298.43334960938
1887.13427959102	1294.09997558594
1889.61617815175	1297.01672363281
1892.0973214467	1295.19995117188
1894.57770979887	1295.69995117188
1897.05734353113	1294.5
1899.53622296628	1298.90002441406
1902.014348427	1298.09997558594
1904.49172023593	1296.48327636719
1906.96833871558	1296.18334960938
1909.44420418839	1299
1911.91931697668	1296.26672363281
1914.39367740272	1299.66662597656
1916.86728578865	1296.90002441406
1919.34014245654	1297.28332519531
1921.81224772838	1295.53332519531
1924.28360192604	1299.69995117188
1926.75420537132	1298.18334960938
1929.22405838593	1299.91662597656
1931.69316129147	1297.96667480469
1934.16151440948	1295.76672363281
1936.62911806136	1296.23327636719
1939.09597256848	1292
1941.56207825207	1297.90002441406
1944.0274354333	1296.16662597656
1946.49204443322	1294.5
1948.95590557284	1297.65002441406
1951.41901917301	1298.51672363281
1953.88138555454	1293.93334960938
1956.34300503813	1295.40002441406
1958.8038779444	1298.59997558594
1961.26400459387	1300
1963.72338530697	1298.03332519531
1966.18202040403	1297.46667480469
1968.63991020531	1296.94995117188
1971.09705503097	1297
1973.55345520107	1295.91662597656
1976.0091110356	1299.44995117188
1978.46402285444	1298.11669921875
1980.91819097737	1299.5
1983.3716157241	1296.93334960938
1985.82429741427	1296.63330078125
1988.27623636736	1297.41662597656
1990.72743290284	1296.5
1993.17788734002	1299.43334960938
1995.62759999817	1295.51672363281
1998.07657119644	1298.09997558594
2000.5248012539	1299.33337402344
2002.97229048952	1295.51672363281
2005.41903922219	1296.68334960938
2007.86504777071	1301.15002441406
2010.31031645378	1294.34997558594
2012.75484559	1297.88330078125
2015.19863549792	1300.13330078125
2017.64168649594	1301.61669921875
2020.08399890242	1297.96667480469
2022.5255730356	1297.5
2024.96640921365	1298.80004882813
2027.40650775462	1303.19995117188
2029.84586897649	1301.75
2032.28449319715	1299.28332519531
2034.72238073438	1300.05004882813
2037.15953190591	1295.43334960938
2039.59594702932	1299.31665039063
2042.03162642215	1298.36669921875
2044.46657040182	1301.28332519531
2046.90077928567	1297.30004882813
2049.33425339095	1299.56665039063
2051.76699303481	1299.46667480469
2054.19899853433	1301.33337402344
2056.63027020645	1299.71667480469
2059.06080836809	1300.61669921875
2061.49061333602	1300.68334960938
2063.91968542694	1296.28332519531
2066.34802495747	1299.40002441406
2068.77563224411	1300.23327636719
2071.20250760329	1298.58337402344
2073.62865135136	1297.66662597656
2076.05406380455	1299.38330078125
2078.47874527901	1299.38330078125
2080.9026960908	1299.66662597656
2083.3259165559	1293.73327636719
2085.74840699018	1301.75
2088.17016770944	1299.26672363281
2090.59119902935	1298.41662597656
2093.01150126553	1300.83337402344
2095.43107473348	1296.91662597656
2097.84991974864	1301.41662597656
2100.26803662633	1297.01672363281
2102.68542568178	1299.55004882813
2105.10208723015	1300.18334960938
2107.51802158648	1295.05004882813
2109.93322906574	1297.44995117188
2112.3477099828	1301.06665039063
2114.76146465245	1296.28332519531
2117.17449338937	1296.25
2119.58679650815	1301.66662597656
2121.9983743233	1297.21667480469
2124.40922714924	1301.81665039063
2126.81935530029	1298.81665039063
2129.22875909067	1298.59997558594
2131.63743883452	1299.09997558594
2134.04539484589	1297.58337402344
2136.45262743874	1302.38330078125
2138.85913692692	1300.5
2141.26492362422	1299
2143.6699878443	1298.38330078125
2146.07432990076	1299.65002441406
2148.47795010708	1299.16662597656
2150.88084877667	1298.73327636719
2153.28302622285	1300.08337402344
2155.68448275883	1296.23327636719
2158.08521869774	1297.25
2160.48523435261	1302.43334960938
2162.88453003639	1300.59997558594
2165.28310606193	1300.25
2167.68096274199	1300.40002441406
2170.07810038922	1301.40002441406
2172.47451931622	1299.11669921875
2174.87021983546	1299.5
2177.26520225933	1297.33337402344
2179.65946690013	1299.01672363281
2182.05301407006	1301.33337402344
2184.44584408123	1298.66662597656
2186.83795724567	1303.44995117188
2189.22935387531	1300.71667480469
2191.62003428198	1298.34997558594
2194.00999877743	1297.91662597656
2196.39924767329	1301.55004882813
2198.78778128115	1302.08337402344
2201.17559991245	1296.66662597656
2203.56270387857	1300.78332519531
2205.94909349081	1295.43334960938
2208.33476906033	1297.66662597656
2210.71973089824	1299.58337402344
2213.10397931554	1302.23327636719
2215.48751462314	1299.96667480469
2217.87033713186	1301.96667480469
2220.25244715242	1295.78332519531
2222.63384499546	1297.81665039063
2225.01453097151	1297.36669921875
2227.39450539101	1297.41662597656
2229.77376856434	1300.91662597656
2232.15232080173	1300
2234.53016241336	1301.84997558594
2236.9072937093	1300.84997558594
2239.28371499954	1300.48327636719
2241.65942659396	1297.51672363281
2244.03442880236	1299.44995117188
2246.40872193443	1298.5
2248.78230629979	1298.63330078125
2251.15518220795	1300.76672363281
2253.52734996835	1299.84997558594
2255.89880989029	1299
2258.26956228301	1300.05004882813
2260.63960745567	1299.83337402344
2263.00894571731	1297.71667480469
2265.37757737688	1298.01672363281
2267.74550274324	1296.23327636719
2270.11272212517	1297.76672363281
2272.47923583134	1297.90002441406
2274.84504417031	1298.06665039063
2277.2101474506	1301.21667480469
2279.57454598058	1300.40002441406
2281.93824006856	1299.59997558594
2284.30123002275	1299.98327636719
2286.66351615125	1300.31665039063
2289.02509876208	1298.30004882813
2291.38597816317	1299.84997558594
2293.74615466236	1296.58337402344
2296.10562856737	1299.88330078125
2298.46440018585	1300.21667480469
2300.82246982535	1304.09997558594
2303.1798377933	1295.94995117188
2305.5365043971	1300.81665039063
2307.89246994399	1298.94995117188
2310.24773474116	1298.09997558594
2312.60229909566	1302.08337402344
2314.95616331451	1302.68334960938
2317.30932770456	1301.25
2319.66179257263	1301.61669921875
2322.01355822542	1297.63330078125
2324.36462496953	1299.63330078125
2326.71499311146	1299.09997558594
2329.06466295764	1298.30004882813
2331.41363481439	1301.34997558594
2333.76190898794	1300.09997558594
2336.10948578441	1298.53332519531
2338.45636550986	1297.03332519531
2340.80254847022	1300.55004882813
2343.14803497132	1298.33337402344
2345.49282531895	1304.28332519531
2347.83691981874	1302.81665039063
2350.18031877626	1298.75
2352.52302249699	1298.44995117188
2354.8650312863	1301.83337402344
2357.20634544946	1301.31665039063
2359.54696529166	1301.23327636719
2361.88689111798	1300.31665039063
2364.22612323341	1301.56665039063
2366.56466194287	1302.84997558594
2368.90250755114	1302.65002441406
2371.23966036293	1300.36669921875
2373.57612068286	1300.78332519531
2375.91188881545	1299.93334960938
2378.2469650651	1298.86669921875
2380.58134973615	1297.63330078125
2382.91504313282	1300.90002441406
2385.24804555926	1299.83337402344
2387.58035731949	1300.66662597656
2389.91197871745	1297.5
2392.24291005701	1300.78332519531
2394.57315164189	1298.23327636719
2396.90270377577	1304.11669921875
2399.23156676218	1300.25
2401.55974090461	1300.33337402344
2403.88722650642	1301.81665039063
2406.21402387086	1301.23327636719
2408.54013330113	1298.56665039063
2410.8655551003	1298.55004882813
2413.19028957133	1299.55004882813
2415.51433701713	1300.01672363281
2417.83769774049	1299.34997558594
2420.16037204408	1298.11669921875
2422.48236023051	1301.08337402344
2424.80366260228	1301.71667480469
2427.12427946179	1299.61669921875
2429.44421111134	1297.96667480469
2431.76345785315	1301.38330078125
2434.08201998932	1300.38330078125
2436.39989782188	1301.59997558594
2438.71709165273	1298.80004882813
2441.0336017837	1297.75
2443.34942851653	1299.96667480469
2445.66457215282	1299.94995117188
2447.97903299412	1295.71667480469
2450.29281134185	1301.03332519531
2452.60590749736	1299.71667480469
2454.91832176188	1297.41662597656
2457.23005443656	1298.53332519531
2459.54110582243	1302.03332519531
2461.85147622045	1303.05004882813
2464.16116593146	1297.5
2466.47017525621	1302.08337402344
2468.77850449536	1299.08337402344
2471.08615394947	1298.88330078125
2473.39312391899	1301.08337402344
2475.69941470429	1300.01672363281
2478.00502660562	1295.81665039063
2480.30995992316	1301.78332519531
2482.61421495697	1299.84997558594
2484.91779200702	1300.75
2487.22069137316	1301.18334960938
2489.5229133552	1297.90002441406
2491.8244582528	1298.31665039063
2494.12532636553	1301.83337402344
2496.42551799287	1301.43334960938
2498.72503343421	1300.11669921875
2501.02387298882	1299.16662597656
2503.32203695588	1299.71667480469
2505.61952563449	1302.41662597656
2507.91633932361	1299.78332519531
2510.21247832216	1297.55004882813
2512.50794292891	1298.91662597656
2514.80273344255	1300.05004882813
2517.09685016167	1301.33337402344
2519.39029338476	1300.75
2521.68306341022	1299.56665039063
2523.97516053634	1304.75
2526.26658506132	1299.65002441406
2528.55733728325	1299.21667480469
2530.84741750012	1300.56665039063
2533.13682600984	1302.68334960938
2535.4255631102	1302.21667480469
2537.7136290989	1296.96667480469
2540.00102427354	1300.91662597656
2542.28774893162	1301.96667480469
2544.57380337053	1299.94995117188
2546.85918788758	1300.11669921875
2549.14390277997	1301.30004882813
2551.4279483448	1293.11669921875
2553.71132487906	1302.66662597656
2555.99403267966	1299.94995117188
2558.27607204341	1302.48327636719
2560.55744326699	1299.13330078125
2562.83814664702	1298.31665039063
2565.11818247999	1300.66662597656
2567.3975510623	1298.40002441406
2569.67625269025	1300.86669921875
2571.95428766003	1300.11669921875
2574.23165626776	1302.16662597656
2576.50835880942	1298.16662597656
2578.78439558093	1297.58337402344
2581.05976687806	1298.59997558594
2583.33447299652	1299.05004882813
2585.60851423191	1298.13330078125
2587.88189087972	1298.21667480469
2590.15460323534	1295.48327636719
2592.42665159406	1296.09997558594
2594.69803625108	1300.88330078125
2596.9687575015	1297.59997558594
2599.23881564029	1296.30004882813
2601.50821096235	1297.36669921875
2603.77694376245	1296.71667480469
2606.0450143353	1299.44995117188
2608.31242297548	1296.40002441406
2610.57916997746	1292.78332519531
2612.84525563562	1299.96667480469
2615.11068024426	1297.19995117188
2617.37544409753	1299.65002441406
2619.63954748952	1297.98327636719
2621.90299071421	1296.75
2624.16577406546	1297.81665039063
2626.42789783705	1296.38330078125
2628.68936232264	1301.34997558594
2630.9501678158	1296.40002441406
2633.21031460999	1299.40002441406
2635.46980299857	1296.21667480469
2637.72863327481	1296.73327636719
2639.98680573185	1294.59997558594
2642.24432066276	1295.83337402344
2644.50117836048	1299.56665039063
2646.75737911786	1298.36669921875
2649.01292322765	1298.88330078125
2651.26781098249	1296.13330078125
2653.52204267492	1297.23327636719
2655.77561859738	1296.63330078125
2658.0285390422	1299.69995117188
2660.28080430161	1299.43334960938
2662.53241466774	1297.84997558594
2664.78337043263	1299.96667480469
2667.03367188817	1299.44995117188
2669.2833193262	1294.59997558594
2671.53231303844	1297.65002441406
2673.78065331648	1297.71667480469
2676.02834045184	1299.33337402344
2678.27537473592	1295.40002441406
2680.52175646002	1297.33337402344
2682.76748591535	1301.21667480469
2685.01256339298	1298.08337402344
2687.25698918391	1294.71667480469
2689.50076357901	1301.28332519531
2691.74388686909	1294.08337402344
2693.9863593448	1297.11669921875
2696.22818129672	1294.44995117188
2698.46935301532	1296.40002441406
2700.70987479096	1294.66662597656
2702.94974691389	1296.48327636719
2705.18896967428	1298.53332519531
2707.42754336216	1295.88330078125
2709.66546826749	1293.13330078125
2711.90274468011	1298
2714.13937288974	1298.41662597656
2716.37535318602	1296.53332519531
2718.61068585848	1294.84997558594
2720.84537119652	1294.98327636719
2723.07940948947	1298.96667480469
2725.31280102654	1295.16662597656
2727.54554609682	1295.90002441406
2729.77764498933	1296.86669921875
2732.00909799294	1295.40002441406
2734.23990539644	1291.30004882813
2736.47006748853	1296.66662597656
2738.69958455777	1294.86669921875
2740.92845689263	1295.26672363281
2743.15668478147	1296.41662597656
2745.38426851257	1295.19995117188
2747.61120837406	1295.03332519531
2749.83750465399	1297.28332519531
2752.0631576403	1291.68334960938
2754.28816762083	1295.48327636719
2756.51253488329	1293.44995117188
2758.73625971532	1298.18334960938
2760.95934240442	1292.56665039063
2763.18178323801	1297.40002441406
2765.40358250338	1293.21667480469
2767.62474048773	1293.34997558594
2769.84525747814	1293.58337402344
2772.06513376159	1291.03332519531
2774.28436962496	1291.69995117188
2776.50296535501	1292.18334960938
2778.7209212384	1295.31665039063
2780.93823756168	1291.98327636719
2783.15491461129	1295.44995117188
2785.37095267358	1294.01672363281
2787.58635203477	1292.69995117188
2789.80111298097	1293.91662597656
2792.01523579822	1294.15002441406
2794.2287207724	1293.43334960938
2796.44156818932	1292.01672363281
2798.65377833468	1293.16662597656
2800.86535149404	1294.33337402344
2803.07628795289	1292.88330078125
2805.28658799659	1293.23327636719
2807.4962519104	1293.75
2809.70527997946	1290.63330078125
2811.91367248883	1290.96667480469
2814.12142972342	1290.19995117188
2816.32855196807	1291.46667480469
2818.53503950749	1287.58337402344
2820.74089262628	1292.51672363281
2822.94611160894	1292.76672363281
2825.15069673987	1289.25
2827.35464830333	1292.18334960938
2829.55796658351	1291.36669921875
2831.76065186445	1290.84997558594
2833.96270443012	1292.48327636719
2836.16412456437	1291.05004882813
2838.3649125509	1292.19995117188
2840.56506867336	1292.76672363281
2842.76459321526	1292.08337402344
2844.96348645999	1294.56665039063
2847.16174869086	1292.31665039063
2849.35938019105	1294.38330078125
2851.55638124363	1288.26672363281
2853.75275213157	1292.59997558594
2855.94849313772	1288.38330078125
2858.14360454483	1295.01672363281
2860.33808663553	1294.30004882813
2862.53193969234	1289.09997558594
2864.72516399768	1293.08337402344
2866.91775983385	1291.01672363281
2869.10972748304	1291.55004882813
2871.30106722733	1291.61669921875
2873.4917793487	1292.41662597656
2875.68186412899	1292.71667480469
2877.87132184997	1295
2880.06015279325	1292.59997558594
2882.24835724039	1293.34997558594
2884.43593547278	1294.5
2886.62288777173	1293.06665039063
2888.80921441843	1295.73327636719
2890.99491569397	1298.21667480469
2893.1799918793	1296.41662597656
2895.36444325529	1292.31665039063
2897.54827010269	1299.01672363281
2899.73147270213	1291.66662597656
2901.91405133412	1293.94995117188
2904.09600627909	1297.05004882813
2906.27733781731	1294.16662597656
2908.45804622899	1297.11669921875
2910.63813179418	1296.84997558594
2912.81759479286	1292.40002441406
2914.99643550486	1294.73327636719
2917.17465420994	1292.08337402344
2919.3522511877	1292.13330078125
2921.52922671765	1293.93334960938
2923.7055810792	1295.25
2925.88131455162	1291.76672363281
2928.05642741408	1293.73327636719
2930.23091994566	1292.34997558594
2932.40479242528	1295.98327636719
2934.57804513178	1294.88330078125
2936.75067834387	1293.63330078125
2938.92269234017	1295.93334960938
2941.09408739916	1290.66662597656
2943.26486379921	1295.56665039063
2945.4350218186	1295.55004882813
2947.60456173546	1292.58337402344
2949.77348382783	1293.59997558594
2951.94178837363	1293.08337402344
2954.10947565068	1289.09997558594
2956.27654593666	1295.58337402344
2958.44299950915	1294.21667480469
2960.60883664562	1292.69995117188
2962.77405762341	1293.73327636719
2964.93866271975	1293.59997558594
2967.10265221178	1292.06665039063
2969.26602637648	1294.78332519531
2971.42878549076	1294.33337402344
2973.59092983139	1293.36669921875
2975.75245967501	1288.11669921875
2977.9133752982	1292.11669921875
2980.07367697736	1293.36669921875
2982.23336498882	1293.55004882813
2984.39243960877	1289.5
2986.5509011133	1291.30004882813
2988.70874977837	1288.30004882813
2990.86598587984	1292.84997558594
2993.02260969344	1286.94995117188
2995.17862149478	1292.44995117188
2997.33402155938	1290.51672363281
2999.48881016262	1285.78332519531
3001.64298757978	1289.40002441406
3003.796554086	1288.23327636719
3005.94950995633	1283.90002441406
3008.10185546569	1285.30004882813
3010.25359088888	1289.40002441406
3012.40471650059	1287.21667480469
3014.5552325754	1288.25
3016.70513938776	1288.88330078125
3018.85443721201	1288.56665039063
3021.00312632236	1290.09997558594
3023.15120699292	1287.80004882813
3025.29867949769	1287.19995117188
3027.44554411052	1288.16662597656
3029.59180110516	1285.78332519531
3031.73745075527	1287.16662597656
3033.88249333434	1285.68334960938
3036.02692911578	1288.94995117188
3038.17075837287	1288.18334960938
3040.31398137877	1289.13330078125
3042.45659840653	1289.38330078125
3044.59860972907	1286.40002441406
3046.7400156192	1284.08337402344
3048.88081634961	1286.53332519531
3051.02101219287	1287.18334960938
3053.16060342144	1286.61669921875
3055.29959030765	1282.23327636719
3057.43797312371	1285.90002441406
3059.57575214172	1281.65002441406
3061.71292763366	1282.31665039063
3063.84949987139	1286.69995117188
3065.98546912665	1285.01672363281
3068.12083567105	1284.34997558594
3070.2555997761	1284.73327636719
3072.38976171319	1283.86669921875
3074.52332175356	1287.93334960938
3076.65628016837	1286.96667480469
3078.78863722863	1282.59997558594
3080.92039320526	1287.38330078125
3083.05154836902	1282.5
3085.1821029906	1280.41662597656
3087.31205734051	1280.63330078125
3089.44141168921	1284.41662597656
3091.57016630696	1285.01672363281
3093.69832146398	1281.63330078125
3095.82587743032	1281.76672363281
3097.9528344759	1280.96667480469
3100.07919287056	1278.61669921875
3102.204952884	1281.06665039063
3104.33011478579	1283.15002441406
3106.45467884538	1282.40002441406
3108.57864533212	1283.63330078125
3110.70201451522	1283.15002441406
3112.82478666378	1282.03332519531
3114.94696204676	1278.73327636719
3117.06854093301	1279.98327636719
3119.18952359127	1282.18334960938
3121.30991029013	1278.58337402344
3123.4297012981	1279.46667480469
3125.54889688352	1279.66662597656
3127.66749731464	1277.21667480469
3129.78550285957	1278.71667480469
3131.90291378633	1282.63330078125
3134.01973036277	1273.63330078125
3136.13595285665	1280.25
3138.2515815356	1274.68334960938
3140.36661666714	1277.31665039063
3142.48105851863	1277.13330078125
3144.59490735734	1279.73327636719
3146.70816345041	1275.34997558594
3148.82082706486	1276.55004882813
3150.93289846758	1276.58337402344
3153.04437792532	1277.66662597656
3155.15526570475	1273.43334960938
3157.26556207238	1276.43334960938
3159.37526729461	1275.21667480469
3161.48438163771	1272.84997558594
3163.59290536784	1281.28332519531
3165.70083875102	1277.18334960938
3167.80818205315	1276.40002441406
3169.91493554002	1277.25
3172.02109947727	1275.63330078125
3174.12667413044	1275.75
3176.23165976493	1277.43334960938
3178.33605664602	1275.80004882813
3180.43986503887	1275.68334960938
3182.54308520852	1275.80004882813
3184.64571741986	1274.28332519531
3186.74776193769	1276.38330078125
3188.84921902664	1272.11669921875
3190.95008895128	1273.44995117188
3193.05037197599	1274.31665039063
3195.15006836504	1275.63330078125
3197.24917838262	1273.56665039063
3199.34770229274	1274.90002441406
3201.44564035931	1272.73327636719
3203.5429928461	1276.15002441406
3205.63976001677	1272.16662597656
3207.73594213484	1272.98327636719
3209.83153946372	1274.05004882813
3211.92655226669	1273.68334960938
3214.02098080688	1277.03332519531
3216.11482534732	1272.23327636719
3218.20808615091	1276.13330078125
3220.30076348041	1272.51672363281
3222.39285759847	1277.65002441406
3224.4843687676	1270.5
3226.57529725019	1275.75
3228.66564330851	1274.01672363281
3230.75540720468	1270.86669921875
3232.8445892007	1273.36669921875
3234.93318955847	1273.08337402344
3237.02120853974	1273.88330078125
3239.10864640612	1273.88330078125
3241.19550341911	1272.98327636719
3243.28177984009	1273.96667480469
3245.36747593029	1271.76672363281
3247.45259195083	1272.08337402344
3249.53712816268	1269.75
3251.62108482672	1270
3253.70446220366	1269.25
3255.78726055411	1268.44995117188
3257.86948013853	1269.61669921875
3259.95112121728	1270.66662597656
3262.03218405055	1270.36669921875
3264.11266889845	1271.59997558594
3266.19257602092	1267.76672363281
3268.27190567779	1269.16662597656
3270.35065812876	1270.19995117188
3272.4288336334	1267.11669921875
3274.50643245114	1268.61669921875
3276.5834548413	1268.08337402344
3278.65990106305	1270.18334960938
3280.73577137545	1270.08337402344
3282.81106603742	1268.06665039063
3284.88578530774	1265.18334960938
3286.95992944508	1267.18334960938
3289.03349870796	1267.51672363281
3291.1064933548	1269.96667480469
3293.17891364384	1268.41662597656
3295.25075983324	1267.53332519531
3297.322032181	1270.93334960938
3299.39273094501	1267.56665039063
3301.462856383	1266.98327636719
3303.53240875259	1266.71667480469
3305.60138831128	1266.59997558594
3307.6697953164	1268.09997558594
3309.73763002519	1269.05004882813
3311.80489269472	1268.53332519531
3313.87158358198	1267.18334960938
3315.93770294378	1266.96667480469
3318.00325103681	1267.55004882813
3320.06822811764	1268.98327636719
3322.13263444272	1266.75
3324.19647026832	1265.94995117188
3326.25973585064	1266.65002441406
3328.32243144568	1267.59997558594
3330.38455730938	1270.01672363281
3332.44611369749	1265.68334960938
3334.50710086564	1267.06665039063
3336.56751906936	1267.93334960938
3338.62736856401	1266.36669921875
3340.68664960483	1266.88330078125
3342.74536244693	1267.5
3344.80350734528	1264.31665039063
3346.86108455472	1265.19995117188
3348.91809432997	1263.96667480469
3350.97453692559	1265.41662597656
3353.03041259603	1266.80004882813
3355.08572159559	1268.03332519531
3357.14046417844	1260.08337402344
3359.19464059863	1261.40002441406
3361.24825111005	1262.48327636719
3363.30129596648	1262.15002441406
3365.35377542155	1262.76672363281
3367.40568972878	1262.53332519531
3369.45703914152	1263.09997558594
3371.507823913	1261.15002441406
3373.55804429633	1260.58337402344
3375.60770054446	1262.68334960938
3377.65679291024	1259.41662597656
3379.70532164635	1259.76672363281
3381.75328700534	1258.68334960938
3383.80068923965	1260.43334960938
3385.84752860155	1260.08337402344
3387.89380534321	1259.01672363281
3389.93951971664	1261.41662597656
3391.98467197371	1259.80004882813
3394.02926236618	1262.51672363281
3396.07329114566	1258.71667480469
3398.1167585636	1260.86669921875
3400.15966487137	1261.01672363281
3402.20201032014	1260.61669921875
3404.24379516099	1260.94995117188
3406.28501964484	1258.90002441406
3408.3256840225	1259.53332519531
3410.3657885446	1260.13330078125
3412.40533346167	1259.43334960938
3414.44431902408	1261.28332519531
3416.48274548209	1256.90002441406
3418.5206130858	1258.73327636719
3420.55792208516	1256.96667480469
3422.59467273003	1257.28332519531
3424.63086527009	1259.90002441406
3426.6664999549	1258.48327636719
3428.70157703386	1253.78332519531
3430.73609675628	1258.25
3432.77005937129	1259.61669921875
3434.80346512789	1258.44995117188
3436.83631427494	1262.11669921875
3438.86860706119	1254.59997558594
3440.90034373521	1254.80004882813
3442.93152454546	1256.83337402344
3444.96214974025	1256.93334960938
3446.99221956775	1257.53332519531
3449.021734276	1256.13330078125
3451.05069411289	1252.84997558594
3453.07909932619	1260.13330078125
3455.1069501635	1257.96667480469
3457.1342468723	1255.40002441406
3459.16098969993	1258.16662597656
3461.1871788936	1257.40002441406
3463.21281470035	1253.63330078125
3465.23789736712	1255.21667480469
3467.26242714067	1253.46667480469
3469.28640426765	1252.46667480469
3471.30982899455	1254.56665039063
3473.33270156774	1249.40002441406
3475.35502223343	1251.73327636719
3477.3767912377	1254.05004882813
3479.39800882649	1250.73327636719
3481.41867524559	1251.98327636719
3483.43879074066	1253.03332519531
3485.45835555721	1251.61669921875
3487.47736994062	1254.23327636719
3489.49583413611	1252.76672363281
3491.51374838879	1248.61669921875
3493.53111294359	1251.90002441406
3495.54792804533	1251.34997558594
3497.56419393867	1250.63330078125
3499.57991086814	1250.15002441406
3501.59507907811	1248.94995117188
3503.60969881284	1252.68334960938
3505.6237703164	1249.43334960938
3507.63729383278	1249.05004882813
3509.65026960577	1249.09997558594
3511.66269787904	1247.21667480469
3513.67457889613	1249.93334960938
3515.68591290042	1248.88330078125
3517.69670013515	1249.75
3519.70694084342	1249.25
3521.7166352682	1248.46667480469
3523.72578365229	1249.98327636719
3525.73438623836	1248.5
3527.74244326893	1244.09997558594
3529.74995498641	1248.78332519531
3531.75692163301	1246.26672363281
3533.76334345084	1247.51672363281
3535.76922068186	1246.83337402344
3537.77455356786	1247.33337402344
3539.77934235051	1245.76672363281
3541.78358727133	1247.26672363281
3543.78728857169	1248.41662597656
3545.79044649283	1248.08337402344
3547.79306127584	1245
3549.79513316164	1245.31665039063
3551.79666239104	1245.75
3553.79764920469	1246.48327636719
3555.7980938431	1246.86669921875
3557.79799654663	1246.5
3559.79735755548	1246.5
3561.79617710974	1246.51672363281
3563.79445544932	1244.38330078125
3565.79219281401	1244.5
3567.78938944344	1243.96667480469
3569.7860455771	1244.59997558594
3571.78216145432	1243.06665039063
3573.77773731431	1241.40002441406
3575.7727733961	1245.63330078125
3577.76726993861	1242.05004882813
3579.76122718059	1245.55004882813
3581.75464536064	1240.61669921875
3583.74752471725	1242.51672363281
3585.7398654887	1240.36669921875
3587.73166791317	1242.43334960938
3589.7229322287	1240.31665039063
3591.71365867314	1239.81665039063
3593.70384748424	1238.65002441406
3595.69349889955	1240.23327636719
3597.68261315654	1241.08337402344
3599.67119049245	1240.55004882813
3601.65923114446	1238.34997558594
3603.64673534952	1241.65002441406
3605.63370334449	1241.46667480469
3607.62013536607	1238.96667480469
3609.60603165079	1238.81665039063
3611.59139243504	1237.55004882813
3613.57621795509	1241.25
3615.56050844701	1238.51672363281
3617.54426414677	1239.96667480469
3619.52748529017	1237.61669921875
3621.51017211285	1238.08337402344
3623.49232485031	1237.38330078125
3625.47394373792	1237.76672363281
3627.45502901088	1239.08337402344
3629.43558090423	1236.38330078125
3631.41559965288	1238.18334960938
3633.3950854916	1238.11669921875
3635.37403865498	1234.19995117188
3637.35245937747	1236.26672363281
3639.33034789339	1236.09997558594
3641.30770443688	1237.05004882813
3643.28452924196	1236.19995117188
3645.26082254248	1234.83337402344
3647.23658457212	1234.46667480469
3649.21181556447	1235.26672363281
3651.18651575291	1237.73327636719
3653.16068537069	1234.08337402344
3655.13432465092	1236.71667480469
3657.10743382653	1233.40002441406
3659.08001313034	1232.15002441406
3661.05206279498	1235.51672363281
3663.02358305295	1231
3664.9945741366	1232.80004882813
3666.96503627811	1232.88330078125
3668.93496970952	1230.98327636719
3670.90437466272	1232.88330078125
3672.87325136944	1232.40002441406
3674.84160006127	1233.93334960938
3676.80942096963	1234.23327636719
3678.77671432581	1231.86669921875
3680.74348036092	1234.23327636719
3682.70971930595	1231.59997558594
3684.6754313917	1231.06665039063
3686.64061684885	1232.53332519531
3688.60527590791	1230.86669921875
3690.56940879924	1229.21667480469
3692.53301575303	1230.86669921875
3694.49609699936	1230.69995117188
3696.45865276812	1230.78332519531
3698.42068328904	1231.56665039063
3700.38218879173	1229.63330078125
3702.34316950563	1232.83337402344
3704.30362566	1229.31665039063
3706.26355748399	1230.53332519531
3708.22296520657	1230.98327636719
3710.18184905656	1227.19995117188
3712.14020926263	1230.25
3714.09804605328	1228.48327636719
3716.05535965687	1227.88330078125
3718.01215030162	1228.19995117188
3719.96841821555	1228.80004882813
3721.92416362657	1229.58337402344
3723.8793867624	1229
3725.83408785063	1227.23327636719
3727.78826711869	1223.81665039063
3729.74192479384	1226.88330078125
3731.69506110319	1227.06665039063
3733.64767627371	1225.59997558594
3735.59977053219	1226.76672363281
3737.55134410528	1226.96667480469
3739.50239721947	1227.03332519531
3741.45293010108	1224.76672363281
3743.40294297631	1225.71667480469
3745.35243607116	1226.09997558594
3747.3014096115	1225.26672363281
3749.24986382303	1223.80004882813
3751.19779893131	1225.01672363281
3753.14521516171	1225.93334960938
3755.09211273949	1225.83337402344
3757.0384918897	1224.40002441406
3758.98435283728	1225.61669921875
3760.92969580698	1222.90002441406
3762.87452102341	1225.61669921875
3764.81882871101	1226.13330078125
3766.76261909407	1223.36669921875
3768.70589239672	1222.28332519531
3770.64864884293	1225.86669921875
3772.59088865651	1221.43334960938
3774.53261206112	1222.73327636719
3776.47381928025	1223.51672363281
