-173.428722450078	1146.21667480469
-170.294344013779	1146.66662597656
-167.160990304052	1145.66662597656
-164.028660894548	1147.15002441406
-160.897355359205	1147.28332519531
-157.767073272189	1145.46667480469
-154.637814207931	1146.05004882813
-151.50957774112	1147.30004882813
-148.382363446704	1145.98327636719
-145.256170899859	1147.09997558594
-142.130999676054	1146.55004882813
-139.006849350965	1146.78332519531
-135.883719500571	1146.63330078125
-132.761609701053	1146.21667480469
-129.640519528863	1146.09997558594
-126.520448560715	1146.91662597656
-123.401396373553	1147.16662597656
-120.28336254458	1146.23327636719
-117.166346651252	1146.69995117188
-114.050348271258	1146.94995117188
-110.935366982541	1147.05004882813
-107.821402363301	1145.83337402344
-104.708453991972	1146.19995117188
-101.596521447235	1147.48327636719
-98.4856043080122	1146.34997558594
-95.3757021534957	1146.34997558594
-92.2668145630801	1146.68334960938
-89.1589411164452	1145.33337402344
-86.0520813934781	1146.16662597656
-82.946234974338	1146.16662597656
-79.8414014394074	1146.21667480469
-76.7375803693083	1146
-73.6347713449181	1146.23327636719
-70.532973947345	1146.81665039063
-67.4321877579402	1145.94995117188
-64.3324123582935	1146.18334960938
-61.2336473302252	1145.75
-58.1358922558143	1145.86669921875
-55.0391467173494	1146.78332519531
-51.9434102973817	1147.01672363281
-48.8486825786838	1146.65002441406
-45.7549631442702	1146.53332519531
-42.662251577389	1146.43334960938
-39.5705474615295	1146.38330078125
-36.4798503804062	1146.03332519531
-33.3901599179706	1146.59997558594
-30.301475658403	1146.06665039063
-27.2137971861287	1146.59997558594
-24.1271240858053	1146.43334960938
-21.0414559423028	1146.30004882813
-17.9567923407513	1146.61669921875
-14.8731328664812	1147.09997558594
-11.7904771050747	1146.41662597656
-8.70882464233763	1146.96667480469
-5.62817506431157	1146.61669921875
-2.54852795725342	1147.5
0.530117092344597	1146.78332519531
3.6077604977471	1148.21667480469
6.68440267202787	1147.41662597656
9.76004402799773	1146.75
12.8346849782609	1146.69995117188
15.9083259351831	1147
18.9809673109237	1146.48327636719
22.0526095173877	1146.34997558594
25.1232529662903	1147.21667480469
28.1928980690886	1146.84997558594
31.2615452370419	1147.21667480469
34.32919488118	1147.03332519531
37.3958474123071	1146.73327636719
40.4615032409942	1146.18334960938
43.5261627776189	1145.65002441406
46.58982643231	1146.55004882813
49.6524946149833	1146.18334960938
52.7141677353456	1146.66662597656
55.7748462028835	1146.73327636719
58.8345304268427	1145.26672363281
61.8932208162729	1146.59997558594
64.9509177800033	1147.30004882813
68.0076217266271	1146.78332519531
71.0633330645419	1146.46667480469
74.118052201909	1147.38330078125
77.1717795467022	1153.53332519531
80.224515506648	1170.59997558594
83.2762604892772	1205.94995117188
86.3270149018856	1245.15002441406
89.3767791515896	1269.81665039063
92.4255536452548	1280.38330078125
95.4733387895519	1287.13330078125
98.5201349909248	1291.91662597656
101.565942655643	1289.53332519531
104.610762189717	1292.71667480469
107.654593998963	1292.44995117188
110.697438488996	1295.21667480469
113.739296065204	1297.58337402344
116.78016713278	1297.81665039063
119.820052096698	1296.58337402344
122.85895136172	1292.81665039063
125.896865332408	1289.86669921875
128.933794413111	1292.96667480469
131.969739007965	1288.68334960938
135.004699520911	1288.59997558594
138.038676355664	1284.91662597656
141.071669915751	1285.16662597656
144.103680604487	1283.94995117188
147.134708824975	1283.88330078125
150.164754980118	1278.83337402344
153.193819472611	1277.21667480469
156.221902704945	1279.18334960938
159.24900507942	1279.56665039063
162.275126998099	1277.51672363281
165.300268862873	1277.06665039063
168.324431075425	1276.66662597656
171.347614037231	1283.53332519531
174.369818149562	1280.63330078125
177.391043813491	1281.80004882813
180.411291429897	1281.34997558594
183.430561399437	1280.83337402344
186.448854122582	1279.43334960938
189.466169999607	1281.96667480469
192.482509430598	1277.38330078125
195.497872815412	1278.09997558594
198.512260553716	1281.06665039063
201.525673045011	1283.21667480469
204.538110688552	1278.81665039063
207.549573883427	1277.76672363281
210.560063028519	1285.21667480469
213.569578522523	1281.58337402344
216.578120763917	1280.56665039063
219.585690151021	1282.58337402344
222.592287081907	1281.31665039063
225.597911954507	1281.81665039063
228.602565166512	1276.93334960938
231.606247115456	1278.15002441406
234.608958198646	1276.51672363281
237.610698813222	1280.09997558594
240.611469356122	1278.84997558594
243.611270224103	1279.66662597656
246.610101813707	1281.58337402344
249.607964521295	1280.5
252.604858743044	1283.59997558594
255.600784874935	1279.75
258.595743312749	1284.23327636719
261.589734452097	1281.78332519531
264.582758688393	1286.21667480469
267.574816416842	1282.15002441406
270.565908032503	1282.56665039063
273.556033930195	1282.65002441406
276.545194504586	1282.59997558594
279.533390150138	1282.31665039063
282.520621261151	1281.69995117188
285.506888231708	1279.41662597656
288.49219145571	1282.43334960938
291.476531326902	1281.18334960938
294.459908238794	1283.23327636719
297.442322584762	1282.21667480469
300.423774757966	1284.44995117188
303.404265151375	1279.46667480469
306.383794157805	1281.11669921875
309.362362169862	1282.68334960938
312.339969579982	1280.94995117188
315.316616780414	1281.55004882813
318.292304163227	1280.18334960938
321.267032120295	1283.61669921875
324.24080104332	1280.58337402344
327.213611323833	1278.36669921875
330.185463353171	1284.08337402344
333.156357522491	1280.61669921875
336.126294222774	1280.41662597656
339.095273844812	1279.51672363281
342.063296779227	1281.44995117188
345.030363416467	1278.40002441406
347.996474146782	1280.98327636719
350.961629360257	1282.18334960938
353.925829446806	1278.01672363281
356.889074796147	1281.66662597656
359.851365797829	1280.01672363281
362.812702841222	1279.56665039063
365.773086315536	1282.09997558594
368.732516609768	1281.56665039063
371.690994112778	1279.90002441406
374.648519213243	1280.86669921875
377.605092299631	1282.30004882813
380.560713760273	1282.61669921875
383.515383983307	1277.40002441406
386.469103356711	1279.30004882813
389.421872268273	1278.38330078125
392.373691105615	1279.94995117188
395.32456025619	1277.40002441406
398.274480107272	1276.96667480469
401.223451045967	1277.48327636719
404.171473459202	1280.33337402344
407.118547733728	1275.83337402344
410.064674256155	1277.55004882813
413.009853412892	1280.56665039063
415.954085590181	1277.46667480469
418.8973711741	1278.33337402344
421.83971055055	1276.06665039063
424.781104105281	1279.55004882813
427.721552223856	1278.66662597656
430.661055291665	1278.69995117188
433.599613693946	1278.21667480469
436.537227815752	1278.58337402344
439.473898041993	1280.36669921875
442.409624757378	1278.53332519531
445.344408346476	1281.25
448.278249193683	1277.51672363281
451.211147683207	1281.19995117188
454.143104199122	1277.31665039063
457.074119125312	1281.51672363281
460.004192845497	1279.01672363281
462.933325743267	1275.41662597656
465.861518202001	1277.34997558594
468.788770604917	1279.76672363281
471.71508333511	1279.63330078125
474.640456775471	1279.38330078125
477.564891308737	1275.94995117188
480.488387317487	1278.5
483.410945184141	1280.38330078125
486.332565290942	1279.13330078125
489.253248019986	1278.53332519531
492.172993753197	1279.23327636719
495.091802872338	1280.18334960938
498.009675759011	1280.98327636719
500.926612794666	1280.23327636719
503.842614360571	1282.36669921875
506.757680837864	1285.90002441406
509.671812607493	1291.16662597656
512.585010050263	1312.23327636719
515.497273546817	1378.91662597656
518.408603477637	1493.34997558594
521.319000223045	1511.94995117188
524.228464163205	1410.59997558594
527.136995678121	1343.21667480469
530.044595147647	1309.26672363281
532.951262951471	1296.16662597656
535.856999469123	1287.31665039063
538.761805079986	1286.25
541.665680163279	1279.61669921875
544.568625098049	1280.18334960938
547.470640263216	1280.93334960938
550.371726037533	1278.65002441406
553.271882799588	1279.23327636719
556.171110927825	1276.19995117188
559.069410800531	1279
561.966782795823	1276.38330078125
564.863227291685	1277.84997558594
567.758744665944	1282.03332519531
570.653335296256	1279.08337402344
573.546999560148	1277.61669921875
576.439737834969	1278.5
579.331550497935	1278.48327636719
582.222437926093	1276.28332519531
585.112400496356	1275.88330078125
588.001438585469	1277.81665039063
590.889552570021	1276.53332519531
593.77674282648	1277.55004882813
596.663009731132	1275.34997558594
599.548353660116	1278.65002441406
602.432774989433	1276.33337402344
605.316274094926	1276.31665039063
608.198851352303	1277.69995117188
611.080507137075	1279.08337402344
613.961241824667	1276.46667480469
616.841055790315	1278.23327636719
619.71994940911	1278.05004882813
622.597923056008	1276.90002441406
625.474977105798	1278.68334960938
628.351111933143	1278.46667480469
631.22632791255	1278.56665039063
634.10062541835	1278.38330078125
636.97400482478	1279.08337402344
639.846466505882	1276.56665039063
642.718010835585	1277.93334960938
645.58863818764	1278.41662597656
648.458348935679	1279.55004882813
651.327143453188	1280.41662597656
654.195022113475	1283.06665039063
657.061985289745	1279.28332519531
659.928033355022	1277.76672363281
662.79316668221	1275.73327636719
665.657385644057	1277.91662597656
668.520690613176	1276.71667480469
671.383081962017	1279.01672363281
674.244560062899	1280.46667480469
677.105125288002	1275.40002441406
679.964778009343	1276.18334960938
682.823518598832	1274.86669921875
685.681347428202	1282.19995117188
688.538264869057	1276.69995117188
691.394271292855	1278.76672363281
694.249367070914	1274.28332519531
697.103552574412	1278.63330078125
699.956828174378	1276.21667480469
702.809194241715	1274.11669921875
705.660651147175	1277.48327636719
708.511199261361	1276.78332519531
711.360838954755	1275.23327636719
714.209570597676	1278.53332519531
717.057394560329	1278.13330078125
719.90431121275	1278.28332519531
722.750320924861	1276.66662597656
725.59542406643	1277.66662597656
728.439621007094	1278.34997558594
731.282912116347	1277.84997558594
734.125297763539	1274.08337402344
736.966778317898	1278.44995117188
739.807354148498	1277.55004882813
742.647025624275	1278.91662597656
745.485793114042	1278.40002441406
748.323656986468	1278.84997558594
751.160617610072	1280.18334960938
753.996675353258	1279.25
756.831830584275	1279.53332519531
759.666083671249	1279.28332519531
762.499434982158	1279.36669921875
765.331884884853	1280.75
768.163433747055	1279.18334960938
770.994081936328	1280.83337402344
773.823829820116	1278.21667480469
776.652677765732	1278.25
779.480626140347	1275.78332519531
782.307675310993	1275.55004882813
785.133825644576	1280.33337402344
787.959077507869	1275.84997558594
790.783431267511	1275.03332519531
793.606887289986	1279.75
796.429445941685	1279.11669921875
799.251107588836	1277.11669921875
802.071872597536	1277.01672363281
804.891741333751	1278.36669921875
807.71071416334	1279.96667480469
810.528791451981	1277.71667480469
813.345973565269	1277.90002441406
816.162260868638	1275.30004882813
818.977653727395	1275.63330078125
821.792152506717	1276.94995117188
824.605757571661	1279.41662597656
827.418469287133	1277.81665039063
830.230288017926	1277.80004882813
833.0412141287	1281.84997558594
835.851247983973	1277.91662597656
838.660389948141	1277.88330078125
841.468640385466	1277.06665039063
844.27599966009	1278.25
847.082468136026	1278.61669921875
849.888046177135	1279.73327636719
852.692734147171	1281
855.496532409758	1279.65002441406
858.29944132839	1277.48327636719
861.10146126642	1276.71667480469
863.902592587094	1280.44995117188
866.702835653509	1281.31665039063
869.502190828641	1279.73327636719
872.300658475353	1278.18334960938
875.098238956361	1279.84997558594
877.894932634271	1276.59997558594
880.690739871548	1278.53332519531
883.485661030531	1279.23327636719
886.279696473447	1280.98327636719
889.072846562376	1277.83337402344
891.86511165929	1283.28332519531
894.65649212603	1276.43334960938
897.446988324303	1278.18334960938
900.236600615703	1279.05004882813
903.025329361687	1277.28332519531
905.813174923597	1276.18334960938
908.600137662639	1277.46667480469
911.38621793991	1278.48327636719
914.171416116365	1280.76672363281
916.95573255285	1276.66662597656
919.739167610082	1280.15002441406
922.521721648641	1281.71667480469
925.303395029005	1278.34997558594
928.084188111517	1282.01672363281
930.864101256396	1281
933.643134823733	1279.96667480469
936.42128917351	1284.76672363281
939.198564665577	1287.23327636719
941.97496165967	1286.41662597656
944.750480515391	1287.06665039063
947.525121592226	1287.66662597656
950.298885249534	1286.44995117188
953.071771846555	1285.31665039063
955.843781742413	1284.81665039063
958.614915296108	1285.34997558594
961.385172866513	1284.26672363281
964.154554812387	1284.31665039063
966.92306149236	1288.06665039063
969.690693264949	1290.51672363281
972.457450488552	1286.90002441406
975.223333521431	1286.80004882813
977.988342721749	1288.96667480469
980.752478447535	1287.96667480469
983.515741056708	1284.06665039063
986.278130907059	1284.26672363281
989.039648356259	1287.69995117188
991.800293761863	1285.16662597656
994.560067481312	1283.03332519531
997.318969871913	1282.31665039063
1000.07700129088	1283.09997558594
1002.83416209528	1285.06665039063
1005.59045264208	1280.88330078125
1008.34587328813	1281.41662597656
1011.10042439014	1281.26672363281
1013.85410630472	1284.41662597656
1016.60691938837	1278.98327636719
1019.35886399746	1280.93334960938
1022.10994048823	1281.18334960938
1024.86014921684	1281.91662597656
1027.60949053928	1280.59997558594
1030.35796481149	1281.06665039063
1033.10557238924	1280.05004882813
1035.85231362819	1280.68334960938
1038.5981888839	1276.23327636719
1041.34319851182	1277.23327636719
1044.08734286727	1278.88330078125
1046.83062230544	1277.5
1049.57303718143	1278.36669921875
1052.31458785021	1278.76672363281
1055.05527466665	1277.98327636719
1057.79509798549	1276.68334960938
1060.53405816134	1277.23327636719
1063.27215554874	1277.26672363281
1066.00939050209	1278.65002441406
1068.74576337565	1275.36669921875
1071.48127452361	1279.44995117188
1074.21592430002	1275.76672363281
1076.94971305882	1276.90002441406
1079.68264115384	1275.05004882813
1082.41470893879	1276.66662597656
1085.14591676728	1275.31665039063
1087.8762649928	1278.5
1090.60575396871	1276.28332519531
1093.33438404827	1276
1096.06215558464	1273.61669921875
1098.78906893086	1277.48327636719
1101.51512443981	1276.68334960938
1104.24032246435	1276.11669921875
1106.96466335716	1278
1109.68814747081	1274.48327636719
1112.41077515779	1278.81665039063
1115.13254677044	1274.33337402344
1117.85346266104	1277.23327636719
1120.57352318169	1273.59997558594
1123.29272868445	1275.83337402344
1126.01107952121	1279.11669921875
1128.72857604378	1277.25
1131.44521860385	1276.06665039063
1134.16100755301	1275.73327636719
1136.87594324271	1275.09997558594
1139.59002602433	1277.09997558594
1142.3032562491	1276.38330078125
1145.01563426818	1276.23327636719
1147.72716043257	1281.68334960938
1150.43783509322	1282.30004882813
1153.14765860091	1279.06665039063
1155.85663130634	1275.25
1158.56475356012	1280.08337402344
1161.27202571271	1278.25
1163.97844811448	1276.80004882813
1166.68402111569	1275.19995117188
1169.38874506649	1279.66662597656
1172.09262031694	1276.08337402344
1174.79564721695	1275.41662597656
1177.49782611635	1277.51672363281
1180.19915736486	1276.84997558594
1182.89964131208	1275.63330078125
1185.59927830751	1276.18334960938
1188.29806870054	1278.15002441406
1190.99601284046	1275.73327636719
1193.69311107643	1277.43334960938
1196.38936375753	1275.44995117188
1199.08477123271	1276.96667480469
1201.77933385082	1276.31665039063
1204.47305196061	1274.63330078125
1207.1659259107	1275.90002441406
1209.85795604964	1275.63330078125
1212.54914272585	1277.01672363281
1215.23948628763	1278.91662597656
1217.92898708319	1280.21667480469
1220.61764546064	1280.40002441406
1223.30546176798	1278.88330078125
1225.99243635308	1279.06665039063
1228.67856956373	1278.51672363281
1231.36386174761	1277.80004882813
1234.04831325228	1274.28332519531
1236.73192442522	1279.84997558594
1239.41469561377	1277.69995117188
1242.09662716519	1277.53332519531
1244.77771942662	1275.88330078125
1247.45797274511	1279.36669921875
1250.13738746759	1278.63330078125
1252.81596394089	1278.96667480469
1255.49370251175	1279.09997558594
1258.17060352676	1277.38330078125
1260.84666733246	1279.09997558594
1263.52189427525	1281.38330078125
1266.19628470144	1275.76672363281
1268.86983895722	1276.44995117188
1271.5425573887	1278.73327636719
1274.21444034186	1281.15002441406
1276.8854881626	1277.11669921875
1279.55570119671	1280.11669921875
1282.22507978985	1281.98327636719
1284.89362428759	1278.59997558594
1287.56133503543	1280.88330078125
1290.22821237872	1281.21667480469
1292.89425666274	1284.90002441406
1295.55946823263	1286.03332519531
1298.22384743346	1283.53332519531
1300.88739461019	1281.40002441406
1303.55011010766	1282.25
1306.21199427063	1279.5
1308.87304744373	1280.08337402344
1311.53326997152	1278.65002441406
1314.19266219843	1280.31665039063
1316.8512244688	1279.48327636719
1319.50895712687	1281.46667480469
1322.16586051676	1279.56665039063
1324.82193498252	1280.78332519531
1327.47718086806	1282.46667480469
1330.1315985172	1279.59997558594
1332.78518827369	1280.84997558594
1335.43795048114	1282.69995117188
1338.08988548307	1281.31665039063
1340.74099362289	1282.83337402344
1343.39127524392	1284.91662597656
1346.04073068939	1280.78332519531
1348.6893603024	1280.69995117188
1351.33716442597	1281.86669921875
1353.98414340301	1278.05004882813
1356.63029757632	1279.88330078125
1359.27562728863	1278.84997558594
1361.92013288252	1276.91662597656
1364.56381470053	1275.61669921875
1367.20667308505	1278.33337402344
1369.84870837838	1275.16662597656
1372.48992092274	1277.56665039063
1375.13031106023	1275.88330078125
1377.76987913284	1278.96667480469
1380.40862548251	1275.25
1383.04655045101	1275.05004882813
1385.68365438006	1274.31665039063
1388.31993761126	1275.05004882813
1390.95540048612	1279.23327636719
1393.59004334605	1275.05004882813
1396.22386653233	1278.21667480469
1398.85687038619	1275.88330078125
1401.48905524873	1280.41662597656
1404.12042146094	1275.55004882813
1406.75096936375	1281.48327636719
1409.38069929796	1278.33337402344
1412.00961160428	1274.33337402344
1414.63770662332	1278.76672363281
1417.26498469557	1277.55004882813
1419.89144616146	1278.91662597656
1422.51709136132	1275.48327636719
1425.14192063532	1276.81665039063
1427.76593432361	1275.86669921875
1430.3891327662	1279.23327636719
1433.01151630299	1278.53332519531
1435.63308527382	1277.75
1438.2538400184	1278.13330078125
1440.87378087637	1282.58337402344
1443.49290818722	1280.18334960938
1446.1112222904	1278.40002441406
1448.72872352524	1277.36669921875
1451.34541223097	1280.84997558594
1453.96128874671	1277.41662597656
1456.5763534115	1278.08337402344
1459.19060656429	1280.55004882813
1461.8040485439	1276.84997558594
1464.41667968907	1276.88330078125
1467.02850033846	1276.63330078125
1469.63951083061	1278.65002441406
1472.24971150397	1279.78332519531
1474.8591026969	1279.61669921875
1477.46768474763	1276.53332519531
1480.07545799434	1278.90002441406
1482.68242277508	1283
1485.28857942782	1279.44995117188
1487.89392829042	1276.93334960938
1490.49846970065	1277.33337402344
1493.10220399619	1273.55004882813
1495.70513151461	1275.84997558594
1498.30725259339	1276.51672363281
1500.90856756992	1278.59997558594
1503.50907678146	1276.21667480469
1506.10878056524	1278.94995117188
1508.70767925832	1275.03332519531
1511.30577319772	1276.59997558594
1513.90306272032	1278.16662597656
1516.49954816295	1274.26672363281
1519.09522986229	1278.31665039063
1521.69010815498	1275.48327636719
1524.28418337751	1279.40002441406
1526.87745586632	1275.65002441406
1529.46992595773	1278.23327636719
1532.06159398796	1276.91662597656
1534.65246029316	1275.98327636719
1537.24252520935	1280.21667480469
1539.83178907249	1281.19995117188
1542.42025221841	1278.09997558594
1545.00791498287	1282.78332519531
1547.59477770152	1283.55004882813
1550.18084070993	1281.16662597656
1552.76610434356	1281.53332519531
1555.35056893777	1285.56665039063
1557.93423482785	1286.78332519531
1560.51710234896	1287.23327636719
1563.0991718362	1291.66662597656
1565.68044362457	1295.23327636719
1568.26091804893	1294.16662597656
1570.84059544411	1298.16662597656
1573.41947614481	1300.84997558594
1575.99756048562	1308.83337402344
1578.57484880108	1306.69995117188
1581.15134142559	1309.65002441406
1583.72703869349	1309.88330078125
1586.301940939	1304.75
1588.87604849628	1296.5
1591.44936169934	1295.93334960938
1594.02188088215	1294.65002441406
1596.59360637855	1292.61669921875
1599.16453852232	1295.41662597656
1601.73467764709	1296.41662597656
1604.30402408647	1296.33337402344
1606.87257817391	1293.30004882813
1609.44034024281	1289.55004882813
1612.00731062644	1287.43334960938
1614.57348965801	1288.53332519531
1617.13887767062	1282.41662597656
1619.70347499726	1283.80004882813
1622.26728197086	1279.88330078125
1624.83029892423	1279.80004882813
1627.39252619012	1281.75
1629.95396410112	1282.13330078125
1632.5146129898	1284.96667480469
1635.07447318858	1283.03332519531
1637.63354502984	1282.91662597656
1640.19182884582	1280.66662597656
1642.74932496868	1280.46667480469
1645.3060337305	1279.78332519531
1647.86195546325	1276.21667480469
1650.41709049882	1278.75
1652.971439169	1275.96667480469
1655.52500180548	1276.43334960938
1658.07777873987	1280.11669921875
1660.62977030368	1277.13330078125
1663.18097682833	1274.25
1665.73139864514	1277.81665039063
1668.28103608534	1276.51672363281
1670.82988948008	1275.61669921875
1673.37795916039	1276.88330078125
1675.92524545724	1278.66662597656
1678.47174870147	1275.30004882813
1681.01746922386	1276.61669921875
1683.56240735508	1274.56665039063
1686.10656342572	1273.05004882813
1688.64993776626	1277.46667480469
1691.19253070709	1276.66662597656
1693.73434257853	1275.86669921875
1696.27537371078	1275.5
1698.81562443395	1275.15002441406
1701.35509507809	1272.11669921875
1703.89378597311	1278.15002441406
1706.43169744886	1276.75
1708.96882983509	1274.41662597656
1711.50518346144	1275.21667480469
1714.0407586575	1277.09997558594
1716.57555575272	1276.59997558594
1719.10957507649	1276.13330078125
1721.64281695809	1280.36669921875
1724.17528172671	1280.03332519531
1726.70696971146	1278.13330078125
1729.23788124135	1277.43334960938
1731.7680166453	1280.09997558594
1734.29737625213	1279.98327636719
1736.82596039057	1279.13330078125
1739.35376938927	1279.40002441406
1741.88080357677	1275.38330078125
1744.40706328154	1277.71667480469
1746.93254883193	1275.21667480469
1749.45726055623	1275.38330078125
1751.9811987826	1278.83337402344
1754.50436383915	1276.03332519531
1757.02675605387	1276.71667480469
1759.54837575466	1275.26672363281
1762.06922326934	1277.86669921875
1764.58929892564	1277.15002441406
1767.10860305118	1275.01672363281
1769.6271359735	1277.31665039063
1772.14489802005	1273.71667480469
1774.66188951817	1273.13330078125
1777.17811079515	1279.86669921875
1779.69356217815	1273.78332519531
1782.20824399425	1275.66662597656
1784.72215657043	1274.88330078125
1787.23530023361	1274.38330078125
1789.74767531057	1274.86669921875
1792.25928212804	1273.53332519531
1794.77012101264	1276.55004882813
1797.2801922909	1273.06665039063
1799.78949628926	1276.18334960938
1802.29803333406	1273.16662597656
1804.80580375158	1274.30004882813
1807.31280786797	1273.01672363281
1809.81904600929	1274.76672363281
1812.32451850154	1274.76672363281
1814.82922567061	1274.03332519531
1817.33316784231	1276.05004882813
1819.83634534233	1276.09997558594
1822.33875849629	1273.81665039063
1824.84040762973	1276.46667480469
1827.34129306808	1273.33337402344
1829.84141513667	1272.33337402344
1832.34077416077	1276.63330078125
1834.83937046553	1276.13330078125
1837.33720437602	1276.33337402344
1839.83427621723	1272.68334960938
1842.33058631404	1274.75
1844.82613499125	1275.80004882813
1847.32092257355	1274
1849.81494938558	1280.53332519531
1852.30821575184	1275.06665039063
1854.80072199677	1273.68334960938
1857.29246844473	1276.06665039063
1859.78345541994	1276.26672363281
1862.27368324658	1271.19995117188
1864.76315224871	1275.13330078125
1867.2518627503	1273.80004882813
1869.73981507524	1274.18334960938
1872.22700954733	1272.53332519531
1874.71344649027	1276.81665039063
1877.19912622768	1277.09997558594
1879.68404908308	1273.68334960938
1882.16821537988	1275.33337402344
1884.65162544145	1277.44995117188
1887.13427959102	1277.21667480469
1889.61617815175	1274.28332519531
1892.0973214467	1275.34997558594
1894.57770979887	1272.09997558594
1897.05734353113	1274.43334960938
1899.53622296628	1274.09997558594
1902.014348427	1273.66662597656
1904.49172023593	1277.11669921875
1906.96833871558	1276.65002441406
1909.44420418839	1273.08337402344
1911.91931697668	1273.93334960938
1914.39367740272	1277.19995117188
1916.86728578865	1274.26672363281
1919.34014245654	1276.09997558594
1921.81224772838	1275.94995117188
1924.28360192604	1276.36669921875
1926.75420537132	1277.93334960938
1929.22405838593	1276.03332519531
1931.69316129147	1274.33337402344
1934.16151440948	1274.51672363281
1936.62911806136	1273.33337402344
1939.09597256848	1274.78332519531
1941.56207825207	1274.41662597656
1944.0274354333	1273.84997558594
1946.49204443322	1276.41662597656
1948.95590557284	1275.06665039063
1951.41901917301	1275.30004882813
1953.88138555454	1273.73327636719
1956.34300503813	1275.46667480469
1958.8038779444	1276.43334960938
1961.26400459387	1275.51672363281
1963.72338530697	1274.09997558594
1966.18202040403	1277.13330078125
1968.63991020531	1272.44995117188
1971.09705503097	1272.56665039063
1973.55345520107	1274.34997558594
1976.0091110356	1274.31665039063
1978.46402285444	1274.13330078125
1980.91819097737	1272.81665039063
1983.3716157241	1275.83337402344
1985.82429741427	1271.58337402344
1988.27623636736	1277.51672363281
1990.72743290284	1278.66662597656
1993.17788734002	1278.44995117188
1995.62759999817	1275.18334960938
1998.07657119644	1275.26672363281
2000.5248012539	1274.55004882813
2002.97229048952	1278.15002441406
2005.41903922219	1273.59997558594
2007.86504777071	1272.81665039063
2010.31031645378	1277.43334960938
2012.75484559	1273.34997558594
2015.19863549792	1274.63330078125
2017.64168649594	1275.76672363281
2020.08399890242	1275.48327636719
2022.5255730356	1275.73327636719
2024.96640921365	1276.06665039063
2027.40650775462	1277.33337402344
2029.84586897649	1275.41662597656
2032.28449319715	1275.05004882813
2034.72238073438	1271.5
2037.15953190591	1275.30004882813
2039.59594702932	1273.08337402344
2042.03162642215	1275
2044.46657040182	1274.09997558594
2046.90077928567	1276.25
2049.33425339095	1275.69995117188
2051.76699303481	1276.55004882813
2054.19899853433	1275.18334960938
2056.63027020645	1279.05004882813
2059.06080836809	1276.73327636719
2061.49061333602	1276.63330078125
2063.91968542694	1278.80004882813
2066.34802495747	1277.53332519531
2068.77563224411	1276.80004882813
2071.20250760329	1279.43334960938
2073.62865135136	1276.23327636719
2076.05406380455	1275.65002441406
2078.47874527901	1276.38330078125
2080.9026960908	1273.41662597656
2083.3259165559	1274.30004882813
2085.74840699018	1276.18334960938
2088.17016770944	1276.59997558594
2090.59119902935	1275.71667480469
2093.01150126553	1275.78332519531
2095.43107473348	1273.03332519531
2097.84991974864	1273.96667480469
2100.26803662633	1276.26672363281
2102.68542568178	1274.94995117188
2105.10208723015	1275.55004882813
2107.51802158648	1275.75
2109.93322906574	1276.78332519531
2112.3477099828	1276.78332519531
2114.76146465245	1274.28332519531
2117.17449338937	1280.19995117188
2119.58679650815	1277.61669921875
2121.9983743233	1274.98327636719
2124.40922714924	1277.06665039063
2126.81935530029	1272.80004882813
2129.22875909067	1275.16662597656
2131.63743883452	1271.51672363281
2134.04539484589	1276.83337402344
2136.45262743874	1280.21667480469
2138.85913692692	1278.69995117188
2141.26492362422	1275.18334960938
2143.6699878443	1275.73327636719
2146.07432990076	1272.26672363281
2148.47795010708	1275.21667480469
2150.88084877667	1276.51672363281
2153.28302622285	1274.94995117188
2155.68448275883	1274.21667480469
2158.08521869774	1278.51672363281
2160.48523435261	1277
2162.88453003639	1276.53332519531
2165.28310606193	1272.81665039063
2167.68096274199	1274.11669921875
2170.07810038922	1276.30004882813
2172.47451931622	1275.46667480469
2174.87021983546	1272.80004882813
2177.26520225933	1273.36669921875
2179.65946690013	1273.75
2182.05301407006	1275.40002441406
2184.44584408123	1276.86669921875
2186.83795724567	1275.53332519531
2189.22935387531	1276.63330078125
2191.62003428198	1274.94995117188
2194.00999877743	1277.98327636719
2196.39924767329	1272.13330078125
2198.78778128115	1275.28332519531
2201.17559991245	1276.90002441406
2203.56270387857	1274.51672363281
2205.94909349081	1276.53332519531
2208.33476906033	1275.31665039063
2210.71973089824	1276.46667480469
2213.10397931554	1275.33337402344
2215.48751462314	1274.94995117188
2217.87033713186	1272.43334960938
2220.25244715242	1273.34997558594
2222.63384499546	1273.86669921875
2225.01453097151	1274.78332519531
2227.39450539101	1275.03332519531
2229.77376856434	1276.09997558594
2232.15232080173	1276.56665039063
2234.53016241336	1276.48327636719
2236.9072937093	1279.21667480469
2239.28371499954	1272.18334960938
2241.65942659396	1273.31665039063
2244.03442880236	1275.26672363281
2246.40872193443	1273.23327636719
2248.78230629979	1274.58337402344
2251.15518220795	1274.19995117188
2253.52734996835	1275.69995117188
2255.89880989029	1274.06665039063
2258.26956228301	1276.76672363281
2260.63960745567	1272.65002441406
2263.00894571731	1276.96667480469
2265.37757737688	1274.19995117188
2267.74550274324	1279.48327636719
2270.11272212517	1278.78332519531
2272.47923583134	1276.58337402344
2274.84504417031	1274.34997558594
2277.2101474506	1275.90002441406
2279.57454598058	1272.43334960938
2281.93824006856	1273.40002441406
2284.30123002275	1275.48327636719
2286.66351615125	1274.58337402344
2289.02509876208	1273.83337402344
2291.38597816317	1277.13330078125
2293.74615466236	1277.03332519531
2296.10562856737	1275.91662597656
2298.46440018585	1276.81665039063
2300.82246982535	1277.58337402344
2303.1798377933	1275.21667480469
2305.5365043971	1276.80004882813
2307.89246994399	1275.68334960938
2310.24773474116	1278.25
2312.60229909566	1275.78332519531
2314.95616331451	1274.90002441406
2317.30932770456	1276.23327636719
2319.66179257263	1277.15002441406
2322.01355822542	1276.76672363281
2324.36462496953	1274.80004882813
2326.71499311146	1278.13330078125
2329.06466295764	1277.13330078125
2331.41363481439	1276.83337402344
2333.76190898794	1276.66662597656
2336.10948578441	1276.43334960938
2338.45636550986	1276.93334960938
2340.80254847022	1277.93334960938
2343.14803497132	1271.96667480469
2345.49282531895	1273.21667480469
2347.83691981874	1276.28332519531
2350.18031877626	1276.05004882813
2352.52302249699	1272.90002441406
2354.8650312863	1274.69995117188
2357.20634544946	1273.91662597656
2359.54696529166	1274.28332519531
2361.88689111798	1275.80004882813
2364.22612323341	1274.59997558594
2366.56466194287	1275.44995117188
2368.90250755114	1274.05004882813
2371.23966036293	1276.41662597656
2373.57612068286	1278.44995117188
2375.91188881545	1275.69995117188
2378.2469650651	1275.96667480469
2380.58134973615	1275.44995117188
2382.91504313282	1275.94995117188
2385.24804555926	1275
2387.58035731949	1273.36669921875
2389.91197871745	1277.66662597656
2392.24291005701	1273.25
2394.57315164189	1276.06665039063
2396.90270377577	1273.36669921875
2399.23156676218	1275.23327636719
2401.55974090461	1275.88330078125
2403.88722650642	1272.94995117188
2406.21402387086	1273.34997558594
2408.54013330113	1276.06665039063
2410.8655551003	1273.69995117188
2413.19028957133	1276.58337402344
2415.51433701713	1277.13330078125
2417.83769774049	1273.08337402344
2420.16037204408	1273.19995117188
2422.48236023051	1273.68334960938
2424.80366260228	1274.40002441406
2427.12427946179	1274.25
2429.44421111134	1274.09997558594
2431.76345785315	1274.86669921875
2434.08201998932	1271.21667480469
2436.39989782188	1276.41662597656
2438.71709165273	1273
2441.0336017837	1274.91662597656
2443.34942851653	1273.63330078125
2445.66457215282	1275.56665039063
2447.97903299412	1276.73327636719
2450.29281134185	1274.75
2452.60590749736	1275.91662597656
2454.91832176188	1274.30004882813
2457.23005443656	1274.05004882813
2459.54110582243	1274.31665039063
2461.85147622045	1273.53332519531
2464.16116593146	1273.41662597656
2466.47017525621	1276.40002441406
2468.77850449536	1274.03332519531
2471.08615394947	1277
2473.39312391899	1273.63330078125
2475.69941470429	1270.66662597656
2478.00502660562	1276.76672363281
2480.30995992316	1273.73327636719
2482.61421495697	1273.19995117188
2484.91779200702	1274.55004882813
2487.22069137316	1274.30004882813
2489.5229133552	1273.33337402344
2491.8244582528	1275.61669921875
2494.12532636553	1273.56665039063
2496.42551799287	1273.80004882813
2498.72503343421	1273.21667480469
2501.02387298882	1275.91662597656
2503.32203695588	1276.51672363281
2505.61952563449	1272.55004882813
2507.91633932361	1273.66662597656
2510.21247832216	1273.5
2512.50794292891	1271.33337402344
2514.80273344255	1276.16662597656
2517.09685016167	1274.15002441406
2519.39029338476	1270.65002441406
2521.68306341022	1272.33337402344
2523.97516053634	1273.36669921875
2526.26658506132	1274.15002441406
2528.55733728325	1272.13330078125
2530.84741750012	1274
2533.13682600984	1273.86669921875
2535.4255631102	1270.65002441406
2537.7136290989	1272.58337402344
2540.00102427354	1271.19995117188
2542.28774893162	1272.06665039063
2544.57380337053	1275.65002441406
2546.85918788758	1276.63330078125
2549.14390277997	1272.01672363281
2551.4279483448	1272.56665039063
2553.71132487906	1270.41662597656
2555.99403267966	1272.33337402344
2558.27607204341	1271.25
2560.55744326699	1275.66662597656
2562.83814664702	1274.90002441406
2565.11818247999	1276.75
2567.3975510623	1274.21667480469
2569.67625269025	1272.19995117188
2571.95428766003	1271.38330078125
2574.23165626776	1271.13330078125
2576.50835880942	1274.06665039063
2578.78439558093	1271.81665039063
2581.05976687806	1269.69995117188
2583.33447299652	1270.88330078125
2585.60851423191	1271.19995117188
2587.88189087972	1271.91662597656
2590.15460323534	1274.5
2592.42665159406	1271.40002441406
2594.69803625108	1271.5
2596.9687575015	1273.33337402344
2599.23881564029	1272.11669921875
2601.50821096235	1272.25
2603.77694376245	1271.58337402344
2606.0450143353	1273.01672363281
2608.31242297548	1271.76672363281
2610.57916997746	1269.34997558594
2612.84525563562	1271.44995117188
2615.11068024426	1274.91662597656
2617.37544409753	1274.81665039063
2619.63954748952	1272.81665039063
2621.90299071421	1273.26672363281
2624.16577406546	1273.61669921875
2626.42789783705	1275.53332519531
2628.68936232264	1273.63330078125
2630.9501678158	1272.18334960938
2633.21031460999	1276.15002441406
2635.46980299857	1277.56665039063
2637.72863327481	1273.83337402344
2639.98680573185	1274.63330078125
2642.24432066276	1277.48327636719
2644.50117836048	1279.81665039063
2646.75737911786	1277.91662597656
2649.01292322765	1283.43334960938
2651.26781098249	1280.73327636719
2653.52204267492	1280.58337402344
2655.77561859738	1288.25
2658.0285390422	1289.18334960938
2660.28080430161	1292.16662597656
2662.53241466774	1292.59997558594
2664.78337043263	1294.56665039063
2667.03367188817	1298.38330078125
2669.2833193262	1296.83337402344
2671.53231303844	1300.15002441406
2673.78065331648	1301.34997558594
2676.02834045184	1300.66662597656
2678.27537473592	1299.88330078125
2680.52175646002	1304.19995117188
2682.76748591535	1299.65002441406
2685.01256339298	1298.44995117188
2687.25698918391	1298.86669921875
2689.50076357901	1296.18334960938
2691.74388686909	1293.08337402344
2693.9863593448	1289.76672363281
2696.22818129672	1288.06665039063
2698.46935301532	1289.51672363281
2700.70987479096	1286.76672363281
2702.94974691389	1284.25
2705.18896967428	1284.96667480469
2707.42754336216	1282.84997558594
2709.66546826749	1280.65002441406
2711.90274468011	1275.78332519531
2714.13937288974	1278.26672363281
2716.37535318602	1277.13330078125
2718.61068585848	1277.56665039063
2720.84537119652	1273.23327636719
2723.07940948947	1273.06665039063
2725.31280102654	1270.01672363281
2727.54554609682	1271.86669921875
2729.77764498933	1269.5
2732.00909799294	1270.96667480469
2734.23990539644	1271.41662597656
2736.47006748853	1269.48327636719
2738.69958455777	1268.05004882813
2740.92845689263	1268.09997558594
2743.15668478147	1267.11669921875
2745.38426851257	1269.21667480469
2747.61120837406	1273.48327636719
2749.83750465399	1266.65002441406
2752.0631576403	1269.51672363281
2754.28816762083	1270.16662597656
2756.51253488329	1268.51672363281
2758.73625971532	1272.86669921875
2760.95934240442	1269.59997558594
2763.18178323801	1265.16662597656
2765.40358250338	1269.13330078125
2767.62474048773	1268.68334960938
2769.84525747814	1266.28332519531
2772.06513376159	1266.51672363281
2774.28436962496	1265.19995117188
2776.50296535501	1265.71667480469
2778.7209212384	1268.65002441406
2780.93823756168	1265.34997558594
2783.15491461129	1265.73327636719
2785.37095267358	1267.63330078125
2787.58635203477	1265.90002441406
2789.80111298097	1266.43334960938
2792.01523579822	1264.36669921875
2794.2287207724	1266.33337402344
2796.44156818932	1265.26672363281
2798.65377833468	1265.31665039063
2800.86535149404	1264.88330078125
2803.07628795289	1267.06665039063
2805.28658799659	1263.69995117188
2807.4962519104	1265.83337402344
2809.70527997946	1262.91662597656
2811.91367248883	1263.15002441406
2814.12142972342	1262.86669921875
2816.32855196807	1263.09997558594
2818.53503950749	1263.44995117188
2820.74089262628	1263.5
2822.94611160894	1264.26672363281
2825.15069673987	1263.94995117188
2827.35464830333	1261.31665039063
2829.55796658351	1263.68334960938
2831.76065186445	1265.23327636719
2833.96270443012	1264.30004882813
2836.16412456437	1262.51672363281
2838.3649125509	1264.25
2840.56506867336	1265.36669921875
2842.76459321526	1266.11669921875
2844.96348645999	1261.84997558594
2847.16174869086	1265.51672363281
2849.35938019105	1266.34997558594
2851.55638124363	1266.19995117188
2853.75275213157	1265.83337402344
2855.94849313772	1264.73327636719
2858.14360454483	1264.84997558594
2860.33808663553	1263.06665039063
2862.53193969234	1263.11669921875
2864.72516399768	1267.03332519531
2866.91775983385	1262.94995117188
2869.10972748304	1264.51672363281
2871.30106722733	1266
2873.4917793487	1265.96667480469
2875.68186412899	1267.34997558594
2877.87132184997	1265.63330078125
2880.06015279325	1265.76672363281
2882.24835724039	1267.53332519531
2884.43593547278	1269.65002441406
2886.62288777173	1267.38330078125
2888.80921441843	1267.13330078125
2890.99491569397	1269.03332519531
2893.1799918793	1267.28332519531
2895.36444325529	1268.98327636719
2897.54827010269	1268.73327636719
2899.73147270213	1270.5
2901.91405133412	1267.65002441406
2904.09600627909	1268.08337402344
2906.27733781731	1266.63330078125
2908.45804622899	1267.76672363281
2910.63813179418	1265.66662597656
2912.81759479286	1270.09997558594
2914.99643550486	1267.31665039063
2917.17465420994	1269.53332519531
2919.3522511877	1272.34997558594
2921.52922671765	1271.65002441406
2923.7055810792	1275.58337402344
2925.88131455162	1268.25
2928.05642741408	1272.53332519531
2930.23091994566	1269.08337402344
2932.40479242528	1268.31665039063
2934.57804513178	1271.09997558594
2936.75067834387	1268.58337402344
2938.92269234017	1269.01672363281
2941.09408739916	1270.30004882813
2943.26486379921	1270.09997558594
2945.4350218186	1268.05004882813
2947.60456173546	1268.53332519531
2949.77348382783	1269.65002441406
2951.94178837363	1269.19995117188
2954.10947565068	1267.41662597656
2956.27654593666	1270.63330078125
2958.44299950915	1270.25
2960.60883664562	1271.13330078125
2962.77405762341	1268.03332519531
2964.93866271975	1271.81665039063
2967.10265221178	1269.23327636719
2969.26602637648	1268.86669921875
2971.42878549076	1270.91662597656
2973.59092983139	1269.63330078125
2975.75245967501	1267.58337402344
2977.9133752982	1268.21667480469
2980.07367697736	1267.66662597656
2982.23336498882	1267.48327636719
2984.39243960877	1268.43334960938
2986.5509011133	1263.46667480469
2988.70874977837	1268.56665039063
2990.86598587984	1266.16662597656
2993.02260969344	1261.09997558594
2995.17862149478	1264.63330078125
2997.33402155938	1265.28332519531
2999.48881016262	1266.59997558594
3001.64298757978	1265.71667480469
3003.796554086	1262.68334960938
3005.94950995633	1260.86669921875
3008.10185546569	1265.59997558594
3010.25359088888	1263.59997558594
3012.40471650059	1263.93334960938
3014.5552325754	1258.51672363281
3016.70513938776	1258.15002441406
3018.85443721201	1259.53332519531
3021.00312632236	1258.08337402344
3023.15120699292	1260.53332519531
3025.29867949769	1264.33337402344
3027.44554411052	1261.03332519531
3029.59180110516	1260.90002441406
3031.73745075527	1260.05004882813
3033.88249333434	1262.76672363281
3036.02692911578	1262.48327636719
3038.17075837287	1262.36669921875
3040.31398137877	1259.58337402344
3042.45659840653	1259.05004882813
3044.59860972907	1260.88330078125
3046.7400156192	1261.96667480469
3048.88081634961	1260.58337402344
3051.02101219287	1263.61669921875
3053.16060342144	1260.06665039063
3055.29959030765	1259.58337402344
3057.43797312371	1258.69995117188
3059.57575214172	1259.16662597656
3061.71292763366	1260.41662597656
3063.84949987139	1258.23327636719
3065.98546912665	1261.19995117188
3068.12083567105	1260.08337402344
3070.2555997761	1260.58337402344
3072.38976171319	1259.71667480469
3074.52332175356	1260.69995117188
3076.65628016837	1261.48327636719
3078.78863722863	1256.91662597656
3080.92039320526	1256.08337402344
3083.05154836902	1257.23327636719
3085.1821029906	1256.30004882813
3087.31205734051	1257.96667480469
3089.44141168921	1255.73327636719
3091.57016630696	1256.5
3093.69832146398	1257.09997558594
3095.82587743032	1257.93334960938
3097.9528344759	1258.78332519531
3100.07919287056	1256.05004882813
3102.204952884	1256.08337402344
3104.33011478579	1252.65002441406
3106.45467884538	1255.16662597656
3108.57864533212	1255.73327636719
3110.70201451522	1254.19995117188
3112.82478666378	1254.75
3114.94696204676	1253.69995117188
3117.06854093301	1254.59997558594
3119.18952359127	1254.05004882813
3121.30991029013	1253.86669921875
3123.4297012981	1252.5
3125.54889688352	1252.94995117188
3127.66749731464	1255.03332519531
3129.78550285957	1252.01672363281
3131.90291378633	1253.18334960938
3134.01973036277	1255.43334960938
3136.13595285665	1250.80004882813
3138.2515815356	1253.33337402344
3140.36661666714	1250.06665039063
3142.48105851863	1251.90002441406
3144.59490735734	1254.80004882813
3146.70816345041	1250.34997558594
3148.82082706486	1250.83337402344
3150.93289846758	1251.11669921875
3153.04437792532	1248.66662597656
3155.15526570475	1249.09997558594
3157.26556207238	1250.31665039063
3159.37526729461	1250.96667480469
3161.48438163771	1247.40002441406
3163.59290536784	1248.71667480469
3165.70083875102	1251.34997558594
3167.80818205315	1248.58337402344
3169.91493554002	1248.98327636719
3172.02109947727	1247.19995117188
3174.12667413044	1251.11669921875
3176.23165976493	1249.33337402344
3178.33605664602	1249.86669921875
3180.43986503887	1249.75
3182.54308520852	1250.68334960938
3184.64571741986	1249.78332519531
3186.74776193769	1250.33337402344
3188.84921902664	1247.93334960938
3190.95008895128	1247.41662597656
3193.05037197599	1248.26672363281
3195.15006836504	1249.96667480469
3197.24917838262	1245.61669921875
3199.34770229274	1248.13330078125
3201.44564035931	1247.26672363281
3203.5429928461	1248.21667480469
3205.63976001677	1248.01672363281
3207.73594213484	1249.53332519531
3209.83153946372	1247.58337402344
3211.92655226669	1247.01672363281
3214.02098080688	1248.53332519531
3216.11482534732	1248.38330078125
3218.20808615091	1250.06665039063
3220.30076348041	1247.26672363281
3222.39285759847	1246.44995117188
3224.4843687676	1249.03332519531
3226.57529725019	1247.5
3228.66564330851	1247.78332519531
3230.75540720468	1248.33337402344
3232.8445892007	1245.30004882813
3234.93318955847	1245.25
3237.02120853974	1248.05004882813
3239.10864640612	1248.76672363281
3241.19550341911	1249.23327636719
3243.28177984009	1245.94995117188
3245.36747593029	1249.38330078125
3247.45259195083	1248.25
3249.53712816268	1244.01672363281
3251.62108482672	1244.53332519531
3253.70446220366	1246.41662597656
3255.78726055411	1246.46667480469
3257.86948013853	1245.93334960938
3259.95112121728	1243.59997558594
3262.03218405055	1246.41662597656
3264.11266889845	1244.31665039063
3266.19257602092	1243.94995117188
3268.27190567779	1244.06665039063
3270.35065812876	1244.59997558594
3272.4288336334	1242.5
3274.50643245114	1244.51672363281
3276.5834548413	1245.55004882813
3278.65990106305	1242.23327636719
3280.73577137545	1240.5
3282.81106603742	1244.90002441406
3284.88578530774	1241.51672363281
3286.95992944508	1242.78332519531
3289.03349870796	1243.93334960938
3291.1064933548	1242.90002441406
3293.17891364384	1241.69995117188
3295.25075983324	1245.5
3297.322032181	1243.08337402344
3299.39273094501	1243.94995117188
3301.462856383	1241
3303.53240875259	1240.80004882813
3305.60138831128	1241.41662597656
3307.6697953164	1241.73327636719
3309.73763002519	1240.55004882813
3311.80489269472	1243.51672363281
3313.87158358198	1239.51672363281
3315.93770294378	1241.84997558594
3318.00325103681	1239.46667480469
3320.06822811764	1241.30004882813
3322.13263444272	1242.36669921875
3324.19647026832	1241.61669921875
3326.25973585064	1242.30004882813
3328.32243144568	1240.93334960938
3330.38455730938	1241.78332519531
3332.44611369749	1242.30004882813
3334.50710086564	1237.40002441406
3336.56751906936	1239.51672363281
3338.62736856401	1242.44995117188
3340.68664960483	1240.01672363281
3342.74536244693	1238.19995117188
3344.80350734528	1240.91662597656
3346.86108455472	1239.46667480469
3348.91809432997	1239.86669921875
3350.97453692559	1241.19995117188
3353.03041259603	1241.03332519531
3355.08572159559	1236.66662597656
3357.14046417844	1239.86669921875
3359.19464059863	1241.90002441406
3361.24825111005	1235.43334960938
3363.30129596648	1240.33337402344
3365.35377542155	1240.36669921875
3367.40568972878	1238.56665039063
3369.45703914152	1240.18334960938
3371.507823913	1238.46667480469
3373.55804429633	1237.91662597656
3375.60770054446	1238.05004882813
3377.65679291024	1235.76672363281
3379.70532164635	1236.84997558594
3381.75328700534	1237.59997558594
3383.80068923965	1237.63330078125
3385.84752860155	1238.34997558594
3387.89380534321	1236.55004882813
3389.93951971664	1235.71667480469
3391.98467197371	1238.58337402344
3394.02926236618	1237.88330078125
3396.07329114566	1235.01672363281
3398.1167585636	1235.59997558594
3400.15966487137	1236.23327636719
3402.20201032014	1232.94995117188
3404.24379516099	1233.55004882813
3406.28501964484	1236.21667480469
3408.3256840225	1237.06665039063
3410.3657885446	1235.18334960938
3412.40533346167	1235.23327636719
3414.44431902408	1236.25
3416.48274548209	1235.53332519531
3418.5206130858	1236.25
3420.55792208516	1234.16662597656
3422.59467273003	1235.81665039063
3424.63086527009	1235.41662597656
3426.6664999549	1235.98327636719
3428.70157703386	1231.48327636719
3430.73609675628	1235.25
3432.77005937129	1236.01672363281
3434.80346512789	1236.26672363281
3436.83631427494	1230.36669921875
3438.86860706119	1232.96667480469
3440.90034373521	1235.80004882813
3442.93152454546	1233.76672363281
3444.96214974025	1232.69995117188
3446.99221956775	1233.81665039063
3449.021734276	1234.69995117188
3451.05069411289	1233.94995117188
3453.07909932619	1232.53332519531
3455.1069501635	1234.76672363281
3457.1342468723	1233.96667480469
3459.16098969993	1234
3461.1871788936	1234.33337402344
3463.21281470035	1232.5
3465.23789736712	1232.11669921875
3467.26242714067	1231.5
3469.28640426765	1232.75
3471.30982899455	1231.98327636719
3473.33270156774	1230.69995117188
3475.35502223343	1233.33337402344
3477.3767912377	1229.31665039063
3479.39800882649	1232.78332519531
3481.41867524559	1232.5
3483.43879074066	1229.51672363281
3485.45835555721	1232.61669921875
3487.47736994062	1229.36669921875
3489.49583413611	1228.53332519531
3491.51374838879	1229.81665039063
3493.53111294359	1230.98327636719
3495.54792804533	1228.09997558594
3497.56419393867	1228.66662597656
3499.57991086814	1226.90002441406
3501.59507907811	1229
3503.60969881284	1230.31665039063
3505.6237703164	1228.63330078125
3507.63729383278	1226.01672363281
3509.65026960577	1229.58337402344
3511.66269787904	1227.84997558594
3513.67457889613	1227.88330078125
3515.68591290042	1225.55004882813
3517.69670013515	1228.84997558594
3519.70694084342	1225.91662597656
3521.7166352682	1228.34997558594
3523.72578365229	1228.11669921875
3525.73438623836	1228.83337402344
3527.74244326893	1225.61669921875
3529.74995498641	1227.11669921875
3531.75692163301	1228.73327636719
3533.76334345084	1228.44995117188
3535.76922068186	1225.61669921875
3537.77455356786	1225.88330078125
3539.77934235051	1226.75
3541.78358727133	1226.69995117188
3543.78728857169	1225.19995117188
3545.79044649283	1225.18334960938
3547.79306127584	1225.13330078125
3549.79513316164	1224.94995117188
3551.79666239104	1226.93334960938
3553.79764920469	1225.11669921875
3555.7980938431	1224.34997558594
3557.79799654663	1224.94995117188
3559.79735755548	1224.56665039063
3561.79617710974	1225.08337402344
3563.79445544932	1224.5
3565.79219281401	1225.83337402344
3567.78938944344	1223.80004882813
3569.7860455771	1225.11669921875
3571.78216145432	1225.81665039063
3573.77773731431	1223.55004882813
3575.7727733961	1222.30004882813
3577.76726993861	1221.91662597656
3579.76122718059	1221.94995117188
3581.75464536064	1222.94995117188
3583.74752471725	1222.06665039063
3585.7398654887	1224.09997558594
3587.73166791317	1221.26672363281
3589.7229322287	1223.30004882813
3591.71365867314	1222.25
3593.70384748424	1219.94995117188
3595.69349889955	1219.30004882813
3597.68261315654	1220.51672363281
3599.67119049245	1221.13330078125
3601.65923114446	1221.53332519531
3603.64673534952	1222.43334960938
3605.63370334449	1219.65002441406
3607.62013536607	1218.84997558594
3609.60603165079	1220.43334960938
3611.59139243504	1217.73327636719
3613.57621795509	1219.90002441406
3615.56050844701	1217.75
3617.54426414677	1221.51672363281
3619.52748529017	1218.96667480469
3621.51017211285	1217.94995117188
3623.49232485031	1217.55004882813
3625.47394373792	1216.98327636719
3627.45502901088	1218.56665039063
3629.43558090423	1218.25
3631.41559965288	1218.61669921875
3633.3950854916	1219.21667480469
3635.37403865498	1218.09997558594
3637.35245937747	1217.91662597656
3639.33034789339	1216.33337402344
3641.30770443688	1217.81665039063
3643.28452924196	1215.84997558594
3645.26082254248	1216.53332519531
3647.23658457212	1216.16662597656
3649.21181556447	1217.34997558594
3651.18651575291	1216.46667480469
3653.16068537069	1215.33337402344
3655.13432465092	1218.88330078125
3657.10743382653	1217.83337402344
3659.08001313034	1216.5
3661.05206279498	1216.28332519531
3663.02358305295	1218.68334960938
3664.9945741366	1215.33337402344
3666.96503627811	1214.78332519531
3668.93496970952	1215.19995117188
3670.90437466272	1216.68334960938
3672.87325136944	1215
3674.84160006127	1214.23327636719
3676.80942096963	1213.38330078125
3678.77671432581	1214.18334960938
3680.74348036092	1215.11669921875
3682.70971930595	1215.73327636719
3684.6754313917	1214.36669921875
3686.64061684885	1215.84997558594
3688.60527590791	1215.75
3690.56940879924	1212.98327636719
3692.53301575303	1213.26672363281
3694.49609699936	1213.18334960938
3696.45865276812	1213.59997558594
3698.42068328904	1209.58337402344
3700.38218879173	1211.16662597656
3702.34316950563	1213.91662597656
3704.30362566	1211.43334960938
3706.26355748399	1212.09997558594
3708.22296520657	1211.86669921875
3710.18184905656	1210.55004882813
3712.14020926263	1211.66662597656
3714.09804605328	1211.90002441406
3716.05535965687	1211.03332519531
3718.01215030162	1213.09997558594
3719.96841821555	1210.94995117188
3721.92416362657	1209.93334960938
3723.8793867624	1209.93334960938
3725.83408785063	1210.48327636719
3727.78826711869	1208.23327636719
3729.74192479384	1210.78332519531
3731.69506110319	1208.15002441406
3733.64767627371	1209.43334960938
3735.59977053219	1209.71667480469
3737.55134410528	1210.78332519531
3739.50239721947	1208.78332519531
3741.45293010108	1209.5
3743.40294297631	1210.93334960938
3745.35243607116	1208.44995117188
3747.3014096115	1208.69995117188
3749.24986382303	1209.84997558594
3751.19779893131	1207.78332519531
3753.14521516171	1209.84997558594
3755.09211273949	1208.75
3757.0384918897	1207.48327636719
3758.98435283728	1210.19995117188
3760.92969580698	1207.34997558594
3762.87452102341	1206.93334960938
3764.81882871101	1206.93334960938
3766.76261909407	1208.36669921875
3768.70589239672	1206.26672363281
3770.64864884293	1208.5
3772.59088865651	1206.71667480469
3774.53261206112	1205.58337402344
3776.47381928025	1205.68334960938
