-173.428722450078	1146.11669921875
-170.294344013779	1146.75
-167.160990304052	1147.06665039063
-164.028660894548	1146.93334960938
-160.897355359205	1147.56665039063
-157.767073272189	1146.59997558594
-154.637814207931	1146.55004882813
-151.50957774112	1147
-148.382363446704	1146.48327636719
-145.256170899859	1146.48327636719
-142.130999676054	1147.38330078125
-139.006849350965	1147.19995117188
-135.883719500571	1146.08337402344
-132.761609701053	1147.91662597656
-129.640519528863	1146.78332519531
-126.520448560715	1146.90002441406
-123.401396373553	1145.86669921875
-120.28336254458	1147.33337402344
-117.166346651252	1146.93334960938
-114.050348271258	1145.98327636719
-110.935366982541	1146.63330078125
-107.821402363301	1147.53332519531
-104.708453991972	1145.80004882813
-101.596521447235	1147.48327636719
-98.4856043080122	1145.61669921875
-95.3757021534957	1146.86669921875
-92.2668145630801	1146
-89.1589411164452	1146.36669921875
-86.0520813934781	1146.01672363281
-82.946234974338	1146.58337402344
-79.8414014394074	1146.80004882813
-76.7375803693083	1146.51672363281
-73.6347713449181	1146.34997558594
-70.532973947345	1146.90002441406
-67.4321877579402	1146.83337402344
-64.3324123582935	1147.18334960938
-61.2336473302252	1146.34997558594
-58.1358922558143	1147.03332519531
-55.0391467173494	1146.46667480469
-51.9434102973817	1147.08337402344
-48.8486825786838	1146
-45.7549631442702	1146.63330078125
-42.662251577389	1147.56665039063
-39.5705474615295	1145.13330078125
-36.4798503804062	1146.61669921875
-33.3901599179706	1146.81665039063
-30.301475658403	1147.09997558594
-27.2137971861287	1146.51672363281
-24.1271240858053	1146.08337402344
-21.0414559423028	1147.43334960938
-17.9567923407513	1147.13330078125
-14.8731328664812	1147.76672363281
-11.7904771050747	1146.25
-8.70882464233763	1147.19995117188
-5.62817506431157	1146.03332519531
-2.54852795725342	1148.23327636719
0.530117092344597	1150.75
3.6077604977471	1151.56665039063
6.68440267202787	1149.63330078125
9.76004402799773	1147.26672363281
12.8346849782609	1147.73327636719
15.9083259351831	1146.86669921875
18.9809673109237	1146.84997558594
22.0526095173877	1146.93334960938
25.1232529662903	1146.31665039063
28.1928980690886	1146.33337402344
31.2615452370419	1146.26672363281
34.32919488118	1146.5
37.3958474123071	1146.86669921875
40.4615032409942	1146.43334960938
43.5261627776189	1147.44995117188
46.58982643231	1146.65002441406
49.6524946149833	1146.88330078125
52.7141677353456	1146.78332519531
55.7748462028835	1147.56665039063
58.8345304268427	1146.66662597656
61.8932208162729	1146.34997558594
64.9509177800033	1146.73327636719
68.0076217266271	1146.76672363281
71.0633330645419	1146.94995117188
74.118052201909	1148.40002441406
77.1717795467022	1155.43334960938
80.224515506648	1181
83.2762604892772	1237.59997558594
86.3270149018856	1294.34997558594
89.3767791515896	1331.21667480469
92.4255536452548	1350.48327636719
95.4733387895519	1358.46667480469
98.5201349909248	1362.90002441406
101.565942655643	1368.08337402344
104.610762189717	1369.21667480469
107.654593998963	1375.18334960938
110.697438488996	1375.09997558594
113.739296065204	1377.96667480469
116.78016713278	1385.11669921875
119.820052096698	1373.63330078125
122.85895136172	1379.01672363281
125.896865332408	1374.56665039063
128.933794413111	1372.91662597656
131.969739007965	1369.71667480469
135.004699520911	1365.75
138.038676355664	1365.36669921875
141.071669915751	1365.63330078125
144.103680604487	1362.11669921875
147.134708824975	1361.58337402344
150.164754980118	1360.96667480469
153.193819472611	1360.40002441406
156.221902704945	1357.69995117188
159.24900507942	1359.98327636719
162.275126998099	1357.38330078125
165.300268862873	1361.43334960938
168.324431075425	1362.96667480469
171.347614037231	1366.38330078125
174.369818149562	1364.25
177.391043813491	1366.30004882813
180.411291429897	1366.91662597656
183.430561399437	1368.21667480469
186.448854122582	1361.69995117188
189.466169999607	1366.26672363281
192.482509430598	1364.55004882813
195.497872815412	1366.53332519531
198.512260553716	1364.93334960938
201.525673045011	1367.08337402344
204.538110688552	1365.93334960938
207.549573883427	1366.06665039063
210.560063028519	1367.55004882813
213.569578522523	1365.98327636719
216.578120763917	1367.13330078125
219.585690151021	1364.25
222.592287081907	1362.66662597656
225.597911954507	1362.68334960938
228.602565166512	1363.63330078125
231.606247115456	1364.93334960938
234.608958198646	1362.66662597656
237.610698813222	1364.31665039063
240.611469356122	1362.88330078125
243.611270224103	1363.30004882813
246.610101813707	1365.94995117188
249.607964521295	1363.33337402344
252.604858743044	1366.09997558594
255.600784874935	1364.34997558594
258.595743312749	1365.08337402344
261.589734452097	1365.98327636719
264.582758688393	1368.30004882813
267.574816416842	1366.38330078125
270.565908032503	1370.44995117188
273.556033930195	1365.66662597656
276.545194504586	1366.03332519531
279.533390150138	1366.88330078125
282.520621261151	1364.61669921875
285.506888231708	1368.21667480469
288.49219145571	1364.86669921875
291.476531326902	1365.46667480469
294.459908238794	1367.38330078125
297.442322584762	1368.68334960938
300.423774757966	1368.30004882813
303.404265151375	1366.26672363281
306.383794157805	1365.96667480469
309.362362169862	1366.96667480469
312.339969579982	1366.13330078125
315.316616780414	1363.06665039063
318.292304163227	1366.46667480469
321.267032120295	1370.38330078125
324.24080104332	1367.31665039063
327.213611323833	1362.90002441406
330.185463353171	1365.76672363281
333.156357522491	1368.65002441406
336.126294222774	1367.58337402344
339.095273844812	1362.69995117188
342.063296779227	1361.25
345.030363416467	1363.03332519531
347.996474146782	1363.66662597656
350.961629360257	1364.71667480469
353.925829446806	1362.26672363281
356.889074796147	1370.51672363281
359.851365797829	1367.86669921875
362.812702841222	1368.13330078125
365.773086315536	1371.69995117188
368.732516609768	1367.5
371.690994112778	1369.16662597656
374.648519213243	1366.40002441406
377.605092299631	1367.86669921875
380.560713760273	1369.98327636719
383.515383983307	1361.28332519531
386.469103356711	1369.15002441406
389.421872268273	1363.26672363281
392.373691105615	1366.21667480469
395.32456025619	1363.63330078125
398.274480107272	1361.80004882813
401.223451045967	1360.41662597656
404.171473459202	1364.28332519531
407.118547733728	1359.38330078125
410.064674256155	1363.30004882813
413.009853412892	1366.34997558594
415.954085590181	1363.03332519531
418.8973711741	1361.21667480469
421.83971055055	1361.71667480469
424.781104105281	1363.05004882813
427.721552223856	1364.01672363281
430.661055291665	1359.69995117188
433.599613693946	1368.98327636719
436.537227815752	1362.58337402344
439.473898041993	1364.94995117188
442.409624757378	1364.28332519531
445.344408346476	1363.13330078125
448.278249193683	1365.15002441406
451.211147683207	1367.34997558594
454.143104199122	1367.81665039063
457.074119125312	1363.31665039063
460.004192845497	1364.03332519531
462.933325743267	1362.63330078125
465.861518202001	1359.90002441406
468.788770604917	1363.93334960938
471.71508333511	1362.91662597656
474.640456775471	1365.03332519531
477.564891308737	1362.65002441406
480.488387317487	1364.01672363281
483.410945184141	1367.41662597656
486.332565290942	1365.43334960938
489.253248019986	1364.31665039063
492.172993753197	1367.11669921875
495.091802872338	1371.05004882813
498.009675759011	1361.43334960938
500.926612794666	1367.30004882813
503.842614360571	1362.48327636719
506.757680837864	1364.31665039063
509.671812607493	1368.53332519531
512.585010050263	1371.56665039063
515.497273546817	1389.91662597656
518.408603477637	1425.53332519531
521.319000223045	1425.48327636719
524.228464163205	1396.28332519531
527.136995678121	1374.68334960938
530.044595147647	1375.93334960938
532.951262951471	1367.83337402344
535.856999469123	1363.75
538.761805079986	1363.34997558594
541.665680163279	1361.80004882813
544.568625098049	1367.16662597656
547.470640263216	1367.23327636719
550.371726037533	1362.16662597656
553.271882799588	1360.01672363281
556.171110927825	1363.13330078125
559.069410800531	1364.91662597656
561.966782795823	1361.36669921875
564.863227291685	1356.08337402344
567.758744665944	1362.71667480469
570.653335296256	1360.93334960938
573.546999560148	1366.71667480469
576.439737834969	1364.18334960938
579.331550497935	1365.69995117188
582.222437926093	1362.25
585.112400496356	1361.81665039063
588.001438585469	1365.40002441406
590.889552570021	1363.23327636719
593.77674282648	1367.71667480469
596.663009731132	1361.28332519531
599.548353660116	1358.56665039063
602.432774989433	1361.55004882813
605.316274094926	1362.91662597656
608.198851352303	1365.91662597656
611.080507137075	1362.61669921875
613.961241824667	1363.08337402344
616.841055790315	1361.69995117188
619.71994940911	1360.55004882813
622.597923056008	1365.68334960938
625.474977105798	1362.63330078125
628.351111933143	1361.33337402344
631.22632791255	1365.25
634.10062541835	1360.73327636719
636.97400482478	1364.65002441406
639.846466505882	1361.86669921875
642.718010835585	1364.36669921875
645.58863818764	1360.83337402344
648.458348935679	1365.09997558594
651.327143453188	1363.73327636719
654.195022113475	1363.75
657.061985289745	1363.58337402344
659.928033355022	1369.73327636719
662.79316668221	1368.23327636719
665.657385644057	1362.51672363281
668.520690613176	1363
671.383081962017	1368.68334960938
674.244560062899	1362.96667480469
677.105125288002	1367.90002441406
679.964778009343	1360.88330078125
682.823518598832	1360.94995117188
685.681347428202	1364.13330078125
688.538264869057	1362.56665039063
691.394271292855	1359.59997558594
694.249367070914	1363.78332519531
697.103552574412	1357.34997558594
699.956828174378	1360.30004882813
702.809194241715	1360.15002441406
705.660651147175	1361.21667480469
708.511199261361	1358.91662597656
711.360838954755	1365.93334960938
714.209570597676	1354.5
717.057394560329	1361.06665039063
719.90431121275	1360.09997558594
722.750320924861	1363.11669921875
725.59542406643	1361.66662597656
728.439621007094	1361.51672363281
731.282912116347	1363.69995117188
734.125297763539	1359.78332519531
736.966778317898	1362.03332519531
739.807354148498	1360.25
742.647025624275	1362.80004882813
745.485793114042	1362.53332519531
748.323656986468	1364.75
751.160617610072	1362.73327636719
753.996675353258	1362.91662597656
756.831830584275	1369.25
759.666083671249	1362.83337402344
762.499434982158	1369.53332519531
765.331884884853	1362.34997558594
768.163433747055	1367.56665039063
770.994081936328	1364.71667480469
773.823829820116	1360.33337402344
776.652677765732	1364.44995117188
779.480626140347	1366.5
782.307675310993	1361.61669921875
785.133825644576	1364.83337402344
787.959077507869	1360.80004882813
790.783431267511	1361.80004882813
793.606887289986	1363.66662597656
796.429445941685	1365.15002441406
799.251107588836	1363.76672363281
802.071872597536	1364.28332519531
804.891741333751	1360.5
807.71071416334	1363.18334960938
810.528791451981	1361.81665039063
813.345973565269	1363.78332519531
816.162260868638	1363.34997558594
818.977653727395	1369.44995117188
821.792152506717	1362.48327636719
824.605757571661	1364.94995117188
827.418469287133	1361.33337402344
830.230288017926	1363.21667480469
833.0412141287	1362.84997558594
835.851247983973	1362.33337402344
838.660389948141	1362.53332519531
841.468640385466	1363.94995117188
844.27599966009	1364.75
847.082468136026	1368.34997558594
849.888046177135	1363.08337402344
852.692734147171	1369.58337402344
855.496532409758	1367.69995117188
858.29944132839	1363.28332519531
861.10146126642	1362.65002441406
863.902592587094	1363.78332519531
866.702835653509	1366.43334960938
869.502190828641	1364.96667480469
872.300658475353	1361.80004882813
875.098238956361	1362.98327636719
877.894932634271	1367.26672363281
880.690739871548	1363.33337402344
883.485661030531	1363.59997558594
886.279696473447	1362.71667480469
889.072846562376	1362.31665039063
891.86511165929	1366.16662597656
894.65649212603	1365.40002441406
897.446988324303	1363.44995117188
900.236600615703	1363.15002441406
903.025329361687	1363.83337402344
905.813174923597	1359.44995117188
908.600137662639	1363.96667480469
911.38621793991	1358.94995117188
914.171416116365	1364.08337402344
916.95573255285	1362.90002441406
919.739167610082	1361.93334960938
922.521721648641	1362.21667480469
925.303395029005	1364.69995117188
928.084188111517	1369.53332519531
930.864101256396	1365.63330078125
933.643134823733	1360.16662597656
936.42128917351	1367.59997558594
939.198564665577	1366.11669921875
941.97496165967	1363.28332519531
944.750480515391	1366.11669921875
947.525121592226	1364.59997558594
950.298885249534	1367.58337402344
953.071771846555	1364.66662597656
955.843781742413	1363.03332519531
958.614915296108	1363.18334960938
961.385172866513	1370.13330078125
964.154554812387	1364.18334960938
966.92306149236	1367
969.690693264949	1369.08337402344
972.457450488552	1367.03332519531
975.223333521431	1372.46667480469
977.988342721749	1366.56665039063
980.752478447535	1371.33337402344
983.515741056708	1365.15002441406
986.278130907059	1369.98327636719
989.039648356259	1368.40002441406
991.800293761863	1367.31665039063
994.560067481312	1364.19995117188
997.318969871913	1366.80004882813
1000.07700129088	1363.44995117188
1002.83416209528	1369.15002441406
1005.59045264208	1366.41662597656
1008.34587328813	1366.55004882813
1011.10042439014	1364.05004882813
1013.85410630472	1366.08337402344
1016.60691938837	1363.51672363281
1019.35886399746	1368.18334960938
1022.10994048823	1363.96667480469
1024.86014921684	1365.13330078125
1027.60949053928	1365.94995117188
1030.35796481149	1368.41662597656
1033.10557238924	1360.43334960938
1035.85231362819	1363.16662597656
1038.5981888839	1366.15002441406
1041.34319851182	1364.83337402344
1044.08734286727	1365.15002441406
1046.83062230544	1363.98327636719
1049.57303718143	1359.84997558594
1052.31458785021	1364.96667480469
1055.05527466665	1365.61669921875
1057.79509798549	1362.25
1060.53405816134	1366
1063.27215554874	1368.11669921875
1066.00939050209	1364.33337402344
1068.74576337565	1364.80004882813
1071.48127452361	1367.15002441406
1074.21592430002	1361.76672363281
1076.94971305882	1365.26672363281
1079.68264115384	1364.86669921875
1082.41470893879	1361.41662597656
1085.14591676728	1365.93334960938
1087.8762649928	1364.53332519531
1090.60575396871	1363.16662597656
1093.33438404827	1364.48327636719
1096.06215558464	1362.01672363281
1098.78906893086	1361.19995117188
1101.51512443981	1361.09997558594
1104.24032246435	1361.61669921875
1106.96466335716	1361.19995117188
1109.68814747081	1360.33337402344
1112.41077515779	1365.01672363281
1115.13254677044	1360.44995117188
1117.85346266104	1364.55004882813
1120.57352318169	1363.68334960938
1123.29272868445	1361.93334960938
1126.01107952121	1362.11669921875
1128.72857604378	1364.53332519531
1131.44521860385	1363.91662597656
1134.16100755301	1362
1136.87594324271	1361.15002441406
1139.59002602433	1360.75
1142.3032562491	1364.34997558594
1145.01563426818	1364.16662597656
1147.72716043257	1365.53332519531
1150.43783509322	1372.51672363281
1153.14765860091	1365.55004882813
1155.85663130634	1363.55004882813
1158.56475356012	1359.41662597656
1161.27202571271	1362.78332519531
1163.97844811448	1359.56665039063
1166.68402111569	1362.05004882813
1169.38874506649	1361.51672363281
1172.09262031694	1362.94995117188
1174.79564721695	1357.48327636719
1177.49782611635	1362.88330078125
1180.19915736486	1363.59997558594
1182.89964131208	1362.23327636719
1185.59927830751	1362.61669921875
1188.29806870054	1362.08337402344
1190.99601284046	1361.96667480469
1193.69311107643	1361.36669921875
1196.38936375753	1362.40002441406
1199.08477123271	1361.75
1201.77933385082	1363.31665039063
1204.47305196061	1360.86669921875
1207.1659259107	1363.65002441406
1209.85795604964	1366.03332519531
1212.54914272585	1365.59997558594
1215.23948628763	1367.16662597656
1217.92898708319	1365.30004882813
1220.61764546064	1362.63330078125
1223.30546176798	1365.78332519531
1225.99243635308	1363.76672363281
1228.67856956373	1365.59997558594
1231.36386174761	1366.31665039063
1234.04831325228	1360.59997558594
1236.73192442522	1361.75
1239.41469561377	1365.34997558594
1242.09662716519	1362.18334960938
1244.77771942662	1365.59997558594
1247.45797274511	1366.26672363281
1250.13738746759	1359.96667480469
1252.81596394089	1360.38330078125
1255.49370251175	1363.68334960938
1258.17060352676	1364.03332519531
1260.84666733246	1366.94995117188
1263.52189427525	1363.44995117188
1266.19628470144	1363.94995117188
1268.86983895722	1364.38330078125
1271.5425573887	1364.51672363281
1274.21444034186	1365.11669921875
1276.8854881626	1362.21667480469
1279.55570119671	1365.55004882813
1282.22507978985	1365.76672363281
1284.89362428759	1366
1287.56133503543	1366.11669921875
1290.22821237872	1364.86669921875
1292.89425666274	1365.36669921875
1295.55946823263	1366.76672363281
1298.22384743346	1369.53332519531
1300.88739461019	1364.59997558594
1303.55011010766	1362.75
1306.21199427063	1360.94995117188
1308.87304744373	1365.13330078125
1311.53326997152	1364.73327636719
1314.19266219843	1366.26672363281
1316.8512244688	1360.61669921875
1319.50895712687	1368.34997558594
1322.16586051676	1368.78332519531
1324.82193498252	1360.78332519531
1327.47718086806	1361.75
1330.1315985172	1365
1332.78518827369	1365.26672363281
1335.43795048114	1362.09997558594
1338.08988548307	1365.81665039063
1340.74099362289	1366.34997558594
1343.39127524392	1367.38330078125
1346.04073068939	1366.68334960938
1348.6893603024	1362.96667480469
1351.33716442597	1363.5
1353.98414340301	1366.03332519531
1356.63029757632	1361.23327636719
1359.27562728863	1362.76672363281
1361.92013288252	1361.34997558594
1364.56381470053	1361.98327636719
1367.20667308505	1363.19995117188
1369.84870837838	1358.40002441406
1372.48992092274	1361.5
1375.13031106023	1358.26672363281
1377.76987913284	1360
1380.40862548251	1364.31665039063
1383.04655045101	1357.75
1385.68365438006	1356.61669921875
1388.31993761126	1360.83337402344
1390.95540048612	1356.08337402344
1393.59004334605	1355.48327636719
1396.22386653233	1362.21667480469
1398.85687038619	1356.73327636719
1401.48905524873	1358.59997558594
1404.12042146094	1361.51672363281
1406.75096936375	1358.33337402344
1409.38069929796	1365.78332519531
1412.00961160428	1368.73327636719
1414.63770662332	1362.90002441406
1417.26498469557	1364.93334960938
1419.89144616146	1360.41662597656
1422.51709136132	1362.55004882813
1425.14192063532	1367.19995117188
1427.76593432361	1361.48327636719
1430.3891327662	1363.38330078125
1433.01151630299	1361.36669921875
1435.63308527382	1365.46667480469
1438.2538400184	1365.71667480469
1440.87378087637	1365.51672363281
1443.49290818722	1361.84997558594
1446.1112222904	1363.48327636719
1448.72872352524	1371.40002441406
1451.34541223097	1362.01672363281
1453.96128874671	1366.51672363281
1456.5763534115	1362.55004882813
1459.19060656429	1364.51672363281
1461.8040485439	1363.01672363281
1464.41667968907	1364
1467.02850033846	1366.09997558594
1469.63951083061	1365.30004882813
1472.24971150397	1365.26672363281
1474.8591026969	1360.84997558594
1477.46768474763	1365.86669921875
1480.07545799434	1359.80004882813
1482.68242277508	1367.09997558594
1485.28857942782	1361
1487.89392829042	1359.18334960938
1490.49846970065	1362.80004882813
1493.10220399619	1359.65002441406
1495.70513151461	1364.86669921875
1498.30725259339	1359.36669921875
1500.90856756992	1359.51672363281
1503.50907678146	1363.48327636719
1506.10878056524	1361.38330078125
1508.70767925832	1359.33337402344
1511.30577319772	1360.88330078125
1513.90306272032	1359.90002441406
1516.49954816295	1355.90002441406
1519.09522986229	1357.48327636719
1521.69010815498	1356.13330078125
1524.28418337751	1359.88330078125
1526.87745586632	1358.19995117188
1529.46992595773	1360.86669921875
1532.06159398796	1362.69995117188
1534.65246029316	1361.98327636719
1537.24252520935	1363.73327636719
1539.83178907249	1364.19995117188
1542.42025221841	1367.68334960938
1545.00791498287	1366.5
1547.59477770152	1360.16662597656
1550.18084070993	1363.61669921875
1552.76610434356	1365.05004882813
1555.35056893777	1363.01672363281
1557.93423482785	1365.53332519531
1560.51710234896	1364.86669921875
1563.0991718362	1365.16662597656
1565.68044362457	1364.05004882813
1568.26091804893	1369.33337402344
1570.84059544411	1370.94995117188
1573.41947614481	1370.40002441406
1575.99756048562	1378.41662597656
1578.57484880108	1380.58337402344
1581.15134142559	1380.66662597656
1583.72703869349	1377.76672363281
1586.301940939	1379.43334960938
1588.87604849628	1376.69995117188
1591.44936169934	1376.73327636719
1594.02188088215	1368.19995117188
1596.59360637855	1371.61669921875
1599.16453852232	1373.75
1601.73467764709	1377.28332519531
1604.30402408647	1376.46667480469
1606.87257817391	1376.23327636719
1609.44034024281	1370.91662597656
1612.00731062644	1370.03332519531
1614.57348965801	1368.51672363281
1617.13887767062	1371.41662597656
1619.70347499726	1364.21667480469
1622.26728197086	1366.83337402344
1624.83029892423	1366.08337402344
1627.39252619012	1366.33337402344
1629.95396410112	1366.30004882813
1632.5146129898	1372.71667480469
1635.07447318858	1376.38330078125
1637.63354502984	1369.86669921875
1640.19182884582	1369.31665039063
1642.74932496868	1365.33337402344
1645.3060337305	1359.61669921875
1647.86195546325	1359.13330078125
1650.41709049882	1365.25
1652.971439169	1362.31665039063
1655.52500180548	1363.13330078125
1658.07777873987	1362.36669921875
1660.62977030368	1363.06665039063
1663.18097682833	1361.51672363281
1665.73139864514	1361.86669921875
1668.28103608534	1361.5
1670.82988948008	1366.33337402344
1673.37795916039	1362.31665039063
1675.92524545724	1364.21667480469
1678.47174870147	1361.13330078125
1681.01746922386	1363.93334960938
1683.56240735508	1363.40002441406
1686.10656342572	1359
1688.64993776626	1361.56665039063
1691.19253070709	1360.56665039063
1693.73434257853	1360.30004882813
1696.27537371078	1363.83337402344
1698.81562443395	1362.13330078125
1701.35509507809	1358.98327636719
1703.89378597311	1359.28332519531
1706.43169744886	1361.41662597656
1708.96882983509	1360.33337402344
1711.50518346144	1361.71667480469
1714.0407586575	1365.13330078125
1716.57555575272	1361.11669921875
1719.10957507649	1364.96667480469
1721.64281695809	1367.81665039063
1724.17528172671	1365
1726.70696971146	1368.96667480469
1729.23788124135	1367.44995117188
1731.7680166453	1368.06665039063
1734.29737625213	1367.01672363281
1736.82596039057	1365.73327636719
1739.35376938927	1366.63330078125
1741.88080357677	1362.69995117188
1744.40706328154	1366.23327636719
1746.93254883193	1366.66662597656
1749.45726055623	1358.21667480469
1751.9811987826	1362.98327636719
1754.50436383915	1362
1757.02675605387	1362.53332519531
1759.54837575466	1362.86669921875
1762.06922326934	1360.28332519531
1764.58929892564	1361.88330078125
1767.10860305118	1363.30004882813
1769.6271359735	1367.26672363281
1772.14489802005	1364.15002441406
1774.66188951817	1361.51672363281
1777.17811079515	1367.15002441406
1779.69356217815	1364.21667480469
1782.20824399425	1360.33337402344
1784.72215657043	1362.36669921875
1787.23530023361	1360.56665039063
1789.74767531057	1364.19995117188
1792.25928212804	1360.06665039063
1794.77012101264	1361.03332519531
1797.2801922909	1359.33337402344
1799.78949628926	1361.19995117188
1802.29803333406	1363.28332519531
1804.80580375158	1362.40002441406
1807.31280786797	1360.68334960938
1809.81904600929	1363.59997558594
1812.32451850154	1363.98327636719
1814.82922567061	1365.5
1817.33316784231	1362.15002441406
1819.83634534233	1360.33337402344
1822.33875849629	1358.96667480469
1824.84040762973	1361.33337402344
1827.34129306808	1365.51672363281
1829.84141513667	1361.33337402344
1832.34077416077	1360.58337402344
1834.83937046553	1364.65002441406
1837.33720437602	1363.18334960938
1839.83427621723	1364.40002441406
1842.33058631404	1357.31665039063
1844.82613499125	1360.93334960938
1847.32092257355	1362.91662597656
1849.81494938558	1358.11669921875
1852.30821575184	1360.44995117188
1854.80072199677	1362.11669921875
1857.29246844473	1360.76672363281
1859.78345541994	1361.26672363281
1862.27368324658	1363.38330078125
1864.76315224871	1359.78332519531
1867.2518627503	1359.93334960938
1869.73981507524	1360
1872.22700954733	1360.18334960938
1874.71344649027	1363.09997558594
1877.19912622768	1361.61669921875
1879.68404908308	1364.05004882813
1882.16821537988	1360.31665039063
1884.65162544145	1362.75
1887.13427959102	1362.18334960938
1889.61617815175	1362.93334960938
1892.0973214467	1366.19995117188
1894.57770979887	1364.55004882813
1897.05734353113	1361.94995117188
1899.53622296628	1360.16662597656
1902.014348427	1364.41662597656
1904.49172023593	1359.41662597656
1906.96833871558	1361.03332519531
1909.44420418839	1363.83337402344
1911.91931697668	1363.78332519531
1914.39367740272	1362.43334960938
1916.86728578865	1362.58337402344
1919.34014245654	1362.16662597656
1921.81224772838	1364.06665039063
1924.28360192604	1363.28332519531
1926.75420537132	1362.63330078125
1929.22405838593	1360.69995117188
1931.69316129147	1364.11669921875
1934.16151440948	1364.15002441406
1936.62911806136	1362.01672363281
1939.09597256848	1362.86669921875
1941.56207825207	1360.09997558594
1944.0274354333	1360.75
1946.49204443322	1360.43334960938
1948.95590557284	1362.51672363281
1951.41901917301	1363.63330078125
1953.88138555454	1362.18334960938
1956.34300503813	1360.94995117188
1958.8038779444	1359.75
1961.26400459387	1361.11669921875
1963.72338530697	1362.56665039063
1966.18202040403	1360.56665039063
1968.63991020531	1358.88330078125
1971.09705503097	1357.44995117188
1973.55345520107	1361.01672363281
1976.0091110356	1361.96667480469
1978.46402285444	1360.59997558594
1980.91819097737	1363.38330078125
1983.3716157241	1361.43334960938
1985.82429741427	1364.63330078125
1988.27623636736	1360.94995117188
1990.72743290284	1365.46667480469
1993.17788734002	1364.61669921875
1995.62759999817	1361.33337402344
1998.07657119644	1363.44995117188
2000.5248012539	1362.06665039063
2002.97229048952	1364.58337402344
2005.41903922219	1363.56665039063
2007.86504777071	1361.18334960938
2010.31031645378	1364.98327636719
2012.75484559	1363.5
2015.19863549792	1362.23327636719
2017.64168649594	1360.48327636719
2020.08399890242	1365.86669921875
2022.5255730356	1361.84997558594
2024.96640921365	1363.80004882813
2027.40650775462	1362.84997558594
2029.84586897649	1365.59997558594
2032.28449319715	1364.18334960938
2034.72238073438	1362.69995117188
2037.15953190591	1358.75
2039.59594702932	1360.16662597656
2042.03162642215	1365.46667480469
2044.46657040182	1361.46667480469
2046.90077928567	1363.30004882813
2049.33425339095	1362.81665039063
2051.76699303481	1367.38330078125
2054.19899853433	1367.26672363281
2056.63027020645	1362.21667480469
2059.06080836809	1367.18334960938
2061.49061333602	1365.23327636719
2063.91968542694	1363.30004882813
2066.34802495747	1365.98327636719
2068.77563224411	1364.05004882813
2071.20250760329	1363.69995117188
2073.62865135136	1361.68334960938
2076.05406380455	1363.03332519531
2078.47874527901	1359.16662597656
2080.9026960908	1363.59997558594
2083.3259165559	1365.34997558594
2085.74840699018	1358.96667480469
2088.17016770944	1364.66662597656
2090.59119902935	1360.90002441406
2093.01150126553	1362.69995117188
2095.43107473348	1360.98327636719
2097.84991974864	1364.69995117188
2100.26803662633	1364.76672363281
2102.68542568178	1362.30004882813
2105.10208723015	1367.94995117188
2107.51802158648	1367.21667480469
2109.93322906574	1364.48327636719
2112.3477099828	1365.09997558594
2114.76146465245	1363.30004882813
2117.17449338937	1367.86669921875
2119.58679650815	1365.56665039063
2121.9983743233	1361.98327636719
2124.40922714924	1365.06665039063
2126.81935530029	1364.65002441406
2129.22875909067	1362.31665039063
2131.63743883452	1364.16662597656
2134.04539484589	1365.51672363281
2136.45262743874	1365.01672363281
2138.85913692692	1366.46667480469
2141.26492362422	1367.01672363281
2143.6699878443	1360.69995117188
2146.07432990076	1366.38330078125
2148.47795010708	1365.23327636719
2150.88084877667	1363.98327636719
2153.28302622285	1364.59997558594
2155.68448275883	1362.58337402344
2158.08521869774	1360.16662597656
2160.48523435261	1365.78332519531
2162.88453003639	1362
2165.28310606193	1366.25
2167.68096274199	1364.61669921875
2170.07810038922	1370.55004882813
2172.47451931622	1362.05004882813
2174.87021983546	1362.38330078125
2177.26520225933	1360.56665039063
2179.65946690013	1360.88330078125
2182.05301407006	1362.88330078125
2184.44584408123	1362.23327636719
2186.83795724567	1366.48327636719
2189.22935387531	1363.55004882813
2191.62003428198	1360.01672363281
2194.00999877743	1366.05004882813
2196.39924767329	1366.11669921875
2198.78778128115	1362.76672363281
2201.17559991245	1364.61669921875
2203.56270387857	1360
2205.94909349081	1365.11669921875
2208.33476906033	1364.63330078125
2210.71973089824	1365.83337402344
2213.10397931554	1361.83337402344
2215.48751462314	1365.33337402344
2217.87033713186	1360.76672363281
2220.25244715242	1361.25
2222.63384499546	1360.33337402344
2225.01453097151	1363.44995117188
2227.39450539101	1362.53332519531
2229.77376856434	1365.43334960938
2232.15232080173	1367.06665039063
2234.53016241336	1366.21667480469
2236.9072937093	1360.91662597656
2239.28371499954	1363.16662597656
2241.65942659396	1361.28332519531
2244.03442880236	1357.58337402344
2246.40872193443	1360.01672363281
2248.78230629979	1360.73327636719
2251.15518220795	1359.65002441406
2253.52734996835	1361.03332519531
2255.89880989029	1364.03332519531
2258.26956228301	1363.33337402344
2260.63960745567	1359.25
2263.00894571731	1356.53332519531
2265.37757737688	1363.63330078125
2267.74550274324	1364.01672363281
2270.11272212517	1361.69995117188
2272.47923583134	1365.30004882813
2274.84504417031	1358.81665039063
2277.2101474506	1361.23327636719
2279.57454598058	1362.91662597656
2281.93824006856	1359.16662597656
2284.30123002275	1360.83337402344
2286.66351615125	1364.30004882813
2289.02509876208	1365
2291.38597816317	1359.41662597656
2293.74615466236	1366.80004882813
2296.10562856737	1363.25
2298.46440018585	1360.51672363281
2300.82246982535	1361.91662597656
2303.1798377933	1361.15002441406
2305.5365043971	1362.28332519531
2307.89246994399	1360.30004882813
2310.24773474116	1364.83337402344
2312.60229909566	1357.31665039063
2314.95616331451	1361.44995117188
2317.30932770456	1361.48327636719
2319.66179257263	1361.53332519531
2322.01355822542	1362.91662597656
2324.36462496953	1361.03332519531
2326.71499311146	1365.88330078125
2329.06466295764	1366.51672363281
2331.41363481439	1360.33337402344
2333.76190898794	1360.61669921875
2336.10948578441	1359.96667480469
2338.45636550986	1362.19995117188
2340.80254847022	1361.91662597656
2343.14803497132	1360.96667480469
2345.49282531895	1362.51672363281
2347.83691981874	1365.90002441406
2350.18031877626	1360.51672363281
2352.52302249699	1363.94995117188
2354.8650312863	1362.88330078125
2357.20634544946	1359.53332519531
2359.54696529166	1365.05004882813
2361.88689111798	1362.23327636719
2364.22612323341	1363.21667480469
2366.56466194287	1361.94995117188
2368.90250755114	1365.09997558594
2371.23966036293	1360.94995117188
2373.57612068286	1365.68334960938
2375.91188881545	1357.93334960938
2378.2469650651	1362.84997558594
2380.58134973615	1361.86669921875
2382.91504313282	1362.40002441406
2385.24804555926	1361.21667480469
2387.58035731949	1360.19995117188
2389.91197871745	1363.55004882813
2392.24291005701	1360.48327636719
2394.57315164189	1359.81665039063
2396.90270377577	1359.03332519531
2399.23156676218	1362.71667480469
2401.55974090461	1362.36669921875
2403.88722650642	1363.76672363281
2406.21402387086	1360.33337402344
2408.54013330113	1362
2410.8655551003	1357.94995117188
2413.19028957133	1360.81665039063
2415.51433701713	1364.46667480469
2417.83769774049	1358.96667480469
2420.16037204408	1363.31665039063
2422.48236023051	1361.96667480469
2424.80366260228	1359.01672363281
2427.12427946179	1363.83337402344
2429.44421111134	1360.05004882813
2431.76345785315	1364.69995117188
2434.08201998932	1360.73327636719
2436.39989782188	1361.84997558594
2438.71709165273	1363.61669921875
2441.0336017837	1361.59997558594
2443.34942851653	1358.31665039063
2445.66457215282	1362.40002441406
2447.97903299412	1362.16662597656
2450.29281134185	1358.51672363281
2452.60590749736	1360.98327636719
2454.91832176188	1359.18334960938
2457.23005443656	1360.83337402344
2459.54110582243	1361.90002441406
2461.85147622045	1360.80004882813
2464.16116593146	1358.84997558594
2466.47017525621	1358.15002441406
2468.77850449536	1364.16662597656
2471.08615394947	1362.03332519531
2473.39312391899	1360.66662597656
2475.69941470429	1363.59997558594
2478.00502660562	1358.40002441406
2480.30995992316	1358.01672363281
2482.61421495697	1359.69995117188
2484.91779200702	1358.91662597656
2487.22069137316	1358.93334960938
2489.5229133552	1356.88330078125
2491.8244582528	1361.06665039063
2494.12532636553	1359.86669921875
2496.42551799287	1354.26672363281
2498.72503343421	1360.66662597656
2501.02387298882	1359.13330078125
2503.32203695588	1359.78332519531
2505.61952563449	1356.19995117188
2507.91633932361	1360.88330078125
2510.21247832216	1359.91662597656
2512.50794292891	1356.15002441406
2514.80273344255	1358.26672363281
2517.09685016167	1359.09997558594
2519.39029338476	1360
2521.68306341022	1356.15002441406
2523.97516053634	1362.23327636719
2526.26658506132	1359.58337402344
2528.55733728325	1357.63330078125
2530.84741750012	1355.06665039063
2533.13682600984	1358.15002441406
2535.4255631102	1356.01672363281
2537.7136290989	1360.36669921875
2540.00102427354	1359.03332519531
2542.28774893162	1359.78332519531
2544.57380337053	1359.55004882813
2546.85918788758	1361.56665039063
2549.14390277997	1357.76672363281
2551.4279483448	1357.66662597656
2553.71132487906	1358.33337402344
2555.99403267966	1360.43334960938
2558.27607204341	1361.06665039063
2560.55744326699	1361.03332519531
2562.83814664702	1362.56665039063
2565.11818247999	1358.09997558594
2567.3975510623	1356.81665039063
2569.67625269025	1355.06665039063
2571.95428766003	1357.66662597656
2574.23165626776	1358.01672363281
2576.50835880942	1353.63330078125
2578.78439558093	1358.56665039063
2581.05976687806	1358.28332519531
2583.33447299652	1356.28332519531
2585.60851423191	1355.03332519531
2587.88189087972	1354.69995117188
2590.15460323534	1358.98327636719
2592.42665159406	1355.28332519531
2594.69803625108	1360.06665039063
2596.9687575015	1353.23327636719
2599.23881564029	1352.09997558594
2601.50821096235	1351.03332519531
2603.77694376245	1355.69995117188
2606.0450143353	1358.78332519531
2608.31242297548	1355.55004882813
2610.57916997746	1353.83337402344
2612.84525563562	1355.23327636719
2615.11068024426	1355.33337402344
2617.37544409753	1359.16662597656
2619.63954748952	1357.69995117188
2621.90299071421	1358.63330078125
2624.16577406546	1356.48327636719
2626.42789783705	1357.03332519531
2628.68936232264	1356.59997558594
2630.9501678158	1358.86669921875
2633.21031460999	1352.93334960938
2635.46980299857	1356.69995117188
2637.72863327481	1355.53332519531
2639.98680573185	1357.16662597656
2642.24432066276	1357.51672363281
2644.50117836048	1360.23327636719
2646.75737911786	1358.96667480469
2649.01292322765	1356.13330078125
2651.26781098249	1357.55004882813
2653.52204267492	1357.08337402344
2655.77561859738	1359.68334960938
2658.0285390422	1364.19995117188
2660.28080430161	1356.93334960938
2662.53241466774	1360.09997558594
2664.78337043263	1365.16662597656
2667.03367188817	1371.86669921875
2669.2833193262	1372.21667480469
2671.53231303844	1367.84997558594
2673.78065331648	1370.43334960938
2676.02834045184	1372.73327636719
2678.27537473592	1373.30004882813
2680.52175646002	1379.76672363281
2682.76748591535	1381.91662597656
2685.01256339298	1385.26672363281
2687.25698918391	1385.34997558594
2689.50076357901	1390.96667480469
2691.74388686909	1387.46667480469
2693.9863593448	1391.76672363281
2696.22818129672	1395.31665039063
2698.46935301532	1389.40002441406
2700.70987479096	1395.08337402344
2702.94974691389	1390.30004882813
2705.18896967428	1385.86669921875
2707.42754336216	1383.15002441406
2709.66546826749	1380.06665039063
2711.90274468011	1372.58337402344
2714.13937288974	1371.68334960938
2716.37535318602	1369.73327636719
2718.61068585848	1365.38330078125
2720.84537119652	1361.65002441406
2723.07940948947	1357.31665039063
2725.31280102654	1360.01672363281
2727.54554609682	1356.93334960938
2729.77764498933	1355.73327636719
2732.00909799294	1357.26672363281
2734.23990539644	1353.86669921875
2736.47006748853	1350.06665039063
2738.69958455777	1350.73327636719
2740.92845689263	1355.11669921875
2743.15668478147	1354.44995117188
2745.38426851257	1355.23327636719
2747.61120837406	1353.83337402344
2749.83750465399	1352.30004882813
2752.0631576403	1353.33337402344
2754.28816762083	1353.26672363281
2756.51253488329	1350.66662597656
2758.73625971532	1352.81665039063
2760.95934240442	1347.56665039063
2763.18178323801	1346.65002441406
2765.40358250338	1346.76672363281
2767.62474048773	1348.05004882813
2769.84525747814	1346.80004882813
2772.06513376159	1350.30004882813
2774.28436962496	1349.96667480469
2776.50296535501	1348.44995117188
2778.7209212384	1345.58337402344
2780.93823756168	1346.38330078125
2783.15491461129	1346.05004882813
2785.37095267358	1350.55004882813
2787.58635203477	1347.69995117188
2789.80111298097	1345.40002441406
2792.01523579822	1349.66662597656
2794.2287207724	1345.96667480469
2796.44156818932	1345.86669921875
2798.65377833468	1346.03332519531
2800.86535149404	1350.09997558594
2803.07628795289	1346.18334960938
2805.28658799659	1346.81665039063
2807.4962519104	1346.75
2809.70527997946	1341.66662597656
2811.91367248883	1345.33337402344
2814.12142972342	1343.61669921875
2816.32855196807	1346.40002441406
2818.53503950749	1347.38330078125
2820.74089262628	1343.5
2822.94611160894	1344.51672363281
2825.15069673987	1343.05004882813
2827.35464830333	1348.16662597656
2829.55796658351	1345.65002441406
2831.76065186445	1348.26672363281
2833.96270443012	1342.78332519531
2836.16412456437	1344.38330078125
2838.3649125509	1338.40002441406
2840.56506867336	1344.98327636719
2842.76459321526	1344.08337402344
2844.96348645999	1343.78332519531
2847.16174869086	1345.01672363281
2849.35938019105	1344.75
2851.55638124363	1342.44995117188
2853.75275213157	1343.69995117188
2855.94849313772	1341.84997558594
2858.14360454483	1342.78332519531
2860.33808663553	1343.76672363281
2862.53193969234	1346.48327636719
2864.72516399768	1347.71667480469
2866.91775983385	1344.93334960938
2869.10972748304	1346.31665039063
2871.30106722733	1343.55004882813
2873.4917793487	1343.73327636719
2875.68186412899	1341.76672363281
2877.87132184997	1347.68334960938
2880.06015279325	1343.96667480469
2882.24835724039	1342.09997558594
2884.43593547278	1345.06665039063
2886.62288777173	1346.25
2888.80921441843	1348.78332519531
2890.99491569397	1349.11669921875
2893.1799918793	1346.15002441406
2895.36444325529	1343.43334960938
2897.54827010269	1347.06665039063
2899.73147270213	1345.28332519531
2901.91405133412	1347.09997558594
2904.09600627909	1344.26672363281
2906.27733781731	1348.59997558594
2908.45804622899	1341.41662597656
2910.63813179418	1347.31665039063
2912.81759479286	1348.03332519531
2914.99643550486	1344.80004882813
2917.17465420994	1344.51672363281
2919.3522511877	1346.83337402344
2921.52922671765	1345.23327636719
2923.7055810792	1348.81665039063
2925.88131455162	1344.01672363281
2928.05642741408	1343.33337402344
2930.23091994566	1347.71667480469
2932.40479242528	1344.61669921875
2934.57804513178	1343.30004882813
2936.75067834387	1347.25
2938.92269234017	1348.90002441406
2941.09408739916	1341.71667480469
2943.26486379921	1346.19995117188
2945.4350218186	1344.30004882813
2947.60456173546	1343.90002441406
2949.77348382783	1345.80004882813
2951.94178837363	1347.36669921875
2954.10947565068	1342.21667480469
2956.27654593666	1346.96667480469
2958.44299950915	1346.56665039063
2960.60883664562	1341.96667480469
2962.77405762341	1343.66662597656
2964.93866271975	1347.23327636719
2967.10265221178	1344.56665039063
2969.26602637648	1343.43334960938
2971.42878549076	1343.96667480469
2973.59092983139	1345.44995117188
2975.75245967501	1346.19995117188
2977.9133752982	1342.18334960938
2980.07367697736	1339.5
2982.23336498882	1342.98327636719
2984.39243960877	1341.65002441406
2986.5509011133	1344.31665039063
2988.70874977837	1342.73327636719
2990.86598587984	1343.55004882813
2993.02260969344	1338.01672363281
2995.17862149478	1339.18334960938
2997.33402155938	1340.90002441406
2999.48881016262	1341.55004882813
3001.64298757978	1338.34997558594
3003.796554086	1336.68334960938
3005.94950995633	1334.86669921875
3008.10185546569	1339.36669921875
3010.25359088888	1337.41662597656
3012.40471650059	1335.91662597656
3014.5552325754	1332.08337402344
3016.70513938776	1338.71667480469
3018.85443721201	1332.11669921875
3021.00312632236	1333.34997558594
3023.15120699292	1333.43334960938
3025.29867949769	1335.55004882813
3027.44554411052	1337.69995117188
3029.59180110516	1337.63330078125
3031.73745075527	1338.13330078125
3033.88249333434	1337.71667480469
3036.02692911578	1339.44995117188
3038.17075837287	1335
3040.31398137877	1338.86669921875
3042.45659840653	1335.73327636719
3044.59860972907	1334.98327636719
3046.7400156192	1337.76672363281
3048.88081634961	1334.81665039063
3051.02101219287	1335.08337402344
3053.16060342144	1334.58337402344
3055.29959030765	1333.23327636719
3057.43797312371	1330.46667480469
3059.57575214172	1330.59997558594
3061.71292763366	1335.63330078125
3063.84949987139	1331
3065.98546912665	1332.73327636719
3068.12083567105	1338.01672363281
3070.2555997761	1334.51672363281
3072.38976171319	1331.13330078125
3074.52332175356	1332.94995117188
3076.65628016837	1336.55004882813
3078.78863722863	1327.66662597656
3080.92039320526	1330.61669921875
3083.05154836902	1329.59997558594
3085.1821029906	1327.61669921875
3087.31205734051	1328.91662597656
3089.44141168921	1328.96667480469
3091.57016630696	1331.63330078125
3093.69832146398	1329.88330078125
3095.82587743032	1328.76672363281
3097.9528344759	1327.38330078125
3100.07919287056	1327.71667480469
3102.204952884	1332.84997558594
3104.33011478579	1333.38330078125
3106.45467884538	1329.75
3108.57864533212	1328.86669921875
3110.70201451522	1328.53332519531
3112.82478666378	1327.88330078125
3114.94696204676	1329.55004882813
3117.06854093301	1326.28332519531
3119.18952359127	1329.23327636719
3121.30991029013	1327.81665039063
3123.4297012981	1327.73327636719
3125.54889688352	1322.91662597656
3127.66749731464	1324.93334960938
3129.78550285957	1324.78332519531
3131.90291378633	1324.76672363281
3134.01973036277	1325.53332519531
3136.13595285665	1322.65002441406
3138.2515815356	1324.69995117188
3140.36661666714	1325.23327636719
3142.48105851863	1319.46667480469
3144.59490735734	1326.58337402344
3146.70816345041	1322.09997558594
3148.82082706486	1321.71667480469
3150.93289846758	1321.68334960938
3153.04437792532	1322.69995117188
3155.15526570475	1323.44995117188
3157.26556207238	1319.03332519531
3159.37526729461	1318.90002441406
3161.48438163771	1321.96667480469
3163.59290536784	1322.46667480469
3165.70083875102	1319.31665039063
3167.80818205315	1318.43334960938
3169.91493554002	1318.58337402344
3172.02109947727	1321.66662597656
3174.12667413044	1319.71667480469
3176.23165976493	1322.03332519531
3178.33605664602	1320.83337402344
3180.43986503887	1317.19995117188
3182.54308520852	1320.19995117188
3184.64571741986	1315.84997558594
3186.74776193769	1322.31665039063
3188.84921902664	1315.96667480469
3190.95008895128	1318.31665039063
3193.05037197599	1318.16662597656
3195.15006836504	1320.88330078125
3197.24917838262	1320.03332519531
3199.34770229274	1319.88330078125
3201.44564035931	1321.59997558594
3203.5429928461	1317.94995117188
3205.63976001677	1318.75
3207.73594213484	1323.78332519531
3209.83153946372	1317.93334960938
3211.92655226669	1318.73327636719
3214.02098080688	1319.09997558594
3216.11482534732	1323.16662597656
3218.20808615091	1321.03332519531
3220.30076348041	1317.96667480469
3222.39285759847	1316.11669921875
3224.4843687676	1315.94995117188
3226.57529725019	1316.03332519531
3228.66564330851	1316.31665039063
3230.75540720468	1311.96667480469
3232.8445892007	1317.41662597656
3234.93318955847	1319.53332519531
3237.02120853974	1320.86669921875
3239.10864640612	1319.81665039063
3241.19550341911	1317.16662597656
3243.28177984009	1318.43334960938
3245.36747593029	1318.13330078125
3247.45259195083	1314.36669921875
3249.53712816268	1317.33337402344
3251.62108482672	1313.91662597656
3253.70446220366	1312.55004882813
3255.78726055411	1312.19995117188
3257.86948013853	1311.94995117188
3259.95112121728	1317.33337402344
3262.03218405055	1312.13330078125
3264.11266889845	1313.98327636719
3266.19257602092	1308.53332519531
3268.27190567779	1309.25
3270.35065812876	1310.75
3272.4288336334	1312.48327636719
3274.50643245114	1310.48327636719
3276.5834548413	1312.88330078125
3278.65990106305	1311.5
3280.73577137545	1309.16662597656
3282.81106603742	1310.38330078125
3284.88578530774	1311.65002441406
3286.95992944508	1308.61669921875
3289.03349870796	1312.30004882813
3291.1064933548	1310.38330078125
3293.17891364384	1307.59997558594
3295.25075983324	1307.33337402344
3297.322032181	1310.06665039063
3299.39273094501	1307.65002441406
3301.462856383	1311.5
3303.53240875259	1307.61669921875
3305.60138831128	1306.75
3307.6697953164	1312.36669921875
3309.73763002519	1308.36669921875
3311.80489269472	1307.58337402344
3313.87158358198	1305.19995117188
3315.93770294378	1309.40002441406
3318.00325103681	1305.48327636719
3320.06822811764	1304.30004882813
3322.13263444272	1306.98327636719
3324.19647026832	1306.36669921875
3326.25973585064	1309.75
3328.32243144568	1306.56665039063
3330.38455730938	1306.75
3332.44611369749	1307.08337402344
3334.50710086564	1308.90002441406
3336.56751906936	1303.5
3338.62736856401	1308.98327636719
3340.68664960483	1306.69995117188
3342.74536244693	1300.65002441406
3344.80350734528	1300.91662597656
3346.86108455472	1307.69995117188
3348.91809432997	1306.86669921875
3350.97453692559	1306.36669921875
3353.03041259603	1306.41662597656
3355.08572159559	1305.48327636719
3357.14046417844	1303.84997558594
3359.19464059863	1302.55004882813
3361.24825111005	1304.25
3363.30129596648	1302.75
3365.35377542155	1298.08337402344
3367.40568972878	1300.90002441406
3369.45703914152	1301.31665039063
3371.507823913	1300.68334960938
3373.55804429633	1300.63330078125
3375.60770054446	1301.66662597656
3377.65679291024	1300.26672363281
3379.70532164635	1300.06665039063
3381.75328700534	1300.69995117188
3383.80068923965	1301.18334960938
3385.84752860155	1299.5
3387.89380534321	1300.58337402344
3389.93951971664	1296.58337402344
3391.98467197371	1295.28332519531
3394.02926236618	1298.40002441406
3396.07329114566	1300.83337402344
3398.1167585636	1298.59997558594
3400.15966487137	1299.08337402344
3402.20201032014	1296.55004882813
3404.24379516099	1297.78332519531
3406.28501964484	1299.18334960938
3408.3256840225	1296.61669921875
3410.3657885446	1298.58337402344
3412.40533346167	1295.56665039063
3414.44431902408	1298.56665039063
3416.48274548209	1297.98327636719
3418.5206130858	1296.98327636719
3420.55792208516	1295.28332519531
3422.59467273003	1299.63330078125
3424.63086527009	1295.28332519531
3426.6664999549	1295.16662597656
3428.70157703386	1296.25
3430.73609675628	1293.53332519531
3432.77005937129	1292.30004882813
3434.80346512789	1296.21667480469
3436.83631427494	1294.75
3438.86860706119	1298.84997558594
3440.90034373521	1296.59997558594
3442.93152454546	1297.88330078125
3444.96214974025	1292.93334960938
3446.99221956775	1295.25
3449.021734276	1294.16662597656
3451.05069411289	1292.98327636719
3453.07909932619	1289.40002441406
3455.1069501635	1295.46667480469
3457.1342468723	1294.66662597656
3459.16098969993	1292.63330078125
3461.1871788936	1292.65002441406
3463.21281470035	1288.98327636719
3465.23789736712	1291.65002441406
3467.26242714067	1294.56665039063
3469.28640426765	1289.41662597656
3471.30982899455	1284.19995117188
3473.33270156774	1289.75
3475.35502223343	1289.55004882813
3477.3767912377	1289.80004882813
3479.39800882649	1289.73327636719
3481.41867524559	1289.30004882813
3483.43879074066	1289.68334960938
3485.45835555721	1287.11669921875
3487.47736994062	1287.68334960938
3489.49583413611	1289.25
3491.51374838879	1286.05004882813
3493.53111294359	1283.56665039063
3495.54792804533	1289.69995117188
3497.56419393867	1282.65002441406
3499.57991086814	1283.59997558594
3501.59507907811	1284.48327636719
3503.60969881284	1286.05004882813
3505.6237703164	1281.91662597656
3507.63729383278	1285.58337402344
3509.65026960577	1283.59997558594
3511.66269787904	1283.96667480469
3513.67457889613	1280.76672363281
3515.68591290042	1284.18334960938
3517.69670013515	1283.61669921875
3519.70694084342	1283.13330078125
3521.7166352682	1279.40002441406
3523.72578365229	1281.88330078125
3525.73438623836	1282.58337402344
3527.74244326893	1282.03332519531
3529.74995498641	1276.76672363281
3531.75692163301	1280.71667480469
3533.76334345084	1278.16662597656
3535.76922068186	1282.36669921875
3537.77455356786	1277.25
3539.77934235051	1281.63330078125
3541.78358727133	1279.09997558594
3543.78728857169	1279.71667480469
3545.79044649283	1278.30004882813
3547.79306127584	1278.76672363281
3549.79513316164	1280.96667480469
3551.79666239104	1280.61669921875
3553.79764920469	1280.09997558594
3555.7980938431	1279.34997558594
3557.79799654663	1278.80004882813
3559.79735755548	1277.84997558594
3561.79617710974	1275.11669921875
3563.79445544932	1274.93334960938
3565.79219281401	1277.51672363281
3567.78938944344	1277.16662597656
3569.7860455771	1278.69995117188
3571.78216145432	1276.83337402344
3573.77773731431	1277.80004882813
3575.7727733961	1274.41662597656
3577.76726993861	1274.09997558594
3579.76122718059	1273.09997558594
3581.75464536064	1273.26672363281
3583.74752471725	1274.73327636719
3585.7398654887	1272.48327636719
3587.73166791317	1273.78332519531
3589.7229322287	1275.15002441406
3591.71365867314	1272.68334960938
3593.70384748424	1273.40002441406
3595.69349889955	1272.06665039063
3597.68261315654	1272.96667480469
3599.67119049245	1271.58337402344
3601.65923114446	1274.5
3603.64673534952	1272.01672363281
3605.63370334449	1270.01672363281
3607.62013536607	1271.63330078125
3609.60603165079	1270.75
3611.59139243504	1270.83337402344
3613.57621795509	1270.75
3615.56050844701	1270.21667480469
3617.54426414677	1266.19995117188
3619.52748529017	1266.19995117188
3621.51017211285	1269.21667480469
3623.49232485031	1269.66662597656
3625.47394373792	1270.96667480469
3627.45502901088	1266.93334960938
3629.43558090423	1269.18334960938
3631.41559965288	1268.03332519531
3633.3950854916	1265.66662597656
3635.37403865498	1266.98327636719
3637.35245937747	1266.73327636719
3639.33034789339	1266.96667480469
3641.30770443688	1263.51672363281
3643.28452924196	1265.23327636719
3645.26082254248	1264.71667480469
3647.23658457212	1266.61669921875
3649.21181556447	1263.69995117188
3651.18651575291	1264.98327636719
3653.16068537069	1267.21667480469
3655.13432465092	1261.59997558594
3657.10743382653	1263.59997558594
3659.08001313034	1266.08337402344
3661.05206279498	1265.66662597656
3663.02358305295	1266.58337402344
3664.9945741366	1262.56665039063
3666.96503627811	1263.59997558594
3668.93496970952	1260.08337402344
3670.90437466272	1260.38330078125
3672.87325136944	1264.05004882813
3674.84160006127	1264.84997558594
3676.80942096963	1262.23327636719
3678.77671432581	1264.36669921875
3680.74348036092	1264.31665039063
3682.70971930595	1263.86669921875
3684.6754313917	1261
3686.64061684885	1261.11669921875
3688.60527590791	1257.65002441406
3690.56940879924	1262.30004882813
3692.53301575303	1259.86669921875
3694.49609699936	1259.90002441406
3696.45865276812	1257.86669921875
3698.42068328904	1258.15002441406
3700.38218879173	1258.26672363281
3702.34316950563	1256.41662597656
3704.30362566	1260.55004882813
3706.26355748399	1257.13330078125
3708.22296520657	1258.48327636719
3710.18184905656	1256.80004882813
3712.14020926263	1256.81665039063
3714.09804605328	1255.96667480469
3716.05535965687	1256.86669921875
3718.01215030162	1255.65002441406
3719.96841821555	1255.16662597656
3721.92416362657	1255.26672363281
3723.8793867624	1253.23327636719
3725.83408785063	1254.01672363281
3727.78826711869	1252.13330078125
3729.74192479384	1254.40002441406
3731.69506110319	1254.91662597656
3733.64767627371	1252.23327636719
3735.59977053219	1254.28332519531
3737.55134410528	1252.03332519531
3739.50239721947	1252.90002441406
3741.45293010108	1252.19995117188
3743.40294297631	1253.41662597656
3745.35243607116	1251.55004882813
3747.3014096115	1253.46667480469
3749.24986382303	1251.40002441406
3751.19779893131	1250.68334960938
3753.14521516171	1252.11669921875
3755.09211273949	1253.90002441406
3757.0384918897	1249.84997558594
3758.98435283728	1248.44995117188
3760.92969580698	1248.19995117188
3762.87452102341	1250.44995117188
3764.81882871101	1247.81665039063
3766.76261909407	1249.73327636719
3768.70589239672	1250.38330078125
3770.64864884293	1248.55004882813
3772.59088865651	1248.68334960938
3774.53261206112	1249.19995117188
3776.47381928025	1248.40002441406
