-173.428722450078	1146.51672363281
-170.294344013779	1145.33337402344
-167.160990304052	1146.59997558594
-164.028660894548	1145.69995117188
-160.897355359205	1146.36669921875
-157.767073272189	1145.5
-154.637814207931	1146.09997558594
-151.50957774112	1146.23327636719
-148.382363446704	1145.30004882813
-145.256170899859	1145.51672363281
-142.130999676054	1146.21667480469
-139.006849350965	1146.16662597656
-135.883719500571	1146.11669921875
-132.761609701053	1145.51672363281
-129.640519528863	1146.40002441406
-126.520448560715	1145.34997558594
-123.401396373553	1145.58337402344
-120.28336254458	1146.28332519531
-117.166346651252	1146.43334960938
-114.050348271258	1146.5
-110.935366982541	1146.05004882813
-107.821402363301	1145.84997558594
-104.708453991972	1145.94995117188
-101.596521447235	1146.58337402344
-98.4856043080122	1146.66662597656
-95.3757021534957	1146.73327636719
-92.2668145630801	1146.36669921875
-89.1589411164452	1145.83337402344
-86.0520813934781	1146.15002441406
-82.946234974338	1146.25
-79.8414014394074	1146.5
-76.7375803693083	1146.13330078125
-73.6347713449181	1146.21667480469
-70.532973947345	1145.5
-67.4321877579402	1146.93334960938
-64.3324123582935	1145.93334960938
-61.2336473302252	1145.38330078125
-58.1358922558143	1145.5
-55.0391467173494	1145.01672363281
-51.9434102973817	1146.51672363281
-48.8486825786838	1146.21667480469
-45.7549631442702	1146.13330078125
-42.662251577389	1145.58337402344
-39.5705474615295	1145.44995117188
-36.4798503804062	1146.66662597656
-33.3901599179706	1145.88330078125
-30.301475658403	1146.75
-27.2137971861287	1146.09997558594
-24.1271240858053	1146.11669921875
-21.0414559423028	1145.76672363281
-17.9567923407513	1145.75
-14.8731328664812	1146.15002441406
-11.7904771050747	1147
-8.70882464233763	1145.69995117188
-5.62817506431157	1146.06665039063
-2.54852795725342	1146.51672363281
0.530117092344597	1147.13330078125
3.6077604977471	1146.51672363281
6.68440267202787	1145.31665039063
9.76004402799773	1146.48327636719
12.8346849782609	1145.93334960938
15.9083259351831	1145.33337402344
18.9809673109237	1146.34997558594
22.0526095173877	1145.56665039063
25.1232529662903	1146.41662597656
28.1928980690886	1145.90002441406
31.2615452370419	1146.84997558594
34.32919488118	1146.28332519531
37.3958474123071	1144.94995117188
40.4615032409942	1146.18334960938
43.5261627776189	1145.93334960938
46.58982643231	1146.78332519531
49.6524946149833	1145.40002441406
52.7141677353456	1145.86669921875
55.7748462028835	1146.58337402344
58.8345304268427	1146.16662597656
61.8932208162729	1145.53332519531
64.9509177800033	1146.53332519531
68.0076217266271	1146.03332519531
71.0633330645419	1146.34997558594
74.118052201909	1147.98327636719
77.1717795467022	1150.01672363281
80.224515506648	1157.18334960938
83.2762604892772	1175.44995117188
86.3270149018856	1190.25
89.3767791515896	1204.71667480469
92.4255536452548	1208.33337402344
95.4733387895519	1208.25
98.5201349909248	1208.43334960938
101.565942655643	1209.76672363281
104.610762189717	1208.46667480469
107.654593998963	1206.30004882813
110.697438488996	1207.96667480469
113.739296065204	1209.65002441406
116.78016713278	1208.78332519531
119.820052096698	1204.18334960938
122.85895136172	1202.30004882813
125.896865332408	1202.05004882813
128.933794413111	1200.34997558594
131.969739007965	1198.06665039063
135.004699520911	1196.83337402344
138.038676355664	1200.11669921875
141.071669915751	1196.61669921875
144.103680604487	1192.01672363281
147.134708824975	1194.30004882813
150.164754980118	1192.13330078125
153.193819472611	1193.03332519531
156.221902704945	1191.90002441406
159.24900507942	1190.66662597656
162.275126998099	1192.48327636719
165.300268862873	1191.23327636719
168.324431075425	1188.15002441406
171.347614037231	1190.33337402344
174.369818149562	1189.48327636719
177.391043813491	1188.68334960938
180.411291429897	1189.38330078125
183.430561399437	1187.40002441406
186.448854122582	1188.80004882813
189.466169999607	1189.65002441406
192.482509430598	1188.68334960938
195.497872815412	1187.36669921875
198.512260553716	1187.34997558594
201.525673045011	1188.69995117188
204.538110688552	1188.93334960938
207.549573883427	1189.68334960938
210.560063028519	1188.78332519531
213.569578522523	1189.86669921875
216.578120763917	1188.5
219.585690151021	1187.81665039063
222.592287081907	1188.61669921875
225.597911954507	1189.13330078125
228.602565166512	1193.05004882813
231.606247115456	1194.46667480469
234.608958198646	1193.68334960938
237.610698813222	1193.28332519531
240.611469356122	1191.5
243.611270224103	1192.55004882813
246.610101813707	1193.58337402344
249.607964521295	1190.94995117188
252.604858743044	1190.91662597656
255.600784874935	1191.59997558594
258.595743312749	1195
261.589734452097	1195.16662597656
264.582758688393	1191.34997558594
267.574816416842	1193.58337402344
270.565908032503	1194.41662597656
273.556033930195	1195.66662597656
276.545194504586	1193.78332519531
279.533390150138	1194.34997558594
282.520621261151	1196.06665039063
285.506888231708	1194.44995117188
288.49219145571	1196.41662597656
291.476531326902	1197.31665039063
294.459908238794	1200.46667480469
297.442322584762	1203.76672363281
300.423774757966	1202.73327636719
303.404265151375	1206.66662597656
306.383794157805	1205.43334960938
309.362362169862	1201.81665039063
312.339969579982	1200.71667480469
315.316616780414	1197.76672363281
318.292304163227	1196.63330078125
321.267032120295	1196.06665039063
324.24080104332	1194.06665039063
327.213611323833	1192.66662597656
330.185463353171	1193.94995117188
333.156357522491	1191.19995117188
336.126294222774	1190.78332519531
339.095273844812	1191.38330078125
342.063296779227	1190.01672363281
345.030363416467	1190.71667480469
347.996474146782	1187.53332519531
350.961629360257	1190.61669921875
353.925829446806	1189.01672363281
356.889074796147	1188.61669921875
359.851365797829	1189.15002441406
362.812702841222	1188.93334960938
365.773086315536	1189.25
368.732516609768	1187.98327636719
371.690994112778	1186.43334960938
374.648519213243	1187.93334960938
377.605092299631	1186.78332519531
380.560713760273	1190.08337402344
383.515383983307	1188.56665039063
386.469103356711	1187.13330078125
389.421872268273	1186.81665039063
392.373691105615	1186.01672363281
395.32456025619	1186.78332519531
398.274480107272	1183.80004882813
401.223451045967	1182.65002441406
404.171473459202	1185.23327636719
407.118547733728	1185.31665039063
410.064674256155	1182.78332519531
413.009853412892	1185.58337402344
415.954085590181	1181.73327636719
418.8973711741	1185.90002441406
421.83971055055	1185.61669921875
424.781104105281	1183.51672363281
427.721552223856	1187.05004882813
430.661055291665	1186.56665039063
433.599613693946	1185.90002441406
436.537227815752	1185.83337402344
439.473898041993	1185.94995117188
442.409624757378	1183.90002441406
445.344408346476	1184.01672363281
448.278249193683	1182.23327636719
451.211147683207	1182.58337402344
454.143104199122	1181.18334960938
457.074119125312	1178.84997558594
460.004192845497	1178.76672363281
462.933325743267	1179.66662597656
465.861518202001	1178.90002441406
468.788770604917	1181.53332519531
471.71508333511	1179.84997558594
474.640456775471	1182.23327636719
477.564891308737	1182.46667480469
480.488387317487	1184.11669921875
483.410945184141	1184.44995117188
486.332565290942	1187.26672363281
489.253248019986	1186.76672363281
492.172993753197	1188.78332519531
495.091802872338	1191.5
498.009675759011	1195.71667480469
500.926612794666	1201.06665039063
503.842614360571	1209.11669921875
506.757680837864	1225.06665039063
509.671812607493	1266.78332519531
512.585010050263	1388.05004882813
515.497273546817	1777.94995117188
518.408603477637	2433.60009765625
521.319000223045	2505.2666015625
524.228464163205	1959.33337402344
527.136995678121	1566.30004882813
530.044595147647	1377.55004882813
532.951262951471	1295.38330078125
535.856999469123	1247.61669921875
538.761805079986	1223.98327636719
541.665680163279	1209.84997558594
544.568625098049	1201.58337402344
547.470640263216	1196.13330078125
550.371726037533	1192.53332519531
553.271882799588	1187.08337402344
556.171110927825	1184.31665039063
559.069410800531	1182.30004882813
561.966782795823	1182.48327636719
564.863227291685	1178.94995117188
567.758744665944	1180.15002441406
570.653335296256	1179.19995117188
573.546999560148	1177.98327636719
576.439737834969	1178.06665039063
579.331550497935	1178.01672363281
582.222437926093	1178.18334960938
585.112400496356	1176.25
588.001438585469	1177.63330078125
590.889552570021	1177.58337402344
593.77674282648	1176.19995117188
596.663009731132	1177.65002441406
599.548353660116	1177.46667480469
602.432774989433	1179.41662597656
605.316274094926	1177.86669921875
608.198851352303	1181.30004882813
611.080507137075	1179.21667480469
613.961241824667	1179.68334960938
616.841055790315	1182.63330078125
619.71994940911	1180.68334960938
622.597923056008	1179.86669921875
625.474977105798	1180.65002441406
628.351111933143	1180.21667480469
631.22632791255	1180.75
634.10062541835	1179.23327636719
636.97400482478	1177.59997558594
639.846466505882	1177.63330078125
642.718010835585	1178.71667480469
645.58863818764	1178.01672363281
648.458348935679	1177.15002441406
651.327143453188	1179.25
654.195022113475	1177.40002441406
657.061985289745	1179.41662597656
659.928033355022	1180.13330078125
662.79316668221	1178.21667480469
665.657385644057	1178.83337402344
668.520690613176	1179.18334960938
671.383081962017	1179.53332519531
674.244560062899	1179.91662597656
677.105125288002	1178.61669921875
679.964778009343	1179.09997558594
682.823518598832	1178.53332519531
685.681347428202	1178.46667480469
688.538264869057	1176.09997558594
691.394271292855	1177.11669921875
694.249367070914	1175.56665039063
697.103552574412	1175.71667480469
699.956828174378	1175.5
702.809194241715	1174.59997558594
705.660651147175	1176
708.511199261361	1174.78332519531
711.360838954755	1175.21667480469
714.209570597676	1174.33337402344
717.057394560329	1174.51672363281
719.90431121275	1173.55004882813
722.750320924861	1173.58337402344
725.59542406643	1174.08337402344
728.439621007094	1174.61669921875
731.282912116347	1173.94995117188
734.125297763539	1176.26672363281
736.966778317898	1174.94995117188
739.807354148498	1174.41662597656
742.647025624275	1175.25
745.485793114042	1174.25
748.323656986468	1175.26672363281
751.160617610072	1174.90002441406
753.996675353258	1177.61669921875
756.831830584275	1175.51672363281
759.666083671249	1175.69995117188
762.499434982158	1174.88330078125
765.331884884853	1175.73327636719
768.163433747055	1175.44995117188
770.994081936328	1177.69995117188
773.823829820116	1175.80004882813
776.652677765732	1175.69995117188
779.480626140347	1176.63330078125
782.307675310993	1175.31665039063
785.133825644576	1177.34997558594
787.959077507869	1178.38330078125
790.783431267511	1176.51672363281
793.606887289986	1176.65002441406
796.429445941685	1176.68334960938
799.251107588836	1176.5
802.071872597536	1176.69995117188
804.891741333751	1178.34997558594
807.71071416334	1177.88330078125
810.528791451981	1177.80004882813
813.345973565269	1179.93334960938
816.162260868638	1177.55004882813
818.977653727395	1179
821.792152506717	1178.03332519531
824.605757571661	1179.26672363281
827.418469287133	1177.80004882813
830.230288017926	1179.28332519531
833.0412141287	1179.25
835.851247983973	1179.83337402344
838.660389948141	1177.78332519531
841.468640385466	1178.63330078125
844.27599966009	1178.31665039063
847.082468136026	1178.94995117188
849.888046177135	1177.96667480469
852.692734147171	1177.91662597656
855.496532409758	1178.44995117188
858.29944132839	1178.31665039063
861.10146126642	1178.88330078125
863.902592587094	1178.41662597656
866.702835653509	1177.75
869.502190828641	1179.15002441406
872.300658475353	1177.33337402344
875.098238956361	1180.26672363281
877.894932634271	1180.78332519531
880.690739871548	1177.51672363281
883.485661030531	1179.44995117188
886.279696473447	1177.46667480469
889.072846562376	1177.25
891.86511165929	1180.69995117188
894.65649212603	1179
897.446988324303	1179.41662597656
900.236600615703	1178
903.025329361687	1177.96667480469
905.813174923597	1180.28332519531
908.600137662639	1178.58337402344
911.38621793991	1181.21667480469
914.171416116365	1180.18334960938
916.95573255285	1180.75
919.739167610082	1181.38330078125
922.521721648641	1182.11669921875
925.303395029005	1187.28332519531
928.084188111517	1190.25
930.864101256396	1196.06665039063
933.643134823733	1201.56665039063
936.42128917351	1211.55004882813
939.198564665577	1217.41662597656
941.97496165967	1221.46667480469
944.750480515391	1219.86669921875
947.525121592226	1220.11669921875
950.298885249534	1222.68334960938
953.071771846555	1221.78332519531
955.843781742413	1222.41662597656
958.614915296108	1223.15002441406
961.385172866513	1223.41662597656
964.154554812387	1225.21667480469
966.92306149236	1222.19995117188
969.690693264949	1223.13330078125
972.457450488552	1225.05004882813
975.223333521431	1224.25
977.988342721749	1224.25
980.752478447535	1227.40002441406
983.515741056708	1221.75
986.278130907059	1218.59997558594
989.039648356259	1210.01672363281
991.800293761863	1204.96667480469
994.560067481312	1200.08337402344
997.318969871913	1197.01672363281
1000.07700129088	1193.69995117188
1002.83416209528	1190.16662597656
1005.59045264208	1187.55004882813
1008.34587328813	1187
1011.10042439014	1185.06665039063
1013.85410630472	1183.16662597656
1016.60691938837	1183
1019.35886399746	1182.84997558594
1022.10994048823	1183.06665039063
1024.86014921684	1182.43334960938
1027.60949053928	1179.56665039063
1030.35796481149	1179.68334960938
1033.10557238924	1176.09997558594
1035.85231362819	1176.19995117188
1038.5981888839	1174.34997558594
1041.34319851182	1173.90002441406
1044.08734286727	1174.43334960938
1046.83062230544	1172.15002441406
1049.57303718143	1172.34997558594
1052.31458785021	1171.41662597656
1055.05527466665	1172.81665039063
1057.79509798549	1173.58337402344
1060.53405816134	1173.08337402344
1063.27215554874	1173.01672363281
1066.00939050209	1174.03332519531
1068.74576337565	1173.80004882813
1071.48127452361	1170.98327636719
1074.21592430002	1172.76672363281
1076.94971305882	1172.18334960938
1079.68264115384	1171.06665039063
1082.41470893879	1173.11669921875
1085.14591676728	1170.69995117188
1087.8762649928	1172.05004882813
1090.60575396871	1170.25
1093.33438404827	1171.66662597656
1096.06215558464	1172.08337402344
1098.78906893086	1170.69995117188
1101.51512443981	1171.86669921875
1104.24032246435	1170.90002441406
1106.96466335716	1171.80004882813
1109.68814747081	1171.63330078125
1112.41077515779	1172.43334960938
1115.13254677044	1172.31665039063
1117.85346266104	1171.98327636719
1120.57352318169	1171.55004882813
1123.29272868445	1171.88330078125
1126.01107952121	1171.33337402344
1128.72857604378	1171.83337402344
1131.44521860385	1170.41662597656
1134.16100755301	1169.59997558594
1136.87594324271	1173.01672363281
1139.59002602433	1172.71667480469
1142.3032562491	1170.83337402344
1145.01563426818	1172.61669921875
1147.72716043257	1173.96667480469
1150.43783509322	1174.43334960938
1153.14765860091	1173.68334960938
1155.85663130634	1173.78332519531
1158.56475356012	1173.84997558594
1161.27202571271	1173.16662597656
1163.97844811448	1172.81665039063
1166.68402111569	1173.01672363281
1169.38874506649	1172.43334960938
1172.09262031694	1170.5
1174.79564721695	1170.43334960938
1177.49782611635	1172.38330078125
1180.19915736486	1171
1182.89964131208	1172.08337402344
1185.59927830751	1172.13330078125
1188.29806870054	1172.56665039063
1190.99601284046	1170.43334960938
1193.69311107643	1172.19995117188
1196.38936375753	1170.88330078125
1199.08477123271	1171.71667480469
1201.77933385082	1170.96667480469
1204.47305196061	1171.34997558594
1207.1659259107	1171.55004882813
1209.85795604964	1170.51672363281
1212.54914272585	1172.06665039063
1215.23948628763	1170.90002441406
1217.92898708319	1173.15002441406
1220.61764546064	1173.63330078125
1223.30546176798	1175.21667480469
1225.99243635308	1173.05004882813
1228.67856956373	1172.01672363281
1231.36386174761	1171.78332519531
1234.04831325228	1171.16662597656
1236.73192442522	1173.16662597656
1239.41469561377	1171.19995117188
1242.09662716519	1170.53332519531
1244.77771942662	1173.11669921875
1247.45797274511	1174.03332519531
1250.13738746759	1175.63330078125
1252.81596394089	1173.30004882813
1255.49370251175	1173.44995117188
1258.17060352676	1173.26672363281
1260.84666733246	1173.66662597656
1263.52189427525	1173.19995117188
1266.19628470144	1172.41662597656
1268.86983895722	1174.59997558594
1271.5425573887	1172.40002441406
1274.21444034186	1173.53332519531
1276.8854881626	1173.13330078125
1279.55570119671	1174.08337402344
1282.22507978985	1175
1284.89362428759	1175.28332519531
1287.56133503543	1176.11669921875
1290.22821237872	1177.16662597656
1292.89425666274	1176.84997558594
1295.55946823263	1177.78332519531
1298.22384743346	1175.81665039063
1300.88739461019	1176.38330078125
1303.55011010766	1175.28332519531
1306.21199427063	1174.93334960938
1308.87304744373	1172.43334960938
1311.53326997152	1171.31665039063
1314.19266219843	1173.78332519531
1316.8512244688	1172.53332519531
1319.50895712687	1172.98327636719
1322.16586051676	1172.01672363281
1324.82193498252	1171.46667480469
1327.47718086806	1172.71667480469
1330.1315985172	1173.13330078125
1332.78518827369	1173.63330078125
1335.43795048114	1174.09997558594
1338.08988548307	1173.44995117188
1340.74099362289	1174.38330078125
1343.39127524392	1174.33337402344
1346.04073068939	1174.13330078125
1348.6893603024	1173
1351.33716442597	1172.73327636719
1353.98414340301	1173.01672363281
1356.63029757632	1171.44995117188
1359.27562728863	1171.71667480469
1361.92013288252	1170.63330078125
1364.56381470053	1169.76672363281
1367.20667308505	1170.30004882813
1369.84870837838	1169.23327636719
1372.48992092274	1171.44995117188
1375.13031106023	1171.48327636719
1377.76987913284	1172.31665039063
1380.40862548251	1169.83337402344
1383.04655045101	1170.33337402344
1385.68365438006	1170.08337402344
1388.31993761126	1170.11669921875
1390.95540048612	1169.40002441406
1393.59004334605	1170.08337402344
1396.22386653233	1171.68334960938
1398.85687038619	1172.34997558594
1401.48905524873	1172.25
1404.12042146094	1172.03332519531
1406.75096936375	1173.36669921875
1409.38069929796	1172.46667480469
1412.00961160428	1172.36669921875
1414.63770662332	1173.84997558594
1417.26498469557	1172.63330078125
1419.89144616146	1171.80004882813
1422.51709136132	1169.31665039063
1425.14192063532	1169.40002441406
1427.76593432361	1170.78332519531
1430.3891327662	1171.5
1433.01151630299	1168.25
1435.63308527382	1171
1438.2538400184	1169.80004882813
1440.87378087637	1170.26672363281
1443.49290818722	1170.98327636719
1446.1112222904	1173.01672363281
1448.72872352524	1171.53332519531
1451.34541223097	1172.71667480469
1453.96128874671	1173.06665039063
1456.5763534115	1171.80004882813
1459.19060656429	1172.19995117188
1461.8040485439	1171.61669921875
1464.41667968907	1170.71667480469
1467.02850033846	1172.55004882813
1469.63951083061	1171.94995117188
1472.24971150397	1170.41662597656
1474.8591026969	1172
1477.46768474763	1171.86669921875
1480.07545799434	1171.30004882813
1482.68242277508	1171.68334960938
1485.28857942782	1172.33337402344
1487.89392829042	1170.84997558594
1490.49846970065	1170.58337402344
1493.10220399619	1169.94995117188
1495.70513151461	1170.73327636719
1498.30725259339	1169.08337402344
1500.90856756992	1171.11669921875
1503.50907678146	1168.98327636719
1506.10878056524	1170.65002441406
1508.70767925832	1169.56665039063
1511.30577319772	1170.25
1513.90306272032	1169.48327636719
1516.49954816295	1169.59997558594
1519.09522986229	1169.98327636719
1521.69010815498	1168.58337402344
1524.28418337751	1169.59997558594
1526.87745586632	1167.88330078125
1529.46992595773	1170.15002441406
1532.06159398796	1167.69995117188
1534.65246029316	1168.76672363281
1537.24252520935	1170.16662597656
1539.83178907249	1170.23327636719
1542.42025221841	1169.88330078125
1545.00791498287	1171.44995117188
1547.59477770152	1172.46667480469
1550.18084070993	1171.15002441406
1552.76610434356	1172.41662597656
1555.35056893777	1173.21667480469
1557.93423482785	1174.31665039063
1560.51710234896	1176.33337402344
1563.0991718362	1176.75
1565.68044362457	1180.83337402344
1568.26091804893	1181.09997558594
1570.84059544411	1186.83337402344
1573.41947614481	1191.15002441406
1575.99756048562	1196.28332519531
1578.57484880108	1206.48327636719
1581.15134142559	1212.05004882813
1583.72703869349	1219.08337402344
1586.301940939	1218.63330078125
1588.87604849628	1216.76672363281
1591.44936169934	1208.61669921875
1594.02188088215	1199.23327636719
1596.59360637855	1197.05004882813
1599.16453852232	1192.19995117188
1601.73467764709	1191.73327636719
1604.30402408647	1190.33337402344
1606.87257817391	1187.30004882813
1609.44034024281	1184.06665039063
1612.00731062644	1181.13330078125
1614.57348965801	1178.84997558594
1617.13887767062	1176.15002441406
1619.70347499726	1175.69995117188
1622.26728197086	1174.84997558594
1624.83029892423	1176.23327636719
1627.39252619012	1176.06665039063
1629.95396410112	1180.25
1632.5146129898	1180.41662597656
1635.07447318858	1179.06665039063
1637.63354502984	1177.31665039063
1640.19182884582	1175.30004882813
1642.74932496868	1173.43334960938
1645.3060337305	1172.31665039063
1647.86195546325	1169.59997558594
1650.41709049882	1169.61669921875
1652.971439169	1171.05004882813
1655.52500180548	1169.01672363281
1658.07777873987	1168.19995117188
1660.62977030368	1169.58337402344
1663.18097682833	1167.31665039063
1665.73139864514	1167.93334960938
1668.28103608534	1167.83337402344
1670.82988948008	1168.08337402344
1673.37795916039	1169.09997558594
1675.92524545724	1167.75
1678.47174870147	1169.65002441406
1681.01746922386	1167.69995117188
1683.56240735508	1169.55004882813
1686.10656342572	1169.21667480469
1688.64993776626	1166.83337402344
1691.19253070709	1168.63330078125
1693.73434257853	1168.51672363281
1696.27537371078	1167.96667480469
1698.81562443395	1168.13330078125
1701.35509507809	1168.65002441406
1703.89378597311	1169.33337402344
1706.43169744886	1166.69995117188
1708.96882983509	1169.86669921875
1711.50518346144	1170.21667480469
1714.0407586575	1172.59997558594
1716.57555575272	1171.13330078125
1719.10957507649	1174.46667480469
1721.64281695809	1173.59997558594
1724.17528172671	1175.94995117188
1726.70696971146	1173.56665039063
1729.23788124135	1173.46667480469
1731.7680166453	1170.66662597656
1734.29737625213	1172.96667480469
1736.82596039057	1170.73327636719
1739.35376938927	1172.86669921875
1741.88080357677	1169.61669921875
1744.40706328154	1170.46667480469
1746.93254883193	1169.56665039063
1749.45726055623	1168.83337402344
1751.9811987826	1168.63330078125
1754.50436383915	1168.40002441406
1757.02675605387	1167.40002441406
1759.54837575466	1168.58337402344
1762.06922326934	1168.03332519531
1764.58929892564	1167.18334960938
1767.10860305118	1169.75
1769.6271359735	1167.41662597656
1772.14489802005	1167.91662597656
1774.66188951817	1167.19995117188
1777.17811079515	1166.08337402344
1779.69356217815	1167.28332519531
1782.20824399425	1167.51672363281
1784.72215657043	1167.75
1787.23530023361	1167.38330078125
1789.74767531057	1167.76672363281
1792.25928212804	1165.59997558594
1794.77012101264	1167.41662597656
1797.2801922909	1168.03332519531
1799.78949628926	1165.73327636719
1802.29803333406	1168.91662597656
1804.80580375158	1167.03332519531
1807.31280786797	1165.76672363281
1809.81904600929	1165.69995117188
1812.32451850154	1168.18334960938
1814.82922567061	1166.18334960938
1817.33316784231	1167.40002441406
1819.83634534233	1167.26672363281
1822.33875849629	1166.25
1824.84040762973	1168.26672363281
1827.34129306808	1167.75
1829.84141513667	1167.06665039063
1832.34077416077	1166.75
1834.83937046553	1166.46667480469
1837.33720437602	1166.63330078125
1839.83427621723	1165.78332519531
1842.33058631404	1165.88330078125
1844.82613499125	1167.06665039063
1847.32092257355	1166.19995117188
1849.81494938558	1166.91662597656
1852.30821575184	1167.55004882813
1854.80072199677	1166.90002441406
1857.29246844473	1166.80004882813
1859.78345541994	1167.98327636719
1862.27368324658	1166.03332519531
1864.76315224871	1167.84997558594
1867.2518627503	1167.01672363281
1869.73981507524	1168.11669921875
1872.22700954733	1167.38330078125
1874.71344649027	1167.40002441406
1877.19912622768	1168.38330078125
1879.68404908308	1167.94995117188
1882.16821537988	1166.53332519531
1884.65162544145	1165.44995117188
1887.13427959102	1167.08337402344
1889.61617815175	1167.03332519531
1892.0973214467	1167.61669921875
1894.57770979887	1166.53332519531
1897.05734353113	1168.05004882813
1899.53622296628	1166.40002441406
1902.014348427	1166.41662597656
1904.49172023593	1167.25
1906.96833871558	1166.13330078125
1909.44420418839	1166.08337402344
1911.91931697668	1167.51672363281
1914.39367740272	1166.86669921875
1916.86728578865	1166.56665039063
1919.34014245654	1168.33337402344
1921.81224772838	1167.34997558594
1924.28360192604	1166.63330078125
1926.75420537132	1166.59997558594
1929.22405838593	1166.46667480469
1931.69316129147	1166.38330078125
1934.16151440948	1166.03332519531
1936.62911806136	1167.18334960938
1939.09597256848	1167.03332519531
1941.56207825207	1166.33337402344
1944.0274354333	1166.5
1946.49204443322	1166.65002441406
1948.95590557284	1167.33337402344
1951.41901917301	1168.51672363281
1953.88138555454	1167.23327636719
1956.34300503813	1165.91662597656
1958.8038779444	1167.38330078125
1961.26400459387	1167.26672363281
1963.72338530697	1167.31665039063
1966.18202040403	1168.16662597656
1968.63991020531	1168.16662597656
1971.09705503097	1166.48327636719
1973.55345520107	1167
1976.0091110356	1166.84997558594
1978.46402285444	1165.94995117188
1980.91819097737	1167.71667480469
1983.3716157241	1167.25
1985.82429741427	1164.90002441406
1988.27623636736	1166.66662597656
1990.72743290284	1167.81665039063
1993.17788734002	1167.03332519531
1995.62759999817	1165.80004882813
1998.07657119644	1166.56665039063
2000.5248012539	1168.31665039063
2002.97229048952	1166.73327636719
2005.41903922219	1167.06665039063
2007.86504777071	1167.34997558594
2010.31031645378	1167.16662597656
2012.75484559	1168.59997558594
2015.19863549792	1166.63330078125
2017.64168649594	1166.38330078125
2020.08399890242	1168.51672363281
2022.5255730356	1167.43334960938
2024.96640921365	1166.36669921875
2027.40650775462	1168.01672363281
2029.84586897649	1166.66662597656
2032.28449319715	1166.65002441406
2034.72238073438	1166.84997558594
2037.15953190591	1166.11669921875
2039.59594702932	1167.33337402344
2042.03162642215	1166.65002441406
2044.46657040182	1166.61669921875
2046.90077928567	1168.34997558594
2049.33425339095	1165.88330078125
2051.76699303481	1166.03332519531
2054.19899853433	1164.43334960938
2056.63027020645	1165.86669921875
2059.06080836809	1165.78332519531
2061.49061333602	1166.93334960938
2063.91968542694	1166.15002441406
2066.34802495747	1167.48327636719
2068.77563224411	1165.26672363281
2071.20250760329	1167.15002441406
2073.62865135136	1166.56665039063
2076.05406380455	1166.11669921875
2078.47874527901	1165.5
2080.9026960908	1166.59997558594
2083.3259165559	1165.83337402344
2085.74840699018	1166.11669921875
2088.17016770944	1164.41662597656
2090.59119902935	1166.55004882813
2093.01150126553	1167.11669921875
2095.43107473348	1165.80004882813
2097.84991974864	1167.83337402344
2100.26803662633	1166.09997558594
2102.68542568178	1165.78332519531
2105.10208723015	1166.48327636719
2107.51802158648	1167.73327636719
2109.93322906574	1167.08337402344
2112.3477099828	1166.59997558594
2114.76146465245	1166.31665039063
2117.17449338937	1165.63330078125
2119.58679650815	1165.66662597656
2121.9983743233	1167.65002441406
2124.40922714924	1165.51672363281
2126.81935530029	1168.38330078125
2129.22875909067	1166.25
2131.63743883452	1167.41662597656
2134.04539484589	1167.08337402344
2136.45262743874	1166.65002441406
2138.85913692692	1167.73327636719
2141.26492362422	1166.05004882813
2143.6699878443	1167.5
2146.07432990076	1166.13330078125
2148.47795010708	1165.75
2150.88084877667	1167.31665039063
2153.28302622285	1167.69995117188
2155.68448275883	1166.75
2158.08521869774	1165.59997558594
2160.48523435261	1167.59997558594
2162.88453003639	1164.71667480469
2165.28310606193	1167.53332519531
2167.68096274199	1166.41662597656
2170.07810038922	1167.40002441406
2172.47451931622	1165.38330078125
2174.87021983546	1166.16662597656
2177.26520225933	1165.71667480469
2179.65946690013	1167.26672363281
2182.05301407006	1166.56665039063
2184.44584408123	1166.23327636719
2186.83795724567	1165.65002441406
2189.22935387531	1166.18334960938
2191.62003428198	1166.88330078125
2194.00999877743	1166.13330078125
2196.39924767329	1166.05004882813
2198.78778128115	1166.23327636719
2201.17559991245	1166.68334960938
2203.56270387857	1166.11669921875
2205.94909349081	1166.46667480469
2208.33476906033	1165.84997558594
2210.71973089824	1168.11669921875
2213.10397931554	1167.25
2215.48751462314	1164.23327636719
2217.87033713186	1166.55004882813
2220.25244715242	1166.36669921875
2222.63384499546	1166.21667480469
2225.01453097151	1165.5
2227.39450539101	1166.03332519531
2229.77376856434	1166.28332519531
2232.15232080173	1165.03332519531
2234.53016241336	1166.94995117188
2236.9072937093	1165.88330078125
2239.28371499954	1168.44995117188
2241.65942659396	1165.25
2244.03442880236	1165.61669921875
2246.40872193443	1164.88330078125
2248.78230629979	1165.53332519531
2251.15518220795	1167.08337402344
2253.52734996835	1166.03332519531
2255.89880989029	1165.71667480469
2258.26956228301	1167.83337402344
2260.63960745567	1166.01672363281
2263.00894571731	1168
2265.37757737688	1167.44995117188
2267.74550274324	1166
2270.11272212517	1167.09997558594
2272.47923583134	1166.43334960938
2274.84504417031	1166.25
2277.2101474506	1166.03332519531
2279.57454598058	1167.11669921875
2281.93824006856	1166.16662597656
2284.30123002275	1165.84997558594
2286.66351615125	1165.58337402344
2289.02509876208	1165.03332519531
2291.38597816317	1164.18334960938
2293.74615466236	1166.03332519531
2296.10562856737	1165.19995117188
2298.46440018585	1165.06665039063
2300.82246982535	1165.21667480469
2303.1798377933	1165.98327636719
2305.5365043971	1166.31665039063
2307.89246994399	1166.06665039063
2310.24773474116	1166.94995117188
2312.60229909566	1166.51672363281
2314.95616331451	1166.86669921875
2317.30932770456	1166.09997558594
2319.66179257263	1165.03332519531
2322.01355822542	1165.73327636719
2324.36462496953	1167.33337402344
2326.71499311146	1165.66662597656
2329.06466295764	1166.03332519531
2331.41363481439	1165.63330078125
2333.76190898794	1166.11669921875
2336.10948578441	1165.03332519531
2338.45636550986	1167.15002441406
2340.80254847022	1166.21667480469
2343.14803497132	1166.66662597656
2345.49282531895	1166.03332519531
2347.83691981874	1166.11669921875
2350.18031877626	1166.78332519531
2352.52302249699	1164.98327636719
2354.8650312863	1167.5
2357.20634544946	1166.26672363281
2359.54696529166	1167.31665039063
2361.88689111798	1166.44995117188
2364.22612323341	1166.34997558594
2366.56466194287	1165.08337402344
2368.90250755114	1165.65002441406
2371.23966036293	1165.78332519531
2373.57612068286	1166.93334960938
2375.91188881545	1166.26672363281
2378.2469650651	1166.19995117188
2380.58134973615	1165.98327636719
2382.91504313282	1167.58337402344
2385.24804555926	1165.81665039063
2387.58035731949	1165.30004882813
2389.91197871745	1166.71667480469
2392.24291005701	1166.98327636719
2394.57315164189	1164.80004882813
2396.90270377577	1166.58337402344
2399.23156676218	1167.08337402344
2401.55974090461	1166.36669921875
2403.88722650642	1166.80004882813
2406.21402387086	1165.63330078125
2408.54013330113	1167.06665039063
2410.8655551003	1166.36669921875
2413.19028957133	1167
2415.51433701713	1166.76672363281
2417.83769774049	1167.53332519531
2420.16037204408	1167.19995117188
2422.48236023051	1168.18334960938
2424.80366260228	1167.73327636719
2427.12427946179	1168.63330078125
2429.44421111134	1168.15002441406
2431.76345785315	1169.43334960938
2434.08201998932	1169.56665039063
2436.39989782188	1167.86669921875
2438.71709165273	1167.5
2441.0336017837	1169.66662597656
2443.34942851653	1169.21667480469
2445.66457215282	1169.55004882813
2447.97903299412	1169.78332519531
2450.29281134185	1168.69995117188
2452.60590749736	1170.09997558594
2454.91832176188	1171.36669921875
2457.23005443656	1170.84997558594
2459.54110582243	1170
2461.85147622045	1169.53332519531
2464.16116593146	1168.28332519531
2466.47017525621	1168.81665039063
2468.77850449536	1169.68334960938
2471.08615394947	1168.96667480469
2473.39312391899	1167.78332519531
2475.69941470429	1169.44995117188
2478.00502660562	1167.23327636719
2480.30995992316	1169.08337402344
2482.61421495697	1166.88330078125
2484.91779200702	1165.59997558594
2487.22069137316	1167.51672363281
2489.5229133552	1167.16662597656
2491.8244582528	1168.28332519531
2494.12532636553	1166.41662597656
2496.42551799287	1167.01672363281
2498.72503343421	1168.63330078125
2501.02387298882	1166.86669921875
2503.32203695588	1168.18334960938
2505.61952563449	1166.91662597656
2507.91633932361	1166.86669921875
2510.21247832216	1167.78332519531
2512.50794292891	1168.44995117188
2514.80273344255	1166.63330078125
2517.09685016167	1166.94995117188
2519.39029338476	1166.93334960938
2521.68306341022	1166.98327636719
2523.97516053634	1167.59997558594
2526.26658506132	1166.76672363281
2528.55733728325	1166.66662597656
2530.84741750012	1166.96667480469
2533.13682600984	1167.09997558594
2535.4255631102	1167.23327636719
2537.7136290989	1167.01672363281
2540.00102427354	1166.30004882813
2542.28774893162	1166.80004882813
2544.57380337053	1167.65002441406
2546.85918788758	1166.78332519531
2549.14390277997	1165.5
2551.4279483448	1167.66662597656
2553.71132487906	1168.19995117188
2555.99403267966	1167.93334960938
2558.27607204341	1166.33337402344
2560.55744326699	1167.09997558594
2562.83814664702	1168.25
2565.11818247999	1167.36669921875
2567.3975510623	1167.81665039063
2569.67625269025	1166.21667480469
2571.95428766003	1167.59997558594
2574.23165626776	1167.21667480469
2576.50835880942	1167.15002441406
2578.78439558093	1166.26672363281
2581.05976687806	1166.40002441406
2583.33447299652	1169.48327636719
2585.60851423191	1168.78332519531
2587.88189087972	1166.75
2590.15460323534	1167.61669921875
2592.42665159406	1168.65002441406
2594.69803625108	1169.38330078125
2596.9687575015	1167.33337402344
2599.23881564029	1168.80004882813
2601.50821096235	1168.78332519531
2603.77694376245	1169.03332519531
2606.0450143353	1169.05004882813
2608.31242297548	1168.34997558594
2610.57916997746	1170.46667480469
2612.84525563562	1170.96667480469
2615.11068024426	1171.83337402344
2617.37544409753	1171.66662597656
2619.63954748952	1173.19995117188
2621.90299071421	1174.44995117188
2624.16577406546	1174.61669921875
2626.42789783705	1176.58337402344
2628.68936232264	1178.83337402344
2630.9501678158	1179.91662597656
2633.21031460999	1182.65002441406
2635.46980299857	1185.83337402344
2637.72863327481	1187.48327636719
2639.98680573185	1193.01672363281
2642.24432066276	1194.59997558594
2644.50117836048	1200
2646.75737911786	1202.40002441406
2649.01292322765	1207.44995117188
2651.26781098249	1214.25
2653.52204267492	1220.55004882813
2655.77561859738	1225.88330078125
2658.0285390422	1229.88330078125
2660.28080430161	1235.46667480469
2662.53241466774	1238.09997558594
2664.78337043263	1244.56665039063
2667.03367188817	1247.63330078125
2669.2833193262	1251
2671.53231303844	1249.73327636719
2673.78065331648	1248.63330078125
2676.02834045184	1248.06665039063
2678.27537473592	1244.81665039063
2680.52175646002	1239.09997558594
2682.76748591535	1234.59997558594
2685.01256339298	1230.98327636719
2687.25698918391	1225.71667480469
2689.50076357901	1220.08337402344
2691.74388686909	1215.5
2693.9863593448	1208.26672363281
2696.22818129672	1205.73327636719
2698.46935301532	1201.26672363281
2700.70987479096	1194.48327636719
2702.94974691389	1193.78332519531
2705.18896967428	1189.01672363281
2707.42754336216	1187.83337402344
2709.66546826749	1185.11669921875
2711.90274468011	1182.53332519531
2714.13937288974	1180.09997558594
2716.37535318602	1179.38330078125
2718.61068585848	1177.55004882813
2720.84537119652	1174.65002441406
2723.07940948947	1174.75
2725.31280102654	1173.46667480469
2727.54554609682	1172.76672363281
2729.77764498933	1171.44995117188
2732.00909799294	1172.03332519531
2734.23990539644	1170.43334960938
2736.47006748853	1168.30004882813
2738.69958455777	1171.43334960938
2740.92845689263	1169.25
2743.15668478147	1170
2745.38426851257	1168.25
2747.61120837406	1168.34997558594
2749.83750465399	1168.08337402344
2752.0631576403	1168.06665039063
2754.28816762083	1168.38330078125
2756.51253488329	1167.76672363281
2758.73625971532	1166.11669921875
2760.95934240442	1167.96667480469
2763.18178323801	1167.81665039063
2765.40358250338	1165.38330078125
2767.62474048773	1166.73327636719
2769.84525747814	1166.25
2772.06513376159	1166.33337402344
2774.28436962496	1167.69995117188
2776.50296535501	1166.68334960938
2778.7209212384	1166.46667480469
2780.93823756168	1165.81665039063
2783.15491461129	1164.84997558594
2785.37095267358	1165.86669921875
2787.58635203477	1164.58337402344
2789.80111298097	1165.41662597656
2792.01523579822	1165.5
2794.2287207724	1165.61669921875
2796.44156818932	1166.09997558594
2798.65377833468	1165.01672363281
2800.86535149404	1165.76672363281
2803.07628795289	1164.19995117188
2805.28658799659	1164.69995117188
2807.4962519104	1166.26672363281
2809.70527997946	1164.21667480469
2811.91367248883	1165.33337402344
2814.12142972342	1165.78332519531
2816.32855196807	1166.41662597656
2818.53503950749	1164.76672363281
2820.74089262628	1165.76672363281
2822.94611160894	1165.30004882813
2825.15069673987	1166.41662597656
2827.35464830333	1163.76672363281
2829.55796658351	1165.09997558594
2831.76065186445	1164.43334960938
2833.96270443012	1165.68334960938
2836.16412456437	1164.80004882813
2838.3649125509	1165.93334960938
2840.56506867336	1165.55004882813
2842.76459321526	1165.18334960938
2844.96348645999	1164.58337402344
2847.16174869086	1166.34997558594
2849.35938019105	1164.94995117188
2851.55638124363	1164.75
2853.75275213157	1165.81665039063
2855.94849313772	1165.08337402344
2858.14360454483	1165.31665039063
2860.33808663553	1165.18334960938
2862.53193969234	1165.34997558594
2864.72516399768	1167.25
2866.91775983385	1166.93334960938
2869.10972748304	1168.15002441406
2871.30106722733	1167.58337402344
2873.4917793487	1167.25
2875.68186412899	1167.09997558594
2877.87132184997	1168.01672363281
2880.06015279325	1168.21667480469
2882.24835724039	1168.43334960938
2884.43593547278	1167.33337402344
2886.62288777173	1169
2888.80921441843	1168.73327636719
2890.99491569397	1168.66662597656
2893.1799918793	1168.56665039063
2895.36444325529	1168.80004882813
2897.54827010269	1172.59997558594
2899.73147270213	1170.66662597656
2901.91405133412	1169.75
2904.09600627909	1167.34997558594
2906.27733781731	1171.94995117188
2908.45804622899	1170.46667480469
2910.63813179418	1170.03332519531
2912.81759479286	1170.31665039063
2914.99643550486	1171.58337402344
2917.17465420994	1170.94995117188
2919.3522511877	1173.06665039063
2921.52922671765	1172.66662597656
2923.7055810792	1171.69995117188
2925.88131455162	1172.84997558594
2928.05642741408	1172.43334960938
2930.23091994566	1173.09997558594
2932.40479242528	1173
2934.57804513178	1172.93334960938
2936.75067834387	1171.48327636719
2938.92269234017	1173.91662597656
2941.09408739916	1172.55004882813
2943.26486379921	1171.31665039063
2945.4350218186	1173.59997558594
2947.60456173546	1171.94995117188
2949.77348382783	1172.96667480469
2951.94178837363	1172.08337402344
2954.10947565068	1172.11669921875
2956.27654593666	1174.51672363281
2958.44299950915	1173.09997558594
2960.60883664562	1173.13330078125
2962.77405762341	1173.06665039063
2964.93866271975	1174.75
2967.10265221178	1174.28332519531
2969.26602637648	1174.66662597656
2971.42878549076	1173.88330078125
2973.59092983139	1173.41662597656
2975.75245967501	1171.81665039063
2977.9133752982	1174.01672363281
2980.07367697736	1171.5
2982.23336498882	1171.65002441406
2984.39243960877	1171.71667480469
2986.5509011133	1171.44995117188
2988.70874977837	1170.91662597656
2990.86598587984	1170.09997558594
2993.02260969344	1170.48327636719
2995.17862149478	1170.33337402344
2997.33402155938	1169
2999.48881016262	1169.36669921875
3001.64298757978	1167.23327636719
3003.796554086	1168.40002441406
3005.94950995633	1167.41662597656
3008.10185546569	1167.16662597656
3010.25359088888	1165.80004882813
3012.40471650059	1166.01672363281
3014.5552325754	1165.51672363281
3016.70513938776	1166.21667480469
3018.85443721201	1167.43334960938
3021.00312632236	1167.65002441406
3023.15120699292	1164.46667480469
3025.29867949769	1167.26672363281
3027.44554411052	1166.63330078125
3029.59180110516	1168.68334960938
3031.73745075527	1168.41662597656
3033.88249333434	1169.68334960938
3036.02692911578	1169.51672363281
3038.17075837287	1170.71667480469
3040.31398137877	1170.44995117188
3042.45659840653	1170.18334960938
3044.59860972907	1169.30004882813
3046.7400156192	1167.91662597656
3048.88081634961	1168.40002441406
3051.02101219287	1168.46667480469
3053.16060342144	1167.05004882813
3055.29959030765	1167.58337402344
3057.43797312371	1166.90002441406
3059.57575214172	1166.13330078125
3061.71292763366	1167.98327636719
3063.84949987139	1167.41662597656
3065.98546912665	1166.08337402344
3068.12083567105	1168.26672363281
3070.2555997761	1168.11669921875
3072.38976171319	1167.69995117188
3074.52332175356	1166.48327636719
3076.65628016837	1167.76672363281
3078.78863722863	1165.15002441406
3080.92039320526	1166.5
3083.05154836902	1164.71667480469
3085.1821029906	1165.91662597656
3087.31205734051	1164.31665039063
3089.44141168921	1165.59997558594
3091.57016630696	1163.98327636719
3093.69832146398	1165.34997558594
3095.82587743032	1163.90002441406
3097.9528344759	1164.40002441406
3100.07919287056	1164.91662597656
3102.204952884	1164.08337402344
3104.33011478579	1164.08337402344
3106.45467884538	1164.63330078125
3108.57864533212	1165.36669921875
3110.70201451522	1163.81665039063
3112.82478666378	1163.33337402344
3114.94696204676	1163.28332519531
3117.06854093301	1164.18334960938
3119.18952359127	1164.33337402344
3121.30991029013	1161.46667480469
3123.4297012981	1163.30004882813
3125.54889688352	1162.34997558594
3127.66749731464	1163.59997558594
3129.78550285957	1162.13330078125
3131.90291378633	1163.15002441406
3134.01973036277	1161.96667480469
3136.13595285665	1162.48327636719
3138.2515815356	1161.98327636719
3140.36661666714	1163.15002441406
3142.48105851863	1163.23327636719
3144.59490735734	1162.90002441406
3146.70816345041	1163.34997558594
3148.82082706486	1162.23327636719
3150.93289846758	1161.93334960938
3153.04437792532	1162.21667480469
3155.15526570475	1162.38330078125
3157.26556207238	1162.28332519531
3159.37526729461	1160.90002441406
3161.48438163771	1162.69995117188
3163.59290536784	1161.05004882813
3165.70083875102	1161.30004882813
3167.80818205315	1163.05004882813
3169.91493554002	1162
3172.02109947727	1162.16662597656
3174.12667413044	1164.05004882813
3176.23165976493	1162.5
3178.33605664602	1162.63330078125
3180.43986503887	1161.75
3182.54308520852	1162.94995117188
3184.64571741986	1164.09997558594
3186.74776193769	1160.96667480469
3188.84921902664	1164.05004882813
3190.95008895128	1162.58337402344
3193.05037197599	1162.55004882813
3195.15006836504	1163.23327636719
3197.24917838262	1162.33337402344
3199.34770229274	1162.38330078125
3201.44564035931	1161.96667480469
3203.5429928461	1162.09997558594
3205.63976001677	1162.81665039063
3207.73594213484	1161.65002441406
3209.83153946372	1163.63330078125
3211.92655226669	1162.73327636719
3214.02098080688	1163.66662597656
3216.11482534732	1162.03332519531
3218.20808615091	1163.93334960938
3220.30076348041	1162.53332519531
3222.39285759847	1163.81665039063
3224.4843687676	1164.48327636719
3226.57529725019	1164.06665039063
3228.66564330851	1164.58337402344
3230.75540720468	1164.75
3232.8445892007	1164.68334960938
3234.93318955847	1164.33337402344
3237.02120853974	1165.88330078125
3239.10864640612	1166.01672363281
3241.19550341911	1164.96667480469
3243.28177984009	1165.23327636719
3245.36747593029	1165.78332519531
3247.45259195083	1165.33337402344
3249.53712816268	1164.25
3251.62108482672	1163.90002441406
3253.70446220366	1164.13330078125
3255.78726055411	1164.18334960938
3257.86948013853	1163.26672363281
3259.95112121728	1163.66662597656
3262.03218405055	1162.73327636719
3264.11266889845	1161.30004882813
3266.19257602092	1161.01672363281
3268.27190567779	1162.65002441406
3270.35065812876	1161.65002441406
3272.4288336334	1161.46667480469
3274.50643245114	1160.96667480469
3276.5834548413	1161.25
3278.65990106305	1161
3280.73577137545	1160.40002441406
3282.81106603742	1162.05004882813
3284.88578530774	1161.16662597656
3286.95992944508	1161.53332519531
3289.03349870796	1160.26672363281
3291.1064933548	1160.38330078125
3293.17891364384	1162.15002441406
3295.25075983324	1161.13330078125
3297.322032181	1161.40002441406
3299.39273094501	1160.96667480469
3301.462856383	1161.26672363281
3303.53240875259	1159.61669921875
3305.60138831128	1160.44995117188
3307.6697953164	1161.30004882813
3309.73763002519	1160.38330078125
3311.80489269472	1160.68334960938
3313.87158358198	1162.55004882813
3315.93770294378	1159.58337402344
3318.00325103681	1161.91662597656
3320.06822811764	1161.03332519531
3322.13263444272	1161.11669921875
3324.19647026832	1161.48327636719
3326.25973585064	1160.83337402344
3328.32243144568	1161.13330078125
3330.38455730938	1161.19995117188
3332.44611369749	1161
3334.50710086564	1161.36669921875
3336.56751906936	1159.86669921875
3338.62736856401	1160.81665039063
3340.68664960483	1160.36669921875
3342.74536244693	1160.51672363281
3344.80350734528	1160.36669921875
3346.86108455472	1161.36669921875
3348.91809432997	1161.28332519531
3350.97453692559	1160.09997558594
3353.03041259603	1160.34997558594
3355.08572159559	1161.16662597656
3357.14046417844	1160.58337402344
3359.19464059863	1161.08337402344
3361.24825111005	1159.91662597656
3363.30129596648	1159.63330078125
3365.35377542155	1160.78332519531
3367.40568972878	1160.31665039063
3369.45703914152	1160.41662597656
3371.507823913	1161.46667480469
3373.55804429633	1160.26672363281
3375.60770054446	1160.90002441406
3377.65679291024	1159.61669921875
3379.70532164635	1159.73327636719
3381.75328700534	1160.15002441406
3383.80068923965	1160.61669921875
3385.84752860155	1159.5
3387.89380534321	1161.30004882813
3389.93951971664	1158.18334960938
3391.98467197371	1159.19995117188
3394.02926236618	1160.26672363281
3396.07329114566	1159.93334960938
3398.1167585636	1159.69995117188
3400.15966487137	1158.75
3402.20201032014	1160.31665039063
3404.24379516099	1160.08337402344
3406.28501964484	1159.13330078125
3408.3256840225	1161.08337402344
3410.3657885446	1159.18334960938
3412.40533346167	1160.08337402344
3414.44431902408	1159.18334960938
3416.48274548209	1160.06665039063
3418.5206130858	1159.91662597656
3420.55792208516	1158.84997558594
3422.59467273003	1159.96667480469
3424.63086527009	1159.16662597656
3426.6664999549	1160.26672363281
3428.70157703386	1160.05004882813
3430.73609675628	1159.94995117188
3432.77005937129	1158.73327636719
3434.80346512789	1160.26672363281
3436.83631427494	1159.13330078125
3438.86860706119	1158.59997558594
3440.90034373521	1159.94995117188
3442.93152454546	1160.84997558594
3444.96214974025	1158.55004882813
3446.99221956775	1158.65002441406
3449.021734276	1160.26672363281
3451.05069411289	1158.98327636719
3453.07909932619	1159.48327636719
3455.1069501635	1160.98327636719
3457.1342468723	1160.09997558594
3459.16098969993	1160.19995117188
3461.1871788936	1159.21667480469
3463.21281470035	1159.51672363281
3465.23789736712	1159.73327636719
3467.26242714067	1158.68334960938
3469.28640426765	1159.08337402344
3471.30982899455	1159.83337402344
3473.33270156774	1159.46667480469
3475.35502223343	1157.53332519531
3477.3767912377	1159.31665039063
3479.39800882649	1158.31665039063
3481.41867524559	1159.71667480469
3483.43879074066	1158.98327636719
3485.45835555721	1159.61669921875
3487.47736994062	1158.26672363281
3489.49583413611	1159.40002441406
3491.51374838879	1160.5
3493.53111294359	1159.46667480469
3495.54792804533	1158.15002441406
3497.56419393867	1158.61669921875
3499.57991086814	1159.83337402344
3501.59507907811	1159.09997558594
3503.60969881284	1159.33337402344
3505.6237703164	1159
3507.63729383278	1159.38330078125
3509.65026960577	1158.28332519531
3511.66269787904	1158.53332519531
3513.67457889613	1158.41662597656
3515.68591290042	1157.84997558594
3517.69670013515	1158.19995117188
3519.70694084342	1159.53332519531
3521.7166352682	1158.78332519531
3523.72578365229	1158.61669921875
3525.73438623836	1157.61669921875
3527.74244326893	1159.06665039063
3529.74995498641	1157.68334960938
3531.75692163301	1158.84997558594
3533.76334345084	1157.08337402344
3535.76922068186	1158.48327636719
3537.77455356786	1159.43334960938
3539.77934235051	1157.66662597656
3541.78358727133	1158.83337402344
3543.78728857169	1157.96667480469
3545.79044649283	1158.38330078125
3547.79306127584	1158.98327636719
3549.79513316164	1158.94995117188
3551.79666239104	1157.51672363281
3553.79764920469	1158.06665039063
3555.7980938431	1156.80004882813
3557.79799654663	1158.16662597656
3559.79735755548	1158.03332519531
3561.79617710974	1158.81665039063
3563.79445544932	1157.96667480469
3565.79219281401	1158.65002441406
3567.78938944344	1157.51672363281
3569.7860455771	1158.59997558594
3571.78216145432	1158.44995117188
3573.77773731431	1157.46667480469
3575.7727733961	1158.55004882813
3577.76726993861	1157.15002441406
3579.76122718059	1158.5
3581.75464536064	1157.69995117188
3583.74752471725	1157.33337402344
3585.7398654887	1158.23327636719
3587.73166791317	1157.98327636719
3589.7229322287	1157.90002441406
3591.71365867314	1157.93334960938
3593.70384748424	1157.53332519531
3595.69349889955	1158.31665039063
3597.68261315654	1157.23327636719
3599.67119049245	1158
3601.65923114446	1157.61669921875
3603.64673534952	1158.09997558594
3605.63370334449	1158.15002441406
3607.62013536607	1157.36669921875
3609.60603165079	1157.98327636719
3611.59139243504	1157.65002441406
3613.57621795509	1157.13330078125
3615.56050844701	1157.03332519531
3617.54426414677	1157.75
3619.52748529017	1157.41662597656
3621.51017211285	1156.76672363281
3623.49232485031	1156.33337402344
3625.47394373792	1155.83337402344
3627.45502901088	1156.90002441406
3629.43558090423	1157.34997558594
3631.41559965288	1157.53332519531
3633.3950854916	1157.91662597656
3635.37403865498	1155.93334960938
3637.35245937747	1156.71667480469
3639.33034789339	1158.21667480469
3641.30770443688	1156.09997558594
3643.28452924196	1156.55004882813
3645.26082254248	1156.68334960938
3647.23658457212	1156.75
3649.21181556447	1157
3651.18651575291	1157.19995117188
3653.16068537069	1157.46667480469
3655.13432465092	1155.84997558594
3657.10743382653	1156.16662597656
3659.08001313034	1157.08337402344
3661.05206279498	1156.71667480469
3663.02358305295	1156.01672363281
3664.9945741366	1156.34997558594
3666.96503627811	1156.40002441406
3668.93496970952	1156.94995117188
3670.90437466272	1157.15002441406
3672.87325136944	1156.33337402344
3674.84160006127	1156.48327636719
3676.80942096963	1157.68334960938
3678.77671432581	1156.44995117188
3680.74348036092	1156.11669921875
3682.70971930595	1157.09997558594
3684.6754313917	1156.41662597656
3686.64061684885	1157.13330078125
3688.60527590791	1156.73327636719
3690.56940879924	1156.65002441406
3692.53301575303	1156.84997558594
3694.49609699936	1156.34997558594
3696.45865276812	1156.56665039063
3698.42068328904	1155.96667480469
3700.38218879173	1158.13330078125
3702.34316950563	1157.08337402344
3704.30362566	1156.69995117188
3706.26355748399	1156.18334960938
3708.22296520657	1156.55004882813
3710.18184905656	1155.33337402344
3712.14020926263	1154.81665039063
3714.09804605328	1155.53332519531
3716.05535965687	1155.59997558594
3718.01215030162	1156.09997558594
3719.96841821555	1155.53332519531
3721.92416362657	1155.68334960938
3723.8793867624	1156.55004882813
3725.83408785063	1155.46667480469
3727.78826711869	1156.31665039063
3729.74192479384	1155.53332519531
3731.69506110319	1154.93334960938
3733.64767627371	1154.73327636719
3735.59977053219	1155.51672363281
3737.55134410528	1155.33337402344
3739.50239721947	1155.88330078125
3741.45293010108	1154.59997558594
3743.40294297631	1155.34997558594
3745.35243607116	1156.68334960938
3747.3014096115	1156.06665039063
3749.24986382303	1156.09997558594
3751.19779893131	1156
3753.14521516171	1154.83337402344
3755.09211273949	1155.06665039063
3757.0384918897	1154.41662597656
3758.98435283728	1155.91662597656
3760.92969580698	1156.48327636719
3762.87452102341	1156.11669921875
3764.81882871101	1155.03332519531
3766.76261909407	1155.38330078125
3768.70589239672	1155.09997558594
3770.64864884293	1156.13330078125
3772.59088865651	1154.93334960938
3774.53261206112	1154.53332519531
3776.47381928025	1155.19995117188
