-173.428722450078	1146.19995117188
-170.294344013779	1147.13330078125
-167.160990304052	1146.53332519531
-164.028660894548	1146.88330078125
-160.897355359205	1146.73327636719
-157.767073272189	1145.63330078125
-154.637814207931	1146.36669921875
-151.50957774112	1146.09997558594
-148.382363446704	1146.75
-145.256170899859	1145.73327636719
-142.130999676054	1145.96667480469
-139.006849350965	1146.44995117188
-135.883719500571	1145.73327636719
-132.761609701053	1146.16662597656
-129.640519528863	1145.30004882813
-126.520448560715	1146.13330078125
-123.401396373553	1146.94995117188
-120.28336254458	1146.53332519531
-117.166346651252	1146.96667480469
-114.050348271258	1145.44995117188
-110.935366982541	1146.55004882813
-107.821402363301	1146.30004882813
-104.708453991972	1146.55004882813
-101.596521447235	1146.69995117188
-98.4856043080122	1146.25
-95.3757021534957	1145.84997558594
-92.2668145630801	1146.16662597656
-89.1589411164452	1146.46667480469
-86.0520813934781	1145.46667480469
-82.946234974338	1146.68334960938
-79.8414014394074	1145.63330078125
-76.7375803693083	1146.41662597656
-73.6347713449181	1145.90002441406
-70.532973947345	1146.13330078125
-67.4321877579402	1145.61669921875
-64.3324123582935	1145.68334960938
-61.2336473302252	1146.80004882813
-58.1358922558143	1146.28332519531
-55.0391467173494	1147.03332519531
-51.9434102973817	1146.73327636719
-48.8486825786838	1146.03332519531
-45.7549631442702	1146.03332519531
-42.662251577389	1145.90002441406
-39.5705474615295	1145.80004882813
-36.4798503804062	1146.08337402344
-33.3901599179706	1145.5
-30.301475658403	1146.21667480469
-27.2137971861287	1146.11669921875
-24.1271240858053	1146.28332519531
-21.0414559423028	1145.94995117188
-17.9567923407513	1145.96667480469
-14.8731328664812	1146.86669921875
-11.7904771050747	1145.56665039063
-8.70882464233763	1145.73327636719
-5.62817506431157	1146.58337402344
-2.54852795725342	1146.5
0.530117092344597	1146.38330078125
3.6077604977471	1146.28332519531
6.68440267202787	1146.86669921875
9.76004402799773	1146.68334960938
12.8346849782609	1146.03332519531
15.9083259351831	1145.83337402344
18.9809673109237	1145.59997558594
22.0526095173877	1146.28332519531
25.1232529662903	1145.81665039063
28.1928980690886	1146.69995117188
31.2615452370419	1145.83337402344
34.32919488118	1146.08337402344
37.3958474123071	1146.94995117188
40.4615032409942	1146.36669921875
43.5261627776189	1145.26672363281
46.58982643231	1145.76672363281
49.6524946149833	1146.51672363281
52.7141677353456	1146.65002441406
55.7748462028835	1146.88330078125
58.8345304268427	1146.18334960938
61.8932208162729	1147.5
64.9509177800033	1146.93334960938
68.0076217266271	1146
71.0633330645419	1146.63330078125
74.118052201909	1145.96667480469
77.1717795467022	1146.93334960938
80.224515506648	1147.36669921875
83.2762604892772	1149.91662597656
86.3270149018856	1152.66662597656
89.3767791515896	1152.61669921875
92.4255536452548	1153.48327636719
95.4733387895519	1153.34997558594
98.5201349909248	1154.26672363281
101.565942655643	1155.43334960938
104.610762189717	1154.86669921875
107.654593998963	1154.86669921875
110.697438488996	1154.71667480469
113.739296065204	1156.18334960938
116.78016713278	1154.13330078125
119.820052096698	1154.28332519531
122.85895136172	1154.78332519531
125.896865332408	1154.15002441406
128.933794413111	1154.18334960938
131.969739007965	1154.25
135.004699520911	1155.83337402344
138.038676355664	1154.55004882813
141.071669915751	1154.01672363281
144.103680604487	1153.86669921875
147.134708824975	1153.81665039063
150.164754980118	1154.69995117188
153.193819472611	1153.11669921875
156.221902704945	1153.11669921875
159.24900507942	1154.18334960938
162.275126998099	1153.43334960938
165.300268862873	1153.33337402344
168.324431075425	1153.76672363281
171.347614037231	1153.48327636719
174.369818149562	1153.11669921875
177.391043813491	1154.16662597656
180.411291429897	1153.65002441406
183.430561399437	1153.46667480469
186.448854122582	1153.30004882813
189.466169999607	1153.26672363281
192.482509430598	1153.5
195.497872815412	1153.84997558594
198.512260553716	1152.81665039063
201.525673045011	1154.43334960938
204.538110688552	1153.26672363281
207.549573883427	1153.61669921875
210.560063028519	1153.36669921875
213.569578522523	1153.91662597656
216.578120763917	1153.58337402344
219.585690151021	1152.96667480469
222.592287081907	1153.23327636719
225.597911954507	1154.25
228.602565166512	1154.28332519531
231.606247115456	1153.69995117188
234.608958198646	1153.56665039063
237.610698813222	1154.59997558594
240.611469356122	1153.65002441406
243.611270224103	1155.19995117188
246.610101813707	1155.08337402344
249.607964521295	1154.09997558594
252.604858743044	1155.53332519531
255.600784874935	1155.08337402344
258.595743312749	1154.51672363281
261.589734452097	1153.21667480469
264.582758688393	1154.19995117188
267.574816416842	1154.68334960938
270.565908032503	1154.18334960938
273.556033930195	1153.84997558594
276.545194504586	1154.75
279.533390150138	1155.21667480469
282.520621261151	1155.09997558594
285.506888231708	1154.28332519531
288.49219145571	1154.15002441406
291.476531326902	1154.44995117188
294.459908238794	1154.30004882813
297.442322584762	1156.03332519531
300.423774757966	1156.19995117188
303.404265151375	1155.06665039063
306.383794157805	1154.63330078125
309.362362169862	1154.26672363281
312.339969579982	1155.56665039063
315.316616780414	1155.09997558594
318.292304163227	1154.09997558594
321.267032120295	1153.88330078125
324.24080104332	1154.34997558594
327.213611323833	1154.96667480469
330.185463353171	1153.23327636719
333.156357522491	1154.43334960938
336.126294222774	1153.63330078125
339.095273844812	1153.38330078125
342.063296779227	1153.66662597656
345.030363416467	1153.05004882813
347.996474146782	1153.98327636719
350.961629360257	1153.44995117188
353.925829446806	1154.56665039063
356.889074796147	1153.36669921875
359.851365797829	1152.98327636719
362.812702841222	1153.98327636719
365.773086315536	1153.38330078125
368.732516609768	1152.94995117188
371.690994112778	1154.36669921875
374.648519213243	1154.26672363281
377.605092299631	1153.75
380.560713760273	1153.51672363281
383.515383983307	1152.73327636719
386.469103356711	1154.23327636719
389.421872268273	1153.78332519531
392.373691105615	1154.23327636719
395.32456025619	1152.08337402344
398.274480107272	1152.90002441406
401.223451045967	1153.58337402344
404.171473459202	1153.5
407.118547733728	1153.08337402344
410.064674256155	1152.98327636719
413.009853412892	1152.76672363281
415.954085590181	1153.41662597656
418.8973711741	1154.73327636719
421.83971055055	1152.63330078125
424.781104105281	1153.76672363281
427.721552223856	1153.48327636719
430.661055291665	1154.18334960938
433.599613693946	1153.80004882813
436.537227815752	1154.81665039063
439.473898041993	1153.36669921875
442.409624757378	1154.13330078125
445.344408346476	1153.98327636719
448.278249193683	1152.59997558594
451.211147683207	1154.38330078125
454.143104199122	1153.09997558594
457.074119125312	1154
460.004192845497	1152.94995117188
462.933325743267	1152.80004882813
465.861518202001	1152.68334960938
468.788770604917	1152.83337402344
471.71508333511	1153.11669921875
474.640456775471	1153.15002441406
477.564891308737	1154.40002441406
480.488387317487	1154.06665039063
483.410945184141	1153.26672363281
486.332565290942	1153.58337402344
489.253248019986	1153.51672363281
492.172993753197	1155.63330078125
495.091802872338	1154.76672363281
498.009675759011	1154.59997558594
500.926612794666	1153.69995117188
503.842614360571	1154.55004882813
506.757680837864	1157.26672363281
509.671812607493	1159.98327636719
512.585010050263	1171.25
515.497273546817	1209.44995117188
518.408603477637	1272.09997558594
521.319000223045	1283.26672363281
524.228464163205	1228.08337402344
527.136995678121	1189
530.044595147647	1170.98327636719
532.951262951471	1164.09997558594
535.856999469123	1158.90002441406
538.761805079986	1156.51672363281
541.665680163279	1154.90002441406
544.568625098049	1154.28332519531
547.470640263216	1154.78332519531
550.371726037533	1153.21667480469
553.271882799588	1154.06665039063
556.171110927825	1153.51672363281
559.069410800531	1152.94995117188
561.966782795823	1152.69995117188
564.863227291685	1151.51672363281
567.758744665944	1153
570.653335296256	1153.46667480469
573.546999560148	1153.09997558594
576.439737834969	1152.65002441406
579.331550497935	1153.59997558594
582.222437926093	1152.63330078125
585.112400496356	1154.03332519531
588.001438585469	1152.66662597656
590.889552570021	1153.65002441406
593.77674282648	1152.25
596.663009731132	1152
599.548353660116	1153.43334960938
602.432774989433	1152.43334960938
605.316274094926	1154.34997558594
608.198851352303	1152.59997558594
611.080507137075	1152.90002441406
613.961241824667	1152.16662597656
616.841055790315	1153.73327636719
619.71994940911	1153.18334960938
622.597923056008	1153.68334960938
625.474977105798	1153.48327636719
628.351111933143	1152.69995117188
631.22632791255	1152.86669921875
634.10062541835	1151.91662597656
636.97400482478	1151.31665039063
639.846466505882	1152.86669921875
642.718010835585	1153.48327636719
645.58863818764	1154.61669921875
648.458348935679	1153.08337402344
651.327143453188	1152.11669921875
654.195022113475	1152.59997558594
657.061985289745	1152.81665039063
659.928033355022	1152.38330078125
662.79316668221	1152.76672363281
665.657385644057	1153.08337402344
668.520690613176	1152.68334960938
671.383081962017	1153.81665039063
674.244560062899	1152.61669921875
677.105125288002	1154.36669921875
679.964778009343	1153.25
682.823518598832	1151.96667480469
685.681347428202	1152.86669921875
688.538264869057	1152.96667480469
691.394271292855	1153.69995117188
694.249367070914	1153.80004882813
697.103552574412	1153.19995117188
699.956828174378	1152.76672363281
702.809194241715	1153.48327636719
705.660651147175	1152.43334960938
708.511199261361	1152.33337402344
711.360838954755	1153.80004882813
714.209570597676	1153.5
717.057394560329	1152.78332519531
719.90431121275	1153
722.750320924861	1152.55004882813
725.59542406643	1153.09997558594
728.439621007094	1152.81665039063
731.282912116347	1152.59997558594
734.125297763539	1152.94995117188
736.966778317898	1152.25
739.807354148498	1151.98327636719
742.647025624275	1151.71667480469
745.485793114042	1153.05004882813
748.323656986468	1152.59997558594
751.160617610072	1153.13330078125
753.996675353258	1153.66662597656
756.831830584275	1154.19995117188
759.666083671249	1151.81665039063
762.499434982158	1153.90002441406
765.331884884853	1151.76672363281
768.163433747055	1152.90002441406
770.994081936328	1153.51672363281
773.823829820116	1153.30004882813
776.652677765732	1152.83337402344
779.480626140347	1153.61669921875
782.307675310993	1153.58337402344
785.133825644576	1153.34997558594
787.959077507869	1153.80004882813
790.783431267511	1154.03332519531
793.606887289986	1152.23327636719
796.429445941685	1152.01672363281
799.251107588836	1152.94995117188
802.071872597536	1154.15002441406
804.891741333751	1152.48327636719
807.71071416334	1153.44995117188
810.528791451981	1152.98327636719
813.345973565269	1153.66662597656
816.162260868638	1153.43334960938
818.977653727395	1152.08337402344
821.792152506717	1152.81665039063
824.605757571661	1153.08337402344
827.418469287133	1153.84997558594
830.230288017926	1152.81665039063
833.0412141287	1153.56665039063
835.851247983973	1153.80004882813
838.660389948141	1154.51672363281
841.468640385466	1154.05004882813
844.27599966009	1153.21667480469
847.082468136026	1154.15002441406
849.888046177135	1153.75
852.692734147171	1152.5
855.496532409758	1153.59997558594
858.29944132839	1153.53332519531
861.10146126642	1154.08337402344
863.902592587094	1153.46667480469
866.702835653509	1152.98327636719
869.502190828641	1153.03332519531
872.300658475353	1152.81665039063
875.098238956361	1153.46667480469
877.894932634271	1152.68334960938
880.690739871548	1153.75
883.485661030531	1152.58337402344
886.279696473447	1153.56665039063
889.072846562376	1153.58337402344
891.86511165929	1152.05004882813
894.65649212603	1153.03332519531
897.446988324303	1153.53332519531
900.236600615703	1152.84997558594
903.025329361687	1152.66662597656
905.813174923597	1153.38330078125
908.600137662639	1153.5
911.38621793991	1153.5
914.171416116365	1153.23327636719
916.95573255285	1154.18334960938
919.739167610082	1154.23327636719
922.521721648641	1153.58337402344
925.303395029005	1153.26672363281
928.084188111517	1153.93334960938
930.864101256396	1153.56665039063
933.643134823733	1155.69995117188
936.42128917351	1155.63330078125
939.198564665577	1155.93334960938
941.97496165967	1157.13330078125
944.750480515391	1157.33337402344
947.525121592226	1157.88330078125
950.298885249534	1157.13330078125
953.071771846555	1158.51672363281
955.843781742413	1157.69995117188
958.614915296108	1156.76672363281
961.385172866513	1157.76672363281
964.154554812387	1156.93334960938
966.92306149236	1157.16662597656
969.690693264949	1157.59997558594
972.457450488552	1156.63330078125
975.223333521431	1156.83337402344
977.988342721749	1158
980.752478447535	1157.90002441406
983.515741056708	1156.66662597656
986.278130907059	1157.16662597656
989.039648356259	1156.78332519531
991.800293761863	1155.66662597656
994.560067481312	1155.66662597656
997.318969871913	1154.88330078125
1000.07700129088	1154.84997558594
1002.83416209528	1153.71667480469
1005.59045264208	1155.26672363281
1008.34587328813	1154.19995117188
1011.10042439014	1154.03332519531
1013.85410630472	1155.09997558594
1016.60691938837	1153.06665039063
1019.35886399746	1154.5
1022.10994048823	1153.96667480469
1024.86014921684	1152.71667480469
1027.60949053928	1153.43334960938
1030.35796481149	1153.53332519531
1033.10557238924	1153.01672363281
1035.85231362819	1151.40002441406
1038.5981888839	1152.30004882813
1041.34319851182	1154.13330078125
1044.08734286727	1151.71667480469
1046.83062230544	1153.21667480469
1049.57303718143	1152.36669921875
1052.31458785021	1153.16662597656
1055.05527466665	1153.19995117188
1057.79509798549	1152.73327636719
1060.53405816134	1153.19995117188
1063.27215554874	1152.75
1066.00939050209	1152.83337402344
1068.74576337565	1153.73327636719
1071.48127452361	1151.81665039063
1074.21592430002	1152.43334960938
1076.94971305882	1153.58337402344
1079.68264115384	1152.51672363281
1082.41470893879	1153.48327636719
1085.14591676728	1152.88330078125
1087.8762649928	1152.91662597656
1090.60575396871	1151.76672363281
1093.33438404827	1152.01672363281
1096.06215558464	1151.44995117188
1098.78906893086	1152.40002441406
1101.51512443981	1153.09997558594
1104.24032246435	1152.76672363281
1106.96466335716	1152.75
1109.68814747081	1152.21667480469
1112.41077515779	1152.56665039063
1115.13254677044	1151.86669921875
1117.85346266104	1153.33337402344
1120.57352318169	1153.94995117188
1123.29272868445	1151.93334960938
1126.01107952121	1151.76672363281
1128.72857604378	1152.36669921875
1131.44521860385	1152.30004882813
1134.16100755301	1153.76672363281
1136.87594324271	1153.15002441406
1139.59002602433	1152.63330078125
1142.3032562491	1153.66662597656
1145.01563426818	1152.66662597656
1147.72716043257	1153.05004882813
1150.43783509322	1152.01672363281
1153.14765860091	1152.55004882813
1155.85663130634	1152.23327636719
1158.56475356012	1153.38330078125
1161.27202571271	1154.11669921875
1163.97844811448	1152.59997558594
1166.68402111569	1152.81665039063
1169.38874506649	1152.51672363281
1172.09262031694	1153.83337402344
1174.79564721695	1152.31665039063
1177.49782611635	1152.16662597656
1180.19915736486	1153.73327636719
1182.89964131208	1153.56665039063
1185.59927830751	1153.5
1188.29806870054	1154.01672363281
1190.99601284046	1152.30004882813
1193.69311107643	1153.31665039063
1196.38936375753	1153.26672363281
1199.08477123271	1153.19995117188
1201.77933385082	1153.69995117188
1204.47305196061	1153.84997558594
1207.1659259107	1152.81665039063
1209.85795604964	1153
1212.54914272585	1153.03332519531
1215.23948628763	1153.73327636719
1217.92898708319	1153.40002441406
1220.61764546064	1153.56665039063
1223.30546176798	1152.01672363281
1225.99243635308	1153.18334960938
1228.67856956373	1152.65002441406
1231.36386174761	1153.36669921875
1234.04831325228	1151.96667480469
1236.73192442522	1153.88330078125
1239.41469561377	1152.69995117188
1242.09662716519	1152.11669921875
1244.77771942662	1153.06665039063
1247.45797274511	1153.73327636719
1250.13738746759	1153.46667480469
1252.81596394089	1154.11669921875
1255.49370251175	1152.94995117188
1258.17060352676	1153.43334960938
1260.84666733246	1153.66662597656
1263.52189427525	1153.44995117188
1266.19628470144	1153.19995117188
1268.86983895722	1154.05004882813
1271.5425573887	1152.55004882813
1274.21444034186	1153.51672363281
1276.8854881626	1152.59997558594
1279.55570119671	1153.5
1282.22507978985	1153.38330078125
1284.89362428759	1152.84997558594
1287.56133503543	1153.36669921875
1290.22821237872	1154.19995117188
1292.89425666274	1154.05004882813
1295.55946823263	1154.48327636719
1298.22384743346	1153.86669921875
1300.88739461019	1152.90002441406
1303.55011010766	1153.31665039063
1306.21199427063	1153.25
1308.87304744373	1153.09997558594
1311.53326997152	1153.69995117188
1314.19266219843	1153.15002441406
1316.8512244688	1153.28332519531
1319.50895712687	1152.63330078125
1322.16586051676	1154.56665039063
1324.82193498252	1154.33337402344
1327.47718086806	1154.69995117188
1330.1315985172	1154.43334960938
1332.78518827369	1153.80004882813
1335.43795048114	1155.30004882813
1338.08988548307	1155.73327636719
1340.74099362289	1154.93334960938
1343.39127524392	1155.06665039063
1346.04073068939	1155.78332519531
1348.6893603024	1155.71667480469
1351.33716442597	1156.44995117188
1353.98414340301	1154.66662597656
1356.63029757632	1155.86669921875
1359.27562728863	1154.46667480469
1361.92013288252	1154.18334960938
1364.56381470053	1155.08337402344
1367.20667308505	1154.80004882813
1369.84870837838	1153.75
1372.48992092274	1153.5
1375.13031106023	1154.09997558594
1377.76987913284	1153.5
1380.40862548251	1152.80004882813
1383.04655045101	1154.01672363281
1385.68365438006	1152.80004882813
1388.31993761126	1153.66662597656
1390.95540048612	1152.78332519531
1393.59004334605	1153.31665039063
1396.22386653233	1153.34997558594
1398.85687038619	1153.88330078125
1401.48905524873	1152.13330078125
1404.12042146094	1153.31665039063
1406.75096936375	1153.71667480469
1409.38069929796	1154.03332519531
1412.00961160428	1153.91662597656
1414.63770662332	1152.86669921875
1417.26498469557	1153.75
1419.89144616146	1154.76672363281
1422.51709136132	1152.93334960938
1425.14192063532	1151.90002441406
1427.76593432361	1154.41662597656
1430.3891327662	1153.25
1433.01151630299	1153.06665039063
1435.63308527382	1153.48327636719
1438.2538400184	1153.13330078125
1440.87378087637	1153.46667480469
1443.49290818722	1153.53332519531
1446.1112222904	1153.98327636719
1448.72872352524	1153.81665039063
1451.34541223097	1154.38330078125
1453.96128874671	1154.01672363281
1456.5763534115	1154.09997558594
1459.19060656429	1153.96667480469
1461.8040485439	1152.73327636719
1464.41667968907	1152.63330078125
1467.02850033846	1153.63330078125
1469.63951083061	1153.33337402344
1472.24971150397	1154.06665039063
1474.8591026969	1152.90002441406
1477.46768474763	1154.41662597656
1480.07545799434	1153.93334960938
1482.68242277508	1153.86669921875
1485.28857942782	1152.84997558594
1487.89392829042	1153.44995117188
1490.49846970065	1154.38330078125
1493.10220399619	1153.68334960938
1495.70513151461	1153.09997558594
1498.30725259339	1153.71667480469
1500.90856756992	1154.86669921875
1503.50907678146	1153.5
1506.10878056524	1153.51672363281
1508.70767925832	1153.30004882813
1511.30577319772	1153.11669921875
1513.90306272032	1154.46667480469
1516.49954816295	1154.11669921875
1519.09522986229	1154.08337402344
1521.69010815498	1153.93334960938
1524.28418337751	1154.08337402344
1526.87745586632	1153.69995117188
1529.46992595773	1153.66662597656
1532.06159398796	1153.53332519531
1534.65246029316	1153.46667480469
1537.24252520935	1154.23327636719
1539.83178907249	1154.33337402344
1542.42025221841	1154.69995117188
1545.00791498287	1155.05004882813
1547.59477770152	1155.09997558594
1550.18084070993	1154.44995117188
1552.76610434356	1156.21667480469
1555.35056893777	1155.21667480469
1557.93423482785	1155.86669921875
1560.51710234896	1156.98327636719
1563.0991718362	1157.88330078125
1565.68044362457	1159.51672363281
1568.26091804893	1161.06665039063
1570.84059544411	1162.51672363281
1573.41947614481	1166.28332519531
1575.99756048562	1168.11669921875
1578.57484880108	1171.86669921875
1581.15134142559	1171.18334960938
1583.72703869349	1170.55004882813
1586.301940939	1170.55004882813
1588.87604849628	1167.48327636719
1591.44936169934	1165.75
1594.02188088215	1163.69995117188
1596.59360637855	1161.78332519531
1599.16453852232	1158.34997558594
1601.73467764709	1159.48327636719
1604.30402408647	1157.63330078125
1606.87257817391	1156.83337402344
1609.44034024281	1155.80004882813
1612.00731062644	1157.43334960938
1614.57348965801	1154.16662597656
1617.13887767062	1155.21667480469
1619.70347499726	1154.73327636719
1622.26728197086	1153.65002441406
1624.83029892423	1154.76672363281
1627.39252619012	1154.86669921875
1629.95396410112	1155.40002441406
1632.5146129898	1154.86669921875
1635.07447318858	1154.90002441406
1637.63354502984	1153.90002441406
1640.19182884582	1154.16662597656
1642.74932496868	1153.78332519531
1645.3060337305	1152.93334960938
1647.86195546325	1153.09997558594
1650.41709049882	1152.76672363281
1652.971439169	1153.01672363281
1655.52500180548	1152.19995117188
1658.07777873987	1154.28332519531
1660.62977030368	1152.01672363281
1663.18097682833	1153.15002441406
1665.73139864514	1153.46667480469
1668.28103608534	1153.46667480469
1670.82988948008	1153.03332519531
1673.37795916039	1152.46667480469
1675.92524545724	1153.40002441406
1678.47174870147	1152.78332519531
1681.01746922386	1152.25
1683.56240735508	1151.18334960938
1686.10656342572	1153.15002441406
1688.64993776626	1152.55004882813
1691.19253070709	1153.61669921875
1693.73434257853	1153.73327636719
1696.27537371078	1154.33337402344
1698.81562443395	1152.65002441406
1701.35509507809	1153.11669921875
1703.89378597311	1152.81665039063
1706.43169744886	1153.66662597656
1708.96882983509	1151.23327636719
1711.50518346144	1153.43334960938
1714.0407586575	1152.61669921875
1716.57555575272	1153.63330078125
1719.10957507649	1152.90002441406
1721.64281695809	1152.83337402344
1724.17528172671	1151.94995117188
1726.70696971146	1151.75
1729.23788124135	1152.41662597656
1731.7680166453	1153.69995117188
1734.29737625213	1153.63330078125
1736.82596039057	1151.44995117188
1739.35376938927	1153.48327636719
1741.88080357677	1153.41662597656
1744.40706328154	1153.80004882813
1746.93254883193	1153.59997558594
1749.45726055623	1153.44995117188
1751.9811987826	1152.5
1754.50436383915	1153.28332519531
1757.02675605387	1152.73327636719
1759.54837575466	1152.23327636719
1762.06922326934	1153.40002441406
1764.58929892564	1152.23327636719
1767.10860305118	1153.23327636719
1769.6271359735	1153.58337402344
1772.14489802005	1152.34997558594
1774.66188951817	1152.75
1777.17811079515	1153.44995117188
1779.69356217815	1153.71667480469
1782.20824399425	1153.44995117188
1784.72215657043	1153.16662597656
1787.23530023361	1152.59997558594
1789.74767531057	1152.34997558594
1792.25928212804	1152.16662597656
1794.77012101264	1153.21667480469
1797.2801922909	1152.71667480469
1799.78949628926	1153.40002441406
1802.29803333406	1152.13330078125
1804.80580375158	1153.58337402344
1807.31280786797	1152.66662597656
1809.81904600929	1152.31665039063
1812.32451850154	1153.21667480469
1814.82922567061	1154.25
1817.33316784231	1151.84997558594
1819.83634534233	1152.61669921875
1822.33875849629	1152.11669921875
1824.84040762973	1153.15002441406
1827.34129306808	1153.01672363281
1829.84141513667	1153.11669921875
1832.34077416077	1152.93334960938
1834.83937046553	1151.98327636719
1837.33720437602	1153.09997558594
1839.83427621723	1151.88330078125
1842.33058631404	1152.19995117188
1844.82613499125	1151.65002441406
1847.32092257355	1152.19995117188
1849.81494938558	1153.40002441406
1852.30821575184	1152.68334960938
1854.80072199677	1152.23327636719
1857.29246844473	1152.93334960938
1859.78345541994	1152.73327636719
1862.27368324658	1152.15002441406
1864.76315224871	1153.40002441406
1867.2518627503	1152.31665039063
1869.73981507524	1151.93334960938
1872.22700954733	1152.06665039063
1874.71344649027	1153.16662597656
1877.19912622768	1153.09997558594
1879.68404908308	1153.05004882813
1882.16821537988	1152.75
1884.65162544145	1152.21667480469
1887.13427959102	1152.78332519531
1889.61617815175	1152.68334960938
1892.0973214467	1152.5
1894.57770979887	1153.03332519531
1897.05734353113	1152.98327636719
1899.53622296628	1153.88330078125
1902.014348427	1152.51672363281
1904.49172023593	1152.75
1906.96833871558	1152.03332519531
1909.44420418839	1153.51672363281
1911.91931697668	1152.23327636719
1914.39367740272	1153.48327636719
1916.86728578865	1153.55004882813
1919.34014245654	1152.25
1921.81224772838	1152.80004882813
1924.28360192604	1152.75
1926.75420537132	1152.46667480469
1929.22405838593	1152.55004882813
1931.69316129147	1152.94995117188
1934.16151440948	1151.90002441406
1936.62911806136	1152.36669921875
1939.09597256848	1152.44995117188
1941.56207825207	1152.80004882813
1944.0274354333	1153.08337402344
1946.49204443322	1152.43334960938
1948.95590557284	1152.78332519531
1951.41901917301	1152.73327636719
1953.88138555454	1153.13330078125
1956.34300503813	1153.65002441406
1958.8038779444	1152.84997558594
1961.26400459387	1152.03332519531
1963.72338530697	1152.51672363281
1966.18202040403	1151.93334960938
1968.63991020531	1153.31665039063
1971.09705503097	1152.68334960938
1973.55345520107	1152.38330078125
1976.0091110356	1152.41662597656
1978.46402285444	1151.98327636719
1980.91819097737	1152.33337402344
1983.3716157241	1152.61669921875
1985.82429741427	1152.73327636719
1988.27623636736	1153.03332519531
1990.72743290284	1153.25
1993.17788734002	1153.48327636719
1995.62759999817	1153.34997558594
1998.07657119644	1152.13330078125
2000.5248012539	1153.13330078125
2002.97229048952	1152.15002441406
2005.41903922219	1152.75
2007.86504777071	1152.66662597656
2010.31031645378	1152.5
2012.75484559	1153.84997558594
2015.19863549792	1152.46667480469
2017.64168649594	1152.63330078125
2020.08399890242	1153.90002441406
2022.5255730356	1153.16662597656
2024.96640921365	1152.43334960938
2027.40650775462	1151.86669921875
2029.84586897649	1153.59997558594
2032.28449319715	1153.25
2034.72238073438	1153.11669921875
2037.15953190591	1153.46667480469
2039.59594702932	1151.81665039063
2042.03162642215	1152.58337402344
2044.46657040182	1153.58337402344
2046.90077928567	1153.98327636719
2049.33425339095	1152.88330078125
2051.76699303481	1153.73327636719
2054.19899853433	1152.83337402344
2056.63027020645	1152.91662597656
2059.06080836809	1152.94995117188
2061.49061333602	1152.55004882813
2063.91968542694	1152.61669921875
2066.34802495747	1152.56665039063
2068.77563224411	1152.34997558594
2071.20250760329	1151.56665039063
2073.62865135136	1152.30004882813
2076.05406380455	1152.30004882813
2078.47874527901	1151.5
2080.9026960908	1152.80004882813
2083.3259165559	1153.36669921875
2085.74840699018	1151.19995117188
2088.17016770944	1153.08337402344
2090.59119902935	1153.46667480469
2093.01150126553	1152.13330078125
2095.43107473348	1152.59997558594
2097.84991974864	1153.25
2100.26803662633	1151.03332519531
2102.68542568178	1152.73327636719
2105.10208723015	1151.51672363281
2107.51802158648	1153.23327636719
2109.93322906574	1152.66662597656
2112.3477099828	1153.84997558594
2114.76146465245	1152.01672363281
2117.17449338937	1153.73327636719
2119.58679650815	1152.26672363281
2121.9983743233	1151.26672363281
2124.40922714924	1152.01672363281
2126.81935530029	1152.40002441406
2129.22875909067	1152.21667480469
2131.63743883452	1151.11669921875
2134.04539484589	1152.40002441406
2136.45262743874	1152.63330078125
2138.85913692692	1152.36669921875
2141.26492362422	1152.88330078125
2143.6699878443	1152.48327636719
2146.07432990076	1151.91662597656
2148.47795010708	1151.58337402344
2150.88084877667	1152.15002441406
2153.28302622285	1153.26672363281
2155.68448275883	1152.76672363281
2158.08521869774	1152.94995117188
2160.48523435261	1152.43334960938
2162.88453003639	1151.51672363281
2165.28310606193	1152.5
2167.68096274199	1153.19995117188
2170.07810038922	1152.48327636719
2172.47451931622	1152.75
2174.87021983546	1152.11669921875
2177.26520225933	1151.80004882813
2179.65946690013	1151.84997558594
2182.05301407006	1152.66662597656
2184.44584408123	1152.78332519531
2186.83795724567	1153.19995117188
2189.22935387531	1153.05004882813
2191.62003428198	1153.08337402344
2194.00999877743	1152.73327636719
2196.39924767329	1152
2198.78778128115	1151.23327636719
2201.17559991245	1152.76672363281
2203.56270387857	1152.80004882813
2205.94909349081	1153.18334960938
2208.33476906033	1151.94995117188
2210.71973089824	1152.58337402344
2213.10397931554	1151.75
2215.48751462314	1152.84997558594
2217.87033713186	1153.19995117188
2220.25244715242	1151.75
2222.63384499546	1153.43334960938
2225.01453097151	1152.53332519531
2227.39450539101	1152.40002441406
2229.77376856434	1152.56665039063
2232.15232080173	1152.23327636719
2234.53016241336	1152.05004882813
2236.9072937093	1151.61669921875
2239.28371499954	1151.91662597656
2241.65942659396	1152.51672363281
2244.03442880236	1152.19995117188
2246.40872193443	1153.19995117188
2248.78230629979	1152.21667480469
2251.15518220795	1152.34997558594
2253.52734996835	1152.83337402344
2255.89880989029	1152.21667480469
2258.26956228301	1152.65002441406
2260.63960745567	1153.31665039063
2263.00894571731	1151.91662597656
2265.37757737688	1153.41662597656
2267.74550274324	1152.93334960938
2270.11272212517	1151.15002441406
2272.47923583134	1153.09997558594
2274.84504417031	1152.16662597656
2277.2101474506	1153.11669921875
2279.57454598058	1153
2281.93824006856	1152.63330078125
2284.30123002275	1152.34997558594
2286.66351615125	1153.06665039063
2289.02509876208	1152.5
2291.38597816317	1153.38330078125
2293.74615466236	1153.01672363281
2296.10562856737	1153.44995117188
2298.46440018585	1152.28332519531
2300.82246982535	1152.68334960938
2303.1798377933	1151.84997558594
2305.5365043971	1153.01672363281
2307.89246994399	1152.11669921875
2310.24773474116	1151.86669921875
2312.60229909566	1152.01672363281
2314.95616331451	1153.69995117188
2317.30932770456	1152.88330078125
2319.66179257263	1153.26672363281
2322.01355822542	1153.31665039063
2324.36462496953	1152.5
2326.71499311146	1151.90002441406
2329.06466295764	1152.84997558594
2331.41363481439	1152.46667480469
2333.76190898794	1152.84997558594
2336.10948578441	1151.51672363281
2338.45636550986	1153.31665039063
2340.80254847022	1151.94995117188
2343.14803497132	1154
2345.49282531895	1152.06665039063
2347.83691981874	1151.90002441406
2350.18031877626	1152.23327636719
2352.52302249699	1152.44995117188
2354.8650312863	1152.96667480469
2357.20634544946	1151.91662597656
2359.54696529166	1152.11669921875
2361.88689111798	1153.56665039063
2364.22612323341	1152.25
2366.56466194287	1152.30004882813
2368.90250755114	1152.58337402344
2371.23966036293	1153.61669921875
2373.57612068286	1152.26672363281
2375.91188881545	1153.59997558594
2378.2469650651	1152.44995117188
2380.58134973615	1151.90002441406
2382.91504313282	1152.19995117188
2385.24804555926	1152.81665039063
2387.58035731949	1152.90002441406
2389.91197871745	1153.30004882813
2392.24291005701	1152.56665039063
2394.57315164189	1153.21667480469
2396.90270377577	1153.40002441406
2399.23156676218	1152.19995117188
2401.55974090461	1153.25
2403.88722650642	1152.09997558594
2406.21402387086	1153.19995117188
2408.54013330113	1153.03332519531
2410.8655551003	1152.90002441406
2413.19028957133	1152.01672363281
2415.51433701713	1153.69995117188
2417.83769774049	1153.11669921875
2420.16037204408	1152.5
2422.48236023051	1152.83337402344
2424.80366260228	1152.71667480469
2427.12427946179	1152.63330078125
2429.44421111134	1153.83337402344
2431.76345785315	1153.03332519531
2434.08201998932	1152.98327636719
2436.39989782188	1151.68334960938
2438.71709165273	1153.44995117188
2441.0336017837	1153.01672363281
2443.34942851653	1153.44995117188
2445.66457215282	1152.25
2447.97903299412	1152.05004882813
2450.29281134185	1153.80004882813
2452.60590749736	1153.80004882813
2454.91832176188	1154.13330078125
2457.23005443656	1152.93334960938
2459.54110582243	1154.23327636719
2461.85147622045	1154.48327636719
2464.16116593146	1152.91662597656
2466.47017525621	1153.26672363281
2468.77850449536	1153.03332519531
2471.08615394947	1155.15002441406
2473.39312391899	1153.31665039063
2475.69941470429	1153.28332519531
2478.00502660562	1152.94995117188
2480.30995992316	1154
2482.61421495697	1152.94995117188
2484.91779200702	1153.19995117188
2487.22069137316	1152.88330078125
2489.5229133552	1153.78332519531
2491.8244582528	1153
2494.12532636553	1152.58337402344
2496.42551799287	1153.83337402344
2498.72503343421	1153.18334960938
2501.02387298882	1153.36669921875
2503.32203695588	1152.41662597656
2505.61952563449	1153.53332519531
2507.91633932361	1151.88330078125
2510.21247832216	1152.21667480469
2512.50794292891	1152.86669921875
2514.80273344255	1152.30004882813
2517.09685016167	1152.88330078125
2519.39029338476	1153.65002441406
2521.68306341022	1152.36669921875
2523.97516053634	1153.41662597656
2526.26658506132	1152.43334960938
2528.55733728325	1151.83337402344
2530.84741750012	1152.25
2533.13682600984	1152.91662597656
2535.4255631102	1152.46667480469
2537.7136290989	1152.56665039063
2540.00102427354	1152.46667480469
2542.28774893162	1152.06665039063
2544.57380337053	1152.23327636719
2546.85918788758	1152.91662597656
2549.14390277997	1153.03332519531
2551.4279483448	1152.61669921875
2553.71132487906	1152.66662597656
2555.99403267966	1152.94995117188
2558.27607204341	1152.26672363281
2560.55744326699	1153.13330078125
2562.83814664702	1152.84997558594
2565.11818247999	1153.38330078125
2567.3975510623	1152.43334960938
2569.67625269025	1154.16662597656
2571.95428766003	1152.16662597656
2574.23165626776	1153.16662597656
2576.50835880942	1153.01672363281
2578.78439558093	1152.73327636719
2581.05976687806	1152.96667480469
2583.33447299652	1152.61669921875
2585.60851423191	1152.86669921875
2587.88189087972	1153.61669921875
2590.15460323534	1152.06665039063
2592.42665159406	1152.61669921875
2594.69803625108	1153.90002441406
2596.9687575015	1153.03332519531
2599.23881564029	1153.19995117188
2601.50821096235	1153.08337402344
2603.77694376245	1153.44995117188
2606.0450143353	1153.61669921875
2608.31242297548	1152.28332519531
2610.57916997746	1153.48327636719
2612.84525563562	1154.19995117188
2615.11068024426	1153.26672363281
2617.37544409753	1153.66662597656
2619.63954748952	1152.55004882813
2621.90299071421	1152.83337402344
2624.16577406546	1153.41662597656
2626.42789783705	1153.75
2628.68936232264	1154.46667480469
2630.9501678158	1153.78332519531
2633.21031460999	1154.33337402344
2635.46980299857	1152.28332519531
2637.72863327481	1154.48327636719
2639.98680573185	1155.69995117188
2642.24432066276	1155.34997558594
2644.50117836048	1155.69995117188
2646.75737911786	1155.25
2649.01292322765	1155
2651.26781098249	1156.90002441406
2653.52204267492	1157.5
2655.77561859738	1157.01672363281
2658.0285390422	1157.19995117188
2660.28080430161	1159.11669921875
2662.53241466774	1159.19995117188
2664.78337043263	1160.09997558594
2667.03367188817	1162.19995117188
2669.2833193262	1162.58337402344
2671.53231303844	1162.96667480469
2673.78065331648	1164.90002441406
2676.02834045184	1165.78332519531
2678.27537473592	1167.73327636719
2680.52175646002	1168.98327636719
2682.76748591535	1169.23327636719
2685.01256339298	1171.03332519531
2687.25698918391	1171.05004882813
2689.50076357901	1171.34997558594
2691.74388686909	1174.38330078125
2693.9863593448	1174.19995117188
2696.22818129672	1172.28332519531
2698.46935301532	1171.76672363281
2700.70987479096	1172.38330078125
2702.94974691389	1169.93334960938
2705.18896967428	1167.71667480469
2707.42754336216	1167.75
2709.66546826749	1165.28332519531
2711.90274468011	1163.5
2714.13937288974	1162.76672363281
2716.37535318602	1162.58337402344
2718.61068585848	1161.5
2720.84537119652	1159.61669921875
2723.07940948947	1158.34997558594
2725.31280102654	1158.08337402344
2727.54554609682	1156.88330078125
2729.77764498933	1156.93334960938
2732.00909799294	1156.18334960938
2734.23990539644	1156.76672363281
2736.47006748853	1155.44995117188
2738.69958455777	1155.88330078125
2740.92845689263	1155.76672363281
2743.15668478147	1154.80004882813
2745.38426851257	1156.03332519531
2747.61120837406	1154.06665039063
2749.83750465399	1153.43334960938
2752.0631576403	1154.94995117188
2754.28816762083	1153.80004882813
2756.51253488329	1153.06665039063
2758.73625971532	1153.58337402344
2760.95934240442	1152.94995117188
2763.18178323801	1153.40002441406
2765.40358250338	1153.55004882813
2767.62474048773	1153
2769.84525747814	1151.98327636719
2772.06513376159	1152.43334960938
2774.28436962496	1153.36669921875
2776.50296535501	1152.63330078125
2778.7209212384	1152.25
2780.93823756168	1153.16662597656
2783.15491461129	1153.41662597656
2785.37095267358	1154.03332519531
2787.58635203477	1153.08337402344
2789.80111298097	1152.94995117188
2792.01523579822	1152.66662597656
2794.2287207724	1152.88330078125
2796.44156818932	1152.66662597656
2798.65377833468	1152.08337402344
2800.86535149404	1152.84997558594
2803.07628795289	1152.86669921875
2805.28658799659	1153.59997558594
2807.4962519104	1152.43334960938
2809.70527997946	1151.96667480469
2811.91367248883	1152.36669921875
2814.12142972342	1151.96667480469
2816.32855196807	1152.25
2818.53503950749	1152.59997558594
2820.74089262628	1152.30004882813
2822.94611160894	1152.40002441406
2825.15069673987	1151.16662597656
2827.35464830333	1152.68334960938
2829.55796658351	1152.30004882813
2831.76065186445	1153.13330078125
2833.96270443012	1152.83337402344
2836.16412456437	1152.38330078125
2838.3649125509	1151.84997558594
2840.56506867336	1151.58337402344
2842.76459321526	1151.25
2844.96348645999	1151.78332519531
2847.16174869086	1151.90002441406
2849.35938019105	1152.71667480469
2851.55638124363	1152.06665039063
2853.75275213157	1152.61669921875
2855.94849313772	1151.18334960938
2858.14360454483	1152.38330078125
2860.33808663553	1152.76672363281
2862.53193969234	1153.61669921875
2864.72516399768	1154.18334960938
2866.91775983385	1151.86669921875
2869.10972748304	1151.83337402344
2871.30106722733	1152.66662597656
2873.4917793487	1152.16662597656
2875.68186412899	1152.16662597656
2877.87132184997	1153.78332519531
2880.06015279325	1153.23327636719
2882.24835724039	1152.18334960938
2884.43593547278	1152.40002441406
2886.62288777173	1152.71667480469
2888.80921441843	1152.46667480469
2890.99491569397	1152.23327636719
2893.1799918793	1153.40002441406
2895.36444325529	1152.15002441406
2897.54827010269	1152.44995117188
2899.73147270213	1152.94995117188
2901.91405133412	1152.21667480469
2904.09600627909	1152.5
2906.27733781731	1152.30004882813
2908.45804622899	1151.91662597656
2910.63813179418	1152.71667480469
2912.81759479286	1152.55004882813
2914.99643550486	1152.13330078125
2917.17465420994	1152.25
2919.3522511877	1152.46667480469
2921.52922671765	1152.51672363281
2923.7055810792	1151.81665039063
2925.88131455162	1152.51672363281
2928.05642741408	1152.66662597656
2930.23091994566	1153.53332519531
2932.40479242528	1153.33337402344
2934.57804513178	1152.83337402344
2936.75067834387	1153.53332519531
2938.92269234017	1152.94995117188
2941.09408739916	1152.71667480469
2943.26486379921	1152.19995117188
2945.4350218186	1152.16662597656
2947.60456173546	1153.41662597656
2949.77348382783	1152.81665039063
2951.94178837363	1152.43334960938
2954.10947565068	1153.38330078125
2956.27654593666	1153.33337402344
2958.44299950915	1152.06665039063
2960.60883664562	1153.31665039063
2962.77405762341	1152.38330078125
2964.93866271975	1152.66662597656
2967.10265221178	1153.18334960938
2969.26602637648	1152.94995117188
2971.42878549076	1151.53332519531
2973.59092983139	1151.73327636719
2975.75245967501	1152.34997558594
2977.9133752982	1151.43334960938
2980.07367697736	1151.43334960938
2982.23336498882	1153.18334960938
2984.39243960877	1153.28332519531
2986.5509011133	1151.91662597656
2988.70874977837	1152.68334960938
2990.86598587984	1151.81665039063
2993.02260969344	1153.15002441406
2995.17862149478	1152.03332519531
2997.33402155938	1152.53332519531
2999.48881016262	1152.53332519531
3001.64298757978	1152.46667480469
3003.796554086	1153.25
3005.94950995633	1152.71667480469
3008.10185546569	1151.59997558594
3010.25359088888	1152.16662597656
3012.40471650059	1152.40002441406
3014.5552325754	1151.73327636719
3016.70513938776	1151.65002441406
3018.85443721201	1151.71667480469
3021.00312632236	1151.65002441406
3023.15120699292	1152.28332519531
3025.29867949769	1151.15002441406
3027.44554411052	1152.15002441406
3029.59180110516	1151.51672363281
3031.73745075527	1152.5
3033.88249333434	1152.41662597656
3036.02692911578	1152.09997558594
3038.17075837287	1152.86669921875
3040.31398137877	1151.53332519531
3042.45659840653	1153.25
3044.59860972907	1151.28332519531
3046.7400156192	1151.66662597656
3048.88081634961	1151.84997558594
3051.02101219287	1150.75
3053.16060342144	1151.48327636719
3055.29959030765	1152.65002441406
3057.43797312371	1152.58337402344
3059.57575214172	1152.11669921875
3061.71292763366	1152.15002441406
3063.84949987139	1152.55004882813
3065.98546912665	1152.06665039063
3068.12083567105	1151.25
3070.2555997761	1151.56665039063
3072.38976171319	1150.84997558594
3074.52332175356	1150.86669921875
3076.65628016837	1151.44995117188
3078.78863722863	1152.23327636719
3080.92039320526	1151.75
3083.05154836902	1151.38330078125
3085.1821029906	1152.41662597656
3087.31205734051	1151.81665039063
3089.44141168921	1151.88330078125
3091.57016630696	1152.38330078125
3093.69832146398	1151.93334960938
3095.82587743032	1152.08337402344
3097.9528344759	1150.58337402344
3100.07919287056	1151.30004882813
3102.204952884	1151.41662597656
3104.33011478579	1151.93334960938
3106.45467884538	1150.19995117188
3108.57864533212	1152.05004882813
3110.70201451522	1151.34997558594
3112.82478666378	1151.91662597656
3114.94696204676	1151.23327636719
3117.06854093301	1152.13330078125
3119.18952359127	1150.76672363281
3121.30991029013	1150.96667480469
3123.4297012981	1153.09997558594
3125.54889688352	1151.28332519531
3127.66749731464	1151.36669921875
3129.78550285957	1151.11669921875
3131.90291378633	1151.51672363281
3134.01973036277	1151.80004882813
3136.13595285665	1150.59997558594
3138.2515815356	1150.93334960938
3140.36661666714	1151.59997558594
3142.48105851863	1151.13330078125
3144.59490735734	1151.71667480469
3146.70816345041	1151.15002441406
3148.82082706486	1151.06665039063
3150.93289846758	1152.23327636719
3153.04437792532	1150.71667480469
3155.15526570475	1151.63330078125
3157.26556207238	1152.06665039063
3159.37526729461	1150.65002441406
3161.48438163771	1151.21667480469
3163.59290536784	1150.98327636719
3165.70083875102	1150.78332519531
3167.80818205315	1150.5
3169.91493554002	1151.41662597656
3172.02109947727	1151.78332519531
3174.12667413044	1151.28332519531
3176.23165976493	1151.73327636719
3178.33605664602	1150.83337402344
3180.43986503887	1151.68334960938
3182.54308520852	1151.16662597656
3184.64571741986	1151.25
3186.74776193769	1151.44995117188
3188.84921902664	1151.18334960938
3190.95008895128	1151.25
3193.05037197599	1150.84997558594
3195.15006836504	1151.05004882813
3197.24917838262	1151.11669921875
3199.34770229274	1150.44995117188
3201.44564035931	1151.75
3203.5429928461	1150.94995117188
3205.63976001677	1150.30004882813
3207.73594213484	1151.68334960938
3209.83153946372	1151.38330078125
3211.92655226669	1151.83337402344
3214.02098080688	1150.93334960938
3216.11482534732	1151.68334960938
3218.20808615091	1150.98327636719
3220.30076348041	1151.36669921875
3222.39285759847	1152.66662597656
3224.4843687676	1151.11669921875
3226.57529725019	1151.48327636719
3228.66564330851	1151.73327636719
3230.75540720468	1151.66662597656
3232.8445892007	1151.73327636719
3234.93318955847	1152.36669921875
3237.02120853974	1153.03332519531
3239.10864640612	1151.90002441406
3241.19550341911	1151.25
3243.28177984009	1151.63330078125
3245.36747593029	1151.25
3247.45259195083	1152.06665039063
3249.53712816268	1151.41662597656
3251.62108482672	1151.51672363281
3253.70446220366	1151.75
3255.78726055411	1151.83337402344
3257.86948013853	1151.41662597656
3259.95112121728	1151.61669921875
3262.03218405055	1151.15002441406
3264.11266889845	1150.68334960938
3266.19257602092	1151.63330078125
3268.27190567779	1152.01672363281
3270.35065812876	1150.53332519531
3272.4288336334	1151.36669921875
3274.50643245114	1150.41662597656
3276.5834548413	1150.75
3278.65990106305	1152.08337402344
3280.73577137545	1150.5
3282.81106603742	1151.51672363281
3284.88578530774	1151.61669921875
3286.95992944508	1151.98327636719
3289.03349870796	1150.61669921875
3291.1064933548	1150.98327636719
3293.17891364384	1150.44995117188
3295.25075983324	1150.26672363281
3297.322032181	1150.73327636719
3299.39273094501	1150.59997558594
3301.462856383	1150.44995117188
3303.53240875259	1150.90002441406
3305.60138831128	1151.08337402344
3307.6697953164	1150.19995117188
3309.73763002519	1150.98327636719
3311.80489269472	1149.65002441406
3313.87158358198	1150.41662597656
3315.93770294378	1149.55004882813
3318.00325103681	1150.30004882813
3320.06822811764	1150.55004882813
3322.13263444272	1152.5
3324.19647026832	1150.30004882813
3326.25973585064	1151.41662597656
3328.32243144568	1151.76672363281
3330.38455730938	1149.98327636719
3332.44611369749	1150.58337402344
3334.50710086564	1150.88330078125
3336.56751906936	1150.93334960938
3338.62736856401	1150.31665039063
3340.68664960483	1150.65002441406
3342.74536244693	1149.56665039063
3344.80350734528	1150.03332519531
3346.86108455472	1150.68334960938
3348.91809432997	1150.65002441406
3350.97453692559	1150.36669921875
3353.03041259603	1150.11669921875
3355.08572159559	1150.73327636719
3357.14046417844	1150.65002441406
3359.19464059863	1150.16662597656
3361.24825111005	1150.38330078125
3363.30129596648	1150.43334960938
3365.35377542155	1150.76672363281
3367.40568972878	1151.03332519531
3369.45703914152	1149.86669921875
3371.507823913	1150.83337402344
3373.55804429633	1150.51672363281
3375.60770054446	1149.69995117188
3377.65679291024	1150.36669921875
3379.70532164635	1150.33337402344
3381.75328700534	1150.55004882813
3383.80068923965	1150.03332519531
3385.84752860155	1150.76672363281
3387.89380534321	1150.78332519531
3389.93951971664	1151.33337402344
3391.98467197371	1149.81665039063
3394.02926236618	1151.48327636719
3396.07329114566	1149.81665039063
3398.1167585636	1149.76672363281
3400.15966487137	1150.18334960938
3402.20201032014	1149.71667480469
3404.24379516099	1150.68334960938
3406.28501964484	1150.80004882813
3408.3256840225	1150.18334960938
3410.3657885446	1151.51672363281
3412.40533346167	1150.56665039063
3414.44431902408	1150.80004882813
3416.48274548209	1149.53332519531
3418.5206130858	1150.84997558594
3420.55792208516	1150.44995117188
3422.59467273003	1148.86669921875
3424.63086527009	1150.71667480469
3426.6664999549	1150.18334960938
3428.70157703386	1150.88330078125
3430.73609675628	1150.41662597656
3432.77005937129	1149.31665039063
3434.80346512789	1150.06665039063
3436.83631427494	1149.71667480469
3438.86860706119	1149.58337402344
3440.90034373521	1150.15002441406
3442.93152454546	1150.13330078125
3444.96214974025	1149.76672363281
3446.99221956775	1150.38330078125
3449.021734276	1150.38330078125
3451.05069411289	1150.28332519531
3453.07909932619	1150.81665039063
3455.1069501635	1150.76672363281
3457.1342468723	1150.30004882813
3459.16098969993	1150.19995117188
3461.1871788936	1150.86669921875
3463.21281470035	1150.96667480469
3465.23789736712	1150.05004882813
3467.26242714067	1150.86669921875
3469.28640426765	1150.56665039063
3471.30982899455	1150.01672363281
3473.33270156774	1149.76672363281
3475.35502223343	1150.01672363281
3477.3767912377	1148.81665039063
3479.39800882649	1150.06665039063
3481.41867524559	1150.38330078125
3483.43879074066	1150.44995117188
3485.45835555721	1150.31665039063
3487.47736994062	1149.94995117188
3489.49583413611	1150.13330078125
3491.51374838879	1151.05004882813
3493.53111294359	1150.26672363281
3495.54792804533	1149.75
3497.56419393867	1150.11669921875
3499.57991086814	1149.53332519531
3501.59507907811	1149.23327636719
3503.60969881284	1150.65002441406
3505.6237703164	1149.40002441406
3507.63729383278	1150.06665039063
3509.65026960577	1149.75
3511.66269787904	1150.68334960938
3513.67457889613	1151.05004882813
3515.68591290042	1149.80004882813
3517.69670013515	1149.93334960938
3519.70694084342	1150.46667480469
3521.7166352682	1150.71667480469
3523.72578365229	1150.23327636719
3525.73438623836	1150.41662597656
3527.74244326893	1150.51672363281
3529.74995498641	1150.53332519531
3531.75692163301	1150.46667480469
3533.76334345084	1150.21667480469
3535.76922068186	1150.61669921875
3537.77455356786	1149.73327636719
3539.77934235051	1149.91662597656
3541.78358727133	1151.01672363281
3543.78728857169	1149.21667480469
3545.79044649283	1149.33337402344
3547.79306127584	1149.34997558594
3549.79513316164	1149.80004882813
3551.79666239104	1149.34997558594
3553.79764920469	1149.78332519531
3555.7980938431	1150.03332519531
3557.79799654663	1149.96667480469
3559.79735755548	1148.73327636719
3561.79617710974	1149.63330078125
3563.79445544932	1149.55004882813
3565.79219281401	1149.75
3567.78938944344	1150.13330078125
3569.7860455771	1150.88330078125
3571.78216145432	1149.26672363281
3573.77773731431	1148.66662597656
3575.7727733961	1150.80004882813
3577.76726993861	1149.96667480469
3579.76122718059	1149.43334960938
3581.75464536064	1149.91662597656
3583.74752471725	1149.36669921875
3585.7398654887	1149.36669921875
3587.73166791317	1150.36669921875
3589.7229322287	1149.31665039063
3591.71365867314	1149.11669921875
3593.70384748424	1149.56665039063
3595.69349889955	1150.11669921875
3597.68261315654	1150.16662597656
3599.67119049245	1149.71667480469
3601.65923114446	1150.16662597656
3603.64673534952	1149.40002441406
3605.63370334449	1149.81665039063
3607.62013536607	1149.91662597656
3609.60603165079	1150.43334960938
3611.59139243504	1150.55004882813
3613.57621795509	1149.19995117188
3615.56050844701	1149.71667480469
3617.54426414677	1150
3619.52748529017	1148.96667480469
3621.51017211285	1149.69995117188
3623.49232485031	1148.91662597656
3625.47394373792	1148.76672363281
3627.45502901088	1150.23327636719
3629.43558090423	1149.96667480469
3631.41559965288	1149.23327636719
3633.3950854916	1150.03332519531
3635.37403865498	1149.58337402344
3637.35245937747	1149.16662597656
3639.33034789339	1149.58337402344
3641.30770443688	1149.08337402344
3643.28452924196	1150.41662597656
3645.26082254248	1149.36669921875
3647.23658457212	1148.31665039063
3649.21181556447	1149.61669921875
3651.18651575291	1148.13330078125
3653.16068537069	1150.05004882813
3655.13432465092	1149
3657.10743382653	1149.38330078125
3659.08001313034	1149.58337402344
3661.05206279498	1149.94995117188
3663.02358305295	1149.53332519531
3664.9945741366	1149.61669921875
3666.96503627811	1148.59997558594
3668.93496970952	1148.41662597656
3670.90437466272	1150
3672.87325136944	1149.15002441406
3674.84160006127	1149.41662597656
3676.80942096963	1148.69995117188
3678.77671432581	1148.5
3680.74348036092	1148.94995117188
3682.70971930595	1149.46667480469
3684.6754313917	1148.36669921875
3686.64061684885	1148.75
3688.60527590791	1149.09997558594
3690.56940879924	1148.33337402344
3692.53301575303	1148.56665039063
3694.49609699936	1149.41662597656
3696.45865276812	1148.98327636719
3698.42068328904	1149.83337402344
3700.38218879173	1149.30004882813
3702.34316950563	1149.25
3704.30362566	1149.78332519531
3706.26355748399	1148.81665039063
3708.22296520657	1148.76672363281
3710.18184905656	1148.66662597656
3712.14020926263	1149.23327636719
3714.09804605328	1148.59997558594
3716.05535965687	1149.61669921875
3718.01215030162	1147.81665039063
3719.96841821555	1149.06665039063
3721.92416362657	1149.28332519531
3723.8793867624	1148.38330078125
3725.83408785063	1149.15002441406
3727.78826711869	1148.33337402344
3729.74192479384	1148.66662597656
3731.69506110319	1149.28332519531
3733.64767627371	1149.94995117188
3735.59977053219	1149.06665039063
3737.55134410528	1150.08337402344
3739.50239721947	1148.78332519531
3741.45293010108	1147.94995117188
3743.40294297631	1148.68334960938
3745.35243607116	1148.66662597656
3747.3014096115	1147.81665039063
3749.24986382303	1148.90002441406
3751.19779893131	1149.09997558594
3753.14521516171	1148.46667480469
3755.09211273949	1149.76672363281
3757.0384918897	1148.18334960938
3758.98435283728	1147.05004882813
3760.92969580698	1148.96667480469
3762.87452102341	1149
3764.81882871101	1149.38330078125
3766.76261909407	1149.43334960938
3768.70589239672	1148.58337402344
3770.64864884293	1148.63330078125
3772.59088865651	1148.19995117188
3774.53261206112	1147.76672363281
3776.47381928025	1148.11669921875
