-173.428722450078	1151.38330078125
-170.294344013779	1151.23327636719
-167.160990304052	1151.51672363281
-164.028660894548	1149.71667480469
-160.897355359205	1152.01672363281
-157.767073272189	1152
-154.637814207931	1151.91662597656
-151.50957774112	1150.48327636719
-148.382363446704	1151.15002441406
-145.256170899859	1152.06665039063
-142.130999676054	1151.80004882813
-139.006849350965	1152.08337402344
-135.883719500571	1152.15002441406
-132.761609701053	1151.98327636719
-129.640519528863	1151.36669921875
-126.520448560715	1151.94995117188
-123.401396373553	1151.58337402344
-120.28336254458	1151.80004882813
-117.166346651252	1151.55004882813
-114.050348271258	1152
-110.935366982541	1150.41662597656
-107.821402363301	1151.66662597656
-104.708453991972	1152.59997558594
-101.596521447235	1151.46667480469
-98.4856043080122	1151.68334960938
-95.3757021534957	1152.5
-92.2668145630801	1151.71667480469
-89.1589411164452	1151.38330078125
-86.0520813934781	1152.55004882813
-82.946234974338	1152.06665039063
-79.8414014394074	1151.96667480469
-76.7375803693083	1151.86669921875
-73.6347713449181	1150.84997558594
-70.532973947345	1152.33337402344
-67.4321877579402	1152.23327636719
-64.3324123582935	1152.09997558594
-61.2336473302252	1152.30004882813
-58.1358922558143	1152.58337402344
-55.0391467173494	1152.46667480469
-51.9434102973817	1151.93334960938
-48.8486825786838	1152.43334960938
-45.7549631442702	1151.88330078125
-42.662251577389	1150.03332519531
-39.5705474615295	1152.08337402344
-36.4798503804062	1151.71667480469
-33.3901599179706	1151
-30.301475658403	1151.30004882813
-27.2137971861287	1151.65002441406
-24.1271240858053	1152.30004882813
-21.0414559423028	1152.59997558594
-17.9567923407513	1151.94995117188
-14.8731328664812	1152.09997558594
-11.7904771050747	1151.41662597656
-8.70882464233763	1151.36669921875
-5.62817506431157	1151.15002441406
-2.54852795725342	1152.81665039063
0.530117092344597	1153.31665039063
3.6077604977471	1154
6.68440267202787	1153.08337402344
9.76004402799773	1151.40002441406
12.8346849782609	1152.09997558594
15.9083259351831	1151.46667480469
18.9809673109237	1152.09997558594
22.0526095173877	1152.19995117188
25.1232529662903	1151.61669921875
28.1928980690886	1151.38330078125
31.2615452370419	1152.58337402344
34.32919488118	1152.69995117188
37.3958474123071	1152.43334960938
40.4615032409942	1152.41662597656
43.5261627776189	1152.69995117188
46.58982643231	1152.16662597656
49.6524946149833	1152.38330078125
52.7141677353456	1153.61669921875
55.7748462028835	1150.76672363281
58.8345304268427	1152.93334960938
61.8932208162729	1153.65002441406
64.9509177800033	1152.80004882813
68.0076217266271	1154.61669921875
71.0633330645419	1156.28332519531
74.118052201909	1163.84997558594
77.1717795467022	1202.53332519531
80.224515506648	1339.06665039063
83.2762604892772	1626.90002441406
86.3270149018856	1930.53332519531
89.3767791515896	2113.60009765625
92.4255536452548	2216.06665039063
95.4733387895519	2264.2333984375
98.5201349909248	2308.80004882813
101.565942655643	2337.4833984375
104.610762189717	2358.80004882813
107.654593998963	2373.16674804688
110.697438488996	2398.41674804688
113.739296065204	2425.18334960938
116.78016713278	2430.41674804688
119.820052096698	2432.03344726563
122.85895136172	2432.56665039063
125.896865332408	2421.11669921875
128.933794413111	2434.96655273438
131.969739007965	2428.19995117188
135.004699520911	2429.2666015625
138.038676355664	2430.44995117188
141.071669915751	2431.2666015625
144.103680604487	2433.4833984375
147.134708824975	2412.19995117188
150.164754980118	2435.61669921875
153.193819472611	2426.69995117188
156.221902704945	2427.66674804688
159.24900507942	2432.39990234375
162.275126998099	2447.64990234375
165.300268862873	2450.44995117188
168.324431075425	2465.71655273438
171.347614037231	2471.96655273438
174.369818149562	2480.43334960938
177.391043813491	2490.03344726563
180.411291429897	2496.35009765625
183.430561399437	2489.19995117188
186.448854122582	2493.2333984375
189.466169999607	2493.18334960938
192.482509430598	2503.39990234375
195.497872815412	2515.43334960938
198.512260553716	2526.16674804688
201.525673045011	2520.5166015625
204.538110688552	2527.38330078125
207.549573883427	2519.35009765625
210.560063028519	2530.83325195313
213.569578522523	2537
216.578120763917	2534.03344726563
219.585690151021	2540.5
222.592287081907	2530.64990234375
225.597911954507	2519.66674804688
228.602565166512	2520.18334960938
231.606247115456	2532.96655273438
234.608958198646	2525.60009765625
237.610698813222	2521.08325195313
240.611469356122	2531.86669921875
243.611270224103	2536.31665039063
246.610101813707	2539.44995117188
249.607964521295	2548.86669921875
252.604858743044	2549.14990234375
255.600784874935	2569.61669921875
258.595743312749	2559.75
261.589734452097	2563.43334960938
264.582758688393	2570.83325195313
267.574816416842	2578.2666015625
270.565908032503	2580.30004882813
273.556033930195	2565.25
276.545194504586	2573.96655273438
279.533390150138	2574.30004882813
282.520621261151	2567.85009765625
285.506888231708	2571.68334960938
288.49219145571	2571.93334960938
291.476531326902	2572.66674804688
294.459908238794	2570.55004882813
297.442322584762	2589.71655273438
300.423774757966	2586.41674804688
303.404265151375	2589.43334960938
306.383794157805	2582.46655273438
309.362362169862	2586.0166015625
312.339969579982	2593.44995117188
315.316616780414	2595.96655273438
318.292304163227	2596.41674804688
321.267032120295	2600.81665039063
324.24080104332	2591.83325195313
327.213611323833	2593.31665039063
330.185463353171	2600
333.156357522491	2600.21655273438
336.126294222774	2589.89990234375
339.095273844812	2591.7333984375
342.063296779227	2603.2333984375
345.030363416467	2596.2666015625
347.996474146782	2601.35009765625
350.961629360257	2612.53344726563
353.925829446806	2617.21655273438
356.889074796147	2621.64990234375
359.851365797829	2623.5
362.812702841222	2637.93334960938
365.773086315536	2642.85009765625
368.732516609768	2638.38330078125
371.690994112778	2628.4833984375
374.648519213243	2621.69995117188
377.605092299631	2630.68334960938
380.560713760273	2626.38330078125
383.515383983307	2625.43334960938
386.469103356711	2630.80004882813
389.421872268273	2623.30004882813
392.373691105615	2626.44995117188
395.32456025619	2617.05004882813
398.274480107272	2611.46655273438
401.223451045967	2621.30004882813
404.171473459202	2631.0166015625
407.118547733728	2634.7333984375
410.064674256155	2634.33325195313
413.009853412892	2640.81665039063
415.954085590181	2635.94995117188
418.8973711741	2649.88330078125
421.83971055055	2637.46655273438
424.781104105281	2639.91674804688
427.721552223856	2653.39990234375
430.661055291665	2667.39990234375
433.599613693946	2664.39990234375
436.537227815752	2658.19995117188
439.473898041993	2668.44995117188
442.409624757378	2662.03344726563
445.344408346476	2670.60009765625
448.278249193683	2661.9833984375
451.211147683207	2687.83325195313
454.143104199122	2677.91674804688
457.074119125312	2681.66674804688
460.004192845497	2686.10009765625
462.933325743267	2685.68334960938
465.861518202001	2690.0166015625
468.788770604917	2688.85009765625
471.71508333511	2684.28344726563
474.640456775471	2690.46655273438
477.564891308737	2694.5166015625
480.488387317487	2693.5166015625
483.410945184141	2706.96655273438
486.332565290942	2701.78344726563
489.253248019986	2706.43334960938
492.172993753197	2706.66674804688
495.091802872338	2712.06665039063
498.009675759011	2717.71655273438
500.926612794666	2737.75
503.842614360571	2722.91674804688
506.757680837864	2750.18334960938
509.671812607493	2767.93334960938
512.585010050263	2827.88330078125
515.497273546817	3013.25
518.408603477637	3340.35009765625
521.319000223045	3378.69995117188
524.228464163205	3122.30004882813
527.136995678121	2919.11669921875
530.044595147647	2835.33325195313
532.951262951471	2795.56665039063
535.856999469123	2762.94995117188
538.761805079986	2754.16674804688
541.665680163279	2759.2666015625
544.568625098049	2763.0166015625
547.470640263216	2756.03344726563
550.371726037533	2767.39990234375
553.271882799588	2774.7666015625
556.171110927825	2760.86669921875
559.069410800531	2766.31665039063
561.966782795823	2765.33325195313
564.863227291685	2779.63330078125
567.758744665944	2780.81665039063
570.653335296256	2777.93334960938
573.546999560148	2786.06665039063
576.439737834969	2799.10009765625
579.331550497935	2799.85009765625
582.222437926093	2799.03344726563
585.112400496356	2803.80004882813
588.001438585469	2799.9833984375
590.889552570021	2793.96655273438
593.77674282648	2800.41674804688
596.663009731132	2796.41674804688
599.548353660116	2810.25
602.432774989433	2794.71655273438
605.316274094926	2816.93334960938
608.198851352303	2810.5166015625
611.080507137075	2826.36669921875
613.961241824667	2818.11669921875
616.841055790315	2824.64990234375
619.71994940911	2829.80004882813
622.597923056008	2821.53344726563
625.474977105798	2830.46655273438
628.351111933143	2840.14990234375
631.22632791255	2844.69995117188
634.10062541835	2842.7333984375
636.97400482478	2855.33325195313
639.846466505882	2863.63330078125
642.718010835585	2854.4833984375
645.58863818764	2849.5
648.458348935679	2873.36669921875
651.327143453188	2872.05004882813
654.195022113475	2870.11669921875
657.061985289745	2887.88330078125
659.928033355022	2895.25
662.79316668221	2895.41674804688
665.657385644057	2899.85009765625
668.520690613176	2889.86669921875
671.383081962017	2883.30004882813
674.244560062899	2890.44995117188
677.105125288002	2901.28344726563
679.964778009343	2914.31665039063
682.823518598832	2898.28344726563
685.681347428202	2908.78344726563
688.538264869057	2883.86669921875
691.394271292855	2900.13330078125
694.249367070914	2895.89990234375
697.103552574412	2918.2333984375
699.956828174378	2899.60009765625
702.809194241715	2906.08325195313
705.660651147175	2896.53344726563
708.511199261361	2901.44995117188
711.360838954755	2912.16674804688
714.209570597676	2905.68334960938
717.057394560329	2912.61669921875
719.90431121275	2901.7666015625
722.750320924861	2920.83325195313
725.59542406643	2928.5166015625
728.439621007094	2922.35009765625
731.282912116347	2942.7333984375
734.125297763539	2936.44995117188
736.966778317898	2933.60009765625
739.807354148498	2960.7333984375
742.647025624275	2942.66674804688
745.485793114042	2959.5166015625
748.323656986468	2965.18334960938
751.160617610072	2958.60009765625
753.996675353258	2968.43334960938
756.831830584275	2958.7333984375
759.666083671249	2973.5
762.499434982158	2971.66674804688
765.331884884853	2979.43334960938
768.163433747055	2979.55004882813
770.994081936328	2982.0166015625
773.823829820116	2970.18334960938
776.652677765732	2972.13330078125
779.480626140347	2976.60009765625
782.307675310993	2971.25
785.133825644576	2989.33325195313
787.959077507869	2990.10009765625
790.783431267511	2982.96655273438
793.606887289986	2981.85009765625
796.429445941685	2985.71655273438
799.251107588836	2984.44995117188
802.071872597536	2981.86669921875
804.891741333751	2989.18334960938
807.71071416334	2976.61669921875
810.528791451981	2989
813.345973565269	3003.89990234375
816.162260868638	3008.91674804688
818.977653727395	3008.25
821.792152506717	3013.7666015625
824.605757571661	3025.7333984375
827.418469287133	3016.7333984375
830.230288017926	3024.80004882813
833.0412141287	3027.36669921875
835.851247983973	3029.5
838.660389948141	3026.41674804688
841.468640385466	3045.46655273438
844.27599966009	3047.53344726563
847.082468136026	3059.38330078125
849.888046177135	3064.5166015625
852.692734147171	3061.86669921875
855.496532409758	3057.38330078125
858.29944132839	3075.93334960938
861.10146126642	3081.44995117188
863.902592587094	3071.56665039063
866.702835653509	3067.91674804688
869.502190828641	3078.41674804688
872.300658475353	3086.36669921875
875.098238956361	3087.18334960938
877.894932634271	3086.46655273438
880.690739871548	3073.16674804688
883.485661030531	3100
886.279696473447	3109.7666015625
889.072846562376	3099.14990234375
891.86511165929	3099.5
894.65649212603	3105.41674804688
897.446988324303	3111.5166015625
900.236600615703	3103.91674804688
903.025329361687	3103.43334960938
905.813174923597	3104.36669921875
908.600137662639	3110.4833984375
911.38621793991	3102.33325195313
914.171416116365	3117.44995117188
916.95573255285	3130.11669921875
919.739167610082	3119.21655273438
922.521721648641	3146.80004882813
925.303395029005	3134.16674804688
928.084188111517	3157.93334960938
930.864101256396	3151.19995117188
933.643134823733	3164.5
936.42128917351	3178.2666015625
939.198564665577	3159.30004882813
941.97496165967	3186.38330078125
944.750480515391	3189.69995117188
947.525121592226	3188.58325195313
950.298885249534	3208.31665039063
953.071771846555	3211.2666015625
955.843781742413	3224.71655273438
958.614915296108	3229.2666015625
961.385172866513	3228.43334960938
964.154554812387	3219.63330078125
966.92306149236	3217.13330078125
969.690693264949	3240.94995117188
972.457450488552	3247.63330078125
975.223333521431	3236.5
977.988342721749	3240.46655273438
980.752478447535	3245.31665039063
983.515741056708	3260.81665039063
986.278130907059	3243.06665039063
989.039648356259	3252.18334960938
991.800293761863	3250.2333984375
994.560067481312	3263.88330078125
997.318969871913	3251.85009765625
1000.07700129088	3269.13330078125
1002.83416209528	3264.0166015625
1005.59045264208	3259.85009765625
1008.34587328813	3276.33325195313
1011.10042439014	3268.96655273438
1013.85410630472	3270.58325195313
1016.60691938837	3271.89990234375
1019.35886399746	3277.5
1022.10994048823	3279.81665039063
1024.86014921684	3298.13330078125
1027.60949053928	3297.36669921875
1030.35796481149	3291.14990234375
1033.10557238924	3276.2333984375
1035.85231362819	3286.19995117188
1038.5981888839	3288.2666015625
1041.34319851182	3275.58325195313
1044.08734286727	3291.86669921875
1046.83062230544	3289.16674804688
1049.57303718143	3307.35009765625
1052.31458785021	3317.19995117188
1055.05527466665	3303.46655273438
1057.79509798549	3321.83325195313
1060.53405816134	3331.28344726563
1063.27215554874	3322.36669921875
1066.00939050209	3329.5
1068.74576337565	3338.63330078125
1071.48127452361	3332.81665039063
1074.21592430002	3334.71655273438
1076.94971305882	3349.30004882813
1079.68264115384	3343.0166015625
1082.41470893879	3361.28344726563
1085.14591676728	3356.96655273438
1087.8762649928	3354.38330078125
1090.60575396871	3368.53344726563
1093.33438404827	3374
1096.06215558464	3369.08325195313
1098.78906893086	3365.7333984375
1101.51512443981	3378.31665039063
1104.24032246435	3406
1106.96466335716	3405.94995117188
1109.68814747081	3385.18334960938
1112.41077515779	3391.39990234375
1115.13254677044	3399.88330078125
1117.85346266104	3411.43334960938
1120.57352318169	3400.18334960938
1123.29272868445	3408.2333984375
1126.01107952121	3408.19995117188
1128.72857604378	3428.86669921875
1131.44521860385	3427.31665039063
1134.16100755301	3412.43334960938
1136.87594324271	3437.55004882813
1139.59002602433	3430.06665039063
1142.3032562491	3435.38330078125
1145.01563426818	3443.18334960938
1147.72716043257	3440.21655273438
1150.43783509322	3455.63330078125
1153.14765860091	3448.13330078125
1155.85663130634	3455.9833984375
1158.56475356012	3459.75
1161.27202571271	3460.18334960938
1163.97844811448	3460.58325195313
1166.68402111569	3449.5166015625
1169.38874506649	3465.21655273438
1172.09262031694	3489.91674804688
1174.79564721695	3473.9833984375
1177.49782611635	3489.2333984375
1180.19915736486	3503.86669921875
1182.89964131208	3514.89990234375
1185.59927830751	3500.43334960938
1188.29806870054	3513.05004882813
1190.99601284046	3506.13330078125
1193.69311107643	3515.2666015625
1196.38936375753	3527.78344726563
1199.08477123271	3543.14990234375
1201.77933385082	3520.55004882813
1204.47305196061	3547.91674804688
1207.1659259107	3546.66674804688
1209.85795604964	3556.7666015625
1212.54914272585	3579.14990234375
1215.23948628763	3569.63330078125
1217.92898708319	3601.5166015625
1220.61764546064	3581.58325195313
1223.30546176798	3586.7666015625
1225.99243635308	3594.64990234375
1228.67856956373	3598.81665039063
1231.36386174761	3604.18334960938
1234.04831325228	3599.0166015625
1236.73192442522	3606.96655273438
1239.41469561377	3589.44995117188
1242.09662716519	3606.25
1244.77771942662	3600.56665039063
1247.45797274511	3603.36669921875
1250.13738746759	3597.03344726563
1252.81596394089	3614.85009765625
1255.49370251175	3612.75
1258.17060352676	3625.10009765625
1260.84666733246	3616.33325195313
1263.52189427525	3638.69995117188
1266.19628470144	3634.38330078125
1268.86983895722	3632.35009765625
1271.5425573887	3630.2333984375
1274.21444034186	3641.19995117188
1276.8854881626	3629.19995117188
1279.55570119671	3643.89990234375
1282.22507978985	3637.96655273438
1284.89362428759	3660.2333984375
1287.56133503543	3668.69995117188
1290.22821237872	3671.55004882813
1292.89425666274	3677.96655273438
1295.55946823263	3671.33325195313
1298.22384743346	3685.2666015625
1300.88739461019	3699.56665039063
1303.55011010766	3715.86669921875
1306.21199427063	3699.96655273438
1308.87304744373	3725.2333984375
1311.53326997152	3710.2333984375
1314.19266219843	3727.86669921875
1316.8512244688	3754.36669921875
1319.50895712687	3743.68334960938
1322.16586051676	3741.93334960938
1324.82193498252	3753.03344726563
1327.47718086806	3740.81665039063
1330.1315985172	3769.41674804688
1332.78518827369	3781.31665039063
1335.43795048114	3780.44995117188
1338.08988548307	3778.71655273438
1340.74099362289	3780.94995117188
1343.39127524392	3791.0166015625
1346.04073068939	3795.25
1348.6893603024	3784.7666015625
1351.33716442597	3792.69995117188
1353.98414340301	3789.63330078125
1356.63029757632	3792.08325195313
1359.27562728863	3787
1361.92013288252	3794.53344726563
1364.56381470053	3781.55004882813
1367.20667308505	3798.63330078125
1369.84870837838	3801.41674804688
1372.48992092274	3796.78344726563
1375.13031106023	3798.5
1377.76987913284	3788.44995117188
1380.40862548251	3779.80004882813
1383.04655045101	3786.61669921875
1385.68365438006	3794.03344726563
1388.31993761126	3794.5166015625
1390.95540048612	3807.69995117188
1393.59004334605	3794.80004882813
1396.22386653233	3811.66674804688
1398.85687038619	3815.39990234375
1401.48905524873	3803.0166015625
1404.12042146094	3816.63330078125
1406.75096936375	3828.44995117188
1409.38069929796	3835.93334960938
1412.00961160428	3836.68334960938
1414.63770662332	3839.78344726563
1417.26498469557	3841.33325195313
1419.89144616146	3841
1422.51709136132	3848.33325195313
1425.14192063532	3855.5166015625
1427.76593432361	3856.06665039063
1430.3891327662	3852.80004882813
1433.01151630299	3873.39990234375
1435.63308527382	3870.46655273438
1438.2538400184	3870.63330078125
1440.87378087637	3873.7666015625
1443.49290818722	3904.31665039063
1446.1112222904	3895.35009765625
1448.72872352524	3883.41674804688
1451.34541223097	3891.06665039063
1453.96128874671	3879.10009765625
1456.5763534115	3867.06665039063
1459.19060656429	3879.85009765625
1461.8040485439	3902.30004882813
1464.41667968907	3891.66674804688
1467.02850033846	3904.13330078125
1469.63951083061	3909.83325195313
1472.24971150397	3912.55004882813
1474.8591026969	3925.68334960938
1477.46768474763	3909.5
1480.07545799434	3921.36669921875
1482.68242277508	3931.96655273438
1485.28857942782	3902.05004882813
1487.89392829042	3926.05004882813
1490.49846970065	3904.9833984375
1493.10220399619	3925.39990234375
1495.70513151461	3932.63330078125
1498.30725259339	3953.28344726563
1500.90856756992	3943.81665039063
1503.50907678146	3938.83325195313
1506.10878056524	3945.25
1508.70767925832	3944.91674804688
1511.30577319772	3958.39990234375
1513.90306272032	3961.7666015625
1516.49954816295	3947.28344726563
1519.09522986229	3945.36669921875
1521.69010815498	3963.39990234375
1524.28418337751	3971.31665039063
1526.87745586632	3973.80004882813
1529.46992595773	3987.28344726563
1532.06159398796	3980.31665039063
1534.65246029316	4003.18334960938
1537.24252520935	4011.10009765625
1539.83178907249	4020.43334960938
1542.42025221841	4018.7666015625
1545.00791498287	4029.2333984375
1547.59477770152	4050.2666015625
1550.18084070993	4041.69995117188
1552.76610434356	4038.25
1555.35056893777	4064.69995117188
1557.93423482785	4074.75
1560.51710234896	4078.06665039063
1563.0991718362	4090.16674804688
1565.68044362457	4088.44995117188
1568.26091804893	4099.10009765625
1570.84059544411	4116.81689453125
1573.41947614481	4105.14990234375
1575.99756048562	4089.35009765625
1578.57484880108	4082.5166015625
1581.15134142559	4086.94995117188
1583.72703869349	4098.81689453125
1586.301940939	4100.716796875
1588.87604849628	4094.43334960938
1591.44936169934	4117.83349609375
1594.02188088215	4118.61669921875
1596.59360637855	4116.93310546875
1599.16453852232	4108.283203125
1601.73467764709	4116.13330078125
1604.30402408647	4119.58349609375
1606.87257817391	4122.43310546875
1609.44034024281	4093.16674804688
1612.00731062644	4100.033203125
1614.57348965801	4105.533203125
1617.13887767062	4107.5498046875
1619.70347499726	4109.283203125
1622.26728197086	4112.2998046875
1624.83029892423	4126.33349609375
1627.39252619012	4120.08349609375
1629.95396410112	4111.9501953125
1632.5146129898	4128.4833984375
1635.07447318858	4141.68310546875
1637.63354502984	4137.25
1640.19182884582	4110.33349609375
1642.74932496868	4130.9501953125
1645.3060337305	4142.9501953125
1647.86195546325	4139.33349609375
1650.41709049882	4135.2333984375
1652.971439169	4149.0166015625
1655.52500180548	4145.66650390625
1658.07777873987	4151.7666015625
1660.62977030368	4153.43310546875
1663.18097682833	4178.4501953125
1665.73139864514	4183.2333984375
1668.28103608534	4190.283203125
1670.82988948008	4191.2001953125
1673.37795916039	4192.61669921875
1675.92524545724	4181.86669921875
1678.47174870147	4168.966796875
1681.01746922386	4186.31689453125
1683.56240735508	4195.533203125
1686.10656342572	4200.7666015625
1688.64993776626	4203.39990234375
1691.19253070709	4211.31689453125
1693.73434257853	4205.7001953125
1696.27537371078	4206.466796875
1698.81562443395	4204.39990234375
1701.35509507809	4193.0166015625
1703.89378597311	4221.783203125
1706.43169744886	4215.41650390625
1708.96882983509	4216.10009765625
1711.50518346144	4218.83349609375
1714.0407586575	4215.2001953125
1716.57555575272	4220.10009765625
1719.10957507649	4221.7998046875
1721.64281695809	4213.716796875
1724.17528172671	4242.36669921875
1726.70696971146	4234.88330078125
1729.23788124135	4241.64990234375
1731.7680166453	4250.41650390625
1734.29737625213	4245.4501953125
1736.82596039057	4267.91650390625
1739.35376938927	4249.466796875
1741.88080357677	4262.5166015625
1744.40706328154	4271.75
1746.93254883193	4280.16650390625
1749.45726055623	4287.0166015625
1751.9811987826	4298.81689453125
1754.50436383915	4281.216796875
1757.02675605387	4296.39990234375
1759.54837575466	4309.33349609375
1762.06922326934	4309.466796875
1764.58929892564	4311.2333984375
1767.10860305118	4326.61669921875
1769.6271359735	4317.4501953125
1772.14489802005	4341.10009765625
1774.66188951817	4336
1777.17811079515	4361.4501953125
1779.69356217815	4343.43310546875
1782.20824399425	4346.033203125
1784.72215657043	4350.83349609375
1787.23530023361	4363.18310546875
1789.74767531057	4349.5
1792.25928212804	4339.7333984375
1794.77012101264	4342.91650390625
1797.2801922909	4353.06689453125
1799.78949628926	4366.81689453125
1802.29803333406	4358.5498046875
1804.80580375158	4382.2666015625
1807.31280786797	4376.466796875
1809.81904600929	4376.41650390625
1812.32451850154	4381.16650390625
1814.82922567061	4388.10009765625
1817.33316784231	4384.88330078125
1819.83634534233	4380.533203125
1822.33875849629	4374.2998046875
1824.84040762973	4376.966796875
1827.34129306808	4375.60009765625
1829.84141513667	4391.75
1832.34077416077	4394.25
1834.83937046553	4390.75
1837.33720437602	4400.25
1839.83427621723	4400.61669921875
1842.33058631404	4410.5
1844.82613499125	4407.31689453125
1847.32092257355	4406.81689453125
1849.81494938558	4424.31689453125
1852.30821575184	4412.16650390625
1854.80072199677	4422.216796875
1857.29246844473	4427.14990234375
1859.78345541994	4436.25
1862.27368324658	4437.2666015625
1864.76315224871	4445.66650390625
1867.2518627503	4437.86669921875
1869.73981507524	4450.5
1872.22700954733	4442
1874.71344649027	4459.16650390625
1877.19912622768	4468.39990234375
1879.68404908308	4468.216796875
1882.16821537988	4491.966796875
1884.65162544145	4490.716796875
1887.13427959102	4489.39990234375
1889.61617815175	4496.38330078125
1892.0973214467	4506.33349609375
1894.57770979887	4494.2333984375
1897.05734353113	4520.14990234375
1899.53622296628	4497.533203125
1902.014348427	4514.7666015625
1904.49172023593	4512.83349609375
1906.96833871558	4526.7333984375
1909.44420418839	4512.85009765625
1911.91931697668	4530.18310546875
1914.39367740272	4533.16650390625
1916.86728578865	4536.11669921875
1919.34014245654	4541.0166015625
1921.81224772838	4546.41650390625
1924.28360192604	4548.7001953125
1926.75420537132	4550.283203125
1929.22405838593	4540.533203125
1931.69316129147	4529.58349609375
1934.16151440948	4553.68310546875
1936.62911806136	4542.2666015625
1939.09597256848	4555.86669921875
1941.56207825207	4550.39990234375
1944.0274354333	4563.7998046875
1946.49204443322	4548.93310546875
1948.95590557284	4551.86669921875
1951.41901917301	4566.283203125
1953.88138555454	4573.91650390625
1956.34300503813	4582.4833984375
1958.8038779444	4584.08349609375
1961.26400459387	4573.18310546875
1963.72338530697	4597.11669921875
1966.18202040403	4586.31689453125
1968.63991020531	4603.58349609375
1971.09705503097	4593.64990234375
1973.55345520107	4594.06689453125
1976.0091110356	4606.2666015625
1978.46402285444	4625.06689453125
1980.91819097737	4627.39990234375
1983.3716157241	4617.14990234375
1985.82429741427	4625.63330078125
1988.27623636736	4644.2333984375
1990.72743290284	4644.5166015625
1993.17788734002	4665.0498046875
1995.62759999817	4652.783203125
1998.07657119644	4670.39990234375
2000.5248012539	4661.216796875
2002.97229048952	4668.5
2005.41903922219	4681.2001953125
2007.86504777071	4685.7998046875
2010.31031645378	4683.7666015625
2012.75484559	4695.38330078125
2015.19863549792	4699.38330078125
2017.64168649594	4706.2333984375
2020.08399890242	4718.35009765625
2022.5255730356	4719.216796875
2024.96640921365	4727.06689453125
2027.40650775462	4722.2333984375
2029.84586897649	4698.2998046875
2032.28449319715	4698.60009765625
2034.72238073438	4707.14990234375
2037.15953190591	4715.08349609375
2039.59594702932	4711.58349609375
2042.03162642215	4708.75
2044.46657040182	4740.11669921875
2046.90077928567	4748.2001953125
2049.33425339095	4746.716796875
2051.76699303481	4756.13330078125
2054.19899853433	4753.4833984375
2056.63027020645	4766.58349609375
2059.06080836809	4767.4833984375
2061.49061333602	4761.7333984375
2063.91968542694	4770.16650390625
2066.34802495747	4765.2001953125
2068.77563224411	4756.38330078125
2071.20250760329	4769.5166015625
2073.62865135136	4757.716796875
2076.05406380455	4781.216796875
2078.47874527901	4787.61669921875
2080.9026960908	4795.83349609375
2083.3259165559	4814.13330078125
2085.74840699018	4785.533203125
2088.17016770944	4775.39990234375
2090.59119902935	4777.2001953125
2093.01150126553	4792.5166015625
2095.43107473348	4813.5
2097.84991974864	4806.033203125
2100.26803662633	4827.85009765625
2102.68542568178	4832.68310546875
2105.10208723015	4812.85009765625
2107.51802158648	4824.10009765625
2109.93322906574	4830.58349609375
2112.3477099828	4847.7333984375
2114.76146465245	4837.68310546875
2117.17449338937	4849.5
2119.58679650815	4848.5166015625
2121.9983743233	4859.43310546875
2124.40922714924	4850.4833984375
2126.81935530029	4844.2001953125
2129.22875909067	4853.56689453125
2131.63743883452	4856.5166015625
2134.04539484589	4876.83349609375
2136.45262743874	4887.63330078125
2138.85913692692	4882.75
2141.26492362422	4891.13330078125
2143.6699878443	4893.39990234375
2146.07432990076	4863.83349609375
2148.47795010708	4885.216796875
2150.88084877667	4879.58349609375
2153.28302622285	4890.06689453125
2155.68448275883	4870.85009765625
2158.08521869774	4907.83349609375
2160.48523435261	4913.0166015625
2162.88453003639	4910.2333984375
2165.28310606193	4938.39990234375
2167.68096274199	4928.33349609375
2170.07810038922	4920.86669921875
2172.47451931622	4897.43310546875
2174.87021983546	4925.7001953125
2177.26520225933	4912.0166015625
2179.65946690013	4914.13330078125
2182.05301407006	4915.60009765625
2184.44584408123	4921.2001953125
2186.83795724567	4924.08349609375
2189.22935387531	4933.68310546875
2191.62003428198	4942.63330078125
2194.00999877743	4947.14990234375
2196.39924767329	4932.86669921875
2198.78778128115	4938.14990234375
2201.17559991245	4939.63330078125
2203.56270387857	4943.466796875
2205.94909349081	4959.56689453125
2208.33476906033	4957.38330078125
2210.71973089824	4941.9501953125
2213.10397931554	4951.81689453125
2215.48751462314	4962.93310546875
2217.87033713186	4960.68310546875
2220.25244715242	4956.88330078125
2222.63384499546	4965.86669921875
2225.01453097151	4962.216796875
2227.39450539101	4981
2229.77376856434	4983.68310546875
2232.15232080173	4966.43310546875
2234.53016241336	4985.31689453125
2236.9072937093	5004.60009765625
2239.28371499954	5007
2241.65942659396	4981.63330078125
2244.03442880236	4974.216796875
2246.40872193443	4993.14990234375
2248.78230629979	4982.13330078125
2251.15518220795	4984.4501953125
2253.52734996835	5010.2333984375
2255.89880989029	4995.283203125
2258.26956228301	5016.83349609375
2260.63960745567	4994.88330078125
2263.00894571731	4986.61669921875
2265.37757737688	5001.56689453125
2267.74550274324	4986.93310546875
2270.11272212517	5018.06689453125
2272.47923583134	5016.783203125
2274.84504417031	4992.43310546875
2277.2101474506	5010.86669921875
2279.57454598058	5012.966796875
2281.93824006856	4996.10009765625
2284.30123002275	5006.41650390625
2286.66351615125	5000.4833984375
2289.02509876208	5020.66650390625
2291.38597816317	5006.91650390625
2293.74615466236	5024.466796875
2296.10562856737	5020.33349609375
2298.46440018585	5027.5
2300.82246982535	4999.2998046875
2303.1798377933	5025.93310546875
2305.5365043971	5014.60009765625
2307.89246994399	5013.14990234375
2310.24773474116	5032.91650390625
2312.60229909566	5016.33349609375
2314.95616331451	5041.14990234375
2317.30932770456	5039.2666015625
2319.66179257263	5043.31689453125
2322.01355822542	5038.61669921875
2324.36462496953	5042.75
2326.71499311146	5028.08349609375
2329.06466295764	5052.38330078125
2331.41363481439	5055.08349609375
2333.76190898794	5058.41650390625
2336.10948578441	5058.36669921875
2338.45636550986	5040.75
2340.80254847022	5062.91650390625
2343.14803497132	5049.61669921875
2345.49282531895	5047.58349609375
2347.83691981874	5060.85009765625
2350.18031877626	5042.9833984375
2352.52302249699	5050.11669921875
2354.8650312863	5063.64990234375
2357.20634544946	5061.35009765625
2359.54696529166	5049.63330078125
2361.88689111798	5060.9833984375
2364.22612323341	5073.466796875
2366.56466194287	5069.43310546875
2368.90250755114	5077.716796875
2371.23966036293	5058.10009765625
2373.57612068286	5071.63330078125
2375.91188881545	5062.58349609375
2378.2469650651	5070.10009765625
2380.58134973615	5077.5498046875
2382.91504313282	5063.61669921875
2385.24804555926	5070.25
2387.58035731949	5072.9833984375
2389.91197871745	5058.5498046875
2392.24291005701	5059.2333984375
2394.57315164189	5062.64990234375
2396.90270377577	5051.13330078125
2399.23156676218	5057.68310546875
2401.55974090461	5069.16650390625
2403.88722650642	5060.0166015625
2406.21402387086	5071.7333984375
2408.54013330113	5063.33349609375
2410.8655551003	5068.9833984375
2413.19028957133	5084.2998046875
2415.51433701713	5081.716796875
2417.83769774049	5064.7998046875
2420.16037204408	5070.7333984375
2422.48236023051	5071.9501953125
2424.80366260228	5069.033203125
2427.12427946179	5076.06689453125
2429.44421111134	5095.2666015625
2431.76345785315	5107.91650390625
2434.08201998932	5098.7001953125
2436.39989782188	5096.2998046875
2438.71709165273	5095.06689453125
2441.0336017837	5088.66650390625
2443.34942851653	5113.5
2445.66457215282	5116.91650390625
2447.97903299412	5089.91650390625
2450.29281134185	5082.18310546875
2452.60590749736	5092.0166015625
2454.91832176188	5111.33349609375
2457.23005443656	5090.7001953125
2459.54110582243	5095.2001953125
2461.85147622045	5099.4833984375
2464.16116593146	5083.2001953125
2466.47017525621	5080.83349609375
2468.77850449536	5105.35009765625
2471.08615394947	5091.4833984375
2473.39312391899	5098.88330078125
2475.69941470429	5101.16650390625
2478.00502660562	5093.11669921875
2480.30995992316	5095.58349609375
2482.61421495697	5108.2001953125
2484.91779200702	5107.66650390625
2487.22069137316	5110.93310546875
2489.5229133552	5106.89990234375
2491.8244582528	5122.68310546875
2494.12532636553	5110.35009765625
2496.42551799287	5112.466796875
2498.72503343421	5127.7333984375
2501.02387298882	5118.9833984375
2503.32203695588	5134.2333984375
2505.61952563449	5124.64990234375
2507.91633932361	5129.14990234375
2510.21247832216	5131.06689453125
2512.50794292891	5140.66650390625
2514.80273344255	5109.033203125
2517.09685016167	5136.36669921875
2519.39029338476	5120.0166015625
2521.68306341022	5154.966796875
2523.97516053634	5146.5498046875
2526.26658506132	5142.466796875
2528.55733728325	5135.43310546875
2530.84741750012	5123.91650390625
2533.13682600984	5140.033203125
2535.4255631102	5145.85009765625
2537.7136290989	5135.10009765625
2540.00102427354	5116.466796875
2542.28774893162	5142.85009765625
2544.57380337053	5149.0498046875
2546.85918788758	5153.64990234375
2549.14390277997	5141.08349609375
2551.4279483448	5150.91650390625
2553.71132487906	5156.56689453125
2555.99403267966	5139.68310546875
2558.27607204341	5147.61669921875
2560.55744326699	5147.033203125
2562.83814664702	5141.7333984375
2565.11818247999	5144.43310546875
2567.3975510623	5139.06689453125
2569.67625269025	5119.89990234375
2571.95428766003	5117.38330078125
2574.23165626776	5126.39990234375
2576.50835880942	5133.0166015625
2578.78439558093	5104.966796875
2581.05976687806	5130.85009765625
2583.33447299652	5126.0498046875
2585.60851423191	5135.466796875
2587.88189087972	5136.68310546875
2590.15460323534	5149.58349609375
2592.42665159406	5138.60009765625
2594.69803625108	5148.86669921875
2596.9687575015	5126.88330078125
2599.23881564029	5137.216796875
2601.50821096235	5144.0166015625
2603.77694376245	5122.2666015625
2606.0450143353	5121.2666015625
2608.31242297548	5132.16650390625
2610.57916997746	5126.2666015625
2612.84525563562	5133.5498046875
2615.11068024426	5132.7666015625
2617.37544409753	5122.7666015625
2619.63954748952	5139.5
2621.90299071421	5152.11669921875
2624.16577406546	5142.18310546875
2626.42789783705	5128.2666015625
2628.68936232264	5141.966796875
2630.9501678158	5143.9833984375
2633.21031460999	5136.216796875
2635.46980299857	5133.5
2637.72863327481	5140.08349609375
2639.98680573185	5125.466796875
2642.24432066276	5157.716796875
2644.50117836048	5136.39990234375
2646.75737911786	5138.14990234375
2649.01292322765	5162.85009765625
2651.26781098249	5140.7666015625
2653.52204267492	5155.33349609375
2655.77561859738	5142.85009765625
2658.0285390422	5133.43310546875
2660.28080430161	5142.16650390625
2662.53241466774	5140.83349609375
2664.78337043263	5156.06689453125
2667.03367188817	5171.9833984375
2669.2833193262	5158.68310546875
2671.53231303844	5144.2998046875
2673.78065331648	5162.93310546875
2676.02834045184	5146.716796875
2678.27537473592	5172.5166015625
2680.52175646002	5146.35009765625
2682.76748591535	5154.60009765625
2685.01256339298	5150.10009765625
2687.25698918391	5151.14990234375
2689.50076357901	5150.7998046875
2691.74388686909	5163.11669921875
2693.9863593448	5154.5498046875
2696.22818129672	5176.31689453125
2698.46935301532	5138.43310546875
2700.70987479096	5131.0166015625
2702.94974691389	5143.16650390625
2705.18896967428	5146.89990234375
2707.42754336216	5126.5498046875
2709.66546826749	5115.2333984375
2711.90274468011	5135.7333984375
2714.13937288974	5115.533203125
2716.37535318602	5114.7333984375
2718.61068585848	5131.06689453125
2720.84537119652	5124.83349609375
2723.07940948947	5114.86669921875
2725.31280102654	5114.0166015625
2727.54554609682	5103.75
2729.77764498933	5090.7333984375
2732.00909799294	5106.2666015625
2734.23990539644	5126.0166015625
2736.47006748853	5102.18310546875
2738.69958455777	5095.5166015625
2740.92845689263	5116.466796875
2743.15668478147	5125.2666015625
2745.38426851257	5126.86669921875
2747.61120837406	5106.35009765625
2749.83750465399	5098.5
2752.0631576403	5119.75
2754.28816762083	5114.89990234375
2756.51253488329	5106.75
2758.73625971532	5118.0166015625
2760.95934240442	5108.216796875
2763.18178323801	5113.5498046875
2765.40358250338	5098.83349609375
2767.62474048773	5093.33349609375
2769.84525747814	5101.466796875
2772.06513376159	5099.75
2774.28436962496	5113.283203125
2776.50296535501	5089.06689453125
2778.7209212384	5096.41650390625
2780.93823756168	5102.9833984375
2783.15491461129	5102.39990234375
2785.37095267358	5110.18310546875
2787.58635203477	5102.2666015625
2789.80111298097	5079.966796875
2792.01523579822	5079.10009765625
2794.2287207724	5084.83349609375
2796.44156818932	5087.14990234375
2798.65377833468	5097.5
2800.86535149404	5095.63330078125
2803.07628795289	5096.66650390625
2805.28658799659	5100.5498046875
2807.4962519104	5055.5498046875
2809.70527997946	5075.783203125
2811.91367248883	5075.2333984375
2814.12142972342	5078.783203125
2816.32855196807	5056.14990234375
2818.53503950749	5066.783203125
2820.74089262628	5062
2822.94611160894	5093.68310546875
2825.15069673987	5061.16650390625
2827.35464830333	5081.10009765625
2829.55796658351	5073.283203125
2831.76065186445	5065.41650390625
2833.96270443012	5071.4833984375
2836.16412456437	5072.41650390625
2838.3649125509	5066.93310546875
2840.56506867336	5074.85009765625
2842.76459321526	5087.216796875
2844.96348645999	5066.7666015625
2847.16174869086	5075.33349609375
2849.35938019105	5086.83349609375
2851.55638124363	5084.9833984375
2853.75275213157	5075.2666015625
2855.94849313772	5079.7333984375
2858.14360454483	5083.533203125
2860.33808663553	5108.7998046875
2862.53193969234	5070.783203125
2864.72516399768	5077.2001953125
2866.91775983385	5076.33349609375
2869.10972748304	5085.9833984375
2871.30106722733	5071.08349609375
2873.4917793487	5073.0166015625
2875.68186412899	5082.7333984375
2877.87132184997	5080.35009765625
2880.06015279325	5092.7001953125
2882.24835724039	5086.88330078125
2884.43593547278	5100.966796875
2886.62288777173	5083.61669921875
2888.80921441843	5102.83349609375
2890.99491569397	5100.16650390625
2893.1799918793	5087.35009765625
2895.36444325529	5090.466796875
2897.54827010269	5102.25
2899.73147270213	5091.2998046875
2901.91405133412	5057.2001953125
2904.09600627909	5061.41650390625
2906.27733781731	5064.10009765625
2908.45804622899	5056.75
2910.63813179418	5076
2912.81759479286	5082.81689453125
2914.99643550486	5067.2001953125
2917.17465420994	5068.216796875
2919.3522511877	5055.31689453125
2921.52922671765	5072.93310546875
2923.7055810792	5044.783203125
2925.88131455162	5061.4501953125
2928.05642741408	5078.81689453125
2930.23091994566	5053.5166015625
2932.40479242528	5053.39990234375
2934.57804513178	5044.4833984375
2936.75067834387	5059.61669921875
2938.92269234017	5035.716796875
2941.09408739916	5047.85009765625
2943.26486379921	5050.91650390625
2945.4350218186	5033.83349609375
2947.60456173546	5046.5
2949.77348382783	5054.4501953125
2951.94178837363	5042.2998046875
2954.10947565068	5043.85009765625
2956.27654593666	5045.08349609375
2958.44299950915	5033.283203125
2960.60883664562	5029.5498046875
2962.77405762341	5020.5498046875
2964.93866271975	5025.68310546875
2967.10265221178	5044.0498046875
2969.26602637648	5030.783203125
2971.42878549076	5035.283203125
2973.59092983139	5040.5498046875
2975.75245967501	5043.7333984375
2977.9133752982	5055.5166015625
2980.07367697736	5059.033203125
2982.23336498882	5057.2998046875
2984.39243960877	5050.10009765625
2986.5509011133	5055.61669921875
2988.70874977837	5060.18310546875
2990.86598587984	5066.60009765625
2993.02260969344	5058.35009765625
2995.17862149478	5057.68310546875
2997.33402155938	5063.9833984375
2999.48881016262	5051.5
3001.64298757978	5068.14990234375
3003.796554086	5072.16650390625
3005.94950995633	5067.9833984375
3008.10185546569	5066.5
3010.25359088888	5068.18310546875
3012.40471650059	5085.716796875
3014.5552325754	5057.56689453125
3016.70513938776	5061.58349609375
3018.85443721201	5049.39990234375
3021.00312632236	5050.7998046875
3023.15120699292	5051.56689453125
3025.29867949769	5048.14990234375
3027.44554411052	5036.0166015625
3029.59180110516	5046.25
3031.73745075527	5054.63330078125
3033.88249333434	5044.16650390625
3036.02692911578	5049.216796875
3038.17075837287	5018.91650390625
3040.31398137877	5015.91650390625
3042.45659840653	5028.2666015625
3044.59860972907	5026.39990234375
3046.7400156192	5004.716796875
3048.88081634961	5021.81689453125
3051.02101219287	5015.14990234375
3053.16060342144	5012.89990234375
3055.29959030765	5016.533203125
3057.43797312371	5004.283203125
3059.57575214172	5004.25
3061.71292763366	4991.85009765625
3063.84949987139	5008.61669921875
3065.98546912665	5014.9501953125
3068.12083567105	5020.89990234375
3070.2555997761	4999.08349609375
3072.38976171319	5011.7666015625
3074.52332175356	5011.2666015625
3076.65628016837	4983.06689453125
3078.78863722863	4998.88330078125
3080.92039320526	4985.91650390625
3083.05154836902	5011.35009765625
3085.1821029906	4963
3087.31205734051	4974.85009765625
3089.44141168921	4981.7666015625
3091.57016630696	4988.16650390625
3093.69832146398	5000.81689453125
3095.82587743032	4971.0166015625
3097.9528344759	4987.83349609375
3100.07919287056	4980.716796875
3102.204952884	4985.466796875
3104.33011478579	4977.75
3106.45467884538	5012.033203125
3108.57864533212	4995.41650390625
3110.70201451522	4995.533203125
3112.82478666378	4965.88330078125
3114.94696204676	4995.91650390625
3117.06854093301	4976.5498046875
3119.18952359127	4985.0498046875
3121.30991029013	4967.61669921875
3123.4297012981	4974.38330078125
3125.54889688352	4983.2998046875
3127.66749731464	4977.0498046875
3129.78550285957	4967.5
3131.90291378633	4968.7001953125
3134.01973036277	4948.88330078125
3136.13595285665	4949.4501953125
3138.2515815356	4951.16650390625
3140.36661666714	4951.466796875
3142.48105851863	4962.93310546875
3144.59490735734	4925.10009765625
3146.70816345041	4925.85009765625
3148.82082706486	4916.66650390625
3150.93289846758	4913.7333984375
3153.04437792532	4930.0166015625
3155.15526570475	4907.06689453125
3157.26556207238	4920.5
3159.37526729461	4897.7998046875
3161.48438163771	4905.75
3163.59290536784	4902.2333984375
3165.70083875102	4914.43310546875
3167.80818205315	4920.61669921875
3169.91493554002	4910.14990234375
3172.02109947727	4902.39990234375
3174.12667413044	4892.783203125
3176.23165976493	4910.11669921875
3178.33605664602	4892.33349609375
3180.43986503887	4903.0498046875
3182.54308520852	4921.63330078125
3184.64571741986	4898.93310546875
3186.74776193769	4910.2998046875
3188.84921902664	4915.533203125
3190.95008895128	4904.2998046875
3193.05037197599	4902.43310546875
3195.15006836504	4902.43310546875
3197.24917838262	4914.43310546875
3199.34770229274	4931.9501953125
3201.44564035931	4906.63330078125
3203.5429928461	4905.783203125
3205.63976001677	4895.08349609375
3207.73594213484	4902.66650390625
3209.83153946372	4927
3211.92655226669	4921.0166015625
3214.02098080688	4903.0166015625
3216.11482534732	4914.56689453125
3218.20808615091	4905.25
3220.30076348041	4889.36669921875
3222.39285759847	4883.85009765625
3224.4843687676	4873.41650390625
3226.57529725019	4883.13330078125
3228.66564330851	4892.31689453125
3230.75540720468	4887.5498046875
3232.8445892007	4874.7333984375
3234.93318955847	4892.5498046875
3237.02120853974	4893.64990234375
3239.10864640612	4891.7001953125
3241.19550341911	4865.033203125
3243.28177984009	4852.68310546875
3245.36747593029	4867.2666015625
3247.45259195083	4850.38330078125
3249.53712816268	4845.56689453125
3251.62108482672	4842.216796875
3253.70446220366	4856.36669921875
3255.78726055411	4841.533203125
3257.86948013853	4827.2666015625
3259.95112121728	4817.63330078125
3262.03218405055	4834.60009765625
3264.11266889845	4811.5498046875
3266.19257602092	4816.36669921875
3268.27190567779	4829.43310546875
3270.35065812876	4824.4501953125
3272.4288336334	4817.33349609375
3274.50643245114	4799.66650390625
3276.5834548413	4802.36669921875
3278.65990106305	4793.43310546875
3280.73577137545	4794.68310546875
3282.81106603742	4789.283203125
3284.88578530774	4803.68310546875
3286.95992944508	4793.86669921875
3289.03349870796	4802.4833984375
3291.1064933548	4805.7333984375
3293.17891364384	4822.0166015625
3295.25075983324	4802.33349609375
3297.322032181	4793.0498046875
3299.39273094501	4789.89990234375
3301.462856383	4770.033203125
3303.53240875259	4779.7998046875
3305.60138831128	4788
3307.6697953164	4802.63330078125
3309.73763002519	4806.7333984375
3311.80489269472	4817.38330078125
3313.87158358198	4792.81689453125
3315.93770294378	4784.5498046875
3318.00325103681	4801.41650390625
3320.06822811764	4807.18310546875
3322.13263444272	4779.283203125
3324.19647026832	4792.88330078125
3326.25973585064	4795.81689453125
3328.32243144568	4796.31689453125
3330.38455730938	4781.88330078125
3332.44611369749	4795.43310546875
3334.50710086564	4803.38330078125
3336.56751906936	4785.14990234375
3338.62736856401	4762.9501953125
3340.68664960483	4778.89990234375
3342.74536244693	4769.2666015625
3344.80350734528	4777.63330078125
3346.86108455472	4778.2333984375
3348.91809432997	4752.5498046875
3350.97453692559	4749.5498046875
3353.03041259603	4728.533203125
3355.08572159559	4733.58349609375
3357.14046417844	4728.2333984375
3359.19464059863	4716.68310546875
3361.24825111005	4708.14990234375
3363.30129596648	4716.85009765625
3365.35377542155	4710.13330078125
3367.40568972878	4730.61669921875
3369.45703914152	4699.86669921875
3371.507823913	4704.5166015625
3373.55804429633	4687.75
3375.60770054446	4688.81689453125
3377.65679291024	4666.4833984375
3379.70532164635	4669.966796875
3381.75328700534	4677.283203125
3383.80068923965	4661.43310546875
3385.84752860155	4665.4833984375
3387.89380534321	4668.63330078125
3389.93951971664	4668.89990234375
3391.98467197371	4660.18310546875
3394.02926236618	4650.63330078125
3396.07329114566	4669.08349609375
3398.1167585636	4642.33349609375
3400.15966487137	4659.43310546875
3402.20201032014	4654.16650390625
3404.24379516099	4625.283203125
3406.28501964484	4640.2998046875
3408.3256840225	4643.466796875
3410.3657885446	4629.2333984375
3412.40533346167	4648.83349609375
3414.44431902408	4631.966796875
3416.48274548209	4610.31689453125
3418.5206130858	4614.25
3420.55792208516	4609.35009765625
3422.59467273003	4615.16650390625
3424.63086527009	4606.75
3426.6664999549	4623
3428.70157703386	4612.0166015625
3430.73609675628	4589.56689453125
3432.77005937129	4597.66650390625
3434.80346512789	4603.35009765625
3436.83631427494	4591.2333984375
3438.86860706119	4576.08349609375
3440.90034373521	4578.63330078125
3442.93152454546	4566.4501953125
3444.96214974025	4577.36669921875
3446.99221956775	4570.64990234375
3449.021734276	4575.5498046875
3451.05069411289	4573.2998046875
3453.07909932619	4549.88330078125
3455.1069501635	4548.0498046875
3457.1342468723	4530.33349609375
3459.16098969993	4527.4501953125
3461.1871788936	4536.43310546875
3463.21281470035	4522.86669921875
3465.23789736712	4496.91650390625
3467.26242714067	4504.39990234375
3469.28640426765	4486.2001953125
3471.30982899455	4488.60009765625
3473.33270156774	4465.7998046875
3475.35502223343	4473.033203125
3477.3767912377	4475.7998046875
3479.39800882649	4474.43310546875
3481.41867524559	4464.11669921875
3483.43879074066	4440.0498046875
3485.45835555721	4450.38330078125
3487.47736994062	4447.5
3489.49583413611	4418.033203125
3491.51374838879	4411.0166015625
3493.53111294359	4398.63330078125
3495.54792804533	4414.66650390625
3497.56419393867	4409.83349609375
3499.57991086814	4408.283203125
3501.59507907811	4392.533203125
3503.60969881284	4427.9501953125
3505.6237703164	4385.75
3507.63729383278	4386.88330078125
3509.65026960577	4374.33349609375
3511.66269787904	4376.85009765625
3513.67457889613	4375.61669921875
3515.68591290042	4369.25
3517.69670013515	4365.93310546875
3519.70694084342	4356.10009765625
3521.7166352682	4343.68310546875
3523.72578365229	4359.63330078125
3525.73438623836	4345.58349609375
3527.74244326893	4350.18310546875
3529.74995498641	4335.38330078125
3531.75692163301	4334.5
3533.76334345084	4344.85009765625
3535.76922068186	4321.13330078125
3537.77455356786	4326.31689453125
3539.77934235051	4329.06689453125
3541.78358727133	4314.66650390625
3543.78728857169	4329.5
3545.79044649283	4332.4501953125
3547.79306127584	4316.86669921875
3549.79513316164	4324.25
3551.79666239104	4312.5166015625
3553.79764920469	4301.2666015625
3555.7980938431	4304.283203125
3557.79799654663	4300.7998046875
3559.79735755548	4272.0166015625
3561.79617710974	4276.36669921875
3563.79445544932	4275.533203125
3565.79219281401	4264.16650390625
3567.78938944344	4251.89990234375
3569.7860455771	4243.4501953125
3571.78216145432	4238.0166015625
3573.77773731431	4247.81689453125
3575.7727733961	4234.91650390625
3577.76726993861	4226.66650390625
3579.76122718059	4195.66650390625
3581.75464536064	4201.85009765625
3583.74752471725	4206.41650390625
3585.7398654887	4203.2333984375
3587.73166791317	4196.283203125
3589.7229322287	4192.9501953125
3591.71365867314	4189.89990234375
3593.70384748424	4184.91650390625
3595.69349889955	4164.81689453125
3597.68261315654	4157.43310546875
3599.67119049245	4161.38330078125
3601.65923114446	4151.966796875
3603.64673534952	4152.7998046875
3605.63370334449	4134.31689453125
3607.62013536607	4139.43310546875
3609.60603165079	4124.39990234375
3611.59139243504	4112.11669921875
3613.57621795509	4118.66650390625
3615.56050844701	4091.2666015625
3617.54426414677	4103.7998046875
3619.52748529017	4091.7333984375
3621.51017211285	4095.71655273438
3623.49232485031	4090.64990234375
3625.47394373792	4091.31665039063
3627.45502901088	4070.86669921875
3629.43558090423	4051.9833984375
3631.41559965288	4071.19995117188
3633.3950854916	4060.80004882813
3635.37403865498	4040.63330078125
3637.35245937747	4056.4833984375
3639.33034789339	4063.58325195313
3641.30770443688	4052.93334960938
3643.28452924196	4049.60009765625
3645.26082254248	4049.55004882813
3647.23658457212	4035.25
3649.21181556447	4043.56665039063
3651.18651575291	4035.11669921875
3653.16068537069	4031.16674804688
3655.13432465092	4046.11669921875
3657.10743382653	4035.2333984375
3659.08001313034	4024.41674804688
3661.05206279498	4032.18334960938
3663.02358305295	4014.38330078125
3664.9945741366	4013.69995117188
3666.96503627811	4007.31665039063
3668.93496970952	4006.33325195313
3670.90437466272	3990.53344726563
3672.87325136944	3990.33325195313
3674.84160006127	4000.53344726563
3676.80942096963	3991.43334960938
3678.77671432581	4002.69995117188
3680.74348036092	3986.60009765625
3682.70971930595	3975.35009765625
3684.6754313917	3978.03344726563
3686.64061684885	3975.25
3688.60527590791	3977.68334960938
3690.56940879924	3973.38330078125
3692.53301575303	3951
3694.49609699936	3968.94995117188
3696.45865276812	3957.18334960938
3698.42068328904	3955.30004882813
3700.38218879173	3964.78344726563
3702.34316950563	3949.05004882813
3704.30362566	3935.9833984375
3706.26355748399	3928.14990234375
3708.22296520657	3935.19995117188
3710.18184905656	3918.39990234375
3712.14020926263	3914.30004882813
3714.09804605328	3890.06665039063
3716.05535965687	3901.60009765625
3718.01215030162	3880.93334960938
3719.96841821555	3881.14990234375
3721.92416362657	3886.4833984375
3723.8793867624	3851
3725.83408785063	3845.7666015625
3727.78826711869	3839.2666015625
3729.74192479384	3846.69995117188
3731.69506110319	3848.7666015625
3733.64767627371	3828.4833984375
3735.59977053219	3837.61669921875
3737.55134410528	3815.7666015625
3739.50239721947	3803.5
3741.45293010108	3809.35009765625
3743.40294297631	3817.25
3745.35243607116	3801.33325195313
3747.3014096115	3784.85009765625
3749.24986382303	3801.10009765625
3751.19779893131	3792.83325195313
3753.14521516171	3793.05004882813
3755.09211273949	3789.38330078125
3757.0384918897	3778.58325195313
3758.98435283728	3764.96655273438
3760.92969580698	3756.21655273438
3762.87452102341	3750
3764.81882871101	3771.36669921875
3766.76261909407	3759.7666015625
3768.70589239672	3760.4833984375
3770.64864884293	3749.36669921875
3772.59088865651	3768.0166015625
3774.53261206112	3761.61669921875
3776.47381928025	3746.2333984375
