-173.428722450078	1145.5
-170.294344013779	1145.61669921875
-167.160990304052	1145.98327636719
-164.028660894548	1146.91662597656
-160.897355359205	1146.73327636719
-157.767073272189	1147.06665039063
-154.637814207931	1146.28332519531
-151.50957774112	1145.73327636719
-148.382363446704	1145.80004882813
-145.256170899859	1145.53332519531
-142.130999676054	1145.75
-139.006849350965	1146.28332519531
-135.883719500571	1145.56665039063
-132.761609701053	1145.93334960938
-129.640519528863	1146.05004882813
-126.520448560715	1146.08337402344
-123.401396373553	1145.58337402344
-120.28336254458	1146.15002441406
-117.166346651252	1145.84997558594
-114.050348271258	1146.09997558594
-110.935366982541	1147.01672363281
-107.821402363301	1146.96667480469
-104.708453991972	1145.30004882813
-101.596521447235	1146.38330078125
-98.4856043080122	1145.81665039063
-95.3757021534957	1145.76672363281
-92.2668145630801	1146.31665039063
-89.1589411164452	1145.34997558594
-86.0520813934781	1146.23327636719
-82.946234974338	1146.56665039063
-79.8414014394074	1146.31665039063
-76.7375803693083	1145.55004882813
-73.6347713449181	1145.69995117188
-70.532973947345	1146.08337402344
-67.4321877579402	1146.71667480469
-64.3324123582935	1147
-61.2336473302252	1145.31665039063
-58.1358922558143	1146.78332519531
-55.0391467173494	1146.68334960938
-51.9434102973817	1146.55004882813
-48.8486825786838	1146.36669921875
-45.7549631442702	1145.65002441406
-42.662251577389	1146.44995117188
-39.5705474615295	1146.36669921875
-36.4798503804062	1145.30004882813
-33.3901599179706	1145.81665039063
-30.301475658403	1146.26672363281
-27.2137971861287	1146.13330078125
-24.1271240858053	1145.86669921875
-21.0414559423028	1145.55004882813
-17.9567923407513	1146.21667480469
-14.8731328664812	1146.05004882813
-11.7904771050747	1146.73327636719
-8.70882464233763	1146.08337402344
-5.62817506431157	1146.41662597656
-2.54852795725342	1146.19995117188
0.530117092344597	1148.03332519531
3.6077604977471	1148.19995117188
6.68440267202787	1146.94995117188
9.76004402799773	1146.23327636719
12.8346849782609	1146.53332519531
15.9083259351831	1145.69995117188
18.9809673109237	1146.76672363281
22.0526095173877	1145.61669921875
25.1232529662903	1146.65002441406
28.1928980690886	1145.76672363281
31.2615452370419	1145.98327636719
34.32919488118	1146.18334960938
37.3958474123071	1145.58337402344
40.4615032409942	1145.55004882813
43.5261627776189	1146.63330078125
46.58982643231	1145.98327636719
49.6524946149833	1147.05004882813
52.7141677353456	1146.40002441406
55.7748462028835	1145.36669921875
58.8345304268427	1146.36669921875
61.8932208162729	1145.18334960938
64.9509177800033	1146.46667480469
68.0076217266271	1146.40002441406
71.0633330645419	1146.01672363281
74.118052201909	1146.19995117188
77.1717795467022	1146.15002441406
80.224515506648	1147.81665039063
83.2762604892772	1150.01672363281
86.3270149018856	1151.69995117188
89.3767791515896	1154.05004882813
92.4255536452548	1153.88330078125
95.4733387895519	1154.23327636719
98.5201349909248	1154.83337402344
101.565942655643	1154.34997558594
104.610762189717	1155.55004882813
107.654593998963	1155.94995117188
110.697438488996	1155.48327636719
113.739296065204	1155.76672363281
116.78016713278	1154.68334960938
119.820052096698	1154.75
122.85895136172	1155.33337402344
125.896865332408	1155.65002441406
128.933794413111	1154.58337402344
131.969739007965	1154.98327636719
135.004699520911	1154.66662597656
138.038676355664	1154.88330078125
141.071669915751	1153.83337402344
144.103680604487	1153.5
147.134708824975	1153.63330078125
150.164754980118	1153.65002441406
153.193819472611	1155.30004882813
156.221902704945	1152.94995117188
159.24900507942	1153.61669921875
162.275126998099	1154.21667480469
165.300268862873	1155.15002441406
168.324431075425	1153.41662597656
171.347614037231	1153.5
174.369818149562	1154.43334960938
177.391043813491	1153.68334960938
180.411291429897	1155.41662597656
183.430561399437	1154.38330078125
186.448854122582	1154.03332519531
189.466169999607	1154.41662597656
192.482509430598	1154.25
195.497872815412	1153.73327636719
198.512260553716	1153.56665039063
201.525673045011	1154.68334960938
204.538110688552	1154.55004882813
207.549573883427	1154.5
210.560063028519	1154.33337402344
213.569578522523	1155.18334960938
216.578120763917	1154.16662597656
219.585690151021	1154.66662597656
222.592287081907	1154.80004882813
225.597911954507	1155.03332519531
228.602565166512	1154.83337402344
231.606247115456	1154.81665039063
234.608958198646	1156.28332519531
237.610698813222	1155.18334960938
240.611469356122	1154.94995117188
243.611270224103	1154.58337402344
246.610101813707	1154.55004882813
249.607964521295	1154.38330078125
252.604858743044	1156.23327636719
255.600784874935	1155.15002441406
258.595743312749	1155.18334960938
261.589734452097	1154.66662597656
264.582758688393	1154.38330078125
267.574816416842	1155.58337402344
270.565908032503	1156.61669921875
273.556033930195	1155.26672363281
276.545194504586	1154.56665039063
279.533390150138	1155.93334960938
282.520621261151	1156.13330078125
285.506888231708	1155.08337402344
288.49219145571	1156.81665039063
291.476531326902	1156.33337402344
294.459908238794	1156.09997558594
297.442322584762	1156.59997558594
300.423774757966	1155.58337402344
303.404265151375	1157.44995117188
306.383794157805	1157.15002441406
309.362362169862	1155.66662597656
312.339969579982	1156.41662597656
315.316616780414	1156.03332519531
318.292304163227	1155.75
321.267032120295	1155.91662597656
324.24080104332	1155.69995117188
327.213611323833	1155.19995117188
330.185463353171	1155.44995117188
333.156357522491	1155.01672363281
336.126294222774	1155.28332519531
339.095273844812	1155.58337402344
342.063296779227	1156.21667480469
345.030363416467	1155.69995117188
347.996474146782	1154.63330078125
350.961629360257	1155.33337402344
353.925829446806	1155.98327636719
356.889074796147	1154.51672363281
359.851365797829	1155.66662597656
362.812702841222	1154.43334960938
365.773086315536	1155.31665039063
368.732516609768	1154.06665039063
371.690994112778	1154.66662597656
374.648519213243	1154.76672363281
377.605092299631	1154.94995117188
380.560713760273	1154.33337402344
383.515383983307	1153.78332519531
386.469103356711	1155.30004882813
389.421872268273	1155.41662597656
392.373691105615	1153.94995117188
395.32456025619	1153.56665039063
398.274480107272	1154.65002441406
401.223451045967	1154.16662597656
404.171473459202	1155.66662597656
407.118547733728	1155.46667480469
410.064674256155	1154.86669921875
413.009853412892	1155.40002441406
415.954085590181	1154.90002441406
418.8973711741	1154.46667480469
421.83971055055	1154.86669921875
424.781104105281	1154.34997558594
427.721552223856	1156.36669921875
430.661055291665	1154.23327636719
433.599613693946	1156.06665039063
436.537227815752	1154.55004882813
439.473898041993	1154.68334960938
442.409624757378	1154.76672363281
445.344408346476	1154.96667480469
448.278249193683	1154.63330078125
451.211147683207	1155.13330078125
454.143104199122	1154.43334960938
457.074119125312	1153.76672363281
460.004192845497	1153.53332519531
462.933325743267	1154.15002441406
465.861518202001	1153.83337402344
468.788770604917	1155.18334960938
471.71508333511	1155.30004882813
474.640456775471	1154.59997558594
477.564891308737	1155.51672363281
480.488387317487	1155.13330078125
483.410945184141	1154.91662597656
486.332565290942	1155.08337402344
489.253248019986	1154.43334960938
492.172993753197	1155.61669921875
495.091802872338	1156.23327636719
498.009675759011	1155.90002441406
500.926612794666	1156.28332519531
503.842614360571	1157.56665039063
506.757680837864	1158.91662597656
509.671812607493	1162.36669921875
512.585010050263	1174.13330078125
515.497273546817	1218.41662597656
518.408603477637	1293.15002441406
521.319000223045	1298.84997558594
524.228464163205	1238.03332519531
527.136995678121	1193.15002441406
530.044595147647	1174.18334960938
532.951262951471	1165.88330078125
535.856999469123	1160.43334960938
538.761805079986	1158.86669921875
541.665680163279	1157.69995117188
544.568625098049	1155.08337402344
547.470640263216	1156.40002441406
550.371726037533	1154.33337402344
553.271882799588	1154.86669921875
556.171110927825	1154.76672363281
559.069410800531	1153.86669921875
561.966782795823	1154.34997558594
564.863227291685	1154.73327636719
567.758744665944	1153.41662597656
570.653335296256	1156.06665039063
573.546999560148	1154.09997558594
576.439737834969	1154.48327636719
579.331550497935	1154.44995117188
582.222437926093	1154
585.112400496356	1154.31665039063
588.001438585469	1154.40002441406
590.889552570021	1154.19995117188
593.77674282648	1154.18334960938
596.663009731132	1154.81665039063
599.548353660116	1153.98327636719
602.432774989433	1154.68334960938
605.316274094926	1155.15002441406
608.198851352303	1153.98327636719
611.080507137075	1153.94995117188
613.961241824667	1154.03332519531
616.841055790315	1155.03332519531
619.71994940911	1154.86669921875
622.597923056008	1155.06665039063
625.474977105798	1155.55004882813
628.351111933143	1153.90002441406
631.22632791255	1154.76672363281
634.10062541835	1154.31665039063
636.97400482478	1154.05004882813
639.846466505882	1152.96667480469
642.718010835585	1155.58337402344
645.58863818764	1155.81665039063
648.458348935679	1154.16662597656
651.327143453188	1155.06665039063
654.195022113475	1154.31665039063
657.061985289745	1154.61669921875
659.928033355022	1155.03332519531
662.79316668221	1155.61669921875
665.657385644057	1154.43334960938
668.520690613176	1154.13330078125
671.383081962017	1155.06665039063
674.244560062899	1155.18334960938
677.105125288002	1155.46667480469
679.964778009343	1155.23327636719
682.823518598832	1154.83337402344
685.681347428202	1155.13330078125
688.538264869057	1153.84997558594
691.394271292855	1153.80004882813
694.249367070914	1155.38330078125
697.103552574412	1154.51672363281
699.956828174378	1154.34997558594
702.809194241715	1154.71667480469
705.660651147175	1154.98327636719
708.511199261361	1153.56665039063
711.360838954755	1154.86669921875
714.209570597676	1154.13330078125
717.057394560329	1154.25
719.90431121275	1153.93334960938
722.750320924861	1155.78332519531
725.59542406643	1155.09997558594
728.439621007094	1153.55004882813
731.282912116347	1154.41662597656
734.125297763539	1154.58337402344
736.966778317898	1153.91662597656
739.807354148498	1155.15002441406
742.647025624275	1154.31665039063
745.485793114042	1154.26672363281
748.323656986468	1154.96667480469
751.160617610072	1155.16662597656
753.996675353258	1153.73327636719
756.831830584275	1154.84997558594
759.666083671249	1153.78332519531
762.499434982158	1154.23327636719
765.331884884853	1154.83337402344
768.163433747055	1153.66662597656
770.994081936328	1154.66662597656
773.823829820116	1155.16662597656
776.652677765732	1154.58337402344
779.480626140347	1154.90002441406
782.307675310993	1154.98327636719
785.133825644576	1154.69995117188
787.959077507869	1155.33337402344
790.783431267511	1155.21667480469
793.606887289986	1154.15002441406
796.429445941685	1155.58337402344
799.251107588836	1155.08337402344
802.071872597536	1153.28332519531
804.891741333751	1155.59997558594
807.71071416334	1154.41662597656
810.528791451981	1155.91662597656
813.345973565269	1154.93334960938
816.162260868638	1155.34997558594
818.977653727395	1154.91662597656
821.792152506717	1155.19995117188
824.605757571661	1154.84997558594
827.418469287133	1155.76672363281
830.230288017926	1154.30004882813
833.0412141287	1154.93334960938
835.851247983973	1154.34997558594
838.660389948141	1155.5
841.468640385466	1155.68334960938
844.27599966009	1155.23327636719
847.082468136026	1155.30004882813
849.888046177135	1155.36669921875
852.692734147171	1154.71667480469
855.496532409758	1154.91662597656
858.29944132839	1154.38330078125
861.10146126642	1155.40002441406
863.902592587094	1153.61669921875
866.702835653509	1155.23327636719
869.502190828641	1155.63330078125
872.300658475353	1155.81665039063
875.098238956361	1155.06665039063
877.894932634271	1155.06665039063
880.690739871548	1154.55004882813
883.485661030531	1154.16662597656
886.279696473447	1155.15002441406
889.072846562376	1154.91662597656
891.86511165929	1154.44995117188
894.65649212603	1155.51672363281
897.446988324303	1153.83337402344
900.236600615703	1154.66662597656
903.025329361687	1154.43334960938
905.813174923597	1155.73327636719
908.600137662639	1154.80004882813
911.38621793991	1155.83337402344
914.171416116365	1155.11669921875
916.95573255285	1155.93334960938
919.739167610082	1155.53332519531
922.521721648641	1156.11669921875
925.303395029005	1155.73327636719
928.084188111517	1156.56665039063
930.864101256396	1156.80004882813
933.643134823733	1157.93334960938
936.42128917351	1159.11669921875
939.198564665577	1160
941.97496165967	1160.44995117188
944.750480515391	1159.53332519531
947.525121592226	1159.31665039063
950.298885249534	1161.21667480469
953.071771846555	1160.65002441406
955.843781742413	1158.73327636719
958.614915296108	1160.53332519531
961.385172866513	1159.41662597656
964.154554812387	1160.05004882813
966.92306149236	1159.5
969.690693264949	1160.13330078125
972.457450488552	1161.16662597656
975.223333521431	1159.80004882813
977.988342721749	1160.68334960938
980.752478447535	1158.61669921875
983.515741056708	1158.21667480469
986.278130907059	1160.26672363281
989.039648356259	1158.73327636719
991.800293761863	1158.28332519531
994.560067481312	1157.28332519531
997.318969871913	1158.84997558594
1000.07700129088	1155.98327636719
1002.83416209528	1156.71667480469
1005.59045264208	1156.34997558594
1008.34587328813	1156.03332519531
1011.10042439014	1156.61669921875
1013.85410630472	1156.44995117188
1016.60691938837	1156.43334960938
1019.35886399746	1157.06665039063
1022.10994048823	1155.58337402344
1024.86014921684	1156.03332519531
1027.60949053928	1155.46667480469
1030.35796481149	1155.33337402344
1033.10557238924	1155.94995117188
1035.85231362819	1154.88330078125
1038.5981888839	1154.43334960938
1041.34319851182	1154.86669921875
1044.08734286727	1155.93334960938
1046.83062230544	1153.58337402344
1049.57303718143	1155.13330078125
1052.31458785021	1154.83337402344
1055.05527466665	1154.09997558594
1057.79509798549	1155.26672363281
1060.53405816134	1155.56665039063
1063.27215554874	1155.5
1066.00939050209	1153.75
1068.74576337565	1154.5
1071.48127452361	1155.40002441406
1074.21592430002	1154.44995117188
1076.94971305882	1155.41662597656
1079.68264115384	1155.66662597656
1082.41470893879	1156.38330078125
1085.14591676728	1154.65002441406
1087.8762649928	1155.58337402344
1090.60575396871	1154.69995117188
1093.33438404827	1155.41662597656
1096.06215558464	1154.56665039063
1098.78906893086	1155.90002441406
1101.51512443981	1154.83337402344
1104.24032246435	1156.18334960938
1106.96466335716	1155.01672363281
1109.68814747081	1155.13330078125
1112.41077515779	1154.5
1115.13254677044	1155.16662597656
1117.85346266104	1154.48327636719
1120.57352318169	1155.55004882813
1123.29272868445	1155.13330078125
1126.01107952121	1154.94995117188
1128.72857604378	1155.75
1131.44521860385	1154.86669921875
1134.16100755301	1156.31665039063
1136.87594324271	1154.61669921875
1139.59002602433	1155.68334960938
1142.3032562491	1155.30004882813
1145.01563426818	1155.56665039063
1147.72716043257	1156.03332519531
1150.43783509322	1155.58337402344
1153.14765860091	1154.84997558594
1155.85663130634	1155.05004882813
1158.56475356012	1155.25
1161.27202571271	1155.56665039063
1163.97844811448	1155.61669921875
1166.68402111569	1156.25
1169.38874506649	1155.01672363281
1172.09262031694	1155.96667480469
1174.79564721695	1155.81665039063
1177.49782611635	1155.86669921875
1180.19915736486	1155.55004882813
1182.89964131208	1156.58337402344
1185.59927830751	1155.63330078125
1188.29806870054	1155.19995117188
1190.99601284046	1155.75
1193.69311107643	1156.03332519531
1196.38936375753	1155.93334960938
1199.08477123271	1156.51672363281
1201.77933385082	1156.59997558594
1204.47305196061	1155.08337402344
1207.1659259107	1155.90002441406
1209.85795604964	1156.43334960938
1212.54914272585	1156.15002441406
1215.23948628763	1154.58337402344
1217.92898708319	1155.66662597656
1220.61764546064	1155.69995117188
1223.30546176798	1155.90002441406
1225.99243635308	1155.48327636719
1228.67856956373	1156.48327636719
1231.36386174761	1156.28332519531
1234.04831325228	1156.31665039063
1236.73192442522	1157.25
1239.41469561377	1156.03332519531
1242.09662716519	1156.43334960938
1244.77771942662	1155.86669921875
1247.45797274511	1155.73327636719
1250.13738746759	1155.51672363281
1252.81596394089	1155.19995117188
1255.49370251175	1156.48327636719
1258.17060352676	1156.63330078125
1260.84666733246	1156.75
1263.52189427525	1157.36669921875
1266.19628470144	1156.23327636719
1268.86983895722	1157.28332519531
1271.5425573887	1157.5
1274.21444034186	1157.09997558594
1276.8854881626	1155.76672363281
1279.55570119671	1157.36669921875
1282.22507978985	1156.68334960938
1284.89362428759	1158.28332519531
1287.56133503543	1157.63330078125
1290.22821237872	1157.28332519531
1292.89425666274	1156.69995117188
1295.55946823263	1158.03332519531
1298.22384743346	1156.84997558594
1300.88739461019	1157.01672363281
1303.55011010766	1156.53332519531
1306.21199427063	1157.51672363281
1308.87304744373	1157.94995117188
1311.53326997152	1158.55004882813
1314.19266219843	1157.58337402344
1316.8512244688	1157.76672363281
1319.50895712687	1158.16662597656
1322.16586051676	1157.16662597656
1324.82193498252	1159.94995117188
1327.47718086806	1158.28332519531
1330.1315985172	1158.09997558594
1332.78518827369	1158.31665039063
1335.43795048114	1159.53332519531
1338.08988548307	1158.55004882813
1340.74099362289	1160.65002441406
1343.39127524392	1160.41662597656
1346.04073068939	1160.91662597656
1348.6893603024	1158.30004882813
1351.33716442597	1159.75
1353.98414340301	1161.09997558594
1356.63029757632	1159.84997558594
1359.27562728863	1159.51672363281
1361.92013288252	1159.28332519531
1364.56381470053	1158.41662597656
1367.20667308505	1159.13330078125
1369.84870837838	1158.15002441406
1372.48992092274	1158.15002441406
1375.13031106023	1158.38330078125
1377.76987913284	1157.58337402344
1380.40862548251	1157.65002441406
1383.04655045101	1158.11669921875
1385.68365438006	1158.30004882813
1388.31993761126	1157.36669921875
1390.95540048612	1158.81665039063
1393.59004334605	1157.46667480469
1396.22386653233	1157.91662597656
1398.85687038619	1156.83337402344
1401.48905524873	1157.5
1404.12042146094	1157.5
1406.75096936375	1156.94995117188
1409.38069929796	1157.06665039063
1412.00961160428	1157.69995117188
1414.63770662332	1158.26672363281
1417.26498469557	1157.76672363281
1419.89144616146	1157.09997558594
1422.51709136132	1158.71667480469
1425.14192063532	1158.71667480469
1427.76593432361	1156.34997558594
1430.3891327662	1156.66662597656
1433.01151630299	1156.28332519531
1435.63308527382	1157.34997558594
1438.2538400184	1157.86669921875
1440.87378087637	1157.43334960938
1443.49290818722	1157.81665039063
1446.1112222904	1157.94995117188
1448.72872352524	1156.61669921875
1451.34541223097	1157.15002441406
1453.96128874671	1157.93334960938
1456.5763534115	1157.01672363281
1459.19060656429	1156.93334960938
1461.8040485439	1157.01672363281
1464.41667968907	1156.59997558594
1467.02850033846	1156.69995117188
1469.63951083061	1156.83337402344
1472.24971150397	1157.30004882813
1474.8591026969	1157.06665039063
1477.46768474763	1157.38330078125
1480.07545799434	1157.36669921875
1482.68242277508	1156.88330078125
1485.28857942782	1157.68334960938
1487.89392829042	1157.68334960938
1490.49846970065	1157.84997558594
1493.10220399619	1157.5
1495.70513151461	1157.44995117188
1498.30725259339	1158.11669921875
1500.90856756992	1156.63330078125
1503.50907678146	1158.36669921875
1506.10878056524	1157.86669921875
1508.70767925832	1157.38330078125
1511.30577319772	1158.18334960938
1513.90306272032	1157.36669921875
1516.49954816295	1158.59997558594
1519.09522986229	1157.58337402344
1521.69010815498	1157.80004882813
1524.28418337751	1157.65002441406
1526.87745586632	1157.23327636719
1529.46992595773	1158.16662597656
1532.06159398796	1157.73327636719
1534.65246029316	1157.28332519531
1537.24252520935	1158.78332519531
1539.83178907249	1158.41662597656
1542.42025221841	1158.25
1545.00791498287	1158.28332519531
1547.59477770152	1159.53332519531
1550.18084070993	1158.71667480469
1552.76610434356	1160.09997558594
1555.35056893777	1160.30004882813
1557.93423482785	1161.38330078125
1560.51710234896	1160.05004882813
1563.0991718362	1161.19995117188
1565.68044362457	1163.91662597656
1568.26091804893	1165.03332519531
1570.84059544411	1165.69995117188
1573.41947614481	1168.88330078125
1575.99756048562	1171.34997558594
1578.57484880108	1173.38330078125
1581.15134142559	1174.23327636719
1583.72703869349	1172.75
1586.301940939	1173.59997558594
1588.87604849628	1172.13330078125
1591.44936169934	1170.48327636719
1594.02188088215	1167.44995117188
1596.59360637855	1166.40002441406
1599.16453852232	1164.11669921875
1601.73467764709	1164
1604.30402408647	1161.98327636719
1606.87257817391	1162
1609.44034024281	1160.36669921875
1612.00731062644	1161.56665039063
1614.57348965801	1159.90002441406
1617.13887767062	1160.01672363281
1619.70347499726	1159.80004882813
1622.26728197086	1159.66662597656
1624.83029892423	1159.65002441406
1627.39252619012	1159.93334960938
1629.95396410112	1159.03332519531
1632.5146129898	1158.31665039063
1635.07447318858	1158.73327636719
1637.63354502984	1157.11669921875
1640.19182884582	1157.05004882813
1642.74932496868	1157.01672363281
1645.3060337305	1157.33337402344
1647.86195546325	1157.38330078125
1650.41709049882	1157.34997558594
1652.971439169	1157.05004882813
1655.52500180548	1156.56665039063
1658.07777873987	1155.86669921875
1660.62977030368	1155.93334960938
1663.18097682833	1157.30004882813
1665.73139864514	1157.01672363281
1668.28103608534	1156.71667480469
1670.82988948008	1157.65002441406
1673.37795916039	1155.94995117188
1675.92524545724	1156
1678.47174870147	1155.15002441406
1681.01746922386	1156.73327636719
1683.56240735508	1156.5
1686.10656342572	1156.71667480469
1688.64993776626	1156.78332519531
1691.19253070709	1155.91662597656
1693.73434257853	1157.23327636719
1696.27537371078	1156.63330078125
1698.81562443395	1156.81665039063
1701.35509507809	1156.76672363281
1703.89378597311	1155.44995117188
1706.43169744886	1156.30004882813
1708.96882983509	1154.46667480469
1711.50518346144	1156.15002441406
1714.0407586575	1156.25
1716.57555575272	1156.26672363281
1719.10957507649	1155.68334960938
1721.64281695809	1156.51672363281
1724.17528172671	1156.34997558594
1726.70696971146	1155.38330078125
1729.23788124135	1154.90002441406
1731.7680166453	1156.34997558594
1734.29737625213	1155.46667480469
1736.82596039057	1155.86669921875
1739.35376938927	1156.26672363281
1741.88080357677	1155.59997558594
1744.40706328154	1155.53332519531
1746.93254883193	1155.68334960938
1749.45726055623	1156.19995117188
1751.9811987826	1155.30004882813
1754.50436383915	1155.61669921875
1757.02675605387	1156.46667480469
1759.54837575466	1156.16662597656
1762.06922326934	1156.59997558594
1764.58929892564	1155.44995117188
1767.10860305118	1156.36669921875
1769.6271359735	1155.51672363281
1772.14489802005	1154.63330078125
1774.66188951817	1155.86669921875
1777.17811079515	1156.06665039063
1779.69356217815	1155.83337402344
1782.20824399425	1156.25
1784.72215657043	1156.28332519531
1787.23530023361	1155.61669921875
1789.74767531057	1154.61669921875
1792.25928212804	1155.71667480469
1794.77012101264	1155.86669921875
1797.2801922909	1155
1799.78949628926	1154.84997558594
1802.29803333406	1156.53332519531
1804.80580375158	1156.78332519531
1807.31280786797	1155.36669921875
1809.81904600929	1154.86669921875
1812.32451850154	1156.73327636719
1814.82922567061	1155.69995117188
1817.33316784231	1155.56665039063
1819.83634534233	1156.80004882813
1822.33875849629	1156.83337402344
1824.84040762973	1156.15002441406
1827.34129306808	1156.25
1829.84141513667	1155.81665039063
1832.34077416077	1155.56665039063
1834.83937046553	1153.96667480469
1837.33720437602	1155.08337402344
1839.83427621723	1155.88330078125
1842.33058631404	1155.33337402344
1844.82613499125	1155.40002441406
1847.32092257355	1156.93334960938
1849.81494938558	1154.5
1852.30821575184	1155.96667480469
1854.80072199677	1156.33337402344
1857.29246844473	1156.03332519531
1859.78345541994	1155.83337402344
1862.27368324658	1156.81665039063
1864.76315224871	1156.44995117188
1867.2518627503	1156
1869.73981507524	1155.61669921875
1872.22700954733	1155.59997558594
1874.71344649027	1155.53332519531
1877.19912622768	1156.25
1879.68404908308	1155.83337402344
1882.16821537988	1156.09997558594
1884.65162544145	1155.83337402344
1887.13427959102	1155.86669921875
1889.61617815175	1155.65002441406
1892.0973214467	1156
1894.57770979887	1155.30004882813
1897.05734353113	1155.98327636719
1899.53622296628	1155.69995117188
1902.014348427	1155.58337402344
1904.49172023593	1155.78332519531
1906.96833871558	1156.66662597656
1909.44420418839	1156.66662597656
1911.91931697668	1156.26672363281
1914.39367740272	1157.55004882813
1916.86728578865	1156.38330078125
1919.34014245654	1156.86669921875
1921.81224772838	1155.31665039063
1924.28360192604	1156.23327636719
1926.75420537132	1154.76672363281
1929.22405838593	1155.61669921875
1931.69316129147	1155.61669921875
1934.16151440948	1155.28332519531
1936.62911806136	1156.34997558594
1939.09597256848	1155.65002441406
1941.56207825207	1156.65002441406
1944.0274354333	1155.16662597656
1946.49204443322	1155.80004882813
1948.95590557284	1155.75
1951.41901917301	1155.46667480469
1953.88138555454	1155.53332519531
1956.34300503813	1156.06665039063
1958.8038779444	1155.83337402344
1961.26400459387	1155.03332519531
1963.72338530697	1156.18334960938
1966.18202040403	1155.03332519531
1968.63991020531	1156.53332519531
1971.09705503097	1156.66662597656
1973.55345520107	1154.75
1976.0091110356	1154.91662597656
1978.46402285444	1155.84997558594
1980.91819097737	1154.68334960938
1983.3716157241	1155.34997558594
1985.82429741427	1155.21667480469
1988.27623636736	1156.71667480469
1990.72743290284	1156.69995117188
1993.17788734002	1155.83337402344
1995.62759999817	1157.08337402344
1998.07657119644	1155.5
2000.5248012539	1156.71667480469
2002.97229048952	1154.68334960938
2005.41903922219	1156.01672363281
2007.86504777071	1155.83337402344
2010.31031645378	1155.53332519531
2012.75484559	1155.43334960938
2015.19863549792	1156.28332519531
2017.64168649594	1155.71667480469
2020.08399890242	1157.21667480469
2022.5255730356	1155.36669921875
2024.96640921365	1154.44995117188
2027.40650775462	1155.83337402344
2029.84586897649	1155.93334960938
2032.28449319715	1155.76672363281
2034.72238073438	1157.25
2037.15953190591	1155.48327636719
2039.59594702932	1156.19995117188
2042.03162642215	1155.94995117188
2044.46657040182	1156.73327636719
2046.90077928567	1155.13330078125
2049.33425339095	1155.30004882813
2051.76699303481	1156.46667480469
2054.19899853433	1155.96667480469
2056.63027020645	1155.66662597656
2059.06080836809	1154.75
2061.49061333602	1155.73327636719
2063.91968542694	1154.36669921875
2066.34802495747	1156.19995117188
2068.77563224411	1154.31665039063
2071.20250760329	1154.61669921875
2073.62865135136	1155.03332519531
2076.05406380455	1156.59997558594
2078.47874527901	1156.63330078125
2080.9026960908	1155.86669921875
2083.3259165559	1156.01672363281
2085.74840699018	1155.34997558594
2088.17016770944	1156.68334960938
2090.59119902935	1155.65002441406
2093.01150126553	1154.84997558594
2095.43107473348	1156.19995117188
2097.84991974864	1155.75
2100.26803662633	1155.69995117188
2102.68542568178	1155.63330078125
2105.10208723015	1155.21667480469
2107.51802158648	1154.80004882813
2109.93322906574	1156.15002441406
2112.3477099828	1155.43334960938
2114.76146465245	1155.46667480469
2117.17449338937	1155.94995117188
2119.58679650815	1155.58337402344
2121.9983743233	1156.08337402344
2124.40922714924	1154.48327636719
2126.81935530029	1155.61669921875
2129.22875909067	1155.15002441406
2131.63743883452	1155.61669921875
2134.04539484589	1156.40002441406
2136.45262743874	1156.28332519531
2138.85913692692	1157.16662597656
2141.26492362422	1155.18334960938
2143.6699878443	1156.30004882813
2146.07432990076	1155.84997558594
2148.47795010708	1155.88330078125
2150.88084877667	1155.51672363281
2153.28302622285	1155.98327636719
2155.68448275883	1155.68334960938
2158.08521869774	1155.46667480469
2160.48523435261	1156.36669921875
2162.88453003639	1156.03332519531
2165.28310606193	1155.13330078125
2167.68096274199	1156.65002441406
2170.07810038922	1155.26672363281
2172.47451931622	1156.08337402344
2174.87021983546	1156.94995117188
2177.26520225933	1154.91662597656
2179.65946690013	1156.21667480469
2182.05301407006	1155.51672363281
2184.44584408123	1154.96667480469
2186.83795724567	1155.34997558594
2189.22935387531	1155.84997558594
2191.62003428198	1155.13330078125
2194.00999877743	1155.56665039063
2196.39924767329	1155.81665039063
2198.78778128115	1156.68334960938
2201.17559991245	1155.81665039063
2203.56270387857	1154.91662597656
2205.94909349081	1155.08337402344
2208.33476906033	1155.90002441406
2210.71973089824	1156.05004882813
2213.10397931554	1156.66662597656
2215.48751462314	1155.05004882813
2217.87033713186	1154.68334960938
2220.25244715242	1155.71667480469
2222.63384499546	1156.46667480469
2225.01453097151	1155.16662597656
2227.39450539101	1154.63330078125
2229.77376856434	1154.96667480469
2232.15232080173	1154.93334960938
2234.53016241336	1156.53332519531
2236.9072937093	1156.06665039063
2239.28371499954	1155.75
2241.65942659396	1154.51672363281
2244.03442880236	1155.71667480469
2246.40872193443	1156.61669921875
2248.78230629979	1155.61669921875
2251.15518220795	1155.80004882813
2253.52734996835	1155.09997558594
2255.89880989029	1156.16662597656
2258.26956228301	1156.21667480469
2260.63960745567	1156.80004882813
2263.00894571731	1155.43334960938
2265.37757737688	1156.38330078125
2267.74550274324	1156.23327636719
2270.11272212517	1154.83337402344
2272.47923583134	1155.65002441406
2274.84504417031	1156.36669921875
2277.2101474506	1155.15002441406
2279.57454598058	1155.98327636719
2281.93824006856	1155.68334960938
2284.30123002275	1155.30004882813
2286.66351615125	1156.58337402344
2289.02509876208	1156.16662597656
2291.38597816317	1156.83337402344
2293.74615466236	1155.96667480469
2296.10562856737	1156.88330078125
2298.46440018585	1156.53332519531
2300.82246982535	1154.86669921875
2303.1798377933	1155.63330078125
2305.5365043971	1155.98327636719
2307.89246994399	1154.81665039063
2310.24773474116	1155.44995117188
2312.60229909566	1155.13330078125
2314.95616331451	1154.18334960938
2317.30932770456	1155.16662597656
2319.66179257263	1155.56665039063
2322.01355822542	1156.08337402344
2324.36462496953	1156.25
2326.71499311146	1155.25
2329.06466295764	1155.76672363281
2331.41363481439	1155.30004882813
2333.76190898794	1156.09997558594
2336.10948578441	1155.83337402344
2338.45636550986	1155.84997558594
2340.80254847022	1155.94995117188
2343.14803497132	1155.16662597656
2345.49282531895	1155.21667480469
2347.83691981874	1155.98327636719
2350.18031877626	1156.01672363281
2352.52302249699	1154.84997558594
2354.8650312863	1155.61669921875
2357.20634544946	1155.69995117188
2359.54696529166	1156.58337402344
2361.88689111798	1155.51672363281
2364.22612323341	1155.76672363281
2366.56466194287	1156.06665039063
2368.90250755114	1155.80004882813
2371.23966036293	1156.51672363281
2373.57612068286	1155.63330078125
2375.91188881545	1156.76672363281
2378.2469650651	1155.38330078125
2380.58134973615	1155.08337402344
2382.91504313282	1155.58337402344
2385.24804555926	1155.69995117188
2387.58035731949	1156.26672363281
2389.91197871745	1155.93334960938
2392.24291005701	1156.13330078125
2394.57315164189	1155.5
2396.90270377577	1155.36669921875
2399.23156676218	1155.43334960938
2401.55974090461	1156.16662597656
2403.88722650642	1154.40002441406
2406.21402387086	1157.43334960938
2408.54013330113	1156.15002441406
2410.8655551003	1156.43334960938
2413.19028957133	1155.75
2415.51433701713	1155.43334960938
2417.83769774049	1156.44995117188
2420.16037204408	1155.26672363281
2422.48236023051	1155.34997558594
2424.80366260228	1156.08337402344
2427.12427946179	1156.58337402344
2429.44421111134	1154.63330078125
2431.76345785315	1156.31665039063
2434.08201998932	1156.53332519531
2436.39989782188	1156.23327636719
2438.71709165273	1156.46667480469
2441.0336017837	1156.86669921875
2443.34942851653	1155.71667480469
2445.66457215282	1157.19995117188
2447.97903299412	1156.40002441406
2450.29281134185	1157.13330078125
2452.60590749736	1155.88330078125
2454.91832176188	1156.84997558594
2457.23005443656	1156.41662597656
2459.54110582243	1157.76672363281
2461.85147622045	1156.71667480469
2464.16116593146	1156.40002441406
2466.47017525621	1156.98327636719
2468.77850449536	1157.58337402344
2471.08615394947	1156.13330078125
2473.39312391899	1156.55004882813
2475.69941470429	1156.90002441406
2478.00502660562	1156.11669921875
2480.30995992316	1156.28332519531
2482.61421495697	1155.76672363281
2484.91779200702	1155.68334960938
2487.22069137316	1156
2489.5229133552	1156.33337402344
2491.8244582528	1155.78332519531
2494.12532636553	1156.13330078125
2496.42551799287	1155.71667480469
2498.72503343421	1156.78332519531
2501.02387298882	1155.59997558594
2503.32203695588	1156.5
2505.61952563449	1155.51672363281
2507.91633932361	1156.41662597656
2510.21247832216	1155.55004882813
2512.50794292891	1156.68334960938
2514.80273344255	1156.61669921875
2517.09685016167	1156.11669921875
2519.39029338476	1156.31665039063
2521.68306341022	1156
2523.97516053634	1155.93334960938
2526.26658506132	1157.71667480469
2528.55733728325	1157.38330078125
2530.84741750012	1156.16662597656
2533.13682600984	1155.36669921875
2535.4255631102	1156.13330078125
2537.7136290989	1156.83337402344
2540.00102427354	1156
2542.28774893162	1156.05004882813
2544.57380337053	1154.98327636719
2546.85918788758	1155.90002441406
2549.14390277997	1156.43334960938
2551.4279483448	1156.08337402344
2553.71132487906	1155.03332519531
2555.99403267966	1155.65002441406
2558.27607204341	1155.09997558594
2560.55744326699	1156.15002441406
2562.83814664702	1156.91662597656
2565.11818247999	1154.48327636719
2567.3975510623	1156.58337402344
2569.67625269025	1154.69995117188
2571.95428766003	1157.48327636719
2574.23165626776	1156.73327636719
2576.50835880942	1156.96667480469
2578.78439558093	1156.51672363281
2581.05976687806	1154.75
2583.33447299652	1156.96667480469
2585.60851423191	1155.66662597656
2587.88189087972	1155.84997558594
2590.15460323534	1155.55004882813
2592.42665159406	1157.19995117188
2594.69803625108	1155.33337402344
2596.9687575015	1155.84997558594
2599.23881564029	1156.19995117188
2601.50821096235	1156.80004882813
2603.77694376245	1156.21667480469
2606.0450143353	1156.18334960938
2608.31242297548	1157.06665039063
2610.57916997746	1155.80004882813
2612.84525563562	1156.98327636719
2615.11068024426	1155.84997558594
2617.37544409753	1155.80004882813
2619.63954748952	1156.80004882813
2621.90299071421	1156.5
2624.16577406546	1157.36669921875
2626.42789783705	1156.75
2628.68936232264	1156.18334960938
2630.9501678158	1157.65002441406
2633.21031460999	1157.53332519531
2635.46980299857	1157.56665039063
2637.72863327481	1158.26672363281
2639.98680573185	1158.91662597656
2642.24432066276	1159.83337402344
2644.50117836048	1157.88330078125
2646.75737911786	1158.65002441406
2649.01292322765	1160.23327636719
2651.26781098249	1159.15002441406
2653.52204267492	1160.05004882813
2655.77561859738	1160.73327636719
2658.0285390422	1161.13330078125
2660.28080430161	1162.98327636719
2662.53241466774	1162.05004882813
2664.78337043263	1166.33337402344
2667.03367188817	1166.21667480469
2669.2833193262	1166.11669921875
2671.53231303844	1169.23327636719
2673.78065331648	1169.25
2676.02834045184	1171.34997558594
2678.27537473592	1174.83337402344
2680.52175646002	1175.68334960938
2682.76748591535	1176.80004882813
2685.01256339298	1175.76672363281
2687.25698918391	1180.21667480469
2689.50076357901	1180.44995117188
2691.74388686909	1184.63330078125
2693.9863593448	1183.98327636719
2696.22818129672	1182.09997558594
2698.46935301532	1183.98327636719
2700.70987479096	1181.91662597656
2702.94974691389	1182.40002441406
2705.18896967428	1178.26672363281
2707.42754336216	1177.05004882813
2709.66546826749	1173.26672363281
2711.90274468011	1172.05004882813
2714.13937288974	1169.41662597656
2716.37535318602	1166.40002441406
2718.61068585848	1167
2720.84537119652	1165.01672363281
2723.07940948947	1164.91662597656
2725.31280102654	1164.68334960938
2727.54554609682	1163.38330078125
2729.77764498933	1161.01672363281
2732.00909799294	1160.55004882813
2734.23990539644	1159.71667480469
2736.47006748853	1159.31665039063
2738.69958455777	1159.58337402344
2740.92845689263	1160.31665039063
2743.15668478147	1158.94995117188
2745.38426851257	1159.31665039063
2747.61120837406	1157.76672363281
2749.83750465399	1157.81665039063
2752.0631576403	1157.40002441406
2754.28816762083	1156.46667480469
2756.51253488329	1156.38330078125
2758.73625971532	1156.33337402344
2760.95934240442	1157.03332519531
2763.18178323801	1156.68334960938
2765.40358250338	1156.69995117188
2767.62474048773	1156.16662597656
2769.84525747814	1156.84997558594
2772.06513376159	1156.73327636719
2774.28436962496	1155.81665039063
2776.50296535501	1157.36669921875
2778.7209212384	1155.51672363281
2780.93823756168	1156.55004882813
2783.15491461129	1155.90002441406
2785.37095267358	1155.40002441406
2787.58635203477	1156.16662597656
2789.80111298097	1156.83337402344
2792.01523579822	1156.51672363281
2794.2287207724	1155.09997558594
2796.44156818932	1155.03332519531
2798.65377833468	1155.69995117188
2800.86535149404	1156.26672363281
2803.07628795289	1155.28332519531
2805.28658799659	1156.03332519531
2807.4962519104	1155.69995117188
2809.70527997946	1156.66662597656
2811.91367248883	1154.76672363281
2814.12142972342	1155.31665039063
2816.32855196807	1155.93334960938
2818.53503950749	1156.43334960938
2820.74089262628	1156.36669921875
2822.94611160894	1155.44995117188
2825.15069673987	1155.55004882813
2827.35464830333	1154.69995117188
2829.55796658351	1154.15002441406
2831.76065186445	1156.30004882813
2833.96270443012	1156.01672363281
2836.16412456437	1156.09997558594
2838.3649125509	1154.84997558594
2840.56506867336	1155.06665039063
2842.76459321526	1155.30004882813
2844.96348645999	1155.34997558594
2847.16174869086	1154.51672363281
2849.35938019105	1155.55004882813
2851.55638124363	1154.19995117188
2853.75275213157	1155.06665039063
2855.94849313772	1155.23327636719
2858.14360454483	1156.19995117188
2860.33808663553	1154.83337402344
2862.53193969234	1156.23327636719
2864.72516399768	1155.26672363281
2866.91775983385	1155.40002441406
2869.10972748304	1155.13330078125
2871.30106722733	1155.18334960938
2873.4917793487	1154.76672363281
2875.68186412899	1155.16662597656
2877.87132184997	1154.71667480469
2880.06015279325	1156.59997558594
2882.24835724039	1156.38330078125
2884.43593547278	1155.19995117188
2886.62288777173	1154.91662597656
2888.80921441843	1155.56665039063
2890.99491569397	1154.98327636719
2893.1799918793	1154.90002441406
2895.36444325529	1154.78332519531
2897.54827010269	1155.76672363281
2899.73147270213	1155.34997558594
2901.91405133412	1156.09997558594
2904.09600627909	1155.15002441406
2906.27733781731	1155.75
2908.45804622899	1156.5
2910.63813179418	1156.81665039063
2912.81759479286	1154.31665039063
2914.99643550486	1156.63330078125
2917.17465420994	1155.56665039063
2919.3522511877	1155.94995117188
2921.52922671765	1155.68334960938
2923.7055810792	1155.16662597656
2925.88131455162	1156.15002441406
2928.05642741408	1154.98327636719
2930.23091994566	1155.38330078125
2932.40479242528	1155.11669921875
2934.57804513178	1155.56665039063
2936.75067834387	1155.19995117188
2938.92269234017	1155.76672363281
2941.09408739916	1155.16662597656
2943.26486379921	1155.73327636719
2945.4350218186	1154.86669921875
2947.60456173546	1154.81665039063
2949.77348382783	1156.16662597656
2951.94178837363	1156.08337402344
2954.10947565068	1154.41662597656
2956.27654593666	1154.90002441406
2958.44299950915	1154.40002441406
2960.60883664562	1155.53332519531
2962.77405762341	1156.34997558594
2964.93866271975	1156
2967.10265221178	1155.86669921875
2969.26602637648	1155.05004882813
2971.42878549076	1155.5
2973.59092983139	1154.88330078125
2975.75245967501	1154.66662597656
2977.9133752982	1155.51672363281
2980.07367697736	1154.68334960938
2982.23336498882	1155.25
2984.39243960877	1154.43334960938
2986.5509011133	1155.18334960938
2988.70874977837	1155.01672363281
2990.86598587984	1155.91662597656
2993.02260969344	1154.53332519531
2995.17862149478	1154.26672363281
2997.33402155938	1154.16662597656
2999.48881016262	1154.69995117188
3001.64298757978	1155.48327636719
3003.796554086	1155.41662597656
3005.94950995633	1155.90002441406
3008.10185546569	1154.58337402344
3010.25359088888	1154.98327636719
3012.40471650059	1154.13330078125
3014.5552325754	1154.51672363281
3016.70513938776	1153.34997558594
3018.85443721201	1155.53332519531
3021.00312632236	1154.28332519531
3023.15120699292	1155.03332519531
3025.29867949769	1154.78332519531
3027.44554411052	1154.18334960938
3029.59180110516	1154.21667480469
3031.73745075527	1154.76672363281
3033.88249333434	1155.11669921875
3036.02692911578	1153.5
3038.17075837287	1155.34997558594
3040.31398137877	1154.55004882813
3042.45659840653	1154.93334960938
3044.59860972907	1155
3046.7400156192	1155.16662597656
3048.88081634961	1154.88330078125
3051.02101219287	1153.09997558594
3053.16060342144	1154.28332519531
3055.29959030765	1155.26672363281
3057.43797312371	1153.61669921875
3059.57575214172	1154.23327636719
3061.71292763366	1154.68334960938
3063.84949987139	1154.55004882813
3065.98546912665	1154.31665039063
3068.12083567105	1153.71667480469
3070.2555997761	1154.83337402344
3072.38976171319	1154.19995117188
3074.52332175356	1154.40002441406
3076.65628016837	1153.86669921875
3078.78863722863	1154.93334960938
3080.92039320526	1155.36669921875
3083.05154836902	1154.65002441406
3085.1821029906	1154.33337402344
3087.31205734051	1153.81665039063
3089.44141168921	1154.43334960938
3091.57016630696	1153.48327636719
3093.69832146398	1154.26672363281
3095.82587743032	1153.78332519531
3097.9528344759	1154.65002441406
3100.07919287056	1155.05004882813
3102.204952884	1153.68334960938
3104.33011478579	1153.31665039063
3106.45467884538	1155.13330078125
3108.57864533212	1153.01672363281
3110.70201451522	1155.21667480469
3112.82478666378	1154.18334960938
3114.94696204676	1154.06665039063
3117.06854093301	1154.01672363281
3119.18952359127	1154.63330078125
3121.30991029013	1152.86669921875
3123.4297012981	1154.73327636719
3125.54889688352	1153.36669921875
3127.66749731464	1154.11669921875
3129.78550285957	1153.71667480469
3131.90291378633	1155.08337402344
3134.01973036277	1154.36669921875
3136.13595285665	1154.75
3138.2515815356	1153.61669921875
3140.36661666714	1153.59997558594
3142.48105851863	1153.84997558594
3144.59490735734	1154.36669921875
3146.70816345041	1153.90002441406
3148.82082706486	1153.23327636719
3150.93289846758	1153.55004882813
3153.04437792532	1154.01672363281
3155.15526570475	1153.28332519531
3157.26556207238	1154.03332519531
3159.37526729461	1153.58337402344
3161.48438163771	1153.81665039063
3163.59290536784	1153.58337402344
3165.70083875102	1154.38330078125
3167.80818205315	1153.15002441406
3169.91493554002	1153.84997558594
3172.02109947727	1153.90002441406
3174.12667413044	1154.86669921875
3176.23165976493	1154.23327636719
3178.33605664602	1152.40002441406
3180.43986503887	1152.65002441406
3182.54308520852	1154.06665039063
3184.64571741986	1154.18334960938
3186.74776193769	1153.91662597656
3188.84921902664	1153.96667480469
3190.95008895128	1153.96667480469
3193.05037197599	1152
3195.15006836504	1154.01672363281
3197.24917838262	1154.68334960938
3199.34770229274	1153.33337402344
3201.44564035931	1153.55004882813
3203.5429928461	1152.55004882813
3205.63976001677	1153.30004882813
3207.73594213484	1153.58337402344
3209.83153946372	1153.68334960938
3211.92655226669	1154.06665039063
3214.02098080688	1154.36669921875
3216.11482534732	1154.31665039063
3218.20808615091	1153.56665039063
3220.30076348041	1153.36669921875
3222.39285759847	1153.71667480469
3224.4843687676	1153.93334960938
3226.57529725019	1154.34997558594
3228.66564330851	1154.46667480469
3230.75540720468	1153.43334960938
3232.8445892007	1153.55004882813
3234.93318955847	1153.65002441406
3237.02120853974	1154.86669921875
3239.10864640612	1154.43334960938
3241.19550341911	1156.11669921875
3243.28177984009	1154.71667480469
3245.36747593029	1153.90002441406
3247.45259195083	1154.90002441406
3249.53712816268	1154.83337402344
3251.62108482672	1154.31665039063
3253.70446220366	1155.11669921875
3255.78726055411	1155.09997558594
3257.86948013853	1155.31665039063
3259.95112121728	1155.46667480469
3262.03218405055	1153.66662597656
3264.11266889845	1153.21667480469
3266.19257602092	1154.48327636719
3268.27190567779	1154.55004882813
3270.35065812876	1152.5
3272.4288336334	1153.69995117188
3274.50643245114	1153.25
3276.5834548413	1152.93334960938
3278.65990106305	1153.46667480469
3280.73577137545	1152.68334960938
3282.81106603742	1153.11669921875
3284.88578530774	1152.51672363281
3286.95992944508	1154.58337402344
3289.03349870796	1152.98327636719
3291.1064933548	1152.93334960938
3293.17891364384	1152.33337402344
3295.25075983324	1153.19995117188
3297.322032181	1153.28332519531
3299.39273094501	1152.98327636719
3301.462856383	1152.81665039063
3303.53240875259	1152.83337402344
3305.60138831128	1153.11669921875
3307.6697953164	1152.71667480469
3309.73763002519	1153.19995117188
3311.80489269472	1152.90002441406
3313.87158358198	1152.66662597656
3315.93770294378	1153.91662597656
3318.00325103681	1153.81665039063
3320.06822811764	1152.41662597656
3322.13263444272	1153.53332519531
3324.19647026832	1153.58337402344
3326.25973585064	1153.16662597656
3328.32243144568	1153.11669921875
3330.38455730938	1152.75
3332.44611369749	1153.33337402344
3334.50710086564	1153.66662597656
3336.56751906936	1153.11669921875
3338.62736856401	1152.05004882813
3340.68664960483	1152.5
3342.74536244693	1152.38330078125
3344.80350734528	1152.84997558594
3346.86108455472	1152.66662597656
3348.91809432997	1153.98327636719
3350.97453692559	1154
3353.03041259603	1153.33337402344
3355.08572159559	1153.05004882813
3357.14046417844	1151.96667480469
3359.19464059863	1153.11669921875
3361.24825111005	1152.81665039063
3363.30129596648	1153.66662597656
3365.35377542155	1151.56665039063
3367.40568972878	1153.63330078125
3369.45703914152	1151.65002441406
3371.507823913	1153.75
3373.55804429633	1152.13330078125
3375.60770054446	1152.63330078125
3377.65679291024	1152.91662597656
3379.70532164635	1151.34997558594
3381.75328700534	1152.78332519531
3383.80068923965	1153.08337402344
3385.84752860155	1152.83337402344
3387.89380534321	1153.15002441406
3389.93951971664	1151.90002441406
3391.98467197371	1152.26672363281
3394.02926236618	1152.90002441406
3396.07329114566	1152.63330078125
3398.1167585636	1153.65002441406
3400.15966487137	1153.11669921875
3402.20201032014	1152.46667480469
3404.24379516099	1152.25
3406.28501964484	1152.94995117188
3408.3256840225	1152.93334960938
3410.3657885446	1152.30004882813
3412.40533346167	1153.13330078125
3414.44431902408	1152.34997558594
3416.48274548209	1152.73327636719
3418.5206130858	1152.59997558594
3420.55792208516	1152.44995117188
3422.59467273003	1153.09997558594
3424.63086527009	1152.25
3426.6664999549	1153.34997558594
3428.70157703386	1152.84997558594
3430.73609675628	1152.13330078125
3432.77005937129	1153.03332519531
3434.80346512789	1153.09997558594
3436.83631427494	1152.30004882813
3438.86860706119	1152
3440.90034373521	1153.19995117188
3442.93152454546	1152.5
3444.96214974025	1151.94995117188
3446.99221956775	1153.01672363281
3449.021734276	1153.26672363281
3451.05069411289	1152.38330078125
3453.07909932619	1153.34997558594
3455.1069501635	1151.83337402344
3457.1342468723	1152.48327636719
3459.16098969993	1151.26672363281
3461.1871788936	1151.56665039063
3463.21281470035	1152.05004882813
3465.23789736712	1153.09997558594
3467.26242714067	1152.43334960938
3469.28640426765	1152.15002441406
3471.30982899455	1152.55004882813
3473.33270156774	1152.33337402344
3475.35502223343	1152.61669921875
3477.3767912377	1151.86669921875
3479.39800882649	1152.84997558594
3481.41867524559	1151.43334960938
3483.43879074066	1151.80004882813
3485.45835555721	1152.56665039063
3487.47736994062	1151.30004882813
3489.49583413611	1152.16662597656
3491.51374838879	1151.34997558594
3493.53111294359	1152.23327636719
3495.54792804533	1151.83337402344
3497.56419393867	1151.88330078125
3499.57991086814	1152.03332519531
3501.59507907811	1151.25
3503.60969881284	1151.76672363281
3505.6237703164	1152.28332519531
3507.63729383278	1151.84997558594
3509.65026960577	1151.5
3511.66269787904	1152.25
3513.67457889613	1152.88330078125
3515.68591290042	1151.90002441406
3517.69670013515	1152.31665039063
3519.70694084342	1150.98327636719
3521.7166352682	1151.31665039063
3523.72578365229	1150.21667480469
3525.73438623836	1151.76672363281
3527.74244326893	1151.58337402344
3529.74995498641	1152.83337402344
3531.75692163301	1152.56665039063
3533.76334345084	1151.94995117188
3535.76922068186	1150.68334960938
3537.77455356786	1151.71667480469
3539.77934235051	1150.81665039063
3541.78358727133	1151.59997558594
3543.78728857169	1151.65002441406
3545.79044649283	1152.43334960938
3547.79306127584	1151.98327636719
3549.79513316164	1150.88330078125
3551.79666239104	1152.13330078125
3553.79764920469	1151.18334960938
3555.7980938431	1152.76672363281
3557.79799654663	1151.86669921875
3559.79735755548	1151.41662597656
3561.79617710974	1151.19995117188
3563.79445544932	1152.13330078125
3565.79219281401	1153.01672363281
3567.78938944344	1151.71667480469
3569.7860455771	1152.44995117188
3571.78216145432	1150.98327636719
3573.77773731431	1151.93334960938
3575.7727733961	1151.55004882813
3577.76726993861	1151.88330078125
3579.76122718059	1151.81665039063
3581.75464536064	1151.73327636719
3583.74752471725	1151.09997558594
3585.7398654887	1151.23327636719
3587.73166791317	1150.66662597656
3589.7229322287	1151.53332519531
3591.71365867314	1150.43334960938
3593.70384748424	1151.55004882813
3595.69349889955	1151.44995117188
3597.68261315654	1152.08337402344
3599.67119049245	1151.98327636719
3601.65923114446	1151.56665039063
3603.64673534952	1151.15002441406
3605.63370334449	1151.28332519531
3607.62013536607	1151.33337402344
3609.60603165079	1150.53332519531
3611.59139243504	1151.83337402344
3613.57621795509	1151.43334960938
3615.56050844701	1151.94995117188
3617.54426414677	1152.38330078125
3619.52748529017	1151.28332519531
3621.51017211285	1151.31665039063
3623.49232485031	1151.61669921875
3625.47394373792	1150.65002441406
3627.45502901088	1151.13330078125
3629.43558090423	1151.46667480469
3631.41559965288	1152.43334960938
3633.3950854916	1151.5
3635.37403865498	1151.93334960938
3637.35245937747	1151.43334960938
3639.33034789339	1151.48327636719
3641.30770443688	1151.09997558594
3643.28452924196	1151.38330078125
3645.26082254248	1151.41662597656
3647.23658457212	1150.48327636719
3649.21181556447	1151.80004882813
3651.18651575291	1150.65002441406
3653.16068537069	1151.23327636719
3655.13432465092	1150.71667480469
3657.10743382653	1150.53332519531
3659.08001313034	1151.28332519531
3661.05206279498	1151.48327636719
3663.02358305295	1151.40002441406
3664.9945741366	1151.44995117188
3666.96503627811	1151.90002441406
3668.93496970952	1151.36669921875
3670.90437466272	1151.36669921875
3672.87325136944	1151.25
3674.84160006127	1150.21667480469
3676.80942096963	1151.44995117188
3678.77671432581	1151.18334960938
3680.74348036092	1150.26672363281
3682.70971930595	1151.68334960938
3684.6754313917	1150.66662597656
3686.64061684885	1149.36669921875
3688.60527590791	1151.03332519531
3690.56940879924	1150.31665039063
3692.53301575303	1150.09997558594
3694.49609699936	1150.78332519531
3696.45865276812	1148.96667480469
3698.42068328904	1152.06665039063
3700.38218879173	1151.23327636719
3702.34316950563	1150.51672363281
3704.30362566	1150.76672363281
3706.26355748399	1151.63330078125
3708.22296520657	1150.94995117188
3710.18184905656	1151.01672363281
3712.14020926263	1151.08337402344
3714.09804605328	1149.11669921875
3716.05535965687	1150.21667480469
3718.01215030162	1150.25
3719.96841821555	1150.43334960938
3721.92416362657	1149.86669921875
3723.8793867624	1150.38330078125
3725.83408785063	1150.40002441406
3727.78826711869	1149.96667480469
3729.74192479384	1150.61669921875
3731.69506110319	1149.96667480469
3733.64767627371	1150.91662597656
3735.59977053219	1150.46667480469
3737.55134410528	1149.53332519531
3739.50239721947	1149.36669921875
3741.45293010108	1150.46667480469
3743.40294297631	1150.19995117188
3745.35243607116	1150.33337402344
3747.3014096115	1150.86669921875
3749.24986382303	1150.19995117188
3751.19779893131	1149.33337402344
3753.14521516171	1150.40002441406
3755.09211273949	1150.51672363281
3757.0384918897	1149.66662597656
3758.98435283728	1149.96667480469
3760.92969580698	1150.61669921875
3762.87452102341	1149.81665039063
3764.81882871101	1151.08337402344
3766.76261909407	1149.86669921875
3768.70589239672	1149.83337402344
3770.64864884293	1150.11669921875
3772.59088865651	1149.88330078125
3774.53261206112	1149.56665039063
3776.47381928025	1148.98327636719
