-173.428722450078	1146.53332519531
-170.294344013779	1145.88330078125
-167.160990304052	1146.83337402344
-164.028660894548	1145.68334960938
-160.897355359205	1146.73327636719
-157.767073272189	1146.40002441406
-154.637814207931	1146.48327636719
-151.50957774112	1146.15002441406
-148.382363446704	1146.65002441406
-145.256170899859	1146
-142.130999676054	1146.63330078125
-139.006849350965	1146.21667480469
-135.883719500571	1146.59997558594
-132.761609701053	1145.59997558594
-129.640519528863	1146.16662597656
-126.520448560715	1146.06665039063
-123.401396373553	1146.01672363281
-120.28336254458	1145.76672363281
-117.166346651252	1146.86669921875
-114.050348271258	1146.38330078125
-110.935366982541	1146.83337402344
-107.821402363301	1146.86669921875
-104.708453991972	1146.33337402344
-101.596521447235	1146.16662597656
-98.4856043080122	1146.88330078125
-95.3757021534957	1145.78332519531
-92.2668145630801	1146.98327636719
-89.1589411164452	1146.01672363281
-86.0520813934781	1145.65002441406
-82.946234974338	1146.36669921875
-79.8414014394074	1145.66662597656
-76.7375803693083	1145.93334960938
-73.6347713449181	1146.73327636719
-70.532973947345	1147.18334960938
-67.4321877579402	1146.08337402344
-64.3324123582935	1146
-61.2336473302252	1146.01672363281
-58.1358922558143	1146.69995117188
-55.0391467173494	1146.78332519531
-51.9434102973817	1145.65002441406
-48.8486825786838	1146.88330078125
-45.7549631442702	1145.96667480469
-42.662251577389	1145.76672363281
-39.5705474615295	1146.34997558594
-36.4798503804062	1146.84997558594
-33.3901599179706	1146.61669921875
-30.301475658403	1146.15002441406
-27.2137971861287	1146.08337402344
-24.1271240858053	1146.63330078125
-21.0414559423028	1145.83337402344
-17.9567923407513	1146.33337402344
-14.8731328664812	1145.5
-11.7904771050747	1146.15002441406
-8.70882464233763	1147.41662597656
-5.62817506431157	1146.28332519531
-2.54852795725342	1146.94995117188
0.530117092344597	1147.81665039063
3.6077604977471	1147.34997558594
6.68440267202787	1147.19995117188
9.76004402799773	1146.94995117188
12.8346849782609	1146.81665039063
15.9083259351831	1146.01672363281
18.9809673109237	1145.51672363281
22.0526095173877	1145.80004882813
25.1232529662903	1145.66662597656
28.1928980690886	1147.06665039063
31.2615452370419	1145.76672363281
34.32919488118	1146.44995117188
37.3958474123071	1145.73327636719
40.4615032409942	1146.43334960938
43.5261627776189	1145.58337402344
46.58982643231	1147.11669921875
49.6524946149833	1145.80004882813
52.7141677353456	1146.86669921875
55.7748462028835	1146.38330078125
58.8345304268427	1146.43334960938
61.8932208162729	1146.16662597656
64.9509177800033	1146.44995117188
68.0076217266271	1146.94995117188
71.0633330645419	1145.98327636719
74.118052201909	1148.40002441406
77.1717795467022	1149.19995117188
80.224515506648	1159.81665039063
83.2762604892772	1181.18334960938
86.3270149018856	1202.33337402344
89.3767791515896	1211.78332519531
92.4255536452548	1217.13330078125
95.4733387895519	1222.75
98.5201349909248	1219.08337402344
101.565942655643	1221.25
104.610762189717	1212.43334960938
107.654593998963	1217.65002441406
110.697438488996	1212.75
113.739296065204	1213.69995117188
116.78016713278	1211.75
119.820052096698	1207.73327636719
122.85895136172	1206.88330078125
125.896865332408	1202.96667480469
128.933794413111	1199.38330078125
131.969739007965	1200.44995117188
135.004699520911	1198.01672363281
138.038676355664	1197.36669921875
141.071669915751	1193.55004882813
144.103680604487	1193.40002441406
147.134708824975	1192.33337402344
150.164754980118	1190.88330078125
153.193819472611	1188.01672363281
156.221902704945	1188.25
159.24900507942	1185.30004882813
162.275126998099	1188.26672363281
165.300268862873	1186.03332519531
168.324431075425	1183.18334960938
171.347614037231	1184.26672363281
174.369818149562	1184.91662597656
177.391043813491	1184.44995117188
180.411291429897	1182.11669921875
183.430561399437	1183.61669921875
186.448854122582	1183.08337402344
189.466169999607	1183.05004882813
192.482509430598	1182.69995117188
195.497872815412	1180.75
198.512260553716	1182.76672363281
201.525673045011	1180.96667480469
204.538110688552	1182.01672363281
207.549573883427	1181.86669921875
210.560063028519	1181.21667480469
213.569578522523	1181.34997558594
216.578120763917	1181.43334960938
219.585690151021	1182.23327636719
222.592287081907	1180.98327636719
225.597911954507	1181.53332519531
228.602565166512	1183.33337402344
231.606247115456	1181.13330078125
234.608958198646	1180.43334960938
237.610698813222	1182.08337402344
240.611469356122	1181.86669921875
243.611270224103	1182.84997558594
246.610101813707	1181.65002441406
249.607964521295	1182.91662597656
252.604858743044	1179.5
255.600784874935	1179.44995117188
258.595743312749	1182.11669921875
261.589734452097	1183.15002441406
264.582758688393	1183
267.574816416842	1181.09997558594
270.565908032503	1182.18334960938
273.556033930195	1179.73327636719
276.545194504586	1180.73327636719
279.533390150138	1181.40002441406
282.520621261151	1181.46667480469
285.506888231708	1183.38330078125
288.49219145571	1183.55004882813
291.476531326902	1182.90002441406
294.459908238794	1184.84997558594
297.442322584762	1184.43334960938
300.423774757966	1183.88330078125
303.404265151375	1185.16662597656
306.383794157805	1183.69995117188
309.362362169862	1185.03332519531
312.339969579982	1184.31665039063
315.316616780414	1181.83337402344
318.292304163227	1183.83337402344
321.267032120295	1179.91662597656
324.24080104332	1181.84997558594
327.213611323833	1179.81665039063
330.185463353171	1180
333.156357522491	1178.91662597656
336.126294222774	1179.34997558594
339.095273844812	1178.96667480469
342.063296779227	1179.34997558594
345.030363416467	1178.44995117188
347.996474146782	1178.09997558594
350.961629360257	1178.96667480469
353.925829446806	1177.80004882813
356.889074796147	1177.53332519531
359.851365797829	1177.66662597656
362.812702841222	1177.76672363281
365.773086315536	1177.80004882813
368.732516609768	1176.43334960938
371.690994112778	1177.98327636719
374.648519213243	1178.93334960938
377.605092299631	1176.88330078125
380.560713760273	1178.05004882813
383.515383983307	1177.26672363281
386.469103356711	1178.61669921875
389.421872268273	1177
392.373691105615	1177.01672363281
395.32456025619	1176.01672363281
398.274480107272	1176.63330078125
401.223451045967	1174.96667480469
404.171473459202	1175.63330078125
407.118547733728	1176.78332519531
410.064674256155	1177.23327636719
413.009853412892	1176.56665039063
415.954085590181	1177.21667480469
418.8973711741	1175.26672363281
421.83971055055	1174.75
424.781104105281	1176.03332519531
427.721552223856	1176.88330078125
430.661055291665	1176.71667480469
433.599613693946	1175.46667480469
436.537227815752	1176.93334960938
439.473898041993	1174.90002441406
442.409624757378	1176.15002441406
445.344408346476	1172.86669921875
448.278249193683	1173.05004882813
451.211147683207	1173.28332519531
454.143104199122	1175.13330078125
457.074119125312	1173.71667480469
460.004192845497	1173.94995117188
462.933325743267	1173.98327636719
465.861518202001	1174.34997558594
468.788770604917	1172.73327636719
471.71508333511	1175.5
474.640456775471	1174.55004882813
477.564891308737	1174.83337402344
480.488387317487	1175.43334960938
483.410945184141	1176.66662597656
486.332565290942	1178.18334960938
489.253248019986	1177.73327636719
492.172993753197	1176.83337402344
495.091802872338	1177.90002441406
498.009675759011	1179.15002441406
500.926612794666	1181.06665039063
503.842614360571	1186.93334960938
506.757680837864	1193.05004882813
509.671812607493	1206.55004882813
512.585010050263	1255.5
515.497273546817	1404.31665039063
518.408603477637	1673.88330078125
521.319000223045	1710.59997558594
524.228464163205	1492.34997558594
527.136995678121	1326.83337402344
530.044595147647	1253.55004882813
532.951262951471	1219.31665039063
535.856999469123	1198.93334960938
538.761805079986	1191.16662597656
541.665680163279	1184.46667480469
544.568625098049	1180.11669921875
547.470640263216	1179.61669921875
550.371726037533	1175.94995117188
553.271882799588	1176.88330078125
556.171110927825	1174.94995117188
559.069410800531	1173.55004882813
561.966782795823	1173.98327636719
564.863227291685	1174.38330078125
567.758744665944	1173.36669921875
570.653335296256	1171.83337402344
573.546999560148	1172.43334960938
576.439737834969	1172.53332519531
579.331550497935	1171.73327636719
582.222437926093	1173
585.112400496356	1170.98327636719
588.001438585469	1171.06665039063
590.889552570021	1171.55004882813
593.77674282648	1172.34997558594
596.663009731132	1170.94995117188
599.548353660116	1171.56665039063
602.432774989433	1172.51672363281
605.316274094926	1172.84997558594
608.198851352303	1171.84997558594
611.080507137075	1173.09997558594
613.961241824667	1172.96667480469
616.841055790315	1174.01672363281
619.71994940911	1173
622.597923056008	1174.53332519531
625.474977105798	1171.5
628.351111933143	1173.46667480469
631.22632791255	1172.18334960938
634.10062541835	1171.65002441406
636.97400482478	1173.09997558594
639.846466505882	1171.81665039063
642.718010835585	1172.83337402344
645.58863818764	1172.98327636719
648.458348935679	1172.63330078125
651.327143453188	1172.30004882813
654.195022113475	1171.58337402344
657.061985289745	1173.44995117188
659.928033355022	1171.46667480469
662.79316668221	1172.03332519531
665.657385644057	1173.28332519531
668.520690613176	1171.46667480469
671.383081962017	1171.81665039063
674.244560062899	1172.19995117188
677.105125288002	1171.48327636719
679.964778009343	1172.15002441406
682.823518598832	1173.76672363281
685.681347428202	1174.61669921875
688.538264869057	1171.94995117188
691.394271292855	1169.05004882813
694.249367070914	1172.13330078125
697.103552574412	1172.15002441406
699.956828174378	1170.21667480469
702.809194241715	1169.80004882813
705.660651147175	1169.71667480469
708.511199261361	1170.59997558594
711.360838954755	1169.41662597656
714.209570597676	1170.69995117188
717.057394560329	1169.36669921875
719.90431121275	1170.80004882813
722.750320924861	1170.21667480469
725.59542406643	1170.31665039063
728.439621007094	1170.91662597656
731.282912116347	1171.01672363281
734.125297763539	1170.61669921875
736.966778317898	1170.33337402344
739.807354148498	1170.80004882813
742.647025624275	1169.40002441406
745.485793114042	1170.05004882813
748.323656986468	1170.91662597656
751.160617610072	1172.16662597656
753.996675353258	1171.78332519531
756.831830584275	1173.78332519531
759.666083671249	1170.51672363281
762.499434982158	1170.38330078125
765.331884884853	1171.26672363281
768.163433747055	1170.84997558594
770.994081936328	1169.76672363281
773.823829820116	1171.81665039063
776.652677765732	1170.75
779.480626140347	1171.31665039063
782.307675310993	1169.63330078125
785.133825644576	1171.98327636719
787.959077507869	1171.09997558594
790.783431267511	1172.61669921875
793.606887289986	1172.93334960938
796.429445941685	1172.43334960938
799.251107588836	1171.90002441406
802.071872597536	1172.75
804.891741333751	1171.48327636719
807.71071416334	1172.63330078125
810.528791451981	1172.58337402344
813.345973565269	1171.30004882813
816.162260868638	1172.69995117188
818.977653727395	1171.56665039063
821.792152506717	1171.81665039063
824.605757571661	1172.26672363281
827.418469287133	1171.44995117188
830.230288017926	1170.5
833.0412141287	1172.46667480469
835.851247983973	1170.98327636719
838.660389948141	1173.84997558594
841.468640385466	1172.08337402344
844.27599966009	1173.34997558594
847.082468136026	1173.05004882813
849.888046177135	1175.26672363281
852.692734147171	1172.96667480469
855.496532409758	1174.76672363281
858.29944132839	1171.21667480469
861.10146126642	1173.59997558594
863.902592587094	1172.5
866.702835653509	1172.13330078125
869.502190828641	1172.18334960938
872.300658475353	1174.15002441406
875.098238956361	1171.03332519531
877.894932634271	1170.88330078125
880.690739871548	1171.69995117188
883.485661030531	1172.76672363281
886.279696473447	1174.46667480469
889.072846562376	1174.21667480469
891.86511165929	1172.19995117188
894.65649212603	1175.06665039063
897.446988324303	1172.55004882813
900.236600615703	1172.84997558594
903.025329361687	1172.91662597656
905.813174923597	1173.56665039063
908.600137662639	1173.76672363281
911.38621793991	1173.81665039063
914.171416116365	1173.98327636719
916.95573255285	1174.01672363281
919.739167610082	1175.16662597656
922.521721648641	1175.30004882813
925.303395029005	1177.84997558594
928.084188111517	1179.16662597656
930.864101256396	1179.91662597656
933.643134823733	1182.68334960938
936.42128917351	1185.71667480469
939.198564665577	1187.51672363281
941.97496165967	1189.80004882813
944.750480515391	1190.26672363281
947.525121592226	1188.73327636719
950.298885249534	1189.06665039063
953.071771846555	1190.69995117188
955.843781742413	1188.91662597656
958.614915296108	1190.05004882813
961.385172866513	1190.93334960938
964.154554812387	1189.94995117188
966.92306149236	1191.34997558594
969.690693264949	1191.86669921875
972.457450488552	1191.93334960938
975.223333521431	1190.71667480469
977.988342721749	1191.61669921875
980.752478447535	1191.66662597656
983.515741056708	1189.55004882813
986.278130907059	1187.30004882813
989.039648356259	1186.33337402344
991.800293761863	1183.61669921875
994.560067481312	1183.96667480469
997.318969871913	1180.55004882813
1000.07700129088	1179.91662597656
1002.83416209528	1178.59997558594
1005.59045264208	1177.46667480469
1008.34587328813	1178
1011.10042439014	1176.41662597656
1013.85410630472	1175.26672363281
1016.60691938837	1175.93334960938
1019.35886399746	1177.5
1022.10994048823	1177.94995117188
1024.86014921684	1177.94995117188
1027.60949053928	1175.13330078125
1030.35796481149	1175.08337402344
1033.10557238924	1174.21667480469
1035.85231362819	1173.61669921875
1038.5981888839	1171.15002441406
1041.34319851182	1172.01672363281
1044.08734286727	1170.76672363281
1046.83062230544	1170.63330078125
1049.57303718143	1170.58337402344
1052.31458785021	1170.18334960938
1055.05527466665	1170.19995117188
1057.79509798549	1169.98327636719
1060.53405816134	1171.43334960938
1063.27215554874	1171.06665039063
1066.00939050209	1170.43334960938
1068.74576337565	1171.41662597656
1071.48127452361	1171.36669921875
1074.21592430002	1170.05004882813
1076.94971305882	1170.80004882813
1079.68264115384	1169.71667480469
1082.41470893879	1169.33337402344
1085.14591676728	1169.15002441406
1087.8762649928	1167.83337402344
1090.60575396871	1171.28332519531
1093.33438404827	1168.30004882813
1096.06215558464	1169.06665039063
1098.78906893086	1168.98327636719
1101.51512443981	1167.96667480469
1104.24032246435	1167.46667480469
1106.96466335716	1167.78332519531
1109.68814747081	1168
1112.41077515779	1168.09997558594
1115.13254677044	1168.61669921875
1117.85346266104	1168.55004882813
1120.57352318169	1167.71667480469
1123.29272868445	1168.19995117188
1126.01107952121	1166.55004882813
1128.72857604378	1168.44995117188
1131.44521860385	1169.55004882813
1134.16100755301	1169.08337402344
1136.87594324271	1167.23327636719
1139.59002602433	1168.31665039063
1142.3032562491	1170.09997558594
1145.01563426818	1170.46667480469
1147.72716043257	1176.23327636719
1150.43783509322	1174.08337402344
1153.14765860091	1174.01672363281
1155.85663130634	1172.08337402344
1158.56475356012	1171.61669921875
1161.27202571271	1171.09997558594
1163.97844811448	1171.34997558594
1166.68402111569	1170.01672363281
1169.38874506649	1171
1172.09262031694	1170.44995117188
1174.79564721695	1170.38330078125
1177.49782611635	1168.53332519531
1180.19915736486	1169.33337402344
1182.89964131208	1170.08337402344
1185.59927830751	1168
1188.29806870054	1168.93334960938
1190.99601284046	1169.06665039063
1193.69311107643	1169.30004882813
1196.38936375753	1169.40002441406
1199.08477123271	1168.41662597656
1201.77933385082	1168.59997558594
1204.47305196061	1168.46667480469
1207.1659259107	1169.53332519531
1209.85795604964	1170.01672363281
1212.54914272585	1171.21667480469
1215.23948628763	1171.44995117188
1217.92898708319	1170.65002441406
1220.61764546064	1172.19995117188
1223.30546176798	1172.56665039063
1225.99243635308	1173.68334960938
1228.67856956373	1171.91662597656
1231.36386174761	1170.84997558594
1234.04831325228	1169.61669921875
1236.73192442522	1171.65002441406
1239.41469561377	1169.21667480469
1242.09662716519	1170.63330078125
1244.77771942662	1170.43334960938
1247.45797274511	1170.66662597656
1250.13738746759	1172.16662597656
1252.81596394089	1172.68334960938
1255.49370251175	1172.36669921875
1258.17060352676	1171.44995117188
1260.84666733246	1173.59997558594
1263.52189427525	1173.66662597656
1266.19628470144	1175.13330078125
1268.86983895722	1173.48327636719
1271.5425573887	1174.08337402344
1274.21444034186	1172.98327636719
1276.8854881626	1174.59997558594
1279.55570119671	1173.51672363281
1282.22507978985	1175.36669921875
1284.89362428759	1173.66662597656
1287.56133503543	1173.65002441406
1290.22821237872	1175.93334960938
1292.89425666274	1177.91662597656
1295.55946823263	1178.94995117188
1298.22384743346	1179.53332519531
1300.88739461019	1177.48327636719
1303.55011010766	1177.26672363281
1306.21199427063	1172.41662597656
1308.87304744373	1173.30004882813
1311.53326997152	1170.94995117188
1314.19266219843	1170.41662597656
1316.8512244688	1170.31665039063
1319.50895712687	1169.66662597656
1322.16586051676	1170.38330078125
1324.82193498252	1170.03332519531
1327.47718086806	1171.76672363281
1330.1315985172	1172.56665039063
1332.78518827369	1171.58337402344
1335.43795048114	1172.25
1338.08988548307	1175.08337402344
1340.74099362289	1174.59997558594
1343.39127524392	1174.61669921875
1346.04073068939	1173.76672363281
1348.6893603024	1175.59997558594
1351.33716442597	1172.18334960938
1353.98414340301	1170.93334960938
1356.63029757632	1171.51672363281
1359.27562728863	1169.83337402344
1361.92013288252	1170.23327636719
1364.56381470053	1168.23327636719
1367.20667308505	1168.56665039063
1369.84870837838	1167.94995117188
1372.48992092274	1169.13330078125
1375.13031106023	1168.03332519531
1377.76987913284	1168.55004882813
1380.40862548251	1167.61669921875
1383.04655045101	1167.21667480469
1385.68365438006	1167.55004882813
1388.31993761126	1168.30004882813
1390.95540048612	1169.71667480469
1393.59004334605	1168.28332519531
1396.22386653233	1168.90002441406
1398.85687038619	1169
1401.48905524873	1172.40002441406
1404.12042146094	1170.76672363281
1406.75096936375	1171.80004882813
1409.38069929796	1173.21667480469
1412.00961160428	1172.26672363281
1414.63770662332	1171.28332519531
1417.26498469557	1169.63330078125
1419.89144616146	1169.55004882813
1422.51709136132	1167.31665039063
1425.14192063532	1167.19995117188
1427.76593432361	1167.19995117188
1430.3891327662	1167.66662597656
1433.01151630299	1167.86669921875
1435.63308527382	1169.75
1438.2538400184	1168.96667480469
1440.87378087637	1168.48327636719
1443.49290818722	1168.63330078125
1446.1112222904	1171.69995117188
1448.72872352524	1170.93334960938
1451.34541223097	1170.08337402344
1453.96128874671	1171.56665039063
1456.5763534115	1172.01672363281
1459.19060656429	1172.25
1461.8040485439	1171.55004882813
1464.41667968907	1171.61669921875
1467.02850033846	1172.31665039063
1469.63951083061	1172.58337402344
1472.24971150397	1171.01672363281
1474.8591026969	1170.08337402344
1477.46768474763	1170.09997558594
1480.07545799434	1172.55004882813
1482.68242277508	1172.5
1485.28857942782	1170.56665039063
1487.89392829042	1169.59997558594
1490.49846970065	1168.25
1493.10220399619	1166.30004882813
1495.70513151461	1166.63330078125
1498.30725259339	1167.94995117188
1500.90856756992	1166.66662597656
1503.50907678146	1169.5
1506.10878056524	1168.65002441406
1508.70767925832	1167.84997558594
1511.30577319772	1167.09997558594
1513.90306272032	1166.53332519531
1516.49954816295	1166.31665039063
1519.09522986229	1165.66662597656
1521.69010815498	1166.84997558594
1524.28418337751	1166.11669921875
1526.87745586632	1165.53332519531
1529.46992595773	1166.90002441406
1532.06159398796	1166.13330078125
1534.65246029316	1165.65002441406
1537.24252520935	1167.09997558594
1539.83178907249	1167.41662597656
1542.42025221841	1167.21667480469
1545.00791498287	1167.40002441406
1547.59477770152	1166.25
1550.18084070993	1168.38330078125
1552.76610434356	1169.25
1555.35056893777	1169.80004882813
1557.93423482785	1170.56665039063
1560.51710234896	1173.03332519531
1563.0991718362	1175.33337402344
1565.68044362457	1175.33337402344
1568.26091804893	1179.19995117188
1570.84059544411	1182.55004882813
1573.41947614481	1185.15002441406
1575.99756048562	1190.98327636719
1578.57484880108	1196.31665039063
1581.15134142559	1200.05004882813
1583.72703869349	1204.98327636719
1586.301940939	1203.88330078125
1588.87604849628	1200.55004882813
1591.44936169934	1196.06665039063
1594.02188088215	1192.75
1596.59360637855	1194.36669921875
1599.16453852232	1193.15002441406
1601.73467764709	1196.09997558594
1604.30402408647	1197.66662597656
1606.87257817391	1197.86669921875
1609.44034024281	1192.08337402344
1612.00731062644	1186.5
1614.57348965801	1182.86669921875
1617.13887767062	1178.63330078125
1619.70347499726	1177.98327636719
1622.26728197086	1177.34997558594
1624.83029892423	1177.98327636719
1627.39252619012	1178.31665039063
1629.95396410112	1180.91662597656
1632.5146129898	1186.75
1635.07447318858	1184.88330078125
1637.63354502984	1181.31665039063
1640.19182884582	1177.55004882813
1642.74932496868	1173.98327636719
1645.3060337305	1171.16662597656
1647.86195546325	1167.91662597656
1650.41709049882	1167.15002441406
1652.971439169	1166.65002441406
1655.52500180548	1168.09997558594
1658.07777873987	1166.46667480469
1660.62977030368	1166.53332519531
1663.18097682833	1165
1665.73139864514	1165.83337402344
1668.28103608534	1166.58337402344
1670.82988948008	1165.31665039063
1673.37795916039	1164.66662597656
1675.92524545724	1166.33337402344
1678.47174870147	1165.25
1681.01746922386	1165.73327636719
1683.56240735508	1166.5
1686.10656342572	1165.38330078125
1688.64993776626	1166.40002441406
1691.19253070709	1163.76672363281
1693.73434257853	1165.71667480469
1696.27537371078	1164.81665039063
1698.81562443395	1166.38330078125
1701.35509507809	1165.36669921875
1703.89378597311	1166.69995117188
1706.43169744886	1167.48327636719
1708.96882983509	1168.19995117188
1711.50518346144	1169.15002441406
1714.0407586575	1169.88330078125
1716.57555575272	1172.11669921875
1719.10957507649	1176.58337402344
1721.64281695809	1174.76672363281
1724.17528172671	1175.86669921875
1726.70696971146	1176.73327636719
1729.23788124135	1175.15002441406
1731.7680166453	1174.58337402344
1734.29737625213	1172.63330078125
1736.82596039057	1171.26672363281
1739.35376938927	1169.44995117188
1741.88080357677	1170
1744.40706328154	1167.83337402344
1746.93254883193	1168.05004882813
1749.45726055623	1165.58337402344
1751.9811987826	1166.28332519531
1754.50436383915	1166.40002441406
1757.02675605387	1165.26672363281
1759.54837575466	1165.38330078125
1762.06922326934	1165.56665039063
1764.58929892564	1164.5
1767.10860305118	1163.55004882813
1769.6271359735	1165.58337402344
1772.14489802005	1163.93334960938
1774.66188951817	1165.06665039063
1777.17811079515	1164.09997558594
1779.69356217815	1162.90002441406
1782.20824399425	1163.30004882813
1784.72215657043	1164.09997558594
1787.23530023361	1162.76672363281
1789.74767531057	1163.81665039063
1792.25928212804	1163.33337402344
1794.77012101264	1164.41662597656
1797.2801922909	1163.88330078125
1799.78949628926	1163.5
1802.29803333406	1163.33337402344
1804.80580375158	1162.61669921875
1807.31280786797	1165.19995117188
1809.81904600929	1162.98327636719
1812.32451850154	1164.23327636719
1814.82922567061	1163.28332519531
1817.33316784231	1162.84997558594
1819.83634534233	1165.11669921875
1822.33875849629	1164.75
1824.84040762973	1165.96667480469
1827.34129306808	1163.68334960938
1829.84141513667	1164.43334960938
1832.34077416077	1163.08337402344
1834.83937046553	1164.01672363281
1837.33720437602	1162.84997558594
1839.83427621723	1164.43334960938
1842.33058631404	1163.18334960938
1844.82613499125	1164.13330078125
1847.32092257355	1164.63330078125
1849.81494938558	1163.78332519531
1852.30821575184	1165.55004882813
1854.80072199677	1163.96667480469
1857.29246844473	1164.25
1859.78345541994	1163.81665039063
1862.27368324658	1162.23327636719
1864.76315224871	1163.65002441406
1867.2518627503	1163.61669921875
1869.73981507524	1164.18334960938
1872.22700954733	1164.09997558594
1874.71344649027	1162.88330078125
1877.19912622768	1164.18334960938
1879.68404908308	1164.16662597656
1882.16821537988	1164.23327636719
1884.65162544145	1163.93334960938
1887.13427959102	1162.84997558594
1889.61617815175	1163.44995117188
1892.0973214467	1162.91662597656
1894.57770979887	1162.96667480469
1897.05734353113	1164.25
1899.53622296628	1162.15002441406
1902.014348427	1163.80004882813
1904.49172023593	1164.28332519531
1906.96833871558	1163.31665039063
1909.44420418839	1162.23327636719
1911.91931697668	1163.94995117188
1914.39367740272	1163.65002441406
1916.86728578865	1162.23327636719
1919.34014245654	1164.36669921875
1921.81224772838	1163.05004882813
1924.28360192604	1163.36669921875
1926.75420537132	1162.65002441406
1929.22405838593	1163.93334960938
1931.69316129147	1161.78332519531
1934.16151440948	1163.53332519531
1936.62911806136	1163.38330078125
1939.09597256848	1162.93334960938
1941.56207825207	1163.38330078125
1944.0274354333	1163.90002441406
1946.49204443322	1162.48327636719
1948.95590557284	1161.25
1951.41901917301	1163.03332519531
1953.88138555454	1163.98327636719
1956.34300503813	1163.90002441406
1958.8038779444	1163.15002441406
1961.26400459387	1163.08337402344
1963.72338530697	1162.73327636719
1966.18202040403	1164.38330078125
1968.63991020531	1163.28332519531
1971.09705503097	1164.11669921875
1973.55345520107	1162.69995117188
1976.0091110356	1163.13330078125
1978.46402285444	1161.90002441406
1980.91819097737	1161.81665039063
1983.3716157241	1162.71667480469
1985.82429741427	1163.33337402344
1988.27623636736	1164.11669921875
1990.72743290284	1165.05004882813
1993.17788734002	1162.76672363281
1995.62759999817	1162.65002441406
1998.07657119644	1163.48327636719
2000.5248012539	1163.88330078125
2002.97229048952	1162.84997558594
2005.41903922219	1163.16662597656
2007.86504777071	1162.98327636719
2010.31031645378	1162.53332519531
2012.75484559	1164.48327636719
2015.19863549792	1162.41662597656
2017.64168649594	1163.75
2020.08399890242	1163.48327636719
2022.5255730356	1164.18334960938
2024.96640921365	1162.61669921875
2027.40650775462	1163.41662597656
2029.84586897649	1162.98327636719
2032.28449319715	1163.86669921875
2034.72238073438	1162.80004882813
2037.15953190591	1162.58337402344
2039.59594702932	1161.84997558594
2042.03162642215	1162.65002441406
2044.46657040182	1163.5
2046.90077928567	1163.08337402344
2049.33425339095	1163.28332519531
2051.76699303481	1163.15002441406
2054.19899853433	1163.30004882813
2056.63027020645	1162.63330078125
2059.06080836809	1162.36669921875
2061.49061333602	1163.56665039063
2063.91968542694	1163.06665039063
2066.34802495747	1162.78332519531
2068.77563224411	1161.96667480469
2071.20250760329	1163.76672363281
2073.62865135136	1162.65002441406
2076.05406380455	1164.13330078125
2078.47874527901	1162.43334960938
2080.9026960908	1162.33337402344
2083.3259165559	1162.73327636719
2085.74840699018	1161.65002441406
2088.17016770944	1163.69995117188
2090.59119902935	1162.40002441406
2093.01150126553	1162.34997558594
2095.43107473348	1163.09997558594
2097.84991974864	1162.83337402344
2100.26803662633	1162.63330078125
2102.68542568178	1162.93334960938
2105.10208723015	1162.21667480469
2107.51802158648	1162.88330078125
2109.93322906574	1163.88330078125
2112.3477099828	1162.31665039063
2114.76146465245	1163.21667480469
2117.17449338937	1163.08337402344
2119.58679650815	1163.68334960938
2121.9983743233	1162.41662597656
2124.40922714924	1163.88330078125
2126.81935530029	1163.65002441406
2129.22875909067	1162.81665039063
2131.63743883452	1162.48327636719
2134.04539484589	1162.96667480469
2136.45262743874	1164.30004882813
2138.85913692692	1163.69995117188
2141.26492362422	1161.55004882813
2143.6699878443	1162.34997558594
2146.07432990076	1161.73327636719
2148.47795010708	1162.31665039063
2150.88084877667	1163.73327636719
2153.28302622285	1162.06665039063
2155.68448275883	1162.86669921875
2158.08521869774	1163.23327636719
2160.48523435261	1163.69995117188
2162.88453003639	1162.48327636719
2165.28310606193	1162.09997558594
2167.68096274199	1163
2170.07810038922	1163.56665039063
2172.47451931622	1163.25
2174.87021983546	1163.28332519531
2177.26520225933	1161.71667480469
2179.65946690013	1161.91662597656
2182.05301407006	1162.91662597656
2184.44584408123	1162.90002441406
2186.83795724567	1163.46667480469
2189.22935387531	1162.56665039063
2191.62003428198	1163.98327636719
2194.00999877743	1163.18334960938
2196.39924767329	1162.40002441406
2198.78778128115	1161.28332519531
2201.17559991245	1162.38330078125
2203.56270387857	1162.68334960938
2205.94909349081	1163.21667480469
2208.33476906033	1162.19995117188
2210.71973089824	1163.84997558594
2213.10397931554	1164.19995117188
2215.48751462314	1161.69995117188
2217.87033713186	1163.34997558594
2220.25244715242	1162.19995117188
2222.63384499546	1162.98327636719
2225.01453097151	1162.51672363281
2227.39450539101	1162.63330078125
2229.77376856434	1163.31665039063
2232.15232080173	1163.18334960938
2234.53016241336	1163.80004882813
2236.9072937093	1163.34997558594
2239.28371499954	1163.18334960938
2241.65942659396	1160.34997558594
2244.03442880236	1163.41662597656
2246.40872193443	1161.84997558594
2248.78230629979	1162.34997558594
2251.15518220795	1163.63330078125
2253.52734996835	1163.06665039063
2255.89880989029	1162.15002441406
2258.26956228301	1164.16662597656
2260.63960745567	1162.03332519531
2263.00894571731	1160.55004882813
2265.37757737688	1162.53332519531
2267.74550274324	1163.31665039063
2270.11272212517	1162.73327636719
2272.47923583134	1163.28332519531
2274.84504417031	1162.36669921875
2277.2101474506	1161.98327636719
2279.57454598058	1161.28332519531
2281.93824006856	1162.30004882813
2284.30123002275	1163.90002441406
2286.66351615125	1162.75
2289.02509876208	1162.11669921875
2291.38597816317	1162.31665039063
2293.74615466236	1161.56665039063
2296.10562856737	1162.46667480469
2298.46440018585	1162.61669921875
2300.82246982535	1160.93334960938
2303.1798377933	1161.66662597656
2305.5365043971	1161.26672363281
2307.89246994399	1161.81665039063
2310.24773474116	1162
2312.60229909566	1161.59997558594
2314.95616331451	1161.84997558594
2317.30932770456	1161.31665039063
2319.66179257263	1161.98327636719
2322.01355822542	1161.91662597656
2324.36462496953	1162.18334960938
2326.71499311146	1160.48327636719
2329.06466295764	1162.84997558594
2331.41363481439	1163.66662597656
2333.76190898794	1160.83337402344
2336.10948578441	1161.83337402344
2338.45636550986	1161.40002441406
2340.80254847022	1161.5
2343.14803497132	1160.96667480469
2345.49282531895	1164.13330078125
2347.83691981874	1161.31665039063
2350.18031877626	1162.86669921875
2352.52302249699	1161.36669921875
2354.8650312863	1162.81665039063
2357.20634544946	1162.38330078125
2359.54696529166	1163.65002441406
2361.88689111798	1163.26672363281
2364.22612323341	1162.44995117188
2366.56466194287	1163.19995117188
2368.90250755114	1163.84997558594
2371.23966036293	1160.96667480469
2373.57612068286	1161.96667480469
2375.91188881545	1162.26672363281
2378.2469650651	1161.93334960938
2380.58134973615	1161.46667480469
2382.91504313282	1161.80004882813
2385.24804555926	1161.43334960938
2387.58035731949	1163.06665039063
2389.91197871745	1161.76672363281
2392.24291005701	1162.05004882813
2394.57315164189	1161.98327636719
2396.90270377577	1163.05004882813
2399.23156676218	1162.91662597656
2401.55974090461	1162.40002441406
2403.88722650642	1161.98327636719
2406.21402387086	1161.30004882813
2408.54013330113	1161.18334960938
2410.8655551003	1163.11669921875
2413.19028957133	1162.36669921875
2415.51433701713	1162.69995117188
2417.83769774049	1163.34997558594
2420.16037204408	1163.15002441406
2422.48236023051	1162.93334960938
2424.80366260228	1163.28332519531
2427.12427946179	1162.71667480469
2429.44421111134	1163.19995117188
2431.76345785315	1163.93334960938
2434.08201998932	1163.63330078125
2436.39989782188	1164.59997558594
2438.71709165273	1164.93334960938
2441.0336017837	1164.91662597656
2443.34942851653	1164.11669921875
2445.66457215282	1164.08337402344
2447.97903299412	1163.78332519531
2450.29281134185	1166.25
2452.60590749736	1164.65002441406
2454.91832176188	1164.94995117188
2457.23005443656	1164.5
2459.54110582243	1163.59997558594
2461.85147622045	1164.48327636719
2464.16116593146	1165.76672363281
2466.47017525621	1164.76672363281
2468.77850449536	1163.86669921875
2471.08615394947	1164.65002441406
2473.39312391899	1164.59997558594
2475.69941470429	1165.25
2478.00502660562	1163.71667480469
2480.30995992316	1165.25
2482.61421495697	1161.80004882813
2484.91779200702	1162.15002441406
2487.22069137316	1162.15002441406
2489.5229133552	1163.90002441406
2491.8244582528	1163.30004882813
2494.12532636553	1164.21667480469
2496.42551799287	1165.11669921875
2498.72503343421	1163.23327636719
2501.02387298882	1163.30004882813
2503.32203695588	1162.81665039063
2505.61952563449	1163.94995117188
2507.91633932361	1163.16662597656
2510.21247832216	1162.71667480469
2512.50794292891	1161.21667480469
2514.80273344255	1162.59997558594
2517.09685016167	1162.28332519531
2519.39029338476	1162.36669921875
2521.68306341022	1161.43334960938
2523.97516053634	1163.51672363281
2526.26658506132	1162.11669921875
2528.55733728325	1163.11669921875
2530.84741750012	1162.03332519531
2533.13682600984	1162.16662597656
2535.4255631102	1163.16662597656
2537.7136290989	1162.59997558594
2540.00102427354	1163.28332519531
2542.28774893162	1162.81665039063
2544.57380337053	1162.34997558594
2546.85918788758	1162.01672363281
2549.14390277997	1162.91662597656
2551.4279483448	1161.81665039063
2553.71132487906	1162.69995117188
2555.99403267966	1161
2558.27607204341	1164.28332519531
2560.55744326699	1162.13330078125
2562.83814664702	1163.43334960938
2565.11818247999	1162.76672363281
2567.3975510623	1162.61669921875
2569.67625269025	1162.86669921875
2571.95428766003	1162.81665039063
2574.23165626776	1162.68334960938
2576.50835880942	1164.15002441406
2578.78439558093	1161.69995117188
2581.05976687806	1164.03332519531
2583.33447299652	1163.96667480469
2585.60851423191	1162.91662597656
2587.88189087972	1162.78332519531
2590.15460323534	1163.06665039063
2592.42665159406	1165.06665039063
2594.69803625108	1164.19995117188
2596.9687575015	1162.33337402344
2599.23881564029	1163.03332519531
2601.50821096235	1164.08337402344
2603.77694376245	1165.63330078125
2606.0450143353	1164.16662597656
2608.31242297548	1165.51672363281
2610.57916997746	1165.18334960938
2612.84525563562	1164.03332519531
2615.11068024426	1166
2617.37544409753	1166.21667480469
2619.63954748952	1166.30004882813
2621.90299071421	1165.61669921875
2624.16577406546	1166.81665039063
2626.42789783705	1167.55004882813
2628.68936232264	1169.36669921875
2630.9501678158	1170.23327636719
2633.21031460999	1171.80004882813
2635.46980299857	1173.59997558594
2637.72863327481	1173.96667480469
2639.98680573185	1175.05004882813
2642.24432066276	1178.61669921875
2644.50117836048	1182.26672363281
2646.75737911786	1183.08337402344
2649.01292322765	1187.19995117188
2651.26781098249	1191.38330078125
2653.52204267492	1192.41662597656
2655.77561859738	1197.65002441406
2658.0285390422	1204.33337402344
2660.28080430161	1208.96667480469
2662.53241466774	1209.13330078125
2664.78337043263	1213.09997558594
2667.03367188817	1218.98327636719
2669.2833193262	1222.83337402344
2671.53231303844	1226.09997558594
2673.78065331648	1230.43334960938
2676.02834045184	1226.88330078125
2678.27537473592	1225.16662597656
2680.52175646002	1221.76672363281
2682.76748591535	1223.44995117188
2685.01256339298	1219.46667480469
2687.25698918391	1214.28332519531
2689.50076357901	1209.93334960938
2691.74388686909	1205.33337402344
2693.9863593448	1203.06665039063
2696.22818129672	1199.28332519531
2698.46935301532	1195.08337402344
2700.70987479096	1192.26672363281
2702.94974691389	1188.11669921875
2705.18896967428	1184.55004882813
2707.42754336216	1180.56665039063
2709.66546826749	1178.59997558594
2711.90274468011	1176.63330078125
2714.13937288974	1176.38330078125
2716.37535318602	1173.93334960938
2718.61068585848	1173.48327636719
2720.84537119652	1171.46667480469
2723.07940948947	1170.53332519531
2725.31280102654	1168.36669921875
2727.54554609682	1169.93334960938
2729.77764498933	1167.91662597656
2732.00909799294	1166.55004882813
2734.23990539644	1166.15002441406
2736.47006748853	1165.46667480469
2738.69958455777	1167.25
2740.92845689263	1165.80004882813
2743.15668478147	1163.30004882813
2745.38426851257	1164.61669921875
2747.61120837406	1163.93334960938
2749.83750465399	1166.33337402344
2752.0631576403	1164.11669921875
2754.28816762083	1163.31665039063
2756.51253488329	1163.5
2758.73625971532	1163.90002441406
2760.95934240442	1162.34997558594
2763.18178323801	1163.90002441406
2765.40358250338	1162.19995117188
2767.62474048773	1162.86669921875
2769.84525747814	1162.01672363281
2772.06513376159	1164.34997558594
2774.28436962496	1162.80004882813
2776.50296535501	1163.51672363281
2778.7209212384	1161.53332519531
2780.93823756168	1162.78332519531
2783.15491461129	1163.69995117188
2785.37095267358	1162.66662597656
2787.58635203477	1161.46667480469
2789.80111298097	1162
2792.01523579822	1162.68334960938
2794.2287207724	1161.30004882813
2796.44156818932	1162.5
2798.65377833468	1161.73327636719
2800.86535149404	1163.08337402344
2803.07628795289	1163.26672363281
2805.28658799659	1161.91662597656
2807.4962519104	1161.36669921875
2809.70527997946	1162.63330078125
2811.91367248883	1161.40002441406
2814.12142972342	1161.34997558594
2816.32855196807	1162.13330078125
2818.53503950749	1162.43334960938
2820.74089262628	1162.38330078125
2822.94611160894	1161.15002441406
2825.15069673987	1160.5
2827.35464830333	1162.03332519531
2829.55796658351	1160.68334960938
2831.76065186445	1160.76672363281
2833.96270443012	1162.43334960938
2836.16412456437	1161.44995117188
2838.3649125509	1162.16662597656
2840.56506867336	1162.66662597656
2842.76459321526	1162.36669921875
2844.96348645999	1161.31665039063
2847.16174869086	1162.11669921875
2849.35938019105	1161.61669921875
2851.55638124363	1162.23327636719
2853.75275213157	1162.09997558594
2855.94849313772	1163.68334960938
2858.14360454483	1163.81665039063
2860.33808663553	1163.69995117188
2862.53193969234	1164.15002441406
2864.72516399768	1164.40002441406
2866.91775983385	1165.76672363281
2869.10972748304	1163.56665039063
2871.30106722733	1166.08337402344
2873.4917793487	1167.90002441406
2875.68186412899	1166.91662597656
2877.87132184997	1167.19995117188
2880.06015279325	1168.59997558594
2882.24835724039	1166.68334960938
2884.43593547278	1168.5
2886.62288777173	1169.43334960938
2888.80921441843	1168.46667480469
2890.99491569397	1170.21667480469
2893.1799918793	1168.71667480469
2895.36444325529	1170.76672363281
2897.54827010269	1170.80004882813
2899.73147270213	1173.91662597656
2901.91405133412	1173.11669921875
2904.09600627909	1173.11669921875
2906.27733781731	1172.46667480469
2908.45804622899	1173.69995117188
2910.63813179418	1173.76672363281
2912.81759479286	1174.75
2914.99643550486	1173.78332519531
2917.17465420994	1177.71667480469
2919.3522511877	1175.84997558594
2921.52922671765	1177.73327636719
2923.7055810792	1176.58337402344
2925.88131455162	1177.81665039063
2928.05642741408	1179.03332519531
2930.23091994566	1179.41662597656
2932.40479242528	1181.26672363281
2934.57804513178	1179.73327636719
2936.75067834387	1179.81665039063
2938.92269234017	1180.34997558594
2941.09408739916	1179.25
2943.26486379921	1180.19995117188
2945.4350218186	1179.15002441406
2947.60456173546	1178.84997558594
2949.77348382783	1178.09997558594
2951.94178837363	1178.78332519531
2954.10947565068	1181.05004882813
2956.27654593666	1182.30004882813
2958.44299950915	1181.96667480469
2960.60883664562	1182.88330078125
2962.77405762341	1182.15002441406
2964.93866271975	1180.94995117188
2967.10265221178	1180.05004882813
2969.26602637648	1178.81665039063
2971.42878549076	1180.80004882813
2973.59092983139	1178.90002441406
2975.75245967501	1178.05004882813
2977.9133752982	1177.51672363281
2980.07367697736	1176.41662597656
2982.23336498882	1174.80004882813
2984.39243960877	1175.40002441406
2986.5509011133	1175.75
2988.70874977837	1176
2990.86598587984	1174.76672363281
2993.02260969344	1174.83337402344
2995.17862149478	1173.46667480469
2997.33402155938	1170.88330078125
2999.48881016262	1171.5
3001.64298757978	1171.38330078125
3003.796554086	1170.63330078125
3005.94950995633	1169.88330078125
3008.10185546569	1168.73327636719
3010.25359088888	1168.25
3012.40471650059	1168.11669921875
3014.5552325754	1166.63330078125
3016.70513938776	1166.61669921875
3018.85443721201	1167.28332519531
3021.00312632236	1167.51672363281
3023.15120699292	1166.44995117188
3025.29867949769	1165.94995117188
3027.44554411052	1167.19995117188
3029.59180110516	1168.93334960938
3031.73745075527	1171.13330078125
3033.88249333434	1172.21667480469
3036.02692911578	1173.06665039063
3038.17075837287	1175.09997558594
3040.31398137877	1172.71667480469
3042.45659840653	1174.33337402344
3044.59860972907	1171.48327636719
3046.7400156192	1171.05004882813
3048.88081634961	1169.53332519531
3051.02101219287	1167.15002441406
3053.16060342144	1168.44995117188
3055.29959030765	1167.71667480469
3057.43797312371	1169.06665039063
3059.57575214172	1167.53332519531
3061.71292763366	1169.48327636719
3063.84949987139	1168.81665039063
3065.98546912665	1171.91662597656
3068.12083567105	1170.11669921875
3070.2555997761	1170.19995117188
3072.38976171319	1169.36669921875
3074.52332175356	1169.94995117188
3076.65628016837	1169.21667480469
3078.78863722863	1167.13330078125
3080.92039320526	1167.43334960938
3083.05154836902	1165
3085.1821029906	1163.69995117188
3087.31205734051	1164.31665039063
3089.44141168921	1161.93334960938
3091.57016630696	1162.44995117188
3093.69832146398	1163
3095.82587743032	1162.83337402344
3097.9528344759	1162.81665039063
3100.07919287056	1163.46667480469
3102.204952884	1165.73327636719
3104.33011478579	1165.69995117188
3106.45467884538	1165.34997558594
3108.57864533212	1165.30004882813
3110.70201451522	1162.93334960938
3112.82478666378	1162.76672363281
3114.94696204676	1162.03332519531
3117.06854093301	1160.90002441406
3119.18952359127	1161.08337402344
3121.30991029013	1160.58337402344
3123.4297012981	1161.33337402344
3125.54889688352	1159.76672363281
3127.66749731464	1160.78332519531
3129.78550285957	1160.66662597656
3131.90291378633	1159.90002441406
3134.01973036277	1158.56665039063
3136.13595285665	1159.44995117188
3138.2515815356	1159.26672363281
3140.36661666714	1159.98327636719
3142.48105851863	1158.83337402344
3144.59490735734	1159
3146.70816345041	1158.96667480469
3148.82082706486	1159.66662597656
3150.93289846758	1157.91662597656
3153.04437792532	1159.41662597656
3155.15526570475	1159.28332519531
3157.26556207238	1158.71667480469
3159.37526729461	1158.25
3161.48438163771	1158.25
3163.59290536784	1160.75
3165.70083875102	1160.59997558594
3167.80818205315	1159
3169.91493554002	1158.51672363281
3172.02109947727	1158.08337402344
3174.12667413044	1158.83337402344
3176.23165976493	1158.36669921875
3178.33605664602	1157.88330078125
3180.43986503887	1159.68334960938
3182.54308520852	1158.11669921875
3184.64571741986	1159.61669921875
3186.74776193769	1158.80004882813
3188.84921902664	1158.46667480469
3190.95008895128	1158.81665039063
3193.05037197599	1158.73327636719
3195.15006836504	1159.59997558594
3197.24917838262	1159.28332519531
3199.34770229274	1157.78332519531
3201.44564035931	1158.59997558594
3203.5429928461	1157.31665039063
3205.63976001677	1158.75
3207.73594213484	1159.58337402344
3209.83153946372	1158.38330078125
3211.92655226669	1159.59997558594
3214.02098080688	1159.55004882813
3216.11482534732	1158.5
3218.20808615091	1159.26672363281
3220.30076348041	1160.96667480469
3222.39285759847	1158.80004882813
3224.4843687676	1160.48327636719
3226.57529725019	1160.36669921875
3228.66564330851	1159.63330078125
3230.75540720468	1160.65002441406
3232.8445892007	1159.76672363281
3234.93318955847	1159.44995117188
3237.02120853974	1160.61669921875
3239.10864640612	1160.65002441406
3241.19550341911	1161.15002441406
3243.28177984009	1161.63330078125
3245.36747593029	1160.71667480469
3247.45259195083	1161.09997558594
3249.53712816268	1161.61669921875
3251.62108482672	1159.66662597656
3253.70446220366	1160.21667480469
3255.78726055411	1159.48327636719
3257.86948013853	1159.15002441406
3259.95112121728	1159.36669921875
3262.03218405055	1158.94995117188
3264.11266889845	1158.53332519531
3266.19257602092	1157.16662597656
3268.27190567779	1159.25
3270.35065812876	1157.48327636719
3272.4288336334	1158.21667480469
3274.50643245114	1159.25
3276.5834548413	1157.34997558594
3278.65990106305	1157.08337402344
3280.73577137545	1157.69995117188
3282.81106603742	1157.19995117188
3284.88578530774	1158.03332519531
3286.95992944508	1156.83337402344
3289.03349870796	1156.36669921875
3291.1064933548	1156.28332519531
3293.17891364384	1157.51672363281
3295.25075983324	1157.69995117188
3297.322032181	1156.91662597656
3299.39273094501	1155.80004882813
3301.462856383	1155.84997558594
3303.53240875259	1157.75
3305.60138831128	1156.78332519531
3307.6697953164	1155.84997558594
3309.73763002519	1156.93334960938
3311.80489269472	1156.01672363281
3313.87158358198	1156.68334960938
3315.93770294378	1157.21667480469
3318.00325103681	1156.94995117188
3320.06822811764	1157.66662597656
3322.13263444272	1157.61669921875
3324.19647026832	1156.80004882813
3326.25973585064	1156.44995117188
3328.32243144568	1157.63330078125
3330.38455730938	1156.26672363281
3332.44611369749	1156.19995117188
3334.50710086564	1156.78332519531
3336.56751906936	1158.21667480469
3338.62736856401	1157.41662597656
3340.68664960483	1157.59997558594
3342.74536244693	1157.73327636719
3344.80350734528	1156.71667480469
3346.86108455472	1155.76672363281
3348.91809432997	1158.05004882813
3350.97453692559	1155.91662597656
3353.03041259603	1157.33337402344
3355.08572159559	1157.15002441406
3357.14046417844	1156.96667480469
3359.19464059863	1157.01672363281
3361.24825111005	1156.73327636719
3363.30129596648	1156.98327636719
3365.35377542155	1156.44995117188
3367.40568972878	1156.48327636719
3369.45703914152	1156.33337402344
3371.507823913	1156.76672363281
3373.55804429633	1156.25
3375.60770054446	1156.91662597656
3377.65679291024	1155.59997558594
3379.70532164635	1156.28332519531
3381.75328700534	1156.63330078125
3383.80068923965	1155.90002441406
3385.84752860155	1156.5
3387.89380534321	1156.98327636719
3389.93951971664	1156.93334960938
3391.98467197371	1157.06665039063
3394.02926236618	1156.76672363281
3396.07329114566	1156.61669921875
3398.1167585636	1155.41662597656
3400.15966487137	1155.71667480469
3402.20201032014	1156.16662597656
3404.24379516099	1157.01672363281
3406.28501964484	1156.43334960938
3408.3256840225	1155.84997558594
3410.3657885446	1156.90002441406
3412.40533346167	1156.23327636719
3414.44431902408	1156.08337402344
3416.48274548209	1157.11669921875
3418.5206130858	1156.31665039063
3420.55792208516	1155.15002441406
3422.59467273003	1156.16662597656
3424.63086527009	1155.59997558594
3426.6664999549	1156.48327636719
3428.70157703386	1156.48327636719
3430.73609675628	1155.36669921875
3432.77005937129	1156.40002441406
3434.80346512789	1156.36669921875
3436.83631427494	1156.38330078125
3438.86860706119	1157.59997558594
3440.90034373521	1155.51672363281
3442.93152454546	1156.53332519531
3444.96214974025	1155.08337402344
3446.99221956775	1156.03332519531
3449.021734276	1156.78332519531
3451.05069411289	1156.28332519531
3453.07909932619	1155.65002441406
3455.1069501635	1155.96667480469
3457.1342468723	1156.11669921875
3459.16098969993	1155.40002441406
3461.1871788936	1156
3463.21281470035	1155.91662597656
3465.23789736712	1156.48327636719
3467.26242714067	1155.09997558594
3469.28640426765	1156.55004882813
3471.30982899455	1156.06665039063
3473.33270156774	1156
3475.35502223343	1155.93334960938
3477.3767912377	1156.63330078125
3479.39800882649	1156.63330078125
3481.41867524559	1155.48327636719
3483.43879074066	1154.56665039063
3485.45835555721	1155.28332519531
3487.47736994062	1154.84997558594
3489.49583413611	1156.30004882813
3491.51374838879	1156.05004882813
3493.53111294359	1155.18334960938
3495.54792804533	1156.18334960938
3497.56419393867	1155.30004882813
3499.57991086814	1156.63330078125
3501.59507907811	1155.46667480469
3503.60969881284	1156.11669921875
3505.6237703164	1156.76672363281
3507.63729383278	1155.34997558594
3509.65026960577	1154.56665039063
3511.66269787904	1156.83337402344
3513.67457889613	1154.78332519531
3515.68591290042	1155.56665039063
3517.69670013515	1155.73327636719
3519.70694084342	1155.11669921875
3521.7166352682	1155.93334960938
3523.72578365229	1155.38330078125
3525.73438623836	1156.03332519531
3527.74244326893	1154.16662597656
3529.74995498641	1155.88330078125
3531.75692163301	1155.66662597656
3533.76334345084	1155.71667480469
3535.76922068186	1154.13330078125
3537.77455356786	1154.44995117188
3539.77934235051	1154.53332519531
3541.78358727133	1154.43334960938
3543.78728857169	1155
3545.79044649283	1154.53332519531
3547.79306127584	1155.5
3549.79513316164	1154.71667480469
3551.79666239104	1155.30004882813
3553.79764920469	1154.98327636719
3555.7980938431	1154.91662597656
3557.79799654663	1154.43334960938
3559.79735755548	1154.91662597656
3561.79617710974	1153.78332519531
3563.79445544932	1154.86669921875
3565.79219281401	1154.94995117188
3567.78938944344	1155.61669921875
3569.7860455771	1154.96667480469
3571.78216145432	1154.93334960938
3573.77773731431	1154.94995117188
3575.7727733961	1155.48327636719
3577.76726993861	1155
3579.76122718059	1153.69995117188
3581.75464536064	1155.23327636719
3583.74752471725	1154.73327636719
3585.7398654887	1154.96667480469
3587.73166791317	1155.21667480469
3589.7229322287	1154
3591.71365867314	1155.33337402344
3593.70384748424	1154.16662597656
3595.69349889955	1155.28332519531
3597.68261315654	1153.55004882813
3599.67119049245	1154.30004882813
3601.65923114446	1153.66662597656
3603.64673534952	1154.53332519531
3605.63370334449	1153.73327636719
3607.62013536607	1155.08337402344
3609.60603165079	1155.81665039063
3611.59139243504	1154.5
3613.57621795509	1153.75
3615.56050844701	1154.40002441406
3617.54426414677	1153.63330078125
3619.52748529017	1153.63330078125
3621.51017211285	1154.44995117188
3623.49232485031	1154.48327636719
3625.47394373792	1155.25
3627.45502901088	1154.19995117188
3629.43558090423	1153.98327636719
3631.41559965288	1153.28332519531
3633.3950854916	1155.21667480469
3635.37403865498	1154.44995117188
3637.35245937747	1153.43334960938
3639.33034789339	1154.41662597656
3641.30770443688	1153.48327636719
3643.28452924196	1154.38330078125
3645.26082254248	1155.93334960938
3647.23658457212	1154.28332519531
3649.21181556447	1154.03332519531
3651.18651575291	1154.15002441406
3653.16068537069	1153.84997558594
3655.13432465092	1152.90002441406
3657.10743382653	1153.61669921875
3659.08001313034	1153
3661.05206279498	1153.34997558594
3663.02358305295	1154.25
3664.9945741366	1154.41662597656
3666.96503627811	1154.51672363281
3668.93496970952	1154.16662597656
3670.90437466272	1154.83337402344
3672.87325136944	1154.30004882813
3674.84160006127	1154.44995117188
3676.80942096963	1153.71667480469
3678.77671432581	1153.83337402344
3680.74348036092	1153.93334960938
3682.70971930595	1154.58337402344
3684.6754313917	1153.16662597656
3686.64061684885	1152.53332519531
3688.60527590791	1153.69995117188
3690.56940879924	1154.65002441406
3692.53301575303	1154.28332519531
3694.49609699936	1153.15002441406
3696.45865276812	1153.11669921875
3698.42068328904	1152.83337402344
3700.38218879173	1153.19995117188
3702.34316950563	1153.75
3704.30362566	1154.25
3706.26355748399	1154.34997558594
3708.22296520657	1153.98327636719
3710.18184905656	1154.75
3712.14020926263	1153.56665039063
3714.09804605328	1153.86669921875
3716.05535965687	1153.94995117188
3718.01215030162	1153.15002441406
3719.96841821555	1153.25
3721.92416362657	1151.51672363281
3723.8793867624	1153.28332519531
3725.83408785063	1152.31665039063
3727.78826711869	1153.91662597656
3729.74192479384	1153.93334960938
3731.69506110319	1153.15002441406
3733.64767627371	1153.16662597656
3735.59977053219	1153.01672363281
3737.55134410528	1153.16662597656
3739.50239721947	1153.63330078125
3741.45293010108	1152.28332519531
3743.40294297631	1153.71667480469
3745.35243607116	1152.23327636719
3747.3014096115	1152.69995117188
3749.24986382303	1152.58337402344
3751.19779893131	1152.46667480469
3753.14521516171	1152.76672363281
3755.09211273949	1153.84997558594
3757.0384918897	1152.98327636719
3758.98435283728	1152.01672363281
3760.92969580698	1153.08337402344
3762.87452102341	1152.88330078125
3764.81882871101	1152.63330078125
3766.76261909407	1152.63330078125
3768.70589239672	1151.93334960938
3770.64864884293	1152.56665039063
3772.59088865651	1151.88330078125
3774.53261206112	1152.48327636719
3776.47381928025	1153.01672363281
