-173.428722450078	1148.68334960938
-170.294344013779	1148.05004882813
-167.160990304052	1149.33337402344
-164.028660894548	1149.31665039063
-160.897355359205	1148.28332519531
-157.767073272189	1149.11669921875
-154.637814207931	1148.91662597656
-151.50957774112	1149.94995117188
-148.382363446704	1148.25
-145.256170899859	1148.86669921875
-142.130999676054	1148.96667480469
-139.006849350965	1148.69995117188
-135.883719500571	1148.69995117188
-132.761609701053	1148.90002441406
-129.640519528863	1148.78332519531
-126.520448560715	1148.88330078125
-123.401396373553	1149.05004882813
-120.28336254458	1149.40002441406
-117.166346651252	1148.66662597656
-114.050348271258	1148.31665039063
-110.935366982541	1148.51672363281
-107.821402363301	1148.81665039063
-104.708453991972	1148.61669921875
-101.596521447235	1149.11669921875
-98.4856043080122	1149.68334960938
-95.3757021534957	1148.84997558594
-92.2668145630801	1147.98327636719
-89.1589411164452	1148.88330078125
-86.0520813934781	1148.59997558594
-82.946234974338	1149.51672363281
-79.8414014394074	1148.48327636719
-76.7375803693083	1149.21667480469
-73.6347713449181	1150.05004882813
-70.532973947345	1148.86669921875
-67.4321877579402	1149.36669921875
-64.3324123582935	1149.23327636719
-61.2336473302252	1149.06665039063
-58.1358922558143	1149.05004882813
-55.0391467173494	1148.44995117188
-51.9434102973817	1148.28332519531
-48.8486825786838	1149.86669921875
-45.7549631442702	1149.46667480469
-42.662251577389	1149.51672363281
-39.5705474615295	1149.80004882813
-36.4798503804062	1149.13330078125
-33.3901599179706	1149.26672363281
-30.301475658403	1148.73327636719
-27.2137971861287	1148.75
-24.1271240858053	1150.05004882813
-21.0414559423028	1150.81665039063
-17.9567923407513	1148.65002441406
-14.8731328664812	1147.90002441406
-11.7904771050747	1148.09997558594
-8.70882464233763	1150.06665039063
-5.62817506431157	1148.69995117188
-2.54852795725342	1149.46667480469
0.530117092344597	1151.09997558594
3.6077604977471	1150.76672363281
6.68440267202787	1148.68334960938
9.76004402799773	1149.23327636719
12.8346849782609	1147.91662597656
15.9083259351831	1149.56665039063
18.9809673109237	1149.41662597656
22.0526095173877	1150.13330078125
25.1232529662903	1148.68334960938
28.1928980690886	1149.31665039063
31.2615452370419	1148.48327636719
34.32919488118	1148.94995117188
37.3958474123071	1149.16662597656
40.4615032409942	1149.55004882813
43.5261627776189	1149.55004882813
46.58982643231	1149.43334960938
49.6524946149833	1149.76672363281
52.7141677353456	1149.98327636719
55.7748462028835	1149.61669921875
58.8345304268427	1149.33337402344
61.8932208162729	1149.34997558594
64.9509177800033	1149.84997558594
68.0076217266271	1149.86669921875
71.0633330645419	1149.76672363281
74.118052201909	1152.78332519531
77.1717795467022	1169.08337402344
80.224515506648	1221.05004882813
83.2762604892772	1330.93334960938
86.3270149018856	1460.38330078125
89.3767791515896	1539.61669921875
92.4255536452548	1586.96667480469
95.4733387895519	1604.86669921875
98.5201349909248	1632.15002441406
101.565942655643	1643.03332519531
104.610762189717	1646.19995117188
107.654593998963	1660.56665039063
110.697438488996	1668.09997558594
113.739296065204	1673.75
116.78016713278	1683.23327636719
119.820052096698	1678.91662597656
122.85895136172	1680.31665039063
125.896865332408	1681.66662597656
128.933794413111	1685.09997558594
131.969739007965	1683.75
135.004699520911	1679.98327636719
138.038676355664	1678.71667480469
141.071669915751	1679.61669921875
144.103680604487	1685.30004882813
147.134708824975	1679.46667480469
150.164754980118	1678.08337402344
153.193819472611	1680.38330078125
156.221902704945	1686.86669921875
159.24900507942	1688.93334960938
162.275126998099	1691.31665039063
165.300268862873	1691.41662597656
168.324431075425	1695.48327636719
171.347614037231	1703.76672363281
174.369818149562	1708.94995117188
177.391043813491	1710.08337402344
180.411291429897	1716.40002441406
183.430561399437	1714.65002441406
186.448854122582	1717.59997558594
189.466169999607	1715.36669921875
192.482509430598	1729.43334960938
195.497872815412	1716.21667480469
198.512260553716	1728.58337402344
201.525673045011	1730.11669921875
204.538110688552	1732.51672363281
207.549573883427	1728.34997558594
210.560063028519	1729.73327636719
213.569578522523	1738.16662597656
216.578120763917	1739.76672363281
219.585690151021	1733.05004882813
222.592287081907	1732.71667480469
225.597911954507	1733.88330078125
228.602565166512	1738.25
231.606247115456	1742.09997558594
234.608958198646	1748.06665039063
237.610698813222	1744.58337402344
240.611469356122	1752.21667480469
243.611270224103	1751.31665039063
246.610101813707	1751.5
249.607964521295	1761.66662597656
252.604858743044	1752.91662597656
255.600784874935	1769
258.595743312749	1765.75
261.589734452097	1771.44995117188
264.582758688393	1777.31665039063
267.574816416842	1776.94995117188
270.565908032503	1783.46667480469
273.556033930195	1775.21667480469
276.545194504586	1779.03332519531
279.533390150138	1777.80004882813
282.520621261151	1779.81665039063
285.506888231708	1776.69995117188
288.49219145571	1777.33337402344
291.476531326902	1786
294.459908238794	1788.13330078125
297.442322584762	1793.03332519531
300.423774757966	1790.43334960938
303.404265151375	1795.80004882813
306.383794157805	1793.90002441406
309.362362169862	1797
312.339969579982	1808.15002441406
315.316616780414	1805.33337402344
318.292304163227	1806.30004882813
321.267032120295	1797.05004882813
324.24080104332	1795.28332519531
327.213611323833	1799.58337402344
330.185463353171	1801.56665039063
333.156357522491	1798.84997558594
336.126294222774	1808.83337402344
339.095273844812	1813.16662597656
342.063296779227	1808.96667480469
345.030363416467	1809.58337402344
347.996474146782	1809.08337402344
350.961629360257	1817.96667480469
353.925829446806	1816.36669921875
356.889074796147	1819.51672363281
359.851365797829	1821.66662597656
362.812702841222	1825.18334960938
365.773086315536	1827.26672363281
368.732516609768	1830.91662597656
371.690994112778	1825.98327636719
374.648519213243	1832.38330078125
377.605092299631	1829.75
380.560713760273	1835.41662597656
383.515383983307	1827.09997558594
386.469103356711	1833.34997558594
389.421872268273	1828.86669921875
392.373691105615	1832.30004882813
395.32456025619	1836.44995117188
398.274480107272	1828.23327636719
401.223451045967	1834.83337402344
404.171473459202	1826.73327636719
407.118547733728	1839.56665039063
410.064674256155	1837.18334960938
413.009853412892	1850
415.954085590181	1847.28332519531
418.8973711741	1845.91662597656
421.83971055055	1854.84997558594
424.781104105281	1848.66662597656
427.721552223856	1855.5
430.661055291665	1853.56665039063
433.599613693946	1865
436.537227815752	1857.86669921875
439.473898041993	1862.44995117188
442.409624757378	1856.73327636719
445.344408346476	1868.76672363281
448.278249193683	1866.90002441406
451.211147683207	1870.94995117188
454.143104199122	1868.36669921875
457.074119125312	1874.65002441406
460.004192845497	1872.41662597656
462.933325743267	1868.19995117188
465.861518202001	1867.55004882813
468.788770604917	1876.18334960938
471.71508333511	1878.40002441406
474.640456775471	1879.98327636719
477.564891308737	1884.98327636719
480.488387317487	1883.84997558594
483.410945184141	1880.75
486.332565290942	1886.78332519531
489.253248019986	1883.83337402344
492.172993753197	1892.05004882813
495.091802872338	1897.76672363281
498.009675759011	1905.65002441406
500.926612794666	1894.86669921875
503.842614360571	1910.19995117188
506.757680837864	1924.36669921875
509.671812607493	1951.06665039063
512.585010050263	2041.86669921875
515.497273546817	2322.08325195313
518.408603477637	2799.55004882813
521.319000223045	2843.03344726563
524.228464163205	2460.21655273438
527.136995678121	2170.69995117188
530.044595147647	2039.94995117188
532.951262951471	1985.81665039063
535.856999469123	1957.05004882813
538.761805079986	1938.86669921875
541.665680163279	1926.59997558594
544.568625098049	1922.91662597656
547.470640263216	1920.84997558594
550.371726037533	1926.09997558594
553.271882799588	1921.73327636719
556.171110927825	1918.80004882813
559.069410800531	1925.21667480469
561.966782795823	1927.30004882813
564.863227291685	1927.88330078125
567.758744665944	1925.59997558594
570.653335296256	1927.73327636719
573.546999560148	1925.19995117188
576.439737834969	1933.69995117188
579.331550497935	1934.58337402344
582.222437926093	1940.43334960938
585.112400496356	1940.53332519531
588.001438585469	1934.15002441406
590.889552570021	1940.18334960938
593.77674282648	1944.48327636719
596.663009731132	1941.73327636719
599.548353660116	1942.46667480469
602.432774989433	1945.23327636719
605.316274094926	1946.93334960938
608.198851352303	1946.88330078125
611.080507137075	1942.31665039063
613.961241824667	1945.33337402344
616.841055790315	1946.55004882813
619.71994940911	1950.18334960938
622.597923056008	1945.93334960938
625.474977105798	1944.86669921875
628.351111933143	1953.63330078125
631.22632791255	1955.16662597656
634.10062541835	1954.73327636719
636.97400482478	1957.98327636719
639.846466505882	1960.94995117188
642.718010835585	1964.5
645.58863818764	1966.96667480469
648.458348935679	1966.84997558594
651.327143453188	1970.94995117188
654.195022113475	1976.94995117188
657.061985289745	1980.68334960938
659.928033355022	1982.40002441406
662.79316668221	1987.59997558594
665.657385644057	1981.80004882813
668.520690613176	1989.90002441406
671.383081962017	1985.63330078125
674.244560062899	1987.93334960938
677.105125288002	1992.23327636719
679.964778009343	1996.13330078125
682.823518598832	1988.16662597656
685.681347428202	1990.03332519531
688.538264869057	1986.06665039063
691.394271292855	1990.68334960938
694.249367070914	1992.13330078125
697.103552574412	1994.26672363281
699.956828174378	1995.19995117188
702.809194241715	1996.28332519531
705.660651147175	1973.13330078125
708.511199261361	1989.38330078125
711.360838954755	1993.19995117188
714.209570597676	1996.15002441406
717.057394560329	1996.55004882813
719.90431121275	2000.58337402344
722.750320924861	2000.36669921875
725.59542406643	2003.80004882813
728.439621007094	1997.55004882813
731.282912116347	2009.26672363281
734.125297763539	2015.56665039063
736.966778317898	2019.03332519531
739.807354148498	2017.41662597656
742.647025624275	2016.56665039063
745.485793114042	2014.80004882813
748.323656986468	2022.15002441406
751.160617610072	2022.84997558594
753.996675353258	2024.81665039063
756.831830584275	2032.43334960938
759.666083671249	2035.55004882813
762.499434982158	2028.33337402344
765.331884884853	2038.01672363281
768.163433747055	2036.81665039063
770.994081936328	2040.81665039063
773.823829820116	2047.36669921875
776.652677765732	2047.63330078125
779.480626140347	2037.69995117188
782.307675310993	2044.41662597656
785.133825644576	2049.21655273438
787.959077507869	2042.84997558594
790.783431267511	2038.05004882813
793.606887289986	2046.06665039063
796.429445941685	2038.59997558594
799.251107588836	2048.71655273438
802.071872597536	2047.13330078125
804.891741333751	2046.36669921875
807.71071416334	2050.16674804688
810.528791451981	2053.78344726563
813.345973565269	2057.10009765625
816.162260868638	2058.5
818.977653727395	2064.55004882813
821.792152506717	2065.61669921875
824.605757571661	2063.43334960938
827.418469287133	2067.78344726563
830.230288017926	2075.30004882813
833.0412141287	2075.03344726563
835.851247983973	2074.89990234375
838.660389948141	2075.44995117188
841.468640385466	2077.94995117188
844.27599966009	2087.19995117188
847.082468136026	2088.94995117188
849.888046177135	2097.69995117188
852.692734147171	2098.11669921875
855.496532409758	2094.93334960938
858.29944132839	2093.7666015625
861.10146126642	2091.44995117188
863.902592587094	2098.4833984375
866.702835653509	2101.03344726563
869.502190828641	2096.93334960938
872.300658475353	2104.36669921875
875.098238956361	2105.36669921875
877.894932634271	2111.58325195313
880.690739871548	2109.7666015625
883.485661030531	2109.16674804688
886.279696473447	2112.41674804688
889.072846562376	2100.89990234375
891.86511165929	2109.69995117188
894.65649212603	2112.66674804688
897.446988324303	2111.0166015625
900.236600615703	2116.71655273438
903.025329361687	2114.10009765625
905.813174923597	2116.43334960938
908.600137662639	2117.60009765625
911.38621793991	2117.69995117188
914.171416116365	2117.11669921875
916.95573255285	2125.88330078125
919.739167610082	2125.19995117188
922.521721648641	2136.78344726563
925.303395029005	2137.89990234375
928.084188111517	2139.7333984375
930.864101256396	2154.4833984375
933.643134823733	2155.58325195313
936.42128917351	2166.5166015625
939.198564665577	2165.28344726563
941.97496165967	2179.81665039063
944.750480515391	2184.21655273438
947.525121592226	2179.56665039063
950.298885249534	2183.25
953.071771846555	2193.33325195313
955.843781742413	2184.03344726563
958.614915296108	2188.86669921875
961.385172866513	2195.18334960938
964.154554812387	2196.61669921875
966.92306149236	2195.31665039063
969.690693264949	2195.28344726563
972.457450488552	2195.05004882813
975.223333521431	2205.43334960938
977.988342721749	2205.18334960938
980.752478447535	2203.85009765625
983.515741056708	2203.31665039063
986.278130907059	2205.78344726563
989.039648356259	2203.18334960938
991.800293761863	2204.78344726563
994.560067481312	2202.05004882813
997.318969871913	2200.14990234375
1000.07700129088	2193.9833984375
1002.83416209528	2197.5166015625
1005.59045264208	2185.41674804688
1008.34587328813	2204.18334960938
1011.10042439014	2200.44995117188
1013.85410630472	2198.60009765625
1016.60691938837	2207
1019.35886399746	2203.35009765625
1022.10994048823	2206.38330078125
1024.86014921684	2211.25
1027.60949053928	2207.4833984375
1030.35796481149	2211.31665039063
1033.10557238924	2204.35009765625
1035.85231362819	2199.2333984375
1038.5981888839	2209.31665039063
1041.34319851182	2206.61669921875
1044.08734286727	2209.60009765625
1046.83062230544	2213.30004882813
1049.57303718143	2211.0166015625
1052.31458785021	2214.18334960938
1055.05527466665	2214.5166015625
1057.79509798549	2226.36669921875
1060.53405816134	2231.08325195313
1063.27215554874	2228.56665039063
1066.00939050209	2233.38330078125
1068.74576337565	2236.38330078125
1071.48127452361	2231.64990234375
1074.21592430002	2241.69995117188
1076.94971305882	2246.5166015625
1079.68264115384	2235.44995117188
1082.41470893879	2234.16674804688
1085.14591676728	2242.5
1087.8762649928	2237.35009765625
1090.60575396871	2243.66674804688
1093.33438404827	2256.33325195313
1096.06215558464	2249.71655273438
1098.78906893086	2248.68334960938
1101.51512443981	2259.91674804688
1104.24032246435	2255.94995117188
1106.96466335716	2262.46655273438
1109.68814747081	2267.10009765625
1112.41077515779	2259.39990234375
1115.13254677044	2279.13330078125
1117.85346266104	2268.68334960938
1120.57352318169	2273.88330078125
1123.29272868445	2269.89990234375
1126.01107952121	2273.13330078125
1128.72857604378	2282.83325195313
1131.44521860385	2278.69995117188
1134.16100755301	2274.41674804688
1136.87594324271	2289.41674804688
1139.59002602433	2285.39990234375
1142.3032562491	2288.2333984375
1145.01563426818	2295.61669921875
1147.72716043257	2295.28344726563
1150.43783509322	2300.85009765625
1153.14765860091	2298.5166015625
1155.85663130634	2309.91674804688
1158.56475356012	2302.5
1161.27202571271	2299.81665039063
1163.97844811448	2297.93334960938
1166.68402111569	2307.75
1169.38874506649	2313.88330078125
1172.09262031694	2312.39990234375
1174.79564721695	2317.16674804688
1177.49782611635	2325.25
1180.19915736486	2343.39990234375
1182.89964131208	2331.80004882813
1185.59927830751	2338.80004882813
1188.29806870054	2334.86669921875
1190.99601284046	2337.60009765625
1193.69311107643	2339.36669921875
1196.38936375753	2340.86669921875
1199.08477123271	2353.38330078125
1201.77933385082	2348.68334960938
1204.47305196061	2360.19995117188
1207.1659259107	2361.19995117188
1209.85795604964	2364.30004882813
1212.54914272585	2374.56665039063
1215.23948628763	2375.11669921875
1217.92898708319	2391.69995117188
1220.61764546064	2384.13330078125
1223.30546176798	2390.55004882813
1225.99243635308	2400.86669921875
1228.67856956373	2395.7333984375
1231.36386174761	2391.86669921875
1234.04831325228	2394.7666015625
1236.73192442522	2405.35009765625
1239.41469561377	2399.39990234375
1242.09662716519	2392.64990234375
1244.77771942662	2405.5166015625
1247.45797274511	2409.10009765625
1250.13738746759	2406.96655273438
1252.81596394089	2410.39990234375
1255.49370251175	2416.16674804688
1258.17060352676	2420.35009765625
1260.84666733246	2416.96655273438
1263.52189427525	2425.08325195313
1266.19628470144	2431.75
1268.86983895722	2436.86669921875
1271.5425573887	2436.41674804688
1274.21444034186	2431.53344726563
1276.8854881626	2438.05004882813
1279.55570119671	2438.9833984375
1282.22507978985	2442.81665039063
1284.89362428759	2448.44995117188
1287.56133503543	2457.31665039063
1290.22821237872	2455.61669921875
1292.89425666274	2462.35009765625
1295.55946823263	2460.33325195313
1298.22384743346	2468.61669921875
1300.88739461019	2477.78344726563
1303.55011010766	2482.9833984375
1306.21199427063	2479.86669921875
1308.87304744373	2481.33325195313
1311.53326997152	2484.56665039063
1314.19266219843	2488.05004882813
1316.8512244688	2499.4833984375
1319.50895712687	2504.35009765625
1322.16586051676	2503.78344726563
1324.82193498252	2513.11669921875
1327.47718086806	2515.78344726563
1330.1315985172	2514.03344726563
1332.78518827369	2519.4833984375
1335.43795048114	2531.30004882813
1338.08988548307	2529.36669921875
1340.74099362289	2530.60009765625
1343.39127524392	2533.81665039063
1346.04073068939	2540.03344726563
1348.6893603024	2536.94995117188
1351.33716442597	2551.61669921875
1353.98414340301	2542.35009765625
1356.63029757632	2538.13330078125
1359.27562728863	2544.68334960938
1361.92013288252	2531.31665039063
1364.56381470053	2544.78344726563
1367.20667308505	2542.11669921875
1369.84870837838	2548.85009765625
1372.48992092274	2539.58325195313
1375.13031106023	2546.43334960938
1377.76987913284	2540.86669921875
1380.40862548251	2550.2666015625
1383.04655045101	2532.38330078125
1385.68365438006	2547.18334960938
1388.31993761126	2541.0166015625
1390.95540048612	2541.86669921875
1393.59004334605	2551.08325195313
1396.22386653233	2556.14990234375
1398.85687038619	2556
1401.48905524873	2560.2333984375
1404.12042146094	2564.78344726563
1406.75096936375	2567.91674804688
1409.38069929796	2571.9833984375
1412.00961160428	2586.14990234375
1414.63770662332	2590.78344726563
1417.26498469557	2577.69995117188
1419.89144616146	2581.25
1422.51709136132	2588.05004882813
1425.14192063532	2600.80004882813
1427.76593432361	2589.21655273438
1430.3891327662	2599.96655273438
1433.01151630299	2593.35009765625
1435.63308527382	2601.06665039063
1438.2538400184	2606.06665039063
1440.87378087637	2608.94995117188
1443.49290818722	2627.43334960938
1446.1112222904	2613.36669921875
1448.72872352524	2613.44995117188
1451.34541223097	2621.9833984375
1453.96128874671	2613.4833984375
1456.5763534115	2616.35009765625
1459.19060656429	2615.66674804688
1461.8040485439	2626.28344726563
1464.41667968907	2633.85009765625
1467.02850033846	2638.85009765625
1469.63951083061	2635.21655273438
1472.24971150397	2642.44995117188
1474.8591026969	2636.63330078125
1477.46768474763	2637.46655273438
1480.07545799434	2646.78344726563
1482.68242277508	2656.91674804688
1485.28857942782	2652.86669921875
1487.89392829042	2652.03344726563
1490.49846970065	2650.7666015625
1493.10220399619	2648.91674804688
1495.70513151461	2654.21655273438
1498.30725259339	2662.61669921875
1500.90856756992	2652.60009765625
1503.50907678146	2660.36669921875
1506.10878056524	2656.11669921875
1508.70767925832	2664.78344726563
1511.30577319772	2673.71655273438
1513.90306272032	2680.16674804688
1516.49954816295	2672.08325195313
1519.09522986229	2684.2666015625
1521.69010815498	2690.13330078125
1524.28418337751	2694.64990234375
1526.87745586632	2694.60009765625
1529.46992595773	2697.0166015625
1532.06159398796	2707.10009765625
1534.65246029316	2711.60009765625
1537.24252520935	2714.60009765625
1539.83178907249	2719.71655273438
1542.42025221841	2729.80004882813
1545.00791498287	2731.10009765625
1547.59477770152	2730.55004882813
1550.18084070993	2743.28344726563
1552.76610434356	2749.5
1555.35056893777	2753.05004882813
1557.93423482785	2773.7333984375
1560.51710234896	2782.60009765625
1563.0991718362	2800.05004882813
1565.68044362457	2807.35009765625
1568.26091804893	2847.85009765625
1570.84059544411	2862.55004882813
1573.41947614481	2890.30004882813
1575.99756048562	2920.94995117188
1578.57484880108	2961.83325195313
1581.15134142559	2967.91674804688
1583.72703869349	2987.35009765625
1586.301940939	2972.69995117188
1588.87604849628	2938.03344726563
1591.44936169934	2916.25
1594.02188088215	2890.7333984375
1596.59360637855	2864.89990234375
1599.16453852232	2850.71655273438
1601.73467764709	2842.53344726563
1604.30402408647	2832.91674804688
1606.87257817391	2822.75
1609.44034024281	2808.30004882813
1612.00731062644	2806.11669921875
1614.57348965801	2792.33325195313
1617.13887767062	2791.80004882813
1619.70347499726	2793.13330078125
1622.26728197086	2791.96655273438
1624.83029892423	2781.36669921875
1627.39252619012	2786.78344726563
1629.95396410112	2782.71655273438
1632.5146129898	2781.38330078125
1635.07447318858	2786.71655273438
1637.63354502984	2773.94995117188
1640.19182884582	2770.21655273438
1642.74932496868	2774.4833984375
1645.3060337305	2767.33325195313
1647.86195546325	2774.36669921875
1650.41709049882	2776.11669921875
1652.971439169	2766.28344726563
1655.52500180548	2769.31665039063
1658.07777873987	2771.33325195313
1660.62977030368	2766.03344726563
1663.18097682833	2777.44995117188
1665.73139864514	2778.7666015625
1668.28103608534	2778.91674804688
1670.82988948008	2777.44995117188
1673.37795916039	2776.14990234375
1675.92524545724	2778.18334960938
1678.47174870147	2767.16674804688
1681.01746922386	2771.61669921875
1683.56240735508	2760.85009765625
1686.10656342572	2774.53344726563
1688.64993776626	2775.19995117188
1691.19253070709	2783.2333984375
1693.73434257853	2776.08325195313
1696.27537371078	2771.68334960938
1698.81562443395	2771.64990234375
1701.35509507809	2776.05004882813
1703.89378597311	2774.13330078125
1706.43169744886	2767.31665039063
1708.96882983509	2776.4833984375
1711.50518346144	2776.68334960938
1714.0407586575	2777.13330078125
1716.57555575272	2799.16674804688
1719.10957507649	2790.80004882813
1721.64281695809	2783.36669921875
1724.17528172671	2786.2666015625
1726.70696971146	2798
1729.23788124135	2809.11669921875
1731.7680166453	2810.38330078125
1734.29737625213	2803.63330078125
1736.82596039057	2807.19995117188
1739.35376938927	2797.53344726563
1741.88080357677	2797.25
1744.40706328154	2806.60009765625
1746.93254883193	2798.63330078125
1749.45726055623	2808.93334960938
1751.9811987826	2816.11669921875
1754.50436383915	2799.30004882813
1757.02675605387	2811.30004882813
1759.54837575466	2823.58325195313
1762.06922326934	2821.28344726563
1764.58929892564	2820.14990234375
1767.10860305118	2817.75
1769.6271359735	2823.5
1772.14489802005	2820
1774.66188951817	2836.60009765625
1777.17811079515	2828.4833984375
1779.69356217815	2825.93334960938
1782.20824399425	2823.08325195313
1784.72215657043	2828.93334960938
1787.23530023361	2821.9833984375
1789.74767531057	2834.03344726563
1792.25928212804	2819.13330078125
1794.77012101264	2824.56665039063
1797.2801922909	2830.05004882813
1799.78949628926	2827.39990234375
1802.29803333406	2836.25
1804.80580375158	2838.11669921875
1807.31280786797	2831.69995117188
1809.81904600929	2839.16674804688
1812.32451850154	2851.21655273438
1814.82922567061	2860.14990234375
1817.33316784231	2836.93334960938
1819.83634534233	2848.7333984375
1822.33875849629	2831.46655273438
1824.84040762973	2837.11669921875
1827.34129306808	2841.18334960938
1829.84141513667	2840.19995117188
1832.34077416077	2835.9833984375
1834.83937046553	2836.25
1837.33720437602	2835.63330078125
1839.83427621723	2840.91674804688
1842.33058631404	2837.64990234375
1844.82613499125	2836.14990234375
1847.32092257355	2834.5166015625
1849.81494938558	2854.08325195313
1852.30821575184	2855.5166015625
1854.80072199677	2852.75
1857.29246844473	2848.66674804688
1859.78345541994	2864.13330078125
1862.27368324658	2857.41674804688
1864.76315224871	2858.13330078125
1867.2518627503	2854.2666015625
1869.73981507524	2858.4833984375
1872.22700954733	2868.06665039063
1874.71344649027	2877.7333984375
1877.19912622768	2874.85009765625
1879.68404908308	2873.55004882813
1882.16821537988	2872.71655273438
1884.65162544145	2891.81665039063
1887.13427959102	2876.36669921875
1889.61617815175	2876.2333984375
1892.0973214467	2878.25
1894.57770979887	2884.11669921875
1897.05734353113	2876.36669921875
1899.53622296628	2874.38330078125
1902.014348427	2879.81665039063
1904.49172023593	2877
1906.96833871558	2886.43334960938
1909.44420418839	2892.55004882813
1911.91931697668	2881.05004882813
1914.39367740272	2893.10009765625
1916.86728578865	2896.94995117188
1919.34014245654	2889.0166015625
1921.81224772838	2892.9833984375
1924.28360192604	2905.10009765625
1926.75420537132	2908
1929.22405838593	2897.78344726563
1931.69316129147	2887.66674804688
1934.16151440948	2890.36669921875
1936.62911806136	2892.7333984375
1939.09597256848	2899.03344726563
1941.56207825207	2875.2666015625
1944.0274354333	2892.44995117188
1946.49204443322	2896.81665039063
1948.95590557284	2891.44995117188
1951.41901917301	2897.86669921875
1953.88138555454	2894.46655273438
1956.34300503813	2890.25
1958.8038779444	2896.44995117188
1961.26400459387	2889.81665039063
1963.72338530697	2897.06665039063
1966.18202040403	2901.55004882813
1968.63991020531	2898.9833984375
1971.09705503097	2899.83325195313
1973.55345520107	2914.11669921875
1976.0091110356	2900.78344726563
1978.46402285444	2904.69995117188
1980.91819097737	2912.5
1983.3716157241	2911.13330078125
1985.82429741427	2912.53344726563
1988.27623636736	2910.06665039063
1990.72743290284	2927.63330078125
1993.17788734002	2920.71655273438
1995.62759999817	2934.69995117188
1998.07657119644	2939.68334960938
2000.5248012539	2914.16674804688
2002.97229048952	2933.7333984375
2005.41903922219	2927.7333984375
2007.86504777071	2933.5
2010.31031645378	2940.80004882813
2012.75484559	2935.9833984375
2015.19863549792	2935.69995117188
2017.64168649594	2932.31665039063
2020.08399890242	2941.39990234375
2022.5255730356	2953.28344726563
2024.96640921365	2936.0166015625
2027.40650775462	2932.11669921875
2029.84586897649	2937.38330078125
2032.28449319715	2928.93334960938
2034.72238073438	2928.7666015625
2037.15953190591	2937
2039.59594702932	2942.08325195313
2042.03162642215	2946.83325195313
2044.46657040182	2944.53344726563
2046.90077928567	2944.89990234375
2049.33425339095	2948.44995117188
2051.76699303481	2943.68334960938
2054.19899853433	2939.66674804688
2056.63027020645	2947.25
2059.06080836809	2948.7666015625
2061.49061333602	2954.21655273438
2063.91968542694	2955.89990234375
2066.34802495747	2953.83325195313
2068.77563224411	2945
2071.20250760329	2959.44995117188
2073.62865135136	2959.25
2076.05406380455	2958.66674804688
2078.47874527901	2944.85009765625
2080.9026960908	2952.11669921875
2083.3259165559	2947.0166015625
2085.74840699018	2958.83325195313
2088.17016770944	2945.16674804688
2090.59119902935	2951
2093.01150126553	2956.69995117188
2095.43107473348	2964
2097.84991974864	2969.31665039063
2100.26803662633	2971.78344726563
2102.68542568178	2979.69995117188
2105.10208723015	2969.0166015625
2107.51802158648	2979.75
2109.93322906574	2974.16674804688
2112.3477099828	2971.91674804688
2114.76146465245	2982.11669921875
2117.17449338937	2973.80004882813
2119.58679650815	2988.96655273438
2121.9983743233	2983.44995117188
2124.40922714924	2974.53344726563
2126.81935530029	2969.13330078125
2129.22875909067	2982.16674804688
2131.63743883452	2983.43334960938
2134.04539484589	3002.44995117188
2136.45262743874	2975.5166015625
2138.85913692692	2999.44995117188
2141.26492362422	2984.91674804688
2143.6699878443	2984.58325195313
2146.07432990076	2995.19995117188
2148.47795010708	2995.4833984375
2150.88084877667	2994.58325195313
2153.28302622285	2993.69995117188
2155.68448275883	3003.85009765625
2158.08521869774	2999.91674804688
2160.48523435261	3001.66674804688
2162.88453003639	2995.30004882813
2165.28310606193	3011.83325195313
2167.68096274199	2999.60009765625
2170.07810038922	2998.71655273438
2172.47451931622	3020.38330078125
2174.87021983546	3009.25
2177.26520225933	3006.03344726563
2179.65946690013	2997.93334960938
2182.05301407006	3015.11669921875
2184.44584408123	3010.05004882813
2186.83795724567	3006.35009765625
2189.22935387531	3011.88330078125
2191.62003428198	3008.36669921875
2194.00999877743	3008.71655273438
2196.39924767329	3004.13330078125
2198.78778128115	3025.35009765625
2201.17559991245	3020.68334960938
2203.56270387857	3020.63330078125
2205.94909349081	3018
2208.33476906033	3025.7666015625
2210.71973089824	3022.21655273438
2213.10397931554	3016.85009765625
2215.48751462314	3021.31665039063
2217.87033713186	3023.4833984375
2220.25244715242	3011.93334960938
2222.63384499546	3030.96655273438
2225.01453097151	3020.2666015625
2227.39450539101	3028.58325195313
2229.77376856434	3028.94995117188
2232.15232080173	3041.03344726563
2234.53016241336	3038.81665039063
2236.9072937093	3043.28344726563
2239.28371499954	3044.13330078125
2241.65942659396	3030.10009765625
2244.03442880236	3031.4833984375
2246.40872193443	3032.89990234375
2248.78230629979	3044.36669921875
2251.15518220795	3038.03344726563
2253.52734996835	3049.35009765625
2255.89880989029	3040.86669921875
2258.26956228301	3044.61669921875
2260.63960745567	3047.33325195313
2263.00894571731	3048.80004882813
2265.37757737688	3032.78344726563
2267.74550274324	3049.39990234375
2270.11272212517	3042.14990234375
2272.47923583134	3042.60009765625
2274.84504417031	3045.46655273438
2277.2101474506	3055.43334960938
2279.57454598058	3061.31665039063
2281.93824006856	3041.44995117188
2284.30123002275	3044.9833984375
2286.66351615125	3055.4833984375
2289.02509876208	3059.11669921875
2291.38597816317	3062.31665039063
2293.74615466236	3068.14990234375
2296.10562856737	3061.89990234375
2298.46440018585	3075.2333984375
2300.82246982535	3063.05004882813
2303.1798377933	3079.08325195313
2305.5365043971	3069.08325195313
2307.89246994399	3072.2666015625
2310.24773474116	3065.28344726563
2312.60229909566	3082.86669921875
2314.95616331451	3071.21655273438
2317.30932770456	3077.55004882813
2319.66179257263	3084.4833984375
2322.01355822542	3094.85009765625
2324.36462496953	3088.91674804688
2326.71499311146	3093.88330078125
2329.06466295764	3089.93334960938
2331.41363481439	3096.13330078125
2333.76190898794	3094.78344726563
2336.10948578441	3087.08325195313
2338.45636550986	3087.31665039063
2340.80254847022	3097.05004882813
2343.14803497132	3095.25
2345.49282531895	3102.91674804688
2347.83691981874	3082.85009765625
2350.18031877626	3090.14990234375
2352.52302249699	3112
2354.8650312863	3093.33325195313
2357.20634544946	3104.36669921875
2359.54696529166	3102.2666015625
2361.88689111798	3103.08325195313
2364.22612323341	3121.13330078125
2366.56466194287	3116.86669921875
2368.90250755114	3106.71655273438
2371.23966036293	3106.16674804688
2373.57612068286	3106.71655273438
2375.91188881545	3103.78344726563
2378.2469650651	3114.58325195313
2380.58134973615	3106.30004882813
2382.91504313282	3123.2333984375
2385.24804555926	3122.05004882813
2387.58035731949	3118.58325195313
2389.91197871745	3114.2666015625
2392.24291005701	3126.78344726563
2394.57315164189	3121.11669921875
2396.90270377577	3121.66674804688
2399.23156676218	3119.9833984375
2401.55974090461	3117.69995117188
2403.88722650642	3127.43334960938
2406.21402387086	3117.4833984375
2408.54013330113	3116.63330078125
2410.8655551003	3124.96655273438
2413.19028957133	3135.63330078125
2415.51433701713	3137.4833984375
2417.83769774049	3130.41674804688
2420.16037204408	3133.25
2422.48236023051	3124.44995117188
2424.80366260228	3131.03344726563
2427.12427946179	3140.7333984375
2429.44421111134	3140.56665039063
2431.76345785315	3147.63330078125
2434.08201998932	3151.30004882813
2436.39989782188	3148.38330078125
2438.71709165273	3150.2333984375
2441.0336017837	3155.75
2443.34942851653	3142.44995117188
2445.66457215282	3153.25
2447.97903299412	3147.80004882813
2450.29281134185	3155.28344726563
2452.60590749736	3146.18334960938
2454.91832176188	3158.41674804688
2457.23005443656	3159.44995117188
2459.54110582243	3142.69995117188
2461.85147622045	3151.81665039063
2464.16116593146	3144.43334960938
2466.47017525621	3153.9833984375
2468.77850449536	3160.16674804688
2471.08615394947	3151
2473.39312391899	3142.61669921875
2475.69941470429	3156.66674804688
2478.00502660562	3154.41674804688
2480.30995992316	3146.85009765625
2482.61421495697	3159.55004882813
2484.91779200702	3163.39990234375
2487.22069137316	3162.18334960938
2489.5229133552	3158.16674804688
2491.8244582528	3165.05004882813
2494.12532636553	3152.44995117188
2496.42551799287	3163.89990234375
2498.72503343421	3171.91674804688
2501.02387298882	3156.06665039063
2503.32203695588	3174.75
2505.61952563449	3160.2333984375
2507.91633932361	3168.2333984375
2510.21247832216	3175.61669921875
2512.50794292891	3171.03344726563
2514.80273344255	3162.11669921875
2517.09685016167	3173.33325195313
2519.39029338476	3175.80004882813
2521.68306341022	3178.10009765625
2523.97516053634	3187.94995117188
2526.26658506132	3177.36669921875
2528.55733728325	3174.93334960938
2530.84741750012	3171.43334960938
2533.13682600984	3186.44995117188
2535.4255631102	3182.5166015625
2537.7136290989	3180.43334960938
2540.00102427354	3182.80004882813
2542.28774893162	3186.7333984375
2544.57380337053	3191.16674804688
2546.85918788758	3199.58325195313
2549.14390277997	3176.31665039063
2551.4279483448	3190.36669921875
2553.71132487906	3197.64990234375
2555.99403267966	3191.03344726563
2558.27607204341	3201.33325195313
2560.55744326699	3200.08325195313
2562.83814664702	3199.66674804688
2565.11818247999	3199.85009765625
2567.3975510623	3197.03344726563
2569.67625269025	3183
2571.95428766003	3185.66674804688
2574.23165626776	3197.88330078125
2576.50835880942	3188.31665039063
2578.78439558093	3182.16674804688
2581.05976687806	3190.89990234375
2583.33447299652	3180.06665039063
2585.60851423191	3187.38330078125
2587.88189087972	3186.86669921875
2590.15460323534	3199.2333984375
2592.42665159406	3190.06665039063
2594.69803625108	3205.43334960938
2596.9687575015	3183.11669921875
2599.23881564029	3179.2333984375
2601.50821096235	3209.06665039063
2603.77694376245	3194.06665039063
2606.0450143353	3179.81665039063
2608.31242297548	3191.63330078125
2610.57916997746	3190.53344726563
2612.84525563562	3195.43334960938
2615.11068024426	3202.0166015625
2617.37544409753	3210.4833984375
2619.63954748952	3201.94995117188
2621.90299071421	3207.28344726563
2624.16577406546	3200.13330078125
2626.42789783705	3209.91674804688
2628.68936232264	3212.11669921875
2630.9501678158	3208.39990234375
2633.21031460999	3212.10009765625
2635.46980299857	3219.7666015625
2637.72863327481	3238.89990234375
2639.98680573185	3213.64990234375
2642.24432066276	3221.33325195313
2644.50117836048	3227.83325195313
2646.75737911786	3234.9833984375
2649.01292322765	3234.78344726563
2651.26781098249	3254.43334960938
2653.52204267492	3253.36669921875
2655.77561859738	3253.31665039063
2658.0285390422	3261.33325195313
2660.28080430161	3270.08325195313
2662.53241466774	3285.03344726563
2664.78337043263	3301.63330078125
2667.03367188817	3300.69995117188
2669.2833193262	3306.7666015625
2671.53231303844	3320.55004882813
2673.78065331648	3333.63330078125
2676.02834045184	3335.44995117188
2678.27537473592	3333.44995117188
2680.52175646002	3329.86669921875
2682.76748591535	3348.68334960938
2685.01256339298	3345.86669921875
2687.25698918391	3346.30004882813
2689.50076357901	3351.60009765625
2691.74388686909	3351.58325195313
2693.9863593448	3357.88330078125
2696.22818129672	3344.28344726563
2698.46935301532	3341.78344726563
2700.70987479096	3340.03344726563
2702.94974691389	3329.89990234375
2705.18896967428	3320.5
2707.42754336216	3302.4833984375
2709.66546826749	3275.30004882813
2711.90274468011	3282.05004882813
2714.13937288974	3258.5
2716.37535318602	3260.30004882813
2718.61068585848	3246.60009765625
2720.84537119652	3230.5166015625
2723.07940948947	3239.10009765625
2725.31280102654	3227.19995117188
2727.54554609682	3204.63330078125
2729.77764498933	3211.05004882813
2732.00909799294	3209.0166015625
2734.23990539644	3211.4833984375
2736.47006748853	3199.66674804688
2738.69958455777	3194.13330078125
2740.92845689263	3205.43334960938
2743.15668478147	3213.28344726563
2745.38426851257	3198.94995117188
2747.61120837406	3193.91674804688
2749.83750465399	3189.39990234375
2752.0631576403	3201.68334960938
2754.28816762083	3190.66674804688
2756.51253488329	3191.5
2758.73625971532	3187.0166015625
2760.95934240442	3190.05004882813
2763.18178323801	3183.03344726563
2765.40358250338	3187.85009765625
2767.62474048773	3184.53344726563
2769.84525747814	3179.39990234375
2772.06513376159	3182.31665039063
2774.28436962496	3178.85009765625
2776.50296535501	3176.35009765625
2778.7209212384	3184.85009765625
2780.93823756168	3180.16674804688
2783.15491461129	3182.83325195313
2785.37095267358	3180.19995117188
2787.58635203477	3174.5
2789.80111298097	3172.9833984375
2792.01523579822	3164.91674804688
2794.2287207724	3173.96655273438
2796.44156818932	3157.81665039063
2798.65377833468	3162.58325195313
2800.86535149404	3163.35009765625
2803.07628795289	3170.08325195313
2805.28658799659	3161.60009765625
2807.4962519104	3171.86669921875
2809.70527997946	3158.71655273438
2811.91367248883	3152.38330078125
2814.12142972342	3166.28344726563
2816.32855196807	3160.11669921875
2818.53503950749	3165.0166015625
2820.74089262628	3156.80004882813
2822.94611160894	3166.19995117188
2825.15069673987	3173.80004882813
2827.35464830333	3171.56665039063
2829.55796658351	3165.91674804688
2831.76065186445	3166.75
2833.96270443012	3166.21655273438
2836.16412456437	3163.46655273438
2838.3649125509	3170.35009765625
2840.56506867336	3154.4833984375
2842.76459321526	3167.80004882813
2844.96348645999	3167.38330078125
2847.16174869086	3158.05004882813
2849.35938019105	3157.68334960938
2851.55638124363	3171.36669921875
2853.75275213157	3169.30004882813
2855.94849313772	3161.94995117188
2858.14360454483	3158.44995117188
2860.33808663553	3167.94995117188
2862.53193969234	3166.21655273438
2864.72516399768	3163.94995117188
2866.91775983385	3169.03344726563
2869.10972748304	3162.85009765625
2871.30106722733	3166.14990234375
2873.4917793487	3171
2875.68186412899	3176.78344726563
2877.87132184997	3172.0166015625
2880.06015279325	3184.33325195313
2882.24835724039	3171.75
2884.43593547278	3181.41674804688
2886.62288777173	3180.91674804688
2888.80921441843	3182.61669921875
2890.99491569397	3172.30004882813
2893.1799918793	3174.06665039063
2895.36444325529	3182.88330078125
2897.54827010269	3178.5166015625
2899.73147270213	3165.80004882813
2901.91405133412	3175.38330078125
2904.09600627909	3168.81665039063
2906.27733781731	3173.18334960938
2908.45804622899	3165.88330078125
2910.63813179418	3166.93334960938
2912.81759479286	3164.13330078125
2914.99643550486	3162.46655273438
2917.17465420994	3164.9833984375
2919.3522511877	3162.68334960938
2921.52922671765	3162.05004882813
2923.7055810792	3158.2666015625
2925.88131455162	3148.63330078125
2928.05642741408	3160.5
2930.23091994566	3153.06665039063
2932.40479242528	3153.56665039063
2934.57804513178	3156.5
2936.75067834387	3156.13330078125
2938.92269234017	3150.91674804688
2941.09408739916	3142.43334960938
2943.26486379921	3145.60009765625
2945.4350218186	3142.63330078125
2947.60456173546	3138.43334960938
2949.77348382783	3151.06665039063
2951.94178837363	3138.46655273438
2954.10947565068	3134.44995117188
2956.27654593666	3145.60009765625
2958.44299950915	3148.85009765625
2960.60883664562	3135.13330078125
2962.77405762341	3136.89990234375
2964.93866271975	3126.64990234375
2967.10265221178	3135.28344726563
2969.26602637648	3140.66674804688
2971.42878549076	3131.35009765625
2973.59092983139	3139.10009765625
2975.75245967501	3137.36669921875
2977.9133752982	3152.11669921875
2980.07367697736	3141.10009765625
2982.23336498882	3143.5
2984.39243960877	3134.08325195313
2986.5509011133	3134.75
2988.70874977837	3141
2990.86598587984	3148.2333984375
2993.02260969344	3139.69995117188
2995.17862149478	3138.66674804688
2997.33402155938	3128.64990234375
2999.48881016262	3136.56665039063
3001.64298757978	3141.75
3003.796554086	3146.91674804688
3005.94950995633	3137.14990234375
3008.10185546569	3136.88330078125
3010.25359088888	3153.7666015625
3012.40471650059	3138.63330078125
3014.5552325754	3133.7666015625
3016.70513938776	3139.31665039063
3018.85443721201	3114.14990234375
3021.00312632236	3130.05004882813
3023.15120699292	3121.2333984375
3025.29867949769	3119.9833984375
3027.44554411052	3113.13330078125
3029.59180110516	3120.38330078125
3031.73745075527	3132.81665039063
3033.88249333434	3123.31665039063
3036.02692911578	3126.78344726563
3038.17075837287	3122.96655273438
3040.31398137877	3113.5166015625
3042.45659840653	3121.39990234375
3044.59860972907	3129.25
3046.7400156192	3105.85009765625
3048.88081634961	3112.60009765625
3051.02101219287	3114.89990234375
3053.16060342144	3101.58325195313
3055.29959030765	3117.63330078125
3057.43797312371	3097.89990234375
3059.57575214172	3092.43334960938
3061.71292763366	3098.75
3063.84949987139	3103.05004882813
3065.98546912665	3102.10009765625
3068.12083567105	3111.63330078125
3070.2555997761	3117.66674804688
3072.38976171319	3100.44995117188
3074.52332175356	3110.10009765625
3076.65628016837	3093.05004882813
3078.78863722863	3098.96655273438
3080.92039320526	3088.81665039063
3083.05154836902	3096.7666015625
3085.1821029906	3092.14990234375
3087.31205734051	3103.10009765625
3089.44141168921	3087.56665039063
3091.57016630696	3092.08325195313
3093.69832146398	3106.89990234375
3095.82587743032	3086.83325195313
3097.9528344759	3088.85009765625
3100.07919287056	3102.78344726563
3102.204952884	3103.36669921875
3104.33011478579	3096.25
3106.45467884538	3106.35009765625
3108.57864533212	3096.68334960938
3110.70201451522	3093.7333984375
3112.82478666378	3095.78344726563
3114.94696204676	3084.28344726563
3117.06854093301	3087.55004882813
3119.18952359127	3088.5166015625
3121.30991029013	3084.38330078125
3123.4297012981	3078.25
3125.54889688352	3080.05004882813
3127.66749731464	3086.19995117188
3129.78550285957	3087.75
3131.90291378633	3092.43334960938
3134.01973036277	3077.33325195313
3136.13595285665	3089.60009765625
3138.2515815356	3081.63330078125
3140.36661666714	3080
3142.48105851863	3076.19995117188
3144.59490735734	3074.0166015625
3146.70816345041	3066.68334960938
3148.82082706486	3058.66674804688
3150.93289846758	3062.64990234375
3153.04437792532	3061.91674804688
3155.15526570475	3052.2666015625
3157.26556207238	3060.60009765625
3159.37526729461	3052.21655273438
3161.48438163771	3061.69995117188
3163.59290536784	3055.16674804688
3165.70083875102	3051.06665039063
3167.80818205315	3065.61669921875
3169.91493554002	3055.53344726563
3172.02109947727	3056.31665039063
3174.12667413044	3056.56665039063
3176.23165976493	3048.38330078125
3178.33605664602	3054.21655273438
3180.43986503887	3054.80004882813
3182.54308520852	3044.80004882813
3184.64571741986	3049.0166015625
3186.74776193769	3053.88330078125
3188.84921902664	3045.43334960938
3190.95008895128	3037.43334960938
3193.05037197599	3048.03344726563
3195.15006836504	3047.46655273438
3197.24917838262	3055.19995117188
3199.34770229274	3051.63330078125
3201.44564035931	3045.31665039063
3203.5429928461	3050.39990234375
3205.63976001677	3045.89990234375
3207.73594213484	3040.60009765625
3209.83153946372	3050.2666015625
3211.92655226669	3054.43334960938
3214.02098080688	3051.36669921875
3216.11482534732	3060.16674804688
3218.20808615091	3045.5
3220.30076348041	3051.7666015625
3222.39285759847	3035.16674804688
3224.4843687676	3050.75
3226.57529725019	3042.03344726563
3228.66564330851	3052.2666015625
3230.75540720468	3032.60009765625
3232.8445892007	3049.25
3234.93318955847	3055.25
3237.02120853974	3038.21655273438
3239.10864640612	3042.25
3241.19550341911	3041.85009765625
3243.28177984009	3036.11669921875
3245.36747593029	3040.91674804688
3247.45259195083	3032.2333984375
3249.53712816268	3026.7666015625
3251.62108482672	3011.64990234375
3253.70446220366	3015.88330078125
3255.78726055411	3012.68334960938
3257.86948013853	3014.10009765625
3259.95112121728	3006.86669921875
3262.03218405055	3001.96655273438
3264.11266889845	3001.96655273438
3266.19257602092	3000.56665039063
3268.27190567779	2996.53344726563
3270.35065812876	2996.64990234375
3272.4288336334	2990.7333984375
3274.50643245114	2995.35009765625
3276.5834548413	2995.03344726563
3278.65990106305	2988.94995117188
3280.73577137545	2978.80004882813
3282.81106603742	2976.61669921875
3284.88578530774	2984.93334960938
3286.95992944508	2988.36669921875
3289.03349870796	2987.21655273438
3291.1064933548	2983.41674804688
3293.17891364384	2998.78344726563
3295.25075983324	2983.41674804688
3297.322032181	2982.18334960938
3299.39273094501	2977.38330078125
3301.462856383	2970.16674804688
3303.53240875259	2978.08325195313
3305.60138831128	2988.61669921875
3307.6697953164	2979.16674804688
3309.73763002519	2980.53344726563
3311.80489269472	2994.80004882813
3313.87158358198	2987.11669921875
3315.93770294378	2984.2666015625
3318.00325103681	2972.61669921875
3320.06822811764	2964.41674804688
3322.13263444272	2978
3324.19647026832	2981.21655273438
3326.25973585064	2979.0166015625
3328.32243144568	2972.0166015625
3330.38455730938	2979.33325195313
3332.44611369749	2985.2333984375
3334.50710086564	2967.75
3336.56751906936	2978.43334960938
3338.62736856401	2965.83325195313
3340.68664960483	2969.58325195313
3342.74536244693	2969.63330078125
3344.80350734528	2968.08325195313
3346.86108455472	2967.78344726563
3348.91809432997	2961.2666015625
3350.97453692559	2956.46655273438
3353.03041259603	2944.80004882813
3355.08572159559	2945.31665039063
3357.14046417844	2936.63330078125
3359.19464059863	2953.30004882813
3361.24825111005	2940.43334960938
3363.30129596648	2929.14990234375
3365.35377542155	2931.7666015625
3367.40568972878	2929.96655273438
3369.45703914152	2929.31665039063
3371.507823913	2937.94995117188
3373.55804429633	2925.4833984375
3375.60770054446	2926.2666015625
3377.65679291024	2917.0166015625
3379.70532164635	2915.81665039063
3381.75328700534	2912.39990234375
3383.80068923965	2911.61669921875
3385.84752860155	2904.10009765625
3387.89380534321	2902.96655273438
3389.93951971664	2906
3391.98467197371	2897.56665039063
3394.02926236618	2902.18334960938
3396.07329114566	2915.7333984375
3398.1167585636	2886.56665039063
3400.15966487137	2896.06665039063
3402.20201032014	2905.05004882813
3404.24379516099	2891.41674804688
3406.28501964484	2892.41674804688
3408.3256840225	2891.9833984375
3410.3657885446	2888.56665039063
3412.40533346167	2896.64990234375
3414.44431902408	2888.19995117188
3416.48274548209	2873.43334960938
3418.5206130858	2874.64990234375
3420.55792208516	2877.41674804688
3422.59467273003	2880.41674804688
3424.63086527009	2885.53344726563
3426.6664999549	2876.81665039063
3428.70157703386	2864.55004882813
3430.73609675628	2874.19995117188
3432.77005937129	2854.75
3434.80346512789	2873.18334960938
3436.83631427494	2859.36669921875
3438.86860706119	2852.89990234375
3440.90034373521	2851.10009765625
3442.93152454546	2864.36669921875
3444.96214974025	2851.83325195313
3446.99221956775	2849.46655273438
3449.021734276	2848.35009765625
3451.05069411289	2841.08325195313
3453.07909932619	2835.7666015625
3455.1069501635	2847.14990234375
3457.1342468723	2839.43334960938
3459.16098969993	2846.05004882813
3461.1871788936	2826.5166015625
3463.21281470035	2839.83325195313
3465.23789736712	2818.5
3467.26242714067	2819.7666015625
3469.28640426765	2808.11669921875
3471.30982899455	2797.63330078125
3473.33270156774	2814.2666015625
3475.35502223343	2798.08325195313
3477.3767912377	2795.06665039063
3479.39800882649	2795.68334960938
3481.41867524559	2792.14990234375
3483.43879074066	2790.5166015625
3485.45835555721	2799.91674804688
3487.47736994062	2788.19995117188
3489.49583413611	2786.71655273438
3491.51374838879	2771.31665039063
3493.53111294359	2770.75
3495.54792804533	2775.46655273438
3497.56419393867	2757.46655273438
3499.57991086814	2759.16674804688
3501.59507907811	2760.06665039063
3503.60969881284	2762.60009765625
3505.6237703164	2758.83325195313
3507.63729383278	2755.41674804688
3509.65026960577	2749.08325195313
3511.66269787904	2727.96655273438
3513.67457889613	2751.68334960938
3515.68591290042	2740.36669921875
3517.69670013515	2741.7333984375
3519.70694084342	2746.4833984375
3521.7166352682	2735.86669921875
3523.72578365229	2731.88330078125
3525.73438623836	2726.68334960938
3527.74244326893	2733.44995117188
3529.74995498641	2731.39990234375
3531.75692163301	2726.10009765625
3533.76334345084	2726.28344726563
3535.76922068186	2720.25
3537.77455356786	2714.94995117188
3539.77934235051	2721.35009765625
3541.78358727133	2719.08325195313
3543.78728857169	2710.46655273438
3545.79044649283	2706.89990234375
3547.79306127584	2700.88330078125
3549.79513316164	2708.43334960938
3551.79666239104	2711.7666015625
3553.79764920469	2714.71655273438
3555.7980938431	2703.46655273438
3557.79799654663	2706.44995117188
3559.79735755548	2687.89990234375
3561.79617710974	2701.80004882813
3563.79445544932	2683.16674804688
3565.79219281401	2696.91674804688
3567.78938944344	2670.05004882813
3569.7860455771	2664.5
3571.78216145432	2675.08325195313
3573.77773731431	2671.38330078125
3575.7727733961	2654.19995117188
3577.76726993861	2666.39990234375
3579.76122718059	2652.39990234375
3581.75464536064	2655.60009765625
3583.74752471725	2652.4833984375
3585.7398654887	2650.10009765625
3587.73166791317	2649.4833984375
3589.7229322287	2640.78344726563
3591.71365867314	2643.5166015625
3593.70384748424	2635.31665039063
3595.69349889955	2635.41674804688
3597.68261315654	2637.4833984375
3599.67119049245	2627.38330078125
3601.65923114446	2618.2666015625
3603.64673534952	2612
3605.63370334449	2619.25
3607.62013536607	2600.58325195313
3609.60603165079	2596.88330078125
3611.59139243504	2599.31665039063
3613.57621795509	2607.31665039063
3615.56050844701	2603.06665039063
3617.54426414677	2595.5166015625
3619.52748529017	2586.13330078125
3621.51017211285	2593.9833984375
3623.49232485031	2589.64990234375
3625.47394373792	2583.21655273438
3627.45502901088	2580.94995117188
3629.43558090423	2574.31665039063
3631.41559965288	2573
3633.3950854916	2573.28344726563
3635.37403865498	2556.94995117188
3637.35245937747	2568.35009765625
3639.33034789339	2570.64990234375
3641.30770443688	2567.88330078125
3643.28452924196	2555.96655273438
3645.26082254248	2563.35009765625
3647.23658457212	2560.41674804688
3649.21181556447	2550.06665039063
3651.18651575291	2553.41674804688
3653.16068537069	2557.5166015625
3655.13432465092	2562.14990234375
3657.10743382653	2550.91674804688
3659.08001313034	2560.89990234375
3661.05206279498	2554.71655273438
3663.02358305295	2561.08325195313
3664.9945741366	2541.80004882813
3666.96503627811	2532.53344726563
3668.93496970952	2526.21655273438
3670.90437466272	2521.10009765625
3672.87325136944	2526.5166015625
3674.84160006127	2529.94995117188
3676.80942096963	2517.18334960938
3678.77671432581	2531.2333984375
3680.74348036092	2529.96655273438
3682.70971930595	2513.0166015625
3684.6754313917	2521.21655273438
3686.64061684885	2516.61669921875
3688.60527590791	2511.81665039063
3690.56940879924	2509.91674804688
3692.53301575303	2507.64990234375
3694.49609699936	2501.38330078125
3696.45865276812	2509.19995117188
3698.42068328904	2498.2333984375
3700.38218879173	2489.55004882813
3702.34316950563	2492.35009765625
3704.30362566	2488.21655273438
3706.26355748399	2492.5166015625
3708.22296520657	2478.41674804688
3710.18184905656	2481.33325195313
3712.14020926263	2478.86669921875
3714.09804605328	2467.9833984375
3716.05535965687	2450.46655273438
3718.01215030162	2465.41674804688
3719.96841821555	2452.18334960938
3721.92416362657	2456.28344726563
3723.8793867624	2444.46655273438
3725.83408785063	2441.58325195313
3727.78826711869	2441.69995117188
3729.74192479384	2433.28344726563
3731.69506110319	2439.13330078125
3733.64767627371	2438.83325195313
3735.59977053219	2432.60009765625
3737.55134410528	2423.78344726563
3739.50239721947	2419.36669921875
3741.45293010108	2416.68334960938
3743.40294297631	2412.39990234375
3745.35243607116	2401.11669921875
3747.3014096115	2408.06665039063
3749.24986382303	2416.93334960938
3751.19779893131	2413.64990234375
3753.14521516171	2400.44995117188
3755.09211273949	2401.41674804688
3757.0384918897	2396.86669921875
3758.98435283728	2391.91674804688
3760.92969580698	2390.60009765625
3762.87452102341	2376.93334960938
3764.81882871101	2382.75
3766.76261909407	2397.69995117188
3768.70589239672	2386.31665039063
3770.64864884293	2397.7666015625
3772.59088865651	2389.81665039063
3774.53261206112	2376.88330078125
3776.47381928025	2380.58325195313
