-173.428722450078	1146.38330078125
-170.294344013779	1145.93334960938
-167.160990304052	1145.78332519531
-164.028660894548	1146.68334960938
-160.897355359205	1146.66662597656
-157.767073272189	1145.75
-154.637814207931	1146.05004882813
-151.50957774112	1145.83337402344
-148.382363446704	1146.25
-145.256170899859	1145.91662597656
-142.130999676054	1146.56665039063
-139.006849350965	1145.88330078125
-135.883719500571	1146.13330078125
-132.761609701053	1145.53332519531
-129.640519528863	1146.58337402344
-126.520448560715	1146.84997558594
-123.401396373553	1147.43334960938
-120.28336254458	1146
-117.166346651252	1146.84997558594
-114.050348271258	1146.09997558594
-110.935366982541	1146.26672363281
-107.821402363301	1145.66662597656
-104.708453991972	1146.40002441406
-101.596521447235	1146.16662597656
-98.4856043080122	1145.73327636719
-95.3757021534957	1146.40002441406
-92.2668145630801	1145.13330078125
-89.1589411164452	1146.03332519531
-86.0520813934781	1145.90002441406
-82.946234974338	1146.5
-79.8414014394074	1145.83337402344
-76.7375803693083	1147.18334960938
-73.6347713449181	1146.46667480469
-70.532973947345	1145.53332519531
-67.4321877579402	1146.28332519531
-64.3324123582935	1145.31665039063
-61.2336473302252	1145.84997558594
-58.1358922558143	1146.30004882813
-55.0391467173494	1145.48327636719
-51.9434102973817	1145.84997558594
-48.8486825786838	1146.36669921875
-45.7549631442702	1146.75
-42.662251577389	1146.41662597656
-39.5705474615295	1146
-36.4798503804062	1146.84997558594
-33.3901599179706	1146.69995117188
-30.301475658403	1146.28332519531
-27.2137971861287	1146.19995117188
-24.1271240858053	1147.48327636719
-21.0414559423028	1146.05004882813
-17.9567923407513	1146.13330078125
-14.8731328664812	1146.08337402344
-11.7904771050747	1145.78332519531
-8.70882464233763	1145.88330078125
-5.62817506431157	1146.44995117188
-2.54852795725342	1145.84997558594
0.530117092344597	1147.91662597656
3.6077604977471	1148.40002441406
6.68440267202787	1147.38330078125
9.76004402799773	1147.56665039063
12.8346849782609	1146.33337402344
15.9083259351831	1146.25
18.9809673109237	1145.98327636719
22.0526095173877	1146.51672363281
25.1232529662903	1145.33337402344
28.1928980690886	1146.68334960938
31.2615452370419	1145.84997558594
34.32919488118	1146.30004882813
37.3958474123071	1145.78332519531
40.4615032409942	1145.80004882813
43.5261627776189	1146.46667480469
46.58982643231	1147.15002441406
49.6524946149833	1146.28332519531
52.7141677353456	1146.33337402344
55.7748462028835	1146.19995117188
58.8345304268427	1146.75
61.8932208162729	1145.63330078125
64.9509177800033	1145.09997558594
68.0076217266271	1145.41662597656
71.0633330645419	1146.59997558594
74.118052201909	1148.58337402344
77.1717795467022	1148.09997558594
80.224515506648	1154.38330078125
83.2762604892772	1168.91662597656
86.3270149018856	1183.41662597656
89.3767791515896	1191.13330078125
92.4255536452548	1193.59997558594
95.4733387895519	1195.40002441406
98.5201349909248	1195.55004882813
101.565942655643	1197.78332519531
104.610762189717	1194.38330078125
107.654593998963	1193.56665039063
110.697438488996	1194.51672363281
113.739296065204	1191.84997558594
116.78016713278	1191.41662597656
119.820052096698	1192.15002441406
122.85895136172	1189.46667480469
125.896865332408	1189.28332519531
128.933794413111	1186.21667480469
131.969739007965	1184.31665039063
135.004699520911	1184.11669921875
138.038676355664	1183.55004882813
141.071669915751	1180.93334960938
144.103680604487	1180.63330078125
147.134708824975	1180.43334960938
150.164754980118	1179.33337402344
153.193819472611	1178.26672363281
156.221902704945	1178.48327636719
159.24900507942	1178.06665039063
162.275126998099	1177.06665039063
165.300268862873	1176.34997558594
168.324431075425	1176.41662597656
171.347614037231	1176.41662597656
174.369818149562	1177.69995117188
177.391043813491	1176.59997558594
180.411291429897	1174.31665039063
183.430561399437	1176.16662597656
186.448854122582	1174.41662597656
189.466169999607	1174.88330078125
192.482509430598	1174.61669921875
195.497872815412	1174.68334960938
198.512260553716	1172.69995117188
201.525673045011	1174.05004882813
204.538110688552	1173.56665039063
207.549573883427	1175.34997558594
210.560063028519	1172.96667480469
213.569578522523	1173.33337402344
216.578120763917	1174.34997558594
219.585690151021	1173.90002441406
222.592287081907	1173.31665039063
225.597911954507	1176.84997558594
228.602565166512	1176.38330078125
231.606247115456	1176.58337402344
234.608958198646	1177.76672363281
237.610698813222	1177.03332519531
240.611469356122	1177.98327636719
243.611270224103	1176.13330078125
246.610101813707	1176.55004882813
249.607964521295	1176.46667480469
252.604858743044	1177.91662597656
255.600784874935	1178.34997558594
258.595743312749	1178.88330078125
261.589734452097	1178.21667480469
264.582758688393	1179.61669921875
267.574816416842	1180.76672363281
270.565908032503	1177.59997558594
273.556033930195	1179.93334960938
276.545194504586	1178.5
279.533390150138	1179.06665039063
282.520621261151	1180.34997558594
285.506888231708	1181.58337402344
288.49219145571	1181.84997558594
291.476531326902	1182.84997558594
294.459908238794	1184.58337402344
297.442322584762	1185.31665039063
300.423774757966	1188.06665039063
303.404265151375	1189.31665039063
306.383794157805	1187.63330078125
309.362362169862	1185.03332519531
312.339969579982	1184.69995117188
315.316616780414	1180.19995117188
318.292304163227	1180.61669921875
321.267032120295	1178.58337402344
324.24080104332	1177.68334960938
327.213611323833	1179.38330078125
330.185463353171	1178.06665039063
333.156357522491	1177.91662597656
336.126294222774	1176.78332519531
339.095273844812	1177.53332519531
342.063296779227	1175.31665039063
345.030363416467	1174.06665039063
347.996474146782	1176.19995117188
350.961629360257	1175.15002441406
353.925829446806	1174.76672363281
356.889074796147	1174.34997558594
359.851365797829	1174.09997558594
362.812702841222	1174.63330078125
365.773086315536	1172.71667480469
368.732516609768	1174.59997558594
371.690994112778	1174.78332519531
374.648519213243	1174.21667480469
377.605092299631	1172.80004882813
380.560713760273	1172.78332519531
383.515383983307	1172.55004882813
386.469103356711	1174.08337402344
389.421872268273	1172.09997558594
392.373691105615	1170.81665039063
395.32456025619	1170.41662597656
398.274480107272	1171.16662597656
401.223451045967	1170.33337402344
404.171473459202	1171.86669921875
407.118547733728	1171.13330078125
410.064674256155	1172.84997558594
413.009853412892	1171.75
415.954085590181	1169.66662597656
418.8973711741	1172.08337402344
421.83971055055	1171.28332519531
424.781104105281	1172.41662597656
427.721552223856	1172.21667480469
430.661055291665	1171.86669921875
433.599613693946	1170.88330078125
436.537227815752	1170.40002441406
439.473898041993	1170.56665039063
442.409624757378	1170.81665039063
445.344408346476	1168.09997558594
448.278249193683	1169
451.211147683207	1167.46667480469
454.143104199122	1167.23327636719
457.074119125312	1168.86669921875
460.004192845497	1167
462.933325743267	1166.80004882813
465.861518202001	1167.51672363281
468.788770604917	1167.03332519531
471.71508333511	1168.44995117188
474.640456775471	1168.23327636719
477.564891308737	1169.98327636719
480.488387317487	1170.18334960938
483.410945184141	1170.11669921875
486.332565290942	1172.01672363281
489.253248019986	1172.78332519531
492.172993753197	1173.84997558594
495.091802872338	1175.80004882813
498.009675759011	1180.71667480469
500.926612794666	1184.43334960938
503.842614360571	1192.96667480469
506.757680837864	1204.23327636719
509.671812607493	1239.01672363281
512.585010050263	1338.98327636719
515.497273546817	1665.19995117188
518.408603477637	2199.58325195313
521.319000223045	2248.96655273438
524.228464163205	1806.38330078125
527.136995678121	1474.65002441406
530.044595147647	1327.5
532.951262951471	1259.96667480469
535.856999469123	1220.15002441406
538.761805079986	1199.71667480469
541.665680163279	1189.68334960938
544.568625098049	1181.84997558594
547.470640263216	1176.86669921875
550.371726037533	1176.23327636719
553.271882799588	1173.30004882813
556.171110927825	1171.68334960938
559.069410800531	1169.98327636719
561.966782795823	1171.13330078125
564.863227291685	1166.80004882813
567.758744665944	1165.53332519531
570.653335296256	1165.13330078125
573.546999560148	1165.90002441406
576.439737834969	1165.01672363281
579.331550497935	1165.23327636719
582.222437926093	1162.55004882813
585.112400496356	1163.66662597656
588.001438585469	1163.94995117188
590.889552570021	1164.53332519531
593.77674282648	1163.28332519531
596.663009731132	1164.36669921875
599.548353660116	1165.31665039063
602.432774989433	1164.5
605.316274094926	1165.21667480469
608.198851352303	1165.38330078125
611.080507137075	1166.68334960938
613.961241824667	1166.63330078125
616.841055790315	1167.36669921875
619.71994940911	1168.73327636719
622.597923056008	1167.25
625.474977105798	1167.23327636719
628.351111933143	1165.81665039063
631.22632791255	1166.03332519531
634.10062541835	1166.33337402344
636.97400482478	1166.11669921875
639.846466505882	1164.75
642.718010835585	1163.81665039063
645.58863818764	1165.5
648.458348935679	1165.15002441406
651.327143453188	1166.38330078125
654.195022113475	1164.58337402344
657.061985289745	1165.93334960938
659.928033355022	1166.44995117188
662.79316668221	1166.46667480469
665.657385644057	1164.53332519531
668.520690613176	1164.94995117188
671.383081962017	1165.68334960938
674.244560062899	1166.26672363281
677.105125288002	1165.83337402344
679.964778009343	1163.88330078125
682.823518598832	1165.76672363281
685.681347428202	1165.65002441406
688.538264869057	1164.63330078125
691.394271292855	1165.23327636719
694.249367070914	1163.53332519531
697.103552574412	1163.65002441406
699.956828174378	1163.61669921875
702.809194241715	1163.05004882813
705.660651147175	1160.38330078125
708.511199261361	1162.30004882813
711.360838954755	1162.06665039063
714.209570597676	1162.53332519531
717.057394560329	1163.41662597656
719.90431121275	1162.18334960938
722.750320924861	1161.65002441406
725.59542406643	1162.83337402344
728.439621007094	1162.53332519531
731.282912116347	1163.38330078125
734.125297763539	1162.18334960938
736.966778317898	1162.76672363281
739.807354148498	1162.16662597656
742.647025624275	1162.69995117188
745.485793114042	1161.41662597656
748.323656986468	1161.33337402344
751.160617610072	1162.66662597656
753.996675353258	1162.09997558594
756.831830584275	1163.33337402344
759.666083671249	1164.88330078125
762.499434982158	1163.36669921875
765.331884884853	1162.61669921875
768.163433747055	1163.78332519531
770.994081936328	1163.63330078125
773.823829820116	1163.61669921875
776.652677765732	1162.34997558594
779.480626140347	1163.23327636719
782.307675310993	1163.38330078125
785.133825644576	1163.03332519531
787.959077507869	1164.21667480469
790.783431267511	1165.80004882813
793.606887289986	1163.73327636719
796.429445941685	1166.25
799.251107588836	1164.16662597656
802.071872597536	1165.94995117188
804.891741333751	1164.03332519531
807.71071416334	1164.06665039063
810.528791451981	1165.38330078125
813.345973565269	1165.56665039063
816.162260868638	1165.94995117188
818.977653727395	1165.71667480469
821.792152506717	1164.31665039063
824.605757571661	1166.40002441406
827.418469287133	1163.84997558594
830.230288017926	1164.93334960938
833.0412141287	1164.86669921875
835.851247983973	1165.36669921875
838.660389948141	1165.28332519531
841.468640385466	1164.63330078125
844.27599966009	1165.25
847.082468136026	1165.58337402344
849.888046177135	1164.93334960938
852.692734147171	1165
855.496532409758	1165.11669921875
858.29944132839	1165.41662597656
861.10146126642	1165.09997558594
863.902592587094	1164.98327636719
866.702835653509	1163.94995117188
869.502190828641	1164.51672363281
872.300658475353	1164.34997558594
875.098238956361	1165.58337402344
877.894932634271	1165.25
880.690739871548	1165.19995117188
883.485661030531	1165.73327636719
886.279696473447	1165.01672363281
889.072846562376	1163.5
891.86511165929	1166.93334960938
894.65649212603	1165.96667480469
897.446988324303	1165.48327636719
900.236600615703	1166.36669921875
903.025329361687	1164.93334960938
905.813174923597	1165.65002441406
908.600137662639	1166.68334960938
911.38621793991	1166.73327636719
914.171416116365	1166.83337402344
916.95573255285	1167.78332519531
919.739167610082	1167.43334960938
922.521721648641	1168.78332519531
925.303395029005	1170.69995117188
928.084188111517	1176.44995117188
930.864101256396	1181.15002441406
933.643134823733	1185.88330078125
936.42128917351	1193.76672363281
939.198564665577	1199.34997558594
941.97496165967	1201.26672363281
944.750480515391	1201
947.525121592226	1200.05004882813
950.298885249534	1203
953.071771846555	1200.69995117188
955.843781742413	1200.44995117188
958.614915296108	1201.93334960938
961.385172866513	1201.63330078125
964.154554812387	1202.34997558594
966.92306149236	1201.5
969.690693264949	1201
972.457450488552	1203.36669921875
975.223333521431	1204.5
977.988342721749	1202.51672363281
980.752478447535	1201.65002441406
983.515741056708	1202.66662597656
986.278130907059	1197.56665039063
989.039648356259	1192.15002441406
991.800293761863	1186.65002441406
994.560067481312	1183.46667480469
997.318969871913	1180.28332519531
1000.07700129088	1178.65002441406
1002.83416209528	1173.93334960938
1005.59045264208	1173.26672363281
1008.34587328813	1173.44995117188
1011.10042439014	1171.11669921875
1013.85410630472	1168.43334960938
1016.60691938837	1170.15002441406
1019.35886399746	1169.86669921875
1022.10994048823	1169.38330078125
1024.86014921684	1167.25
1027.60949053928	1166.84997558594
1030.35796481149	1166.36669921875
1033.10557238924	1165.66662597656
1035.85231362819	1163.11669921875
1038.5981888839	1163.18334960938
1041.34319851182	1162.96667480469
1044.08734286727	1161.55004882813
1046.83062230544	1160.91662597656
1049.57303718143	1161.96667480469
1052.31458785021	1159.59997558594
1055.05527466665	1161.53332519531
1057.79509798549	1160.86669921875
1060.53405816134	1160.58337402344
1063.27215554874	1161.05004882813
1066.00939050209	1160.40002441406
1068.74576337565	1160.83337402344
1071.48127452361	1160.11669921875
1074.21592430002	1161.33337402344
1076.94971305882	1161.09997558594
1079.68264115384	1160.26672363281
1082.41470893879	1159.75
1085.14591676728	1159.31665039063
1087.8762649928	1159.76672363281
1090.60575396871	1158.83337402344
1093.33438404827	1158.84997558594
1096.06215558464	1159.46667480469
1098.78906893086	1159.05004882813
1101.51512443981	1158.41662597656
1104.24032246435	1158.28332519531
1106.96466335716	1158.75
1109.68814747081	1160.34997558594
1112.41077515779	1158.21667480469
1115.13254677044	1158.78332519531
1117.85346266104	1158.23327636719
1120.57352318169	1158.88330078125
1123.29272868445	1158.25
1126.01107952121	1158.75
1128.72857604378	1158.58337402344
1131.44521860385	1157.58337402344
1134.16100755301	1159.61669921875
1136.87594324271	1157.98327636719
1139.59002602433	1159.41662597656
1142.3032562491	1159.56665039063
1145.01563426818	1160.73327636719
1147.72716043257	1160.5
1150.43783509322	1162.08337402344
1153.14765860091	1161.80004882813
1155.85663130634	1161.5
1158.56475356012	1160.36669921875
1161.27202571271	1160.33337402344
1163.97844811448	1159.09997558594
1166.68402111569	1160.76672363281
1169.38874506649	1158.88330078125
1172.09262031694	1158.58337402344
1174.79564721695	1158.80004882813
1177.49782611635	1158.90002441406
1180.19915736486	1159.33337402344
1182.89964131208	1159.03332519531
1185.59927830751	1158.93334960938
1188.29806870054	1158.68334960938
1190.99601284046	1159.41662597656
1193.69311107643	1158.11669921875
1196.38936375753	1160.71667480469
1199.08477123271	1157.98327636719
1201.77933385082	1159.06665039063
1204.47305196061	1159.88330078125
1207.1659259107	1159.59997558594
1209.85795604964	1158.80004882813
1212.54914272585	1158.36669921875
1215.23948628763	1159.78332519531
1217.92898708319	1160.30004882813
1220.61764546064	1161
1223.30546176798	1160.90002441406
1225.99243635308	1159.98327636719
1228.67856956373	1160.63330078125
1231.36386174761	1159.31665039063
1234.04831325228	1158.88330078125
1236.73192442522	1159.36669921875
1239.41469561377	1158.66662597656
1242.09662716519	1159.21667480469
1244.77771942662	1159.40002441406
1247.45797274511	1159.90002441406
1250.13738746759	1159.46667480469
1252.81596394089	1159.56665039063
1255.49370251175	1159.73327636719
1258.17060352676	1159.88330078125
1260.84666733246	1160.26672363281
1263.52189427525	1159.91662597656
1266.19628470144	1160.06665039063
1268.86983895722	1160.09997558594
1271.5425573887	1161.06665039063
1274.21444034186	1160.55004882813
1276.8854881626	1161.01672363281
1279.55570119671	1161.59997558594
1282.22507978985	1162.40002441406
1284.89362428759	1162.71667480469
1287.56133503543	1162.51672363281
1290.22821237872	1161.76672363281
1292.89425666274	1163.40002441406
1295.55946823263	1164.05004882813
1298.22384743346	1164.68334960938
1300.88739461019	1162.51672363281
1303.55011010766	1161.93334960938
1306.21199427063	1161.05004882813
1308.87304744373	1159.66662597656
1311.53326997152	1159.21667480469
1314.19266219843	1159.01672363281
1316.8512244688	1158.90002441406
1319.50895712687	1157.83337402344
1322.16586051676	1157.96667480469
1324.82193498252	1157.80004882813
1327.47718086806	1159.01672363281
1330.1315985172	1158.18334960938
1332.78518827369	1159.65002441406
1335.43795048114	1158.06665039063
1338.08988548307	1158.71667480469
1340.74099362289	1159.91662597656
1343.39127524392	1160.01672363281
1346.04073068939	1158.68334960938
1348.6893603024	1159.68334960938
1351.33716442597	1159.76672363281
1353.98414340301	1158.69995117188
1356.63029757632	1158.28332519531
1359.27562728863	1157.81665039063
1361.92013288252	1157.76672363281
1364.56381470053	1158.06665039063
1367.20667308505	1157.59997558594
1369.84870837838	1159.05004882813
1372.48992092274	1157.76672363281
1375.13031106023	1158.48327636719
1377.76987913284	1157.81665039063
1380.40862548251	1157.86669921875
1383.04655045101	1157.18334960938
1385.68365438006	1158.18334960938
1388.31993761126	1158.73327636719
1390.95540048612	1157.48327636719
1393.59004334605	1158
1396.22386653233	1159.08337402344
1398.85687038619	1159.46667480469
1401.48905524873	1159.13330078125
1404.12042146094	1159.94995117188
1406.75096936375	1159.09997558594
1409.38069929796	1160.08337402344
1412.00961160428	1160.03332519531
1414.63770662332	1159.41662597656
1417.26498469557	1159.38330078125
1419.89144616146	1158.08337402344
1422.51709136132	1158.33337402344
1425.14192063532	1156.81665039063
1427.76593432361	1157.71667480469
1430.3891327662	1157.91662597656
1433.01151630299	1157.56665039063
1435.63308527382	1157.34997558594
1438.2538400184	1158.16662597656
1440.87378087637	1158.18334960938
1443.49290818722	1158.80004882813
1446.1112222904	1160.18334960938
1448.72872352524	1159.28332519531
1451.34541223097	1160.71667480469
1453.96128874671	1159.86669921875
1456.5763534115	1159.56665039063
1459.19060656429	1160.66662597656
1461.8040485439	1159.5
1464.41667968907	1160.03332519531
1467.02850033846	1160.08337402344
1469.63951083061	1157.80004882813
1472.24971150397	1158.09997558594
1474.8591026969	1159.94995117188
1477.46768474763	1159.03332519531
1480.07545799434	1159.13330078125
1482.68242277508	1159.65002441406
1485.28857942782	1160.40002441406
1487.89392829042	1159.33337402344
1490.49846970065	1156.83337402344
1493.10220399619	1157.15002441406
1495.70513151461	1156.34997558594
1498.30725259339	1157
1500.90856756992	1157.71667480469
1503.50907678146	1158.31665039063
1506.10878056524	1156.88330078125
1508.70767925832	1157.01672363281
1511.30577319772	1156.53332519531
1513.90306272032	1156.40002441406
1516.49954816295	1156.86669921875
1519.09522986229	1155.93334960938
1521.69010815498	1155.76672363281
1524.28418337751	1155.58337402344
1526.87745586632	1156.69995117188
1529.46992595773	1156.11669921875
1532.06159398796	1157
1534.65246029316	1156.33337402344
1537.24252520935	1156.78332519531
1539.83178907249	1156.19995117188
1542.42025221841	1156.80004882813
1545.00791498287	1156.5
1547.59477770152	1155.65002441406
1550.18084070993	1157.23327636719
1552.76610434356	1156
1555.35056893777	1157.01672363281
1557.93423482785	1156.56665039063
1560.51710234896	1157.01672363281
1563.0991718362	1156.91662597656
1565.68044362457	1156.03332519531
1568.26091804893	1156.56665039063
1570.84059544411	1156.31665039063
1573.41947614481	1156.80004882813
1575.99756048562	1156.75
1578.57484880108	1158.34997558594
1581.15134142559	1158.55004882813
1583.72703869349	1157.05004882813
1586.301940939	1158.55004882813
1588.87604849628	1158.66662597656
1591.44936169934	1158.81665039063
1594.02188088215	1160.09997558594
1596.59360637855	1163.56665039063
1599.16453852232	1165.55004882813
1601.73467764709	1167.93334960938
1604.30402408647	1171.43334960938
1606.87257817391	1168.93334960938
1609.44034024281	1166.53332519531
1612.00731062644	1163.19995117188
1614.57348965801	1163.23327636719
1617.13887767062	1161.78332519531
1619.70347499726	1161.76672363281
1622.26728197086	1160.76672363281
1624.83029892423	1162.03332519531
1627.39252619012	1162.13330078125
1629.95396410112	1163.33337402344
1632.5146129898	1166.31665039063
1635.07447318858	1164.28332519531
1637.63354502984	1164.31665039063
1640.19182884582	1161.15002441406
1642.74932496868	1158.73327636719
1645.3060337305	1158.51672363281
1647.86195546325	1157.80004882813
1650.41709049882	1157.16662597656
1652.971439169	1156.23327636719
1655.52500180548	1156.21667480469
1658.07777873987	1155.81665039063
1660.62977030368	1156.90002441406
1663.18097682833	1156.38330078125
1665.73139864514	1155.63330078125
1668.28103608534	1155.69995117188
1670.82988948008	1155.69995117188
1673.37795916039	1157.91662597656
1675.92524545724	1155.28332519531
1678.47174870147	1155.98327636719
1681.01746922386	1157.69995117188
1683.56240735508	1156.21667480469
1686.10656342572	1156.09997558594
1688.64993776626	1156.84997558594
1691.19253070709	1156.23327636719
1693.73434257853	1154.98327636719
1696.27537371078	1157.55004882813
1698.81562443395	1157.21667480469
1701.35509507809	1157.34997558594
1703.89378597311	1157.13330078125
1706.43169744886	1156.75
1708.96882983509	1158.16662597656
1711.50518346144	1157.03332519531
1714.0407586575	1160.01672363281
1716.57555575272	1160.84997558594
1719.10957507649	1160.88330078125
1721.64281695809	1161.13330078125
1724.17528172671	1162.11669921875
1726.70696971146	1162.31665039063
1729.23788124135	1160.44995117188
1731.7680166453	1161.88330078125
1734.29737625213	1160.18334960938
1736.82596039057	1159.98327636719
1739.35376938927	1159.13330078125
1741.88080357677	1158.48327636719
1744.40706328154	1157.56665039063
1746.93254883193	1159.01672363281
1749.45726055623	1157.15002441406
1751.9811987826	1156.96667480469
1754.50436383915	1157.28332519531
1757.02675605387	1155.94995117188
1759.54837575466	1156.16662597656
1762.06922326934	1156.90002441406
1764.58929892564	1155.09997558594
1767.10860305118	1156.41662597656
1769.6271359735	1155.38330078125
1772.14489802005	1155.63330078125
1774.66188951817	1155.33337402344
1777.17811079515	1155.91662597656
1779.69356217815	1154.78332519531
1782.20824399425	1154.28332519531
1784.72215657043	1154.98327636719
1787.23530023361	1156.43334960938
1789.74767531057	1155.68334960938
1792.25928212804	1156.76672363281
1794.77012101264	1154.80004882813
1797.2801922909	1155.53332519531
1799.78949628926	1155.34997558594
1802.29803333406	1155.5
1804.80580375158	1155.19995117188
1807.31280786797	1155.55004882813
1809.81904600929	1154.44995117188
1812.32451850154	1156.05004882813
1814.82922567061	1154.56665039063
1817.33316784231	1155.63330078125
1819.83634534233	1152.66662597656
1822.33875849629	1154.78332519531
1824.84040762973	1154.51672363281
1827.34129306808	1156.73327636719
1829.84141513667	1155.76672363281
1832.34077416077	1155.18334960938
1834.83937046553	1154.25
1837.33720437602	1154.81665039063
1839.83427621723	1154.48327636719
1842.33058631404	1156.41662597656
1844.82613499125	1155.5
1847.32092257355	1154.38330078125
1849.81494938558	1156.41662597656
1852.30821575184	1155.73327636719
1854.80072199677	1155.65002441406
1857.29246844473	1155.93334960938
1859.78345541994	1155.59997558594
1862.27368324658	1155.31665039063
1864.76315224871	1156.01672363281
1867.2518627503	1154.36669921875
1869.73981507524	1155.06665039063
1872.22700954733	1155.69995117188
1874.71344649027	1154.03332519531
1877.19912622768	1155.59997558594
1879.68404908308	1156.01672363281
1882.16821537988	1155.15002441406
1884.65162544145	1156.09997558594
1887.13427959102	1154.59997558594
1889.61617815175	1156.15002441406
1892.0973214467	1155.43334960938
1894.57770979887	1155.21667480469
1897.05734353113	1155.46667480469
1899.53622296628	1155.55004882813
1902.014348427	1154.05004882813
1904.49172023593	1154.5
1906.96833871558	1155.81665039063
1909.44420418839	1154.53332519531
1911.91931697668	1155.36669921875
1914.39367740272	1154.5
1916.86728578865	1155.56665039063
1919.34014245654	1156.06665039063
1921.81224772838	1155.19995117188
1924.28360192604	1154.18334960938
1926.75420537132	1153.30004882813
1929.22405838593	1154.48327636719
1931.69316129147	1155.11669921875
1934.16151440948	1155.81665039063
1936.62911806136	1155.53332519531
1939.09597256848	1155.23327636719
1941.56207825207	1154.53332519531
1944.0274354333	1155.80004882813
1946.49204443322	1154.55004882813
1948.95590557284	1154.71667480469
1951.41901917301	1154.40002441406
1953.88138555454	1154.09997558594
1956.34300503813	1154.34997558594
1958.8038779444	1156.08337402344
1961.26400459387	1154.90002441406
1963.72338530697	1153.71667480469
1966.18202040403	1155.80004882813
1968.63991020531	1155.13330078125
1971.09705503097	1154.28332519531
1973.55345520107	1154.78332519531
1976.0091110356	1156.09997558594
1978.46402285444	1155.61669921875
1980.91819097737	1155.65002441406
1983.3716157241	1153.86669921875
1985.82429741427	1154.76672363281
1988.27623636736	1156.40002441406
1990.72743290284	1155.09997558594
1993.17788734002	1155.23327636719
1995.62759999817	1153.5
1998.07657119644	1154.33337402344
2000.5248012539	1154.71667480469
2002.97229048952	1155.65002441406
2005.41903922219	1155.96667480469
2007.86504777071	1153.84997558594
2010.31031645378	1155.5
2012.75484559	1155.03332519531
2015.19863549792	1155.5
2017.64168649594	1154.69995117188
2020.08399890242	1155.38330078125
2022.5255730356	1154.71667480469
2024.96640921365	1156.71667480469
2027.40650775462	1155.16662597656
2029.84586897649	1154.93334960938
2032.28449319715	1155.28332519531
2034.72238073438	1155.66662597656
2037.15953190591	1155.09997558594
2039.59594702932	1155.19995117188
2042.03162642215	1155.61669921875
2044.46657040182	1154.94995117188
2046.90077928567	1154.69995117188
2049.33425339095	1155.61669921875
2051.76699303481	1154.33337402344
2054.19899853433	1154.88330078125
2056.63027020645	1155.26672363281
2059.06080836809	1155.31665039063
2061.49061333602	1155.91662597656
2063.91968542694	1154.81665039063
2066.34802495747	1154.84997558594
2068.77563224411	1154.75
2071.20250760329	1154.80004882813
2073.62865135136	1154.38330078125
2076.05406380455	1155.01672363281
2078.47874527901	1154.81665039063
2080.9026960908	1156.66662597656
2083.3259165559	1154.78332519531
2085.74840699018	1154.69995117188
2088.17016770944	1154.76672363281
2090.59119902935	1153.93334960938
2093.01150126553	1155.09997558594
2095.43107473348	1154.59997558594
2097.84991974864	1154.93334960938
2100.26803662633	1155.13330078125
2102.68542568178	1155.30004882813
2105.10208723015	1154.76672363281
2107.51802158648	1155.13330078125
2109.93322906574	1154.63330078125
2112.3477099828	1155.05004882813
2114.76146465245	1155.33337402344
2117.17449338937	1155.34997558594
2119.58679650815	1154.58337402344
2121.9983743233	1154.86669921875
2124.40922714924	1155.15002441406
2126.81935530029	1154.55004882813
2129.22875909067	1155.05004882813
2131.63743883452	1154.73327636719
2134.04539484589	1156.38330078125
2136.45262743874	1154.86669921875
2138.85913692692	1153.23327636719
2141.26492362422	1156
2143.6699878443	1154.05004882813
2146.07432990076	1154.59997558594
2148.47795010708	1154.86669921875
2150.88084877667	1156.28332519531
2153.28302622285	1154.88330078125
2155.68448275883	1155
2158.08521869774	1153.98327636719
2160.48523435261	1154.46667480469
2162.88453003639	1155.28332519531
2165.28310606193	1155.30004882813
2167.68096274199	1154.88330078125
2170.07810038922	1153.83337402344
2172.47451931622	1154.71667480469
2174.87021983546	1154.81665039063
2177.26520225933	1154.80004882813
2179.65946690013	1155.01672363281
2182.05301407006	1155.63330078125
2184.44584408123	1154.76672363281
2186.83795724567	1155.09997558594
2189.22935387531	1154.25
2191.62003428198	1154.51672363281
2194.00999877743	1153.18334960938
2196.39924767329	1156.15002441406
2198.78778128115	1154.03332519531
2201.17559991245	1154.51672363281
2203.56270387857	1154.21667480469
2205.94909349081	1154.94995117188
2208.33476906033	1155.46667480469
2210.71973089824	1155.71667480469
2213.10397931554	1155.91662597656
2215.48751462314	1155.03332519531
2217.87033713186	1155.21667480469
2220.25244715242	1153.86669921875
2222.63384499546	1155.68334960938
2225.01453097151	1154.78332519531
2227.39450539101	1154.48327636719
2229.77376856434	1153.46667480469
2232.15232080173	1154.90002441406
2234.53016241336	1154.15002441406
2236.9072937093	1154.05004882813
2239.28371499954	1154.09997558594
2241.65942659396	1154.36669921875
2244.03442880236	1154.51672363281
2246.40872193443	1154.5
2248.78230629979	1154.23327636719
2251.15518220795	1154.71667480469
2253.52734996835	1153.58337402344
2255.89880989029	1154.91662597656
2258.26956228301	1153.86669921875
2260.63960745567	1154.81665039063
2263.00894571731	1154.83337402344
2265.37757737688	1155.75
2267.74550274324	1155.84997558594
2270.11272212517	1155
2272.47923583134	1154.69995117188
2274.84504417031	1154.36669921875
2277.2101474506	1154.21667480469
2279.57454598058	1155.55004882813
2281.93824006856	1154.43334960938
2284.30123002275	1154.88330078125
2286.66351615125	1154.94995117188
2289.02509876208	1153.44995117188
2291.38597816317	1154.28332519531
2293.74615466236	1155.06665039063
2296.10562856737	1153.5
2298.46440018585	1154.23327636719
2300.82246982535	1154
2303.1798377933	1156.53332519531
2305.5365043971	1154.21667480469
2307.89246994399	1152.48327636719
2310.24773474116	1154.31665039063
2312.60229909566	1153.78332519531
2314.95616331451	1155.38330078125
2317.30932770456	1153.19995117188
2319.66179257263	1155.15002441406
2322.01355822542	1154.21667480469
2324.36462496953	1153.80004882813
2326.71499311146	1155.68334960938
2329.06466295764	1153.91662597656
2331.41363481439	1154.55004882813
2333.76190898794	1153.96667480469
2336.10948578441	1154.53332519531
2338.45636550986	1153.68334960938
2340.80254847022	1153.86669921875
2343.14803497132	1154.25
2345.49282531895	1153.69995117188
2347.83691981874	1154.26672363281
2350.18031877626	1155.93334960938
2352.52302249699	1154.09997558594
2354.8650312863	1154.88330078125
2357.20634544946	1154.19995117188
2359.54696529166	1153.31665039063
2361.88689111798	1154.06665039063
2364.22612323341	1154.84997558594
2366.56466194287	1155
2368.90250755114	1153.48327636719
2371.23966036293	1154.31665039063
2373.57612068286	1154.98327636719
2375.91188881545	1153.65002441406
2378.2469650651	1154.5
2380.58134973615	1154.75
2382.91504313282	1154.51672363281
2385.24804555926	1154.31665039063
2387.58035731949	1154.86669921875
2389.91197871745	1154.98327636719
2392.24291005701	1153.98327636719
2394.57315164189	1153.94995117188
2396.90270377577	1156.11669921875
2399.23156676218	1153.33337402344
2401.55974090461	1154.03332519531
2403.88722650642	1153.94995117188
2406.21402387086	1154.41662597656
2408.54013330113	1154.40002441406
2410.8655551003	1153.73327636719
2413.19028957133	1154.44995117188
2415.51433701713	1153.86669921875
2417.83769774049	1154.46667480469
2420.16037204408	1155.06665039063
2422.48236023051	1154.05004882813
2424.80366260228	1153.33337402344
2427.12427946179	1155.09997558594
2429.44421111134	1153.69995117188
2431.76345785315	1154.21667480469
2434.08201998932	1153.86669921875
2436.39989782188	1154.44995117188
2438.71709165273	1153.65002441406
2441.0336017837	1154.21667480469
2443.34942851653	1155.40002441406
2445.66457215282	1155.06665039063
2447.97903299412	1154.93334960938
2450.29281134185	1153.94995117188
2452.60590749736	1153.28332519531
2454.91832176188	1155.44995117188
2457.23005443656	1153.5
2459.54110582243	1154.80004882813
2461.85147622045	1153.68334960938
2464.16116593146	1153.90002441406
2466.47017525621	1155.19995117188
2468.77850449536	1154.51672363281
2471.08615394947	1154.13330078125
2473.39312391899	1154.61669921875
2475.69941470429	1154.18334960938
2478.00502660562	1154.48327636719
2480.30995992316	1154.91662597656
2482.61421495697	1154.11669921875
2484.91779200702	1155.08337402344
2487.22069137316	1154.63330078125
2489.5229133552	1154.21667480469
2491.8244582528	1154.33337402344
2494.12532636553	1154.34997558594
2496.42551799287	1154
2498.72503343421	1153.93334960938
2501.02387298882	1155.34997558594
2503.32203695588	1153.30004882813
2505.61952563449	1153.90002441406
2507.91633932361	1154.19995117188
2510.21247832216	1154.06665039063
2512.50794292891	1154.86669921875
2514.80273344255	1153.19995117188
2517.09685016167	1154.43334960938
2519.39029338476	1154.5
2521.68306341022	1153.84997558594
2523.97516053634	1154.16662597656
2526.26658506132	1154.44995117188
2528.55733728325	1155.13330078125
2530.84741750012	1155.19995117188
2533.13682600984	1153.94995117188
2535.4255631102	1155.01672363281
2537.7136290989	1154.09997558594
2540.00102427354	1155.58337402344
2542.28774893162	1154.69995117188
2544.57380337053	1154.28332519531
2546.85918788758	1153.75
2549.14390277997	1154.13330078125
2551.4279483448	1153.88330078125
2553.71132487906	1154
2555.99403267966	1154.30004882813
2558.27607204341	1154.76672363281
2560.55744326699	1153.58337402344
2562.83814664702	1154.78332519531
2565.11818247999	1154.80004882813
2567.3975510623	1154.56665039063
2569.67625269025	1153.96667480469
2571.95428766003	1153.68334960938
2574.23165626776	1154.58337402344
2576.50835880942	1155.25
2578.78439558093	1155.09997558594
2581.05976687806	1153.23327636719
2583.33447299652	1153.31665039063
2585.60851423191	1154.69995117188
2587.88189087972	1155.34997558594
2590.15460323534	1154.38330078125
2592.42665159406	1154.75
2594.69803625108	1154.78332519531
2596.9687575015	1152.86669921875
2599.23881564029	1153.11669921875
2601.50821096235	1154.90002441406
2603.77694376245	1153.66662597656
2606.0450143353	1153.75
2608.31242297548	1155.61669921875
2610.57916997746	1153.33337402344
2612.84525563562	1154.56665039063
2615.11068024426	1152.59997558594
2617.37544409753	1153.40002441406
2619.63954748952	1154.73327636719
2621.90299071421	1154.41662597656
2624.16577406546	1153.46667480469
2626.42789783705	1154.73327636719
2628.68936232264	1154.91662597656
2630.9501678158	1153.58337402344
2633.21031460999	1154.76672363281
2635.46980299857	1154.46667480469
2637.72863327481	1153.23327636719
2639.98680573185	1154.34997558594
2642.24432066276	1153.84997558594
2644.50117836048	1155.46667480469
2646.75737911786	1153.30004882813
2649.01292322765	1153.41662597656
2651.26781098249	1154.25
2653.52204267492	1154.31665039063
2655.77561859738	1154.51672363281
2658.0285390422	1153.58337402344
2660.28080430161	1155.01672363281
2662.53241466774	1153.96667480469
2664.78337043263	1154.80004882813
2667.03367188817	1154.83337402344
2669.2833193262	1154.44995117188
2671.53231303844	1154.75
2673.78065331648	1154.36669921875
2676.02834045184	1154.80004882813
2678.27537473592	1154.23327636719
2680.52175646002	1154.41662597656
2682.76748591535	1152.94995117188
2685.01256339298	1152.59997558594
2687.25698918391	1154.36669921875
2689.50076357901	1154.15002441406
2691.74388686909	1153.61669921875
2693.9863593448	1153.83337402344
2696.22818129672	1153.59997558594
2698.46935301532	1154.46667480469
2700.70987479096	1154.34997558594
2702.94974691389	1154.01672363281
2705.18896967428	1153.93334960938
2707.42754336216	1153.75
2709.66546826749	1155.05004882813
2711.90274468011	1154.05004882813
2714.13937288974	1153.96667480469
2716.37535318602	1153.51672363281
2718.61068585848	1154.55004882813
2720.84537119652	1153.93334960938
2723.07940948947	1155.61669921875
2725.31280102654	1154.81665039063
2727.54554609682	1154.48327636719
2729.77764498933	1153.58337402344
2732.00909799294	1154.51672363281
2734.23990539644	1154.76672363281
2736.47006748853	1154.73327636719
2738.69958455777	1154.78332519531
2740.92845689263	1153.63330078125
2743.15668478147	1153.28332519531
2745.38426851257	1154.11669921875
2747.61120837406	1154.63330078125
2749.83750465399	1154.44995117188
2752.0631576403	1155.25
2754.28816762083	1153.73327636719
2756.51253488329	1154.84997558594
2758.73625971532	1153.61669921875
2760.95934240442	1154.25
2763.18178323801	1153.48327636719
2765.40358250338	1153.86669921875
2767.62474048773	1153.91662597656
2769.84525747814	1154.78332519531
2772.06513376159	1153.38330078125
2774.28436962496	1154.48327636719
2776.50296535501	1154.06665039063
2778.7209212384	1154.55004882813
2780.93823756168	1153.96667480469
2783.15491461129	1153.80004882813
2785.37095267358	1154.71667480469
2787.58635203477	1153.98327636719
2789.80111298097	1154.15002441406
2792.01523579822	1153.91662597656
2794.2287207724	1155.16662597656
2796.44156818932	1153.56665039063
2798.65377833468	1154.06665039063
2800.86535149404	1153.81665039063
2803.07628795289	1155.01672363281
2805.28658799659	1153.69995117188
2807.4962519104	1155.68334960938
2809.70527997946	1155.18334960938
2811.91367248883	1154.33337402344
2814.12142972342	1155.43334960938
2816.32855196807	1153.75
2818.53503950749	1153.30004882813
2820.74089262628	1153.81665039063
2822.94611160894	1154.40002441406
2825.15069673987	1154.44995117188
2827.35464830333	1155.30004882813
2829.55796658351	1153.73327636719
2831.76065186445	1153.91662597656
2833.96270443012	1154.48327636719
2836.16412456437	1154.51672363281
2838.3649125509	1152.88330078125
2840.56506867336	1153.31665039063
2842.76459321526	1155.13330078125
2844.96348645999	1154.68334960938
2847.16174869086	1155.36669921875
2849.35938019105	1155.36669921875
2851.55638124363	1156.26672363281
2853.75275213157	1155.09997558594
2855.94849313772	1155.03332519531
2858.14360454483	1154.63330078125
2860.33808663553	1155.75
2862.53193969234	1156.19995117188
2864.72516399768	1156.28332519531
2866.91775983385	1155.86669921875
2869.10972748304	1155.28332519531
2871.30106722733	1156.11669921875
2873.4917793487	1155.59997558594
2875.68186412899	1157.59997558594
2877.87132184997	1156.25
2880.06015279325	1158.56665039063
2882.24835724039	1156.96667480469
2884.43593547278	1157.94995117188
2886.62288777173	1156.5
2888.80921441843	1158.01672363281
2890.99491569397	1158.13330078125
2893.1799918793	1157.86669921875
2895.36444325529	1157.83337402344
2897.54827010269	1160.08337402344
2899.73147270213	1159.76672363281
2901.91405133412	1158.28332519531
2904.09600627909	1160.28332519531
2906.27733781731	1159.69995117188
2908.45804622899	1159.61669921875
2910.63813179418	1159.68334960938
2912.81759479286	1161.36669921875
2914.99643550486	1159.68334960938
2917.17465420994	1160.55004882813
2919.3522511877	1161.05004882813
2921.52922671765	1159.88330078125
2923.7055810792	1161.46667480469
2925.88131455162	1161.31665039063
2928.05642741408	1163.09997558594
2930.23091994566	1162.65002441406
2932.40479242528	1162.23327636719
2934.57804513178	1163.93334960938
2936.75067834387	1163.05004882813
2938.92269234017	1162.25
2941.09408739916	1162.68334960938
2943.26486379921	1163.11669921875
2945.4350218186	1162.73327636719
2947.60456173546	1162.30004882813
2949.77348382783	1163.08337402344
2951.94178837363	1161.61669921875
2954.10947565068	1162.41662597656
2956.27654593666	1164.09997558594
2958.44299950915	1163.23327636719
2960.60883664562	1163.43334960938
2962.77405762341	1163.13330078125
2964.93866271975	1163.58337402344
2967.10265221178	1163.38330078125
2969.26602637648	1164.91662597656
2971.42878549076	1162.63330078125
2973.59092983139	1162.44995117188
2975.75245967501	1162.38330078125
2977.9133752982	1161.56665039063
2980.07367697736	1160.80004882813
2982.23336498882	1160.75
2984.39243960877	1159.71667480469
2986.5509011133	1161.28332519531
2988.70874977837	1160.80004882813
2990.86598587984	1160.30004882813
2993.02260969344	1159.56665039063
2995.17862149478	1160.31665039063
2997.33402155938	1159.25
2999.48881016262	1158.58337402344
3001.64298757978	1158.25
3003.796554086	1157.25
3005.94950995633	1158.15002441406
3008.10185546569	1157.88330078125
3010.25359088888	1156.93334960938
3012.40471650059	1156.71667480469
3014.5552325754	1157.01672363281
3016.70513938776	1156
3018.85443721201	1156.58337402344
3021.00312632236	1158.26672363281
3023.15120699292	1156.26672363281
3025.29867949769	1156.26672363281
3027.44554411052	1157.75
3029.59180110516	1158.33337402344
3031.73745075527	1157.75
3033.88249333434	1159.25
3036.02692911578	1160.30004882813
3038.17075837287	1160.05004882813
3040.31398137877	1158.76672363281
3042.45659840653	1158.63330078125
3044.59860972907	1158.44995117188
3046.7400156192	1159.71667480469
3048.88081634961	1158.91662597656
3051.02101219287	1158.44995117188
3053.16060342144	1156.46667480469
3055.29959030765	1157.88330078125
3057.43797312371	1157.84997558594
3059.57575214172	1158.03332519531
3061.71292763366	1157.73327636719
3063.84949987139	1157.23327636719
3065.98546912665	1157.63330078125
3068.12083567105	1157.40002441406
3070.2555997761	1158.76672363281
3072.38976171319	1156.73327636719
3074.52332175356	1158.30004882813
3076.65628016837	1156.78332519531
3078.78863722863	1156.63330078125
3080.92039320526	1156.90002441406
3083.05154836902	1154.66662597656
3085.1821029906	1155.68334960938
3087.31205734051	1155.96667480469
3089.44141168921	1156.05004882813
3091.57016630696	1155.56665039063
3093.69832146398	1155.51672363281
3095.82587743032	1154.36669921875
3097.9528344759	1155.55004882813
3100.07919287056	1155.44995117188
3102.204952884	1155.25
3104.33011478579	1155.55004882813
3106.45467884538	1155.25
3108.57864533212	1154.81665039063
3110.70201451522	1154.66662597656
3112.82478666378	1154.81665039063
3114.94696204676	1153.84997558594
3117.06854093301	1154.16662597656
3119.18952359127	1152.84997558594
3121.30991029013	1153.34997558594
3123.4297012981	1154.46667480469
3125.54889688352	1152.86669921875
3127.66749731464	1153.40002441406
3129.78550285957	1153.21667480469
3131.90291378633	1154.16662597656
3134.01973036277	1152.59997558594
3136.13595285665	1153.53332519531
3138.2515815356	1154.98327636719
3140.36661666714	1153.81665039063
3142.48105851863	1152.94995117188
3144.59490735734	1152.94995117188
3146.70816345041	1153.76672363281
3148.82082706486	1152.90002441406
3150.93289846758	1153.86669921875
3153.04437792532	1153.51672363281
3155.15526570475	1152.88330078125
3157.26556207238	1152.69995117188
3159.37526729461	1153.15002441406
3161.48438163771	1151.65002441406
3163.59290536784	1153.65002441406
3165.70083875102	1153.31665039063
3167.80818205315	1152.80004882813
3169.91493554002	1152.78332519531
3172.02109947727	1152.73327636719
3174.12667413044	1152.81665039063
3176.23165976493	1152.38330078125
3178.33605664602	1152.91662597656
3180.43986503887	1153.5
3182.54308520852	1152.28332519531
3184.64571741986	1152.08337402344
3186.74776193769	1152.93334960938
3188.84921902664	1152.93334960938
3190.95008895128	1153.03332519531
3193.05037197599	1152.83337402344
3195.15006836504	1153.18334960938
3197.24917838262	1152.86669921875
3199.34770229274	1152.86669921875
3201.44564035931	1153.18334960938
3203.5429928461	1152.44995117188
3205.63976001677	1153.68334960938
3207.73594213484	1153.81665039063
3209.83153946372	1153.56665039063
3211.92655226669	1153.25
3214.02098080688	1154.26672363281
3216.11482534732	1152.31665039063
3218.20808615091	1152.98327636719
3220.30076348041	1153.19995117188
3222.39285759847	1153.61669921875
3224.4843687676	1152.40002441406
3226.57529725019	1153.03332519531
3228.66564330851	1152.23327636719
3230.75540720468	1152.86669921875
3232.8445892007	1152.90002441406
3234.93318955847	1153.38330078125
3237.02120853974	1152.68334960938
3239.10864640612	1152.65002441406
3241.19550341911	1153.34997558594
3243.28177984009	1152.71667480469
3245.36747593029	1153.13330078125
3247.45259195083	1152.81665039063
3249.53712816268	1152.71667480469
3251.62108482672	1152.08337402344
3253.70446220366	1153.58337402344
3255.78726055411	1152.80004882813
3257.86948013853	1152.48327636719
3259.95112121728	1152.46667480469
3262.03218405055	1152.88330078125
3264.11266889845	1152.84997558594
3266.19257602092	1151.93334960938
3268.27190567779	1152.16662597656
3270.35065812876	1154.53332519531
3272.4288336334	1153
3274.50643245114	1152.66662597656
3276.5834548413	1152.61669921875
3278.65990106305	1152.96667480469
3280.73577137545	1152.91662597656
3282.81106603742	1153.46667480469
3284.88578530774	1153.19995117188
3286.95992944508	1153.30004882813
3289.03349870796	1152.13330078125
3291.1064933548	1152.56665039063
3293.17891364384	1152.5
3295.25075983324	1152.96667480469
3297.322032181	1151.51672363281
3299.39273094501	1152.51672363281
3301.462856383	1151.44995117188
3303.53240875259	1152.51672363281
3305.60138831128	1152.88330078125
3307.6697953164	1152.65002441406
3309.73763002519	1152.94995117188
3311.80489269472	1152.33337402344
3313.87158358198	1152.41662597656
3315.93770294378	1152
3318.00325103681	1152.71667480469
3320.06822811764	1153.25
3322.13263444272	1151.69995117188
3324.19647026832	1153.11669921875
3326.25973585064	1153.13330078125
3328.32243144568	1152.46667480469
3330.38455730938	1152.34997558594
3332.44611369749	1152.06665039063
3334.50710086564	1152.5
3336.56751906936	1151.44995117188
3338.62736856401	1153.21667480469
3340.68664960483	1151.31665039063
3342.74536244693	1152.40002441406
3344.80350734528	1152.80004882813
3346.86108455472	1151.80004882813
3348.91809432997	1153.46667480469
3350.97453692559	1152.66662597656
3353.03041259603	1152.93334960938
3355.08572159559	1153.78332519531
3357.14046417844	1152.96667480469
3359.19464059863	1152.05004882813
3361.24825111005	1152.83337402344
3363.30129596648	1151.81665039063
3365.35377542155	1152.28332519531
3367.40568972878	1152.31665039063
3369.45703914152	1152.06665039063
3371.507823913	1151.69995117188
3373.55804429633	1152.88330078125
3375.60770054446	1152.30004882813
3377.65679291024	1152.61669921875
3379.70532164635	1152.16662597656
3381.75328700534	1152.30004882813
3383.80068923965	1152.28332519531
3385.84752860155	1150.80004882813
3387.89380534321	1151.84997558594
3389.93951971664	1153.59997558594
3391.98467197371	1152.18334960938
3394.02926236618	1152.56665039063
3396.07329114566	1152.34997558594
3398.1167585636	1152.63330078125
3400.15966487137	1153.03332519531
3402.20201032014	1150.78332519531
3404.24379516099	1153.15002441406
3406.28501964484	1152.38330078125
3408.3256840225	1152.19995117188
3410.3657885446	1151.84997558594
3412.40533346167	1151.71667480469
3414.44431902408	1152.41662597656
3416.48274548209	1151.18334960938
3418.5206130858	1151.84997558594
3420.55792208516	1151.11669921875
3422.59467273003	1152.68334960938
3424.63086527009	1152
3426.6664999549	1152.15002441406
3428.70157703386	1151.5
3430.73609675628	1152.01672363281
3432.77005937129	1153.09997558594
3434.80346512789	1151.44995117188
3436.83631427494	1152.16662597656
3438.86860706119	1151.76672363281
3440.90034373521	1151.81665039063
3442.93152454546	1152.06665039063
3444.96214974025	1152.09997558594
3446.99221956775	1152
3449.021734276	1152.73327636719
3451.05069411289	1150.84997558594
3453.07909932619	1151.61669921875
3455.1069501635	1151.25
3457.1342468723	1150.80004882813
3459.16098969993	1152.38330078125
3461.1871788936	1152.46667480469
3463.21281470035	1151.28332519531
3465.23789736712	1151.56665039063
3467.26242714067	1151.73327636719
3469.28640426765	1152.19995117188
3471.30982899455	1152.28332519531
3473.33270156774	1152.08337402344
3475.35502223343	1153.03332519531
3477.3767912377	1152
3479.39800882649	1151.94995117188
3481.41867524559	1153.03332519531
3483.43879074066	1152.18334960938
3485.45835555721	1152.78332519531
3487.47736994062	1150.84997558594
3489.49583413611	1151.55004882813
3491.51374838879	1151.71667480469
3493.53111294359	1152.28332519531
3495.54792804533	1151.51672363281
3497.56419393867	1151.75
3499.57991086814	1151.63330078125
3501.59507907811	1151.68334960938
3503.60969881284	1151.88330078125
3505.6237703164	1150.91662597656
3507.63729383278	1152.13330078125
3509.65026960577	1152.31665039063
3511.66269787904	1151.30004882813
3513.67457889613	1151.5
3515.68591290042	1152.03332519531
3517.69670013515	1151.80004882813
3519.70694084342	1151.19995117188
3521.7166352682	1150.56665039063
3523.72578365229	1152.01672363281
3525.73438623836	1151.08337402344
3527.74244326893	1152.09997558594
3529.74995498641	1152.36669921875
3531.75692163301	1152.31665039063
3533.76334345084	1151.96667480469
3535.76922068186	1152.30004882813
3537.77455356786	1152.40002441406
3539.77934235051	1150.68334960938
3541.78358727133	1151.98327636719
3543.78728857169	1151.96667480469
3545.79044649283	1152.41662597656
3547.79306127584	1151.65002441406
3549.79513316164	1151.75
3551.79666239104	1152.96667480469
3553.79764920469	1151.03332519531
3555.7980938431	1150.90002441406
3557.79799654663	1151.21667480469
3559.79735755548	1152.09997558594
3561.79617710974	1150.93334960938
3563.79445544932	1150.93334960938
3565.79219281401	1152.48327636719
3567.78938944344	1150.36669921875
3569.7860455771	1152.21667480469
3571.78216145432	1152.25
3573.77773731431	1151.44995117188
3575.7727733961	1151.16662597656
3577.76726993861	1151.73327636719
3579.76122718059	1151.94995117188
3581.75464536064	1152.09997558594
3583.74752471725	1151.34997558594
3585.7398654887	1150.68334960938
3587.73166791317	1151.63330078125
3589.7229322287	1150.84997558594
3591.71365867314	1151.76672363281
3593.70384748424	1150.83337402344
3595.69349889955	1152.05004882813
3597.68261315654	1151.44995117188
3599.67119049245	1151.73327636719
3601.65923114446	1150.48327636719
3603.64673534952	1151.58337402344
3605.63370334449	1150.94995117188
3607.62013536607	1151.63330078125
3609.60603165079	1151.5
3611.59139243504	1150.80004882813
3613.57621795509	1151.41662597656
3615.56050844701	1151.43334960938
3617.54426414677	1150.91662597656
3619.52748529017	1151.58337402344
3621.51017211285	1150.55004882813
3623.49232485031	1151.73327636719
3625.47394373792	1150.83337402344
3627.45502901088	1150.86669921875
3629.43558090423	1151.86669921875
3631.41559965288	1150.46667480469
3633.3950854916	1149.91662597656
3635.37403865498	1150.73327636719
3637.35245937747	1150.5
3639.33034789339	1150.63330078125
3641.30770443688	1150.61669921875
3643.28452924196	1150.81665039063
3645.26082254248	1151.40002441406
3647.23658457212	1150.94995117188
3649.21181556447	1151.69995117188
3651.18651575291	1149.59997558594
3653.16068537069	1151.56665039063
3655.13432465092	1151.40002441406
3657.10743382653	1151.18334960938
3659.08001313034	1150.98327636719
3661.05206279498	1150.96667480469
3663.02358305295	1151.40002441406
3664.9945741366	1151.84997558594
3666.96503627811	1150.83337402344
3668.93496970952	1150.53332519531
3670.90437466272	1150.80004882813
3672.87325136944	1150.86669921875
3674.84160006127	1151.63330078125
3676.80942096963	1150.53332519531
3678.77671432581	1149.40002441406
3680.74348036092	1150.26672363281
3682.70971930595	1150.68334960938
3684.6754313917	1151.34997558594
3686.64061684885	1151.36669921875
3688.60527590791	1150.73327636719
3690.56940879924	1150.40002441406
3692.53301575303	1151.06665039063
3694.49609699936	1151.38330078125
3696.45865276812	1151.34997558594
3698.42068328904	1149.63330078125
3700.38218879173	1150.90002441406
3702.34316950563	1150.81665039063
3704.30362566	1151.36669921875
3706.26355748399	1151.18334960938
3708.22296520657	1150.84997558594
3710.18184905656	1149.19995117188
3712.14020926263	1150.88330078125
3714.09804605328	1149.96667480469
3716.05535965687	1151.65002441406
3718.01215030162	1150.93334960938
3719.96841821555	1150.13330078125
3721.92416362657	1150.31665039063
3723.8793867624	1150.90002441406
3725.83408785063	1150.65002441406
3727.78826711869	1150.94995117188
3729.74192479384	1150.30004882813
3731.69506110319	1149.55004882813
3733.64767627371	1150.26672363281
3735.59977053219	1151.01672363281
3737.55134410528	1150
3739.50239721947	1149.81665039063
3741.45293010108	1150.81665039063
3743.40294297631	1149.18334960938
3745.35243607116	1151.44995117188
3747.3014096115	1150.30004882813
3749.24986382303	1149.65002441406
3751.19779893131	1149.66662597656
3753.14521516171	1150.88330078125
3755.09211273949	1150.15002441406
3757.0384918897	1150.61669921875
3758.98435283728	1149.90002441406
3760.92969580698	1150.21667480469
3762.87452102341	1150.23327636719
3764.81882871101	1150.31665039063
3766.76261909407	1151.41662597656
3768.70589239672	1150.06665039063
3770.64864884293	1150.26672363281
3772.59088865651	1150.66662597656
3774.53261206112	1148.84997558594
3776.47381928025	1150.15002441406
