-173.428722450078	1145.69995117188
-170.294344013779	1146.98327636719
-167.160990304052	1145.58337402344
-164.028660894548	1146.84997558594
-160.897355359205	1147.36669921875
-157.767073272189	1147.01672363281
-154.637814207931	1146.08337402344
-151.50957774112	1147.06665039063
-148.382363446704	1146.23327636719
-145.256170899859	1146.25
-142.130999676054	1145.51672363281
-139.006849350965	1145.71667480469
-135.883719500571	1145.78332519531
-132.761609701053	1146.01672363281
-129.640519528863	1146.48327636719
-126.520448560715	1146.65002441406
-123.401396373553	1145.90002441406
-120.28336254458	1145.58337402344
-117.166346651252	1146.31665039063
-114.050348271258	1146.09997558594
-110.935366982541	1146.53332519531
-107.821402363301	1145.28332519531
-104.708453991972	1146.80004882813
-101.596521447235	1146.53332519531
-98.4856043080122	1146.40002441406
-95.3757021534957	1145.78332519531
-92.2668145630801	1146.06665039063
-89.1589411164452	1145.55004882813
-86.0520813934781	1146.71667480469
-82.946234974338	1146.06665039063
-79.8414014394074	1146.66662597656
-76.7375803693083	1146.68334960938
-73.6347713449181	1146.43334960938
-70.532973947345	1146.51672363281
-67.4321877579402	1146.55004882813
-64.3324123582935	1144.44995117188
-61.2336473302252	1146.76672363281
-58.1358922558143	1146.78332519531
-55.0391467173494	1145.33337402344
-51.9434102973817	1146.25
-48.8486825786838	1146.66662597656
-45.7549631442702	1146.73327636719
-42.662251577389	1145.43334960938
-39.5705474615295	1146.36669921875
-36.4798503804062	1145.73327636719
-33.3901599179706	1146.80004882813
-30.301475658403	1146.71667480469
-27.2137971861287	1145.66662597656
-24.1271240858053	1145.98327636719
-21.0414559423028	1146.15002441406
-17.9567923407513	1145.76672363281
-14.8731328664812	1146.69995117188
-11.7904771050747	1145.75
-8.70882464233763	1145.23327636719
-5.62817506431157	1145.91662597656
-2.54852795725342	1148.40002441406
0.530117092344597	1149.58337402344
3.6077604977471	1151.90002441406
6.68440267202787	1149.65002441406
9.76004402799773	1147.58337402344
12.8346849782609	1146.98327636719
15.9083259351831	1146.01672363281
18.9809673109237	1146.59997558594
22.0526095173877	1146.98327636719
25.1232529662903	1146.58337402344
28.1928980690886	1145.73327636719
31.2615452370419	1146.19995117188
34.32919488118	1146.56665039063
37.3958474123071	1145.48327636719
40.4615032409942	1146.73327636719
43.5261627776189	1145.81665039063
46.58982643231	1145.34997558594
49.6524946149833	1146
52.7141677353456	1146.23327636719
55.7748462028835	1146.76672363281
58.8345304268427	1145.80004882813
61.8932208162729	1146.81665039063
64.9509177800033	1147
68.0076217266271	1146.48327636719
71.0633330645419	1146.44995117188
74.118052201909	1145.98327636719
77.1717795467022	1148.56665039063
80.224515506648	1154.61669921875
83.2762604892772	1164.84997558594
86.3270149018856	1178.59997558594
89.3767791515896	1185.46667480469
92.4255536452548	1191.18334960938
95.4733387895519	1191.01672363281
98.5201349909248	1192.83337402344
101.565942655643	1192.94995117188
104.610762189717	1191.23327636719
107.654593998963	1193.88330078125
110.697438488996	1188.88330078125
113.739296065204	1190.33337402344
116.78016713278	1187.83337402344
119.820052096698	1189.76672363281
122.85895136172	1186.16662597656
125.896865332408	1185.68334960938
128.933794413111	1183.46667480469
131.969739007965	1185.33337402344
135.004699520911	1182.78332519531
138.038676355664	1183.25
141.071669915751	1181.84997558594
144.103680604487	1181.93334960938
147.134708824975	1182.28332519531
150.164754980118	1180.18334960938
153.193819472611	1180.31665039063
156.221902704945	1178.43334960938
159.24900507942	1178.75
162.275126998099	1179.96667480469
165.300268862873	1177.75
168.324431075425	1178.26672363281
171.347614037231	1177.96667480469
174.369818149562	1177.38330078125
177.391043813491	1177.44995117188
180.411291429897	1176.26672363281
183.430561399437	1176.93334960938
186.448854122582	1175.96667480469
189.466169999607	1177.93334960938
192.482509430598	1177.16662597656
195.497872815412	1177
198.512260553716	1174.55004882813
201.525673045011	1177.08337402344
204.538110688552	1177.76672363281
207.549573883427	1176.86669921875
210.560063028519	1175.31665039063
213.569578522523	1178.38330078125
216.578120763917	1176.26672363281
219.585690151021	1177.36669921875
222.592287081907	1178.80004882813
225.597911954507	1180.38330078125
228.602565166512	1181.15002441406
231.606247115456	1182.68334960938
234.608958198646	1182.09997558594
237.610698813222	1181.18334960938
240.611469356122	1180.76672363281
243.611270224103	1181.19995117188
246.610101813707	1181.36669921875
249.607964521295	1182.11669921875
252.604858743044	1184.40002441406
255.600784874935	1184.26672363281
258.595743312749	1183.80004882813
261.589734452097	1183.78332519531
264.582758688393	1186.46667480469
267.574816416842	1183.80004882813
270.565908032503	1186.08337402344
273.556033930195	1183.73327636719
276.545194504586	1185.33337402344
279.533390150138	1186.08337402344
282.520621261151	1188.86669921875
285.506888231708	1187.11669921875
288.49219145571	1187.53332519531
291.476531326902	1188.75
294.459908238794	1193.13330078125
297.442322584762	1193.90002441406
300.423774757966	1196.51672363281
303.404265151375	1196.06665039063
306.383794157805	1199.25
309.362362169862	1195.48327636719
312.339969579982	1190.21667480469
315.316616780414	1190.09997558594
318.292304163227	1186.86669921875
321.267032120295	1186.73327636719
324.24080104332	1184.5
327.213611323833	1185.55004882813
330.185463353171	1182.21667480469
333.156357522491	1182.55004882813
336.126294222774	1180.28332519531
339.095273844812	1181.31665039063
342.063296779227	1181.56665039063
345.030363416467	1179.41662597656
347.996474146782	1179.33337402344
350.961629360257	1180.75
353.925829446806	1177.78332519531
356.889074796147	1178
359.851365797829	1178.65002441406
362.812702841222	1178.86669921875
365.773086315536	1177.56665039063
368.732516609768	1178.30004882813
371.690994112778	1177.26672363281
374.648519213243	1176.73327636719
377.605092299631	1176.81665039063
380.560713760273	1175.83337402344
383.515383983307	1175.83337402344
386.469103356711	1175.59997558594
389.421872268273	1174.81665039063
392.373691105615	1174.71667480469
395.32456025619	1175.25
398.274480107272	1173.69995117188
401.223451045967	1173.94995117188
404.171473459202	1175.63330078125
407.118547733728	1173.16662597656
410.064674256155	1174.41662597656
413.009853412892	1174.73327636719
415.954085590181	1174.63330078125
418.8973711741	1174.21667480469
421.83971055055	1174.19995117188
424.781104105281	1174.03332519531
427.721552223856	1175.51672363281
430.661055291665	1175.18334960938
433.599613693946	1175.23327636719
436.537227815752	1174.86669921875
439.473898041993	1173.58337402344
442.409624757378	1174.13330078125
445.344408346476	1172.33337402344
448.278249193683	1170.88330078125
451.211147683207	1170.08337402344
454.143104199122	1168.18334960938
457.074119125312	1167.15002441406
460.004192845497	1166.94995117188
462.933325743267	1168.84997558594
465.861518202001	1169.69995117188
468.788770604917	1169.51672363281
471.71508333511	1171.03332519531
474.640456775471	1170.84997558594
477.564891308737	1172.38330078125
480.488387317487	1172.84997558594
483.410945184141	1173.18334960938
486.332565290942	1175.23327636719
489.253248019986	1177.43334960938
492.172993753197	1180.30004882813
495.091802872338	1182.78332519531
498.009675759011	1186.15002441406
500.926612794666	1192.33337402344
503.842614360571	1202
506.757680837864	1223.58337402344
509.671812607493	1272.73327636719
512.585010050263	1417.80004882813
515.497273546817	1869.84997558594
518.408603477637	2641.56665039063
521.319000223045	2718.53344726563
524.228464163205	2088.28344726563
527.136995678121	1616.58337402344
530.044595147647	1401.68334960938
532.951262951471	1301.34997558594
535.856999469123	1250.80004882813
538.761805079986	1220.98327636719
541.665680163279	1202.31665039063
544.568625098049	1191.76672363281
547.470640263216	1186.84997558594
550.371726037533	1182.23327636719
553.271882799588	1179.73327636719
556.171110927825	1175.55004882813
559.069410800531	1174.06665039063
561.966782795823	1171.36669921875
564.863227291685	1170.21667480469
567.758744665944	1169.31665039063
570.653335296256	1169.15002441406
573.546999560148	1168.16662597656
576.439737834969	1166.91662597656
579.331550497935	1168.05004882813
582.222437926093	1167.93334960938
585.112400496356	1166.94995117188
588.001438585469	1166.58337402344
590.889552570021	1165.69995117188
593.77674282648	1165.83337402344
596.663009731132	1167.65002441406
599.548353660116	1168.11669921875
602.432774989433	1165.81665039063
605.316274094926	1167.34997558594
608.198851352303	1168.03332519531
611.080507137075	1169.69995117188
613.961241824667	1169.26672363281
616.841055790315	1171.40002441406
619.71994940911	1170.55004882813
622.597923056008	1170.33337402344
625.474977105798	1169.09997558594
628.351111933143	1168.48327636719
631.22632791255	1167.31665039063
634.10062541835	1168.19995117188
636.97400482478	1168.44995117188
639.846466505882	1167.31665039063
642.718010835585	1167.63330078125
645.58863818764	1166.48327636719
648.458348935679	1167.01672363281
651.327143453188	1167.18334960938
654.195022113475	1167.69995117188
657.061985289745	1168.78332519531
659.928033355022	1168.59997558594
662.79316668221	1168.90002441406
665.657385644057	1168.66662597656
668.520690613176	1169.55004882813
671.383081962017	1168.76672363281
674.244560062899	1169.09997558594
677.105125288002	1168.98327636719
679.964778009343	1168.06665039063
682.823518598832	1166.75
685.681347428202	1167.25
688.538264869057	1166.98327636719
691.394271292855	1165.86669921875
694.249367070914	1166.03332519531
697.103552574412	1165.23327636719
699.956828174378	1164.03332519531
702.809194241715	1164.11669921875
705.660651147175	1162.58337402344
708.511199261361	1163.43334960938
711.360838954755	1163.83337402344
714.209570597676	1163.73327636719
717.057394560329	1163.46667480469
719.90431121275	1163.53332519531
722.750320924861	1163.41662597656
725.59542406643	1163.66662597656
728.439621007094	1163.34997558594
731.282912116347	1164.08337402344
734.125297763539	1163.98327636719
736.966778317898	1164.51672363281
739.807354148498	1163.65002441406
742.647025624275	1163.43334960938
745.485793114042	1162.51672363281
748.323656986468	1162.93334960938
751.160617610072	1163.78332519531
753.996675353258	1164.26672363281
756.831830584275	1164.05004882813
759.666083671249	1164.56665039063
762.499434982158	1164.61669921875
765.331884884853	1163.16662597656
768.163433747055	1163.61669921875
770.994081936328	1164.28332519531
773.823829820116	1163.80004882813
776.652677765732	1165.44995117188
779.480626140347	1164.15002441406
782.307675310993	1164.48327636719
785.133825644576	1165.25
787.959077507869	1165.46667480469
790.783431267511	1165.61669921875
793.606887289986	1166.66662597656
796.429445941685	1165.46667480469
799.251107588836	1164.71667480469
802.071872597536	1166.90002441406
804.891741333751	1167.05004882813
807.71071416334	1167.63330078125
810.528791451981	1165.86669921875
813.345973565269	1167.03332519531
816.162260868638	1167.38330078125
818.977653727395	1166.59997558594
821.792152506717	1168.16662597656
824.605757571661	1168.11669921875
827.418469287133	1167.93334960938
830.230288017926	1166.90002441406
833.0412141287	1167.56665039063
835.851247983973	1166.75
838.660389948141	1166.68334960938
841.468640385466	1167.33337402344
844.27599966009	1166.98327636719
847.082468136026	1167.16662597656
849.888046177135	1166.34997558594
852.692734147171	1166.34997558594
855.496532409758	1166.05004882813
858.29944132839	1166.06665039063
861.10146126642	1168.13330078125
863.902592587094	1166.90002441406
866.702835653509	1164.94995117188
869.502190828641	1166.61669921875
872.300658475353	1169.09997558594
875.098238956361	1166.83337402344
877.894932634271	1166.66662597656
880.690739871548	1168.08337402344
883.485661030531	1166.44995117188
886.279696473447	1167.23327636719
889.072846562376	1168.80004882813
891.86511165929	1167.26672363281
894.65649212603	1167
897.446988324303	1167.43334960938
900.236600615703	1167.01672363281
903.025329361687	1169.69995117188
905.813174923597	1167.80004882813
908.600137662639	1167.21667480469
911.38621793991	1169.48327636719
914.171416116365	1168.16662597656
916.95573255285	1169.69995117188
919.739167610082	1170.26672363281
922.521721648641	1172.75
925.303395029005	1174.61669921875
928.084188111517	1182.51672363281
930.864101256396	1189.86669921875
933.643134823733	1197.26672363281
936.42128917351	1207.98327636719
939.198564665577	1213.18334960938
941.97496165967	1220.25
944.750480515391	1218.96667480469
947.525121592226	1218.66662597656
950.298885249534	1219.31665039063
953.071771846555	1217.93334960938
955.843781742413	1220.81665039063
958.614915296108	1219.25
961.385172866513	1219.21667480469
964.154554812387	1219.65002441406
966.92306149236	1220.80004882813
969.690693264949	1221.90002441406
972.457450488552	1220.96667480469
975.223333521431	1224.55004882813
977.988342721749	1221.76672363281
980.752478447535	1223.76672363281
983.515741056708	1217.81665039063
986.278130907059	1217.11669921875
989.039648356259	1206.98327636719
991.800293761863	1199.75
994.560067481312	1193.18334960938
997.318969871913	1188.06665039063
1000.07700129088	1183.84997558594
1002.83416209528	1181.18334960938
1005.59045264208	1178.38330078125
1008.34587328813	1178.19995117188
1011.10042439014	1174.23327636719
1013.85410630472	1174.09997558594
1016.60691938837	1171.73327636719
1019.35886399746	1172.61669921875
1022.10994048823	1170.21667480469
1024.86014921684	1169.73327636719
1027.60949053928	1168.58337402344
1030.35796481149	1166.36669921875
1033.10557238924	1164.51672363281
1035.85231362819	1164.26672363281
1038.5981888839	1163.25
1041.34319851182	1161.91662597656
1044.08734286727	1161.55004882813
1046.83062230544	1161.05004882813
1049.57303718143	1160.78332519531
1052.31458785021	1160.83337402344
1055.05527466665	1161.36669921875
1057.79509798549	1160.76672363281
1060.53405816134	1160.26672363281
1063.27215554874	1160.30004882813
1066.00939050209	1159.31665039063
1068.74576337565	1159.94995117188
1071.48127452361	1159.75
1074.21592430002	1159.13330078125
1076.94971305882	1160
1079.68264115384	1158.71667480469
1082.41470893879	1159.61669921875
1085.14591676728	1158.43334960938
1087.8762649928	1160.03332519531
1090.60575396871	1159.80004882813
1093.33438404827	1159.01672363281
1096.06215558464	1158.34997558594
1098.78906893086	1159.40002441406
1101.51512443981	1159.13330078125
1104.24032246435	1157.16662597656
1106.96466335716	1158.26672363281
1109.68814747081	1159.58337402344
1112.41077515779	1159.90002441406
1115.13254677044	1158.59997558594
1117.85346266104	1158.08337402344
1120.57352318169	1158.68334960938
1123.29272868445	1159.55004882813
1126.01107952121	1159.23327636719
1128.72857604378	1157.78332519531
1131.44521860385	1158.16662597656
1134.16100755301	1158.30004882813
1136.87594324271	1159.09997558594
1139.59002602433	1159.31665039063
1142.3032562491	1160.15002441406
1145.01563426818	1159.83337402344
1147.72716043257	1160.33337402344
1150.43783509322	1161.80004882813
1153.14765860091	1159.78332519531
1155.85663130634	1159.15002441406
1158.56475356012	1158.98327636719
1161.27202571271	1158.61669921875
1163.97844811448	1158.86669921875
1166.68402111569	1160.31665039063
1169.38874506649	1159.30004882813
1172.09262031694	1159.63330078125
1174.79564721695	1158.88330078125
1177.49782611635	1158.19995117188
1180.19915736486	1157.98327636719
1182.89964131208	1157.43334960938
1185.59927830751	1159.86669921875
1188.29806870054	1158.63330078125
1190.99601284046	1158.86669921875
1193.69311107643	1158.09997558594
1196.38936375753	1158.65002441406
1199.08477123271	1159.08337402344
1201.77933385082	1158.28332519531
1204.47305196061	1156.96667480469
1207.1659259107	1157.5
1209.85795604964	1159.05004882813
1212.54914272585	1158.18334960938
1215.23948628763	1159.13330078125
1217.92898708319	1159.34997558594
1220.61764546064	1159.09997558594
1223.30546176798	1160.06665039063
1225.99243635308	1158.94995117188
1228.67856956373	1160.11669921875
1231.36386174761	1159.76672363281
1234.04831325228	1158.5
1236.73192442522	1158.65002441406
1239.41469561377	1158.19995117188
1242.09662716519	1159.19995117188
1244.77771942662	1160.03332519531
1247.45797274511	1160.44995117188
1250.13738746759	1157.73327636719
1252.81596394089	1159.61669921875
1255.49370251175	1157.96667480469
1258.17060352676	1160.16662597656
1260.84666733246	1159.34997558594
1263.52189427525	1159.43334960938
1266.19628470144	1159.33337402344
1268.86983895722	1159.46667480469
1271.5425573887	1159.33337402344
1274.21444034186	1159.11669921875
1276.8854881626	1158.83337402344
1279.55570119671	1160.18334960938
1282.22507978985	1159.69995117188
1284.89362428759	1160.88330078125
1287.56133503543	1159.78332519531
1290.22821237872	1160.06665039063
1292.89425666274	1161.18334960938
1295.55946823263	1161.51672363281
1298.22384743346	1160.16662597656
1300.88739461019	1160.63330078125
1303.55011010766	1160.71667480469
1306.21199427063	1160.30004882813
1308.87304744373	1158.65002441406
1311.53326997152	1158.51672363281
1314.19266219843	1159.44995117188
1316.8512244688	1158.13330078125
1319.50895712687	1158.38330078125
1322.16586051676	1157.81665039063
1324.82193498252	1159.41662597656
1327.47718086806	1158.31665039063
1330.1315985172	1157.69995117188
1332.78518827369	1158.31665039063
1335.43795048114	1158.63330078125
1338.08988548307	1159.44995117188
1340.74099362289	1157.73327636719
1343.39127524392	1158.44995117188
1346.04073068939	1157.59997558594
1348.6893603024	1159.06665039063
1351.33716442597	1158.68334960938
1353.98414340301	1159.55004882813
1356.63029757632	1158.43334960938
1359.27562728863	1158.59997558594
1361.92013288252	1157.80004882813
1364.56381470053	1158.15002441406
1367.20667308505	1157.53332519531
1369.84870837838	1158.05004882813
1372.48992092274	1157.36669921875
1375.13031106023	1156.5
1377.76987913284	1158.19995117188
1380.40862548251	1157.11669921875
1383.04655045101	1158.44995117188
1385.68365438006	1157.73327636719
1388.31993761126	1157.80004882813
1390.95540048612	1157.75
1393.59004334605	1158.26672363281
1396.22386653233	1159.28332519531
1398.85687038619	1157.91662597656
1401.48905524873	1158.01672363281
1404.12042146094	1158.51672363281
1406.75096936375	1159.94995117188
1409.38069929796	1158.34997558594
1412.00961160428	1157.96667480469
1414.63770662332	1159.46667480469
1417.26498469557	1158.94995117188
1419.89144616146	1157.71667480469
1422.51709136132	1157.48327636719
1425.14192063532	1157.96667480469
1427.76593432361	1156.78332519531
1430.3891327662	1157.58337402344
1433.01151630299	1157.34997558594
1435.63308527382	1158.93334960938
1438.2538400184	1158.41662597656
1440.87378087637	1159.98327636719
1443.49290818722	1159.69995117188
1446.1112222904	1157.53332519531
1448.72872352524	1158.91662597656
1451.34541223097	1157.76672363281
1453.96128874671	1158.78332519531
1456.5763534115	1159.30004882813
1459.19060656429	1158.44995117188
1461.8040485439	1157.34997558594
1464.41667968907	1159.38330078125
1467.02850033846	1159.23327636719
1469.63951083061	1158.03332519531
1472.24971150397	1157.81665039063
1474.8591026969	1157.63330078125
1477.46768474763	1156.90002441406
1480.07545799434	1157.31665039063
1482.68242277508	1159.55004882813
1485.28857942782	1158.06665039063
1487.89392829042	1156.96667480469
1490.49846970065	1158.25
1493.10220399619	1159.34997558594
1495.70513151461	1157.46667480469
1498.30725259339	1156.73327636719
1500.90856756992	1157.33337402344
1503.50907678146	1157.96667480469
1506.10878056524	1158.03332519531
1508.70767925832	1156.80004882813
1511.30577319772	1155.16662597656
1513.90306272032	1156.41662597656
1516.49954816295	1156.38330078125
1519.09522986229	1156.30004882813
1521.69010815498	1155.69995117188
1524.28418337751	1156.30004882813
1526.87745586632	1156.96667480469
1529.46992595773	1155.65002441406
1532.06159398796	1155.81665039063
1534.65246029316	1157.30004882813
1537.24252520935	1155.55004882813
1539.83178907249	1156.34997558594
1542.42025221841	1156.96667480469
1545.00791498287	1157.61669921875
1547.59477770152	1156.15002441406
1550.18084070993	1158.11669921875
1552.76610434356	1157.11669921875
1555.35056893777	1156.5
1557.93423482785	1157.30004882813
1560.51710234896	1157.13330078125
1563.0991718362	1158.86669921875
1565.68044362457	1156.41662597656
1568.26091804893	1157.56665039063
1570.84059544411	1157.11669921875
1573.41947614481	1156.65002441406
1575.99756048562	1158.18334960938
1578.57484880108	1159.11669921875
1581.15134142559	1159.21667480469
1583.72703869349	1158.19995117188
1586.301940939	1157.38330078125
1588.87604849628	1157.94995117188
1591.44936169934	1158.96667480469
1594.02188088215	1159.46667480469
1596.59360637855	1160.25
1599.16453852232	1162.18334960938
1601.73467764709	1162.46667480469
1604.30402408647	1164.31665039063
1606.87257817391	1163.94995117188
1609.44034024281	1163.93334960938
1612.00731062644	1160.38330078125
1614.57348965801	1160.28332519531
1617.13887767062	1158.76672363281
1619.70347499726	1158.94995117188
1622.26728197086	1160.34997558594
1624.83029892423	1159.05004882813
1627.39252619012	1160.48327636719
1629.95396410112	1160.58337402344
1632.5146129898	1164.08337402344
1635.07447318858	1162.16662597656
1637.63354502984	1161.58337402344
1640.19182884582	1159.55004882813
1642.74932496868	1159.15002441406
1645.3060337305	1158.44995117188
1647.86195546325	1157.43334960938
1650.41709049882	1156.83337402344
1652.971439169	1157.09997558594
1655.52500180548	1156.83337402344
1658.07777873987	1157.28332519531
1660.62977030368	1157.34997558594
1663.18097682833	1156.81665039063
1665.73139864514	1156.56665039063
1668.28103608534	1155.98327636719
1670.82988948008	1156.28332519531
1673.37795916039	1155.71667480469
1675.92524545724	1157.40002441406
1678.47174870147	1157.63330078125
1681.01746922386	1157.13330078125
1683.56240735508	1156.90002441406
1686.10656342572	1156.53332519531
1688.64993776626	1156.36669921875
1691.19253070709	1155
1693.73434257853	1155.78332519531
1696.27537371078	1157.01672363281
1698.81562443395	1156.46667480469
1701.35509507809	1155.68334960938
1703.89378597311	1157.25
1706.43169744886	1157.25
1708.96882983509	1156.23327636719
1711.50518346144	1157.73327636719
1714.0407586575	1159.46667480469
1716.57555575272	1159
1719.10957507649	1159.41662597656
1721.64281695809	1159.16662597656
1724.17528172671	1160.11669921875
1726.70696971146	1158.59997558594
1729.23788124135	1158.71667480469
1731.7680166453	1160.25
1734.29737625213	1157.63330078125
1736.82596039057	1158.18334960938
1739.35376938927	1157.90002441406
1741.88080357677	1157.83337402344
1744.40706328154	1157.53332519531
1746.93254883193	1157.91662597656
1749.45726055623	1157.36669921875
1751.9811987826	1157.06665039063
1754.50436383915	1155.96667480469
1757.02675605387	1155.68334960938
1759.54837575466	1156.23327636719
1762.06922326934	1155.41662597656
1764.58929892564	1155.48327636719
1767.10860305118	1156.18334960938
1769.6271359735	1157.25
1772.14489802005	1156.05004882813
1774.66188951817	1156.81665039063
1777.17811079515	1155.94995117188
1779.69356217815	1154.80004882813
1782.20824399425	1156.78332519531
1784.72215657043	1156.08337402344
1787.23530023361	1155.55004882813
1789.74767531057	1156.63330078125
1792.25928212804	1155.94995117188
1794.77012101264	1155.91662597656
1797.2801922909	1155.56665039063
1799.78949628926	1155.69995117188
1802.29803333406	1155.13330078125
1804.80580375158	1154.94995117188
1807.31280786797	1155.56665039063
1809.81904600929	1155.56665039063
1812.32451850154	1156.01672363281
1814.82922567061	1156.15002441406
1817.33316784231	1155.58337402344
1819.83634534233	1156.63330078125
1822.33875849629	1155.78332519531
1824.84040762973	1156.51672363281
1827.34129306808	1156.19995117188
1829.84141513667	1154.5
1832.34077416077	1155.83337402344
1834.83937046553	1157.08337402344
1837.33720437602	1156.15002441406
1839.83427621723	1156.69995117188
1842.33058631404	1155.41662597656
1844.82613499125	1155.5
1847.32092257355	1156.58337402344
1849.81494938558	1156.55004882813
1852.30821575184	1155.56665039063
1854.80072199677	1154.88330078125
1857.29246844473	1156.43334960938
1859.78345541994	1155.53332519531
1862.27368324658	1156.26672363281
1864.76315224871	1156.56665039063
1867.2518627503	1155.90002441406
1869.73981507524	1155.28332519531
1872.22700954733	1154.78332519531
1874.71344649027	1155.75
1877.19912622768	1155.69995117188
1879.68404908308	1155.19995117188
1882.16821537988	1155.11669921875
1884.65162544145	1155.73327636719
1887.13427959102	1156.21667480469
1889.61617815175	1156.61669921875
1892.0973214467	1156.53332519531
1894.57770979887	1156.09997558594
1897.05734353113	1155.21667480469
1899.53622296628	1156.31665039063
1902.014348427	1155.46667480469
1904.49172023593	1156.71667480469
1906.96833871558	1155.18334960938
1909.44420418839	1154.98327636719
1911.91931697668	1156.19995117188
1914.39367740272	1154.96667480469
1916.86728578865	1155.69995117188
1919.34014245654	1155.33337402344
1921.81224772838	1155.36669921875
1924.28360192604	1156.33337402344
1926.75420537132	1156.01672363281
1929.22405838593	1155.78332519531
1931.69316129147	1155.69995117188
1934.16151440948	1155.13330078125
1936.62911806136	1154.71667480469
1939.09597256848	1155.06665039063
1941.56207825207	1155.76672363281
1944.0274354333	1155.34997558594
1946.49204443322	1155.96667480469
1948.95590557284	1155.21667480469
1951.41901917301	1153.61669921875
1953.88138555454	1155.96667480469
1956.34300503813	1154.5
1958.8038779444	1154.96667480469
1961.26400459387	1155.68334960938
1963.72338530697	1154.63330078125
1966.18202040403	1155.71667480469
1968.63991020531	1155.81665039063
1971.09705503097	1154.91662597656
1973.55345520107	1155.18334960938
1976.0091110356	1155.93334960938
1978.46402285444	1156.58337402344
1980.91819097737	1154.18334960938
1983.3716157241	1155.5
1985.82429741427	1155.86669921875
1988.27623636736	1156.55004882813
1990.72743290284	1155.40002441406
1993.17788734002	1155.56665039063
1995.62759999817	1154.94995117188
1998.07657119644	1154.86669921875
2000.5248012539	1154.65002441406
2002.97229048952	1155.90002441406
2005.41903922219	1155.73327636719
2007.86504777071	1154.86669921875
2010.31031645378	1154.65002441406
2012.75484559	1156.40002441406
2015.19863549792	1155.01672363281
2017.64168649594	1154.09997558594
2020.08399890242	1155.36669921875
2022.5255730356	1156.18334960938
2024.96640921365	1155.31665039063
2027.40650775462	1155
2029.84586897649	1155.59997558594
2032.28449319715	1154.5
2034.72238073438	1155.96667480469
2037.15953190591	1155.51672363281
2039.59594702932	1155.31665039063
2042.03162642215	1155.41662597656
2044.46657040182	1155.98327636719
2046.90077928567	1155.96667480469
2049.33425339095	1154.34997558594
2051.76699303481	1155.11669921875
2054.19899853433	1155.65002441406
2056.63027020645	1155.59997558594
2059.06080836809	1157.09997558594
2061.49061333602	1155.51672363281
2063.91968542694	1154.94995117188
2066.34802495747	1155.26672363281
2068.77563224411	1155.13330078125
2071.20250760329	1155.51672363281
2073.62865135136	1155.71667480469
2076.05406380455	1155.21667480469
2078.47874527901	1154.43334960938
2080.9026960908	1155.66662597656
2083.3259165559	1153.76672363281
2085.74840699018	1154.66662597656
2088.17016770944	1155.30004882813
2090.59119902935	1156.84997558594
2093.01150126553	1155.83337402344
2095.43107473348	1155.34997558594
2097.84991974864	1153.84997558594
2100.26803662633	1155.58337402344
2102.68542568178	1154.43334960938
2105.10208723015	1155.06665039063
2107.51802158648	1155.80004882813
2109.93322906574	1154.58337402344
2112.3477099828	1155.84997558594
2114.76146465245	1155.93334960938
2117.17449338937	1156.5
2119.58679650815	1154.73327636719
2121.9983743233	1155.15002441406
2124.40922714924	1154.69995117188
2126.81935530029	1155.71667480469
2129.22875909067	1153.78332519531
2131.63743883452	1155.38330078125
2134.04539484589	1154.28332519531
2136.45262743874	1156.38330078125
2138.85913692692	1155.88330078125
2141.26492362422	1155.90002441406
2143.6699878443	1155.08337402344
2146.07432990076	1155.33337402344
2148.47795010708	1155.51672363281
2150.88084877667	1154.78332519531
2153.28302622285	1155.06665039063
2155.68448275883	1155.46667480469
2158.08521869774	1154.30004882813
2160.48523435261	1154.69995117188
2162.88453003639	1155.15002441406
2165.28310606193	1154.76672363281
2167.68096274199	1154.51672363281
2170.07810038922	1155
2172.47451931622	1154.83337402344
2174.87021983546	1155.48327636719
2177.26520225933	1154.71667480469
2179.65946690013	1155.81665039063
2182.05301407006	1155.30004882813
2184.44584408123	1155.73327636719
2186.83795724567	1155.36669921875
2189.22935387531	1155.68334960938
2191.62003428198	1154.73327636719
2194.00999877743	1154.61669921875
2196.39924767329	1155.61669921875
2198.78778128115	1154.51672363281
2201.17559991245	1154.55004882813
2203.56270387857	1154.86669921875
2205.94909349081	1156.34997558594
2208.33476906033	1154.83337402344
2210.71973089824	1154.75
2213.10397931554	1154.16662597656
2215.48751462314	1154.69995117188
2217.87033713186	1155.23327636719
2220.25244715242	1155.44995117188
2222.63384499546	1155.80004882813
2225.01453097151	1154.30004882813
2227.39450539101	1155.34997558594
2229.77376856434	1154.05004882813
2232.15232080173	1156.08337402344
2234.53016241336	1155.05004882813
2236.9072937093	1154.96667480469
2239.28371499954	1154.53332519531
2241.65942659396	1154.21667480469
2244.03442880236	1155.21667480469
2246.40872193443	1153.93334960938
2248.78230629979	1155.15002441406
2251.15518220795	1154.86669921875
2253.52734996835	1154.90002441406
2255.89880989029	1155.65002441406
2258.26956228301	1154.83337402344
2260.63960745567	1155.58337402344
2263.00894571731	1155.69995117188
2265.37757737688	1154.94995117188
2267.74550274324	1153.26672363281
2270.11272212517	1154.25
2272.47923583134	1153.48327636719
2274.84504417031	1154.88330078125
2277.2101474506	1154.91662597656
2279.57454598058	1154.40002441406
2281.93824006856	1154.38330078125
2284.30123002275	1155.33337402344
2286.66351615125	1155.33337402344
2289.02509876208	1155.78332519531
2291.38597816317	1155.15002441406
2293.74615466236	1155.33337402344
2296.10562856737	1156.46667480469
2298.46440018585	1155.38330078125
2300.82246982535	1154.75
2303.1798377933	1153.81665039063
2305.5365043971	1154.61669921875
2307.89246994399	1155.66662597656
2310.24773474116	1155.28332519531
2312.60229909566	1154.80004882813
2314.95616331451	1154.55004882813
2317.30932770456	1154.76672363281
2319.66179257263	1154.56665039063
2322.01355822542	1155.36669921875
2324.36462496953	1155.43334960938
2326.71499311146	1154.33337402344
2329.06466295764	1153.76672363281
2331.41363481439	1155.19995117188
2333.76190898794	1154.25
2336.10948578441	1154.91662597656
2338.45636550986	1155.58337402344
2340.80254847022	1154.84997558594
2343.14803497132	1154.98327636719
2345.49282531895	1155.16662597656
2347.83691981874	1154.63330078125
2350.18031877626	1155.28332519531
2352.52302249699	1155.03332519531
2354.8650312863	1155.36669921875
2357.20634544946	1153.73327636719
2359.54696529166	1154.90002441406
2361.88689111798	1155.81665039063
2364.22612323341	1154.93334960938
2366.56466194287	1155.11669921875
2368.90250755114	1154.61669921875
2371.23966036293	1154.68334960938
2373.57612068286	1156.08337402344
2375.91188881545	1155.86669921875
2378.2469650651	1154.56665039063
2380.58134973615	1154.78332519531
2382.91504313282	1154.06665039063
2385.24804555926	1156.06665039063
2387.58035731949	1155.31665039063
2389.91197871745	1155.36669921875
2392.24291005701	1155.81665039063
2394.57315164189	1153.78332519531
2396.90270377577	1154.83337402344
2399.23156676218	1154.26672363281
2401.55974090461	1156.25
2403.88722650642	1154.93334960938
2406.21402387086	1155.91662597656
2408.54013330113	1155.33337402344
2410.8655551003	1153.94995117188
2413.19028957133	1155.66662597656
2415.51433701713	1154.81665039063
2417.83769774049	1154.81665039063
2420.16037204408	1154.90002441406
2422.48236023051	1154.56665039063
2424.80366260228	1154.80004882813
2427.12427946179	1154.76672363281
2429.44421111134	1154.23327636719
2431.76345785315	1154.03332519531
2434.08201998932	1154.78332519531
2436.39989782188	1155.11669921875
2438.71709165273	1154.61669921875
2441.0336017837	1155.16662597656
2443.34942851653	1154.61669921875
2445.66457215282	1154.69995117188
2447.97903299412	1155.91662597656
2450.29281134185	1155.41662597656
2452.60590749736	1155.63330078125
2454.91832176188	1155.48327636719
2457.23005443656	1154.33337402344
2459.54110582243	1153.19995117188
2461.85147622045	1155.23327636719
2464.16116593146	1155.65002441406
2466.47017525621	1154.68334960938
2468.77850449536	1154.84997558594
2471.08615394947	1154.91662597656
2473.39312391899	1155
2475.69941470429	1154.33337402344
2478.00502660562	1155.15002441406
2480.30995992316	1154.98327636719
2482.61421495697	1154.86669921875
2484.91779200702	1154.23327636719
2487.22069137316	1154.41662597656
2489.5229133552	1153.80004882813
2491.8244582528	1153.83337402344
2494.12532636553	1155.09997558594
2496.42551799287	1156.80004882813
2498.72503343421	1154.66662597656
2501.02387298882	1153.53332519531
2503.32203695588	1155.09997558594
2505.61952563449	1154.94995117188
2507.91633932361	1155.48327636719
2510.21247832216	1155.13330078125
2512.50794292891	1153.90002441406
2514.80273344255	1155.94995117188
2517.09685016167	1154.93334960938
2519.39029338476	1154.81665039063
2521.68306341022	1155.41662597656
2523.97516053634	1156.05004882813
2526.26658506132	1154.56665039063
2528.55733728325	1154.38330078125
2530.84741750012	1154.55004882813
2533.13682600984	1154.96667480469
2535.4255631102	1155.46667480469
2537.7136290989	1155.90002441406
2540.00102427354	1155.31665039063
2542.28774893162	1154.78332519531
2544.57380337053	1154.59997558594
2546.85918788758	1154.09997558594
2549.14390277997	1153.94995117188
2551.4279483448	1155.53332519531
2553.71132487906	1155.88330078125
2555.99403267966	1154.15002441406
2558.27607204341	1154.69995117188
2560.55744326699	1155.55004882813
2562.83814664702	1154.96667480469
2565.11818247999	1154.81665039063
2567.3975510623	1154.01672363281
2569.67625269025	1154.11669921875
2571.95428766003	1153.63330078125
2574.23165626776	1154.59997558594
2576.50835880942	1155.03332519531
2578.78439558093	1154.84997558594
2581.05976687806	1154.26672363281
2583.33447299652	1154.68334960938
2585.60851423191	1154.53332519531
2587.88189087972	1155.76672363281
2590.15460323534	1154.11669921875
2592.42665159406	1154.19995117188
2594.69803625108	1155.03332519531
2596.9687575015	1154.59997558594
2599.23881564029	1152.93334960938
2601.50821096235	1154.98327636719
2603.77694376245	1153.76672363281
2606.0450143353	1155.25
2608.31242297548	1154.09997558594
2610.57916997746	1154.03332519531
2612.84525563562	1154.28332519531
2615.11068024426	1154.01672363281
2617.37544409753	1156.26672363281
2619.63954748952	1154.28332519531
2621.90299071421	1154.34997558594
2624.16577406546	1155.40002441406
2626.42789783705	1155.18334960938
2628.68936232264	1154.84997558594
2630.9501678158	1152.71667480469
2633.21031460999	1155.41662597656
2635.46980299857	1156.36669921875
2637.72863327481	1155.18334960938
2639.98680573185	1154.81665039063
2642.24432066276	1154.73327636719
2644.50117836048	1154.61669921875
2646.75737911786	1155.08337402344
2649.01292322765	1154.13330078125
2651.26781098249	1155.41662597656
2653.52204267492	1154.81665039063
2655.77561859738	1154.91662597656
2658.0285390422	1154.51672363281
2660.28080430161	1155.16662597656
2662.53241466774	1154.15002441406
2664.78337043263	1154.76672363281
2667.03367188817	1154.63330078125
2669.2833193262	1153.59997558594
2671.53231303844	1154.98327636719
2673.78065331648	1154.90002441406
2676.02834045184	1154.86669921875
2678.27537473592	1154.21667480469
2680.52175646002	1154.44995117188
2682.76748591535	1154.25
2685.01256339298	1154.30004882813
2687.25698918391	1155.25
2689.50076357901	1155.01672363281
2691.74388686909	1155.76672363281
2693.9863593448	1154.90002441406
2696.22818129672	1155.53332519531
2698.46935301532	1153.44995117188
2700.70987479096	1154.51672363281
2702.94974691389	1154.16662597656
2705.18896967428	1154.76672363281
2707.42754336216	1155.33337402344
2709.66546826749	1155.78332519531
2711.90274468011	1155.41662597656
2714.13937288974	1154.40002441406
2716.37535318602	1155.13330078125
2718.61068585848	1155.41662597656
2720.84537119652	1155.16662597656
2723.07940948947	1154.48327636719
2725.31280102654	1155.73327636719
2727.54554609682	1154.43334960938
2729.77764498933	1154.86669921875
2732.00909799294	1153.5
2734.23990539644	1153.68334960938
2736.47006748853	1155.01672363281
2738.69958455777	1154.38330078125
2740.92845689263	1154.91662597656
2743.15668478147	1155.65002441406
2745.38426851257	1154.84997558594
2747.61120837406	1153.48327636719
2749.83750465399	1155.61669921875
2752.0631576403	1153.75
2754.28816762083	1154.59997558594
2756.51253488329	1154.91662597656
2758.73625971532	1154.31665039063
2760.95934240442	1155.01672363281
2763.18178323801	1153.90002441406
2765.40358250338	1154.11669921875
2767.62474048773	1154.65002441406
2769.84525747814	1154.26672363281
2772.06513376159	1154.26672363281
2774.28436962496	1155.58337402344
2776.50296535501	1155.40002441406
2778.7209212384	1153.81665039063
2780.93823756168	1154.05004882813
2783.15491461129	1153.83337402344
2785.37095267358	1154.18334960938
2787.58635203477	1154.40002441406
2789.80111298097	1153.94995117188
2792.01523579822	1153.90002441406
2794.2287207724	1154.84997558594
2796.44156818932	1155.18334960938
2798.65377833468	1154
2800.86535149404	1153.58337402344
2803.07628795289	1154.05004882813
2805.28658799659	1153.56665039063
2807.4962519104	1154.73327636719
2809.70527997946	1154.40002441406
2811.91367248883	1154.44995117188
2814.12142972342	1153.58337402344
2816.32855196807	1155.05004882813
2818.53503950749	1153.59997558594
2820.74089262628	1154.88330078125
2822.94611160894	1154.78332519531
2825.15069673987	1154.16662597656
2827.35464830333	1154.06665039063
2829.55796658351	1154.91662597656
2831.76065186445	1154.69995117188
2833.96270443012	1155.28332519531
2836.16412456437	1153.98327636719
2838.3649125509	1155
2840.56506867336	1154.18334960938
2842.76459321526	1155.91662597656
2844.96348645999	1154.13330078125
2847.16174869086	1155.43334960938
2849.35938019105	1154.53332519531
2851.55638124363	1154.69995117188
2853.75275213157	1155.75
2855.94849313772	1154.55004882813
2858.14360454483	1155.53332519531
2860.33808663553	1155.76672363281
2862.53193969234	1154.83337402344
2864.72516399768	1155.55004882813
2866.91775983385	1156.36669921875
2869.10972748304	1154.15002441406
2871.30106722733	1155.81665039063
2873.4917793487	1155.69995117188
2875.68186412899	1156.65002441406
2877.87132184997	1156.13330078125
2880.06015279325	1157.08337402344
2882.24835724039	1157.30004882813
2884.43593547278	1156.53332519531
2886.62288777173	1156.40002441406
2888.80921441843	1156.28332519531
2890.99491569397	1157.11669921875
2893.1799918793	1157.71667480469
2895.36444325529	1157.55004882813
2897.54827010269	1157.13330078125
2899.73147270213	1157.33337402344
2901.91405133412	1157.91662597656
2904.09600627909	1158.48327636719
2906.27733781731	1157.88330078125
2908.45804622899	1158.34997558594
2910.63813179418	1157.84997558594
2912.81759479286	1158.31665039063
2914.99643550486	1157.21667480469
2917.17465420994	1157.78332519531
2919.3522511877	1159.40002441406
2921.52922671765	1158.36669921875
2923.7055810792	1160.43334960938
2925.88131455162	1159.11669921875
2928.05642741408	1159.76672363281
2930.23091994566	1160.11669921875
2932.40479242528	1160.73327636719
2934.57804513178	1159.66662597656
2936.75067834387	1160.18334960938
2938.92269234017	1159.81665039063
2941.09408739916	1159.31665039063
2943.26486379921	1161.5
2945.4350218186	1159.86669921875
2947.60456173546	1158.93334960938
2949.77348382783	1159.96667480469
2951.94178837363	1159.76672363281
2954.10947565068	1159.98327636719
2956.27654593666	1159.56665039063
2958.44299950915	1160.21667480469
2960.60883664562	1159.58337402344
2962.77405762341	1160.73327636719
2964.93866271975	1160.15002441406
2967.10265221178	1159.66662597656
2969.26602637648	1160.34997558594
2971.42878549076	1159.03332519531
2973.59092983139	1160.76672363281
2975.75245967501	1159.58337402344
2977.9133752982	1158.90002441406
2980.07367697736	1160.21667480469
2982.23336498882	1157.83337402344
2984.39243960877	1158.09997558594
2986.5509011133	1158.34997558594
2988.70874977837	1157.68334960938
2990.86598587984	1157.84997558594
2993.02260969344	1157.65002441406
2995.17862149478	1158.86669921875
2997.33402155938	1157.25
2999.48881016262	1156.91662597656
3001.64298757978	1156.09997558594
3003.796554086	1157.88330078125
3005.94950995633	1157.28332519531
3008.10185546569	1156.63330078125
3010.25359088888	1157.30004882813
3012.40471650059	1156.18334960938
3014.5552325754	1155.91662597656
3016.70513938776	1155.83337402344
3018.85443721201	1156.15002441406
3021.00312632236	1155.36669921875
3023.15120699292	1155.55004882813
3025.29867949769	1156.13330078125
3027.44554411052	1155.40002441406
3029.59180110516	1155.80004882813
3031.73745075527	1156.80004882813
3033.88249333434	1157.43334960938
3036.02692911578	1158.18334960938
3038.17075837287	1157.81665039063
3040.31398137877	1157.34997558594
3042.45659840653	1158.48327636719
3044.59860972907	1157.44995117188
3046.7400156192	1156
3048.88081634961	1157.03332519531
3051.02101219287	1156.90002441406
3053.16060342144	1155.94995117188
3055.29959030765	1156.58337402344
3057.43797312371	1156.63330078125
3059.57575214172	1156.21667480469
3061.71292763366	1156.41662597656
3063.84949987139	1156.11669921875
3065.98546912665	1156.53332519531
3068.12083567105	1156.41662597656
3070.2555997761	1155.84997558594
3072.38976171319	1156.66662597656
3074.52332175356	1156.46667480469
3076.65628016837	1155.55004882813
3078.78863722863	1155.40002441406
3080.92039320526	1155.23327636719
3083.05154836902	1155.19995117188
3085.1821029906	1154.78332519531
3087.31205734051	1155.51672363281
3089.44141168921	1154.25
3091.57016630696	1154.76672363281
3093.69832146398	1154.5
3095.82587743032	1154.78332519531
3097.9528344759	1154.46667480469
3100.07919287056	1154.43334960938
3102.204952884	1154.63330078125
3104.33011478579	1154.98327636719
3106.45467884538	1155.05004882813
3108.57864533212	1155.56665039063
3110.70201451522	1154.40002441406
3112.82478666378	1154.16662597656
3114.94696204676	1155.23327636719
3117.06854093301	1153.66662597656
3119.18952359127	1155.43334960938
3121.30991029013	1154.46667480469
3123.4297012981	1154.26672363281
3125.54889688352	1153.23327636719
3127.66749731464	1153.59997558594
3129.78550285957	1153.56665039063
3131.90291378633	1154.71667480469
3134.01973036277	1153.06665039063
3136.13595285665	1154.65002441406
3138.2515815356	1154.36669921875
3140.36661666714	1153.55004882813
3142.48105851863	1154.13330078125
3144.59490735734	1152.78332519531
3146.70816345041	1154.06665039063
3148.82082706486	1154.01672363281
3150.93289846758	1153.91662597656
3153.04437792532	1152.23327636719
3155.15526570475	1154.15002441406
3157.26556207238	1153.58337402344
3159.37526729461	1152.80004882813
3161.48438163771	1154.05004882813
3163.59290536784	1153.18334960938
3165.70083875102	1154.01672363281
3167.80818205315	1152.75
3169.91493554002	1152.34997558594
3172.02109947727	1152.63330078125
3174.12667413044	1153.43334960938
3176.23165976493	1153.71667480469
3178.33605664602	1153.63330078125
3180.43986503887	1154.36669921875
3182.54308520852	1153.63330078125
3184.64571741986	1153.21667480469
3186.74776193769	1153.33337402344
3188.84921902664	1154.15002441406
3190.95008895128	1152.58337402344
3193.05037197599	1152.96667480469
3195.15006836504	1152.71667480469
3197.24917838262	1154.19995117188
3199.34770229274	1153.81665039063
3201.44564035931	1153.11669921875
3203.5429928461	1153.06665039063
3205.63976001677	1153.16662597656
3207.73594213484	1153.78332519531
3209.83153946372	1153
3211.92655226669	1155.03332519531
3214.02098080688	1152.73327636719
3216.11482534732	1153
3218.20808615091	1153.03332519531
3220.30076348041	1152.48327636719
3222.39285759847	1154.26672363281
3224.4843687676	1153.23327636719
3226.57529725019	1153.23327636719
3228.66564330851	1153
3230.75540720468	1153.5
3232.8445892007	1153.83337402344
3234.93318955847	1153.43334960938
3237.02120853974	1152.94995117188
3239.10864640612	1152.21667480469
3241.19550341911	1153.33337402344
3243.28177984009	1153.48327636719
3245.36747593029	1152.25
3247.45259195083	1153.88330078125
3249.53712816268	1153.61669921875
3251.62108482672	1153.31665039063
3253.70446220366	1152.90002441406
3255.78726055411	1153.66662597656
3257.86948013853	1153.03332519531
3259.95112121728	1153.44995117188
3262.03218405055	1152.93334960938
3264.11266889845	1152.48327636719
3266.19257602092	1153.41662597656
3268.27190567779	1153.94995117188
3270.35065812876	1152.71667480469
3272.4288336334	1153.55004882813
3274.50643245114	1153.30004882813
3276.5834548413	1154.41662597656
3278.65990106305	1153.40002441406
3280.73577137545	1152.69995117188
3282.81106603742	1153.90002441406
3284.88578530774	1152.38330078125
3286.95992944508	1152.34997558594
3289.03349870796	1153.23327636719
3291.1064933548	1153.21667480469
3293.17891364384	1152.65002441406
3295.25075983324	1152.90002441406
3297.322032181	1152.53332519531
3299.39273094501	1154.71667480469
3301.462856383	1153.53332519531
3303.53240875259	1153.26672363281
3305.60138831128	1153.11669921875
3307.6697953164	1154.18334960938
3309.73763002519	1152.98327636719
3311.80489269472	1152.25
3313.87158358198	1153.36669921875
3315.93770294378	1153.69995117188
3318.00325103681	1152.59997558594
3320.06822811764	1152.96667480469
3322.13263444272	1153.34997558594
3324.19647026832	1153.09997558594
3326.25973585064	1154.28332519531
3328.32243144568	1153.48327636719
3330.38455730938	1152.83337402344
3332.44611369749	1151.76672363281
3334.50710086564	1152.65002441406
3336.56751906936	1154.08337402344
3338.62736856401	1152.56665039063
3340.68664960483	1153.76672363281
3342.74536244693	1152.46667480469
3344.80350734528	1154.05004882813
3346.86108455472	1152.61669921875
3348.91809432997	1151.98327636719
3350.97453692559	1153.05004882813
3353.03041259603	1152.56665039063
3355.08572159559	1153.78332519531
3357.14046417844	1152.65002441406
3359.19464059863	1153.28332519531
3361.24825111005	1152.51672363281
3363.30129596648	1153.73327636719
3365.35377542155	1152.78332519531
3367.40568972878	1152.73327636719
3369.45703914152	1152.5
3371.507823913	1152.75
3373.55804429633	1152.71667480469
3375.60770054446	1152.08337402344
3377.65679291024	1152.90002441406
3379.70532164635	1153.71667480469
3381.75328700534	1151.73327636719
3383.80068923965	1152.75
3385.84752860155	1153.19995117188
3387.89380534321	1152.15002441406
3389.93951971664	1153.71667480469
3391.98467197371	1153.40002441406
3394.02926236618	1152.13330078125
3396.07329114566	1153.59997558594
3398.1167585636	1153.09997558594
3400.15966487137	1153.06665039063
3402.20201032014	1153.28332519531
3404.24379516099	1153.31665039063
3406.28501964484	1152.51672363281
3408.3256840225	1151.84997558594
3410.3657885446	1152.16662597656
3412.40533346167	1151.88330078125
3414.44431902408	1152.05004882813
3416.48274548209	1151.51672363281
3418.5206130858	1153.76672363281
3420.55792208516	1152.84997558594
3422.59467273003	1151.86669921875
3424.63086527009	1152.63330078125
3426.6664999549	1152.51672363281
3428.70157703386	1153.26672363281
3430.73609675628	1152.65002441406
3432.77005937129	1151.90002441406
3434.80346512789	1152.53332519531
3436.83631427494	1153.34997558594
3438.86860706119	1151.76672363281
3440.90034373521	1152.06665039063
3442.93152454546	1151.80004882813
3444.96214974025	1153.41662597656
3446.99221956775	1152.96667480469
3449.021734276	1153.71667480469
3451.05069411289	1152.51672363281
3453.07909932619	1152.84997558594
3455.1069501635	1152.11669921875
3457.1342468723	1152.41662597656
3459.16098969993	1152.94995117188
3461.1871788936	1152.28332519531
3463.21281470035	1152.28332519531
3465.23789736712	1153.09997558594
3467.26242714067	1152.63330078125
3469.28640426765	1150.80004882813
3471.30982899455	1152.93334960938
3473.33270156774	1152.21667480469
3475.35502223343	1152.80004882813
3477.3767912377	1152.38330078125
3479.39800882649	1152.48327636719
3481.41867524559	1152.84997558594
3483.43879074066	1151.51672363281
3485.45835555721	1152.41662597656
3487.47736994062	1151.30004882813
3489.49583413611	1151.90002441406
3491.51374838879	1151.26672363281
3493.53111294359	1152.48327636719
3495.54792804533	1153.01672363281
3497.56419393867	1152.65002441406
3499.57991086814	1152.58337402344
3501.59507907811	1152
3503.60969881284	1152.76672363281
3505.6237703164	1152.08337402344
3507.63729383278	1151.59997558594
3509.65026960577	1152.28332519531
3511.66269787904	1152.09997558594
3513.67457889613	1153.26672363281
3515.68591290042	1153.48327636719
3517.69670013515	1152
3519.70694084342	1152.23327636719
3521.7166352682	1151.96667480469
3523.72578365229	1152.08337402344
3525.73438623836	1152.19995117188
3527.74244326893	1152.41662597656
3529.74995498641	1151.65002441406
3531.75692163301	1151.76672363281
3533.76334345084	1151.83337402344
3535.76922068186	1151.41662597656
3537.77455356786	1151.94995117188
3539.77934235051	1152.65002441406
3541.78358727133	1152.01672363281
3543.78728857169	1151.93334960938
3545.79044649283	1152.86669921875
3547.79306127584	1151.34997558594
3549.79513316164	1152.21667480469
3551.79666239104	1152.25
3553.79764920469	1152.25
3555.7980938431	1152.44995117188
3557.79799654663	1152.01672363281
3559.79735755548	1152.33337402344
3561.79617710974	1153.18334960938
3563.79445544932	1151.58337402344
3565.79219281401	1152.05004882813
3567.78938944344	1152.69995117188
3569.7860455771	1152.13330078125
3571.78216145432	1151.98327636719
3573.77773731431	1151.71667480469
3575.7727733961	1152.51672363281
3577.76726993861	1151.71667480469
3579.76122718059	1152.16662597656
3581.75464536064	1152.51672363281
3583.74752471725	1152.21667480469
3585.7398654887	1152.65002441406
3587.73166791317	1152.01672363281
3589.7229322287	1151.58337402344
3591.71365867314	1151.61669921875
3593.70384748424	1152.11669921875
3595.69349889955	1151.66662597656
3597.68261315654	1152.26672363281
3599.67119049245	1150.81665039063
3601.65923114446	1151.41662597656
3603.64673534952	1151.46667480469
3605.63370334449	1152.36669921875
3607.62013536607	1152.01672363281
3609.60603165079	1152.34997558594
3611.59139243504	1151.93334960938
3613.57621795509	1152.08337402344
3615.56050844701	1150.31665039063
3617.54426414677	1151.73327636719
3619.52748529017	1151.86669921875
3621.51017211285	1152.56665039063
3623.49232485031	1151.83337402344
3625.47394373792	1152.41662597656
3627.45502901088	1151.28332519531
3629.43558090423	1152.16662597656
3631.41559965288	1151.63330078125
3633.3950854916	1151.53332519531
3635.37403865498	1152.78332519531
3637.35245937747	1150.88330078125
3639.33034789339	1151.15002441406
3641.30770443688	1152.21667480469
3643.28452924196	1151.11669921875
3645.26082254248	1150.90002441406
3647.23658457212	1151.25
3649.21181556447	1151.23327636719
3651.18651575291	1151.16662597656
3653.16068537069	1152.71667480469
3655.13432465092	1151.44995117188
3657.10743382653	1152.08337402344
3659.08001313034	1152.5
3661.05206279498	1152.58337402344
3663.02358305295	1151.48327636719
3664.9945741366	1151.66662597656
3666.96503627811	1151.66662597656
3668.93496970952	1150.90002441406
3670.90437466272	1151.41662597656
3672.87325136944	1151.56665039063
3674.84160006127	1151.43334960938
3676.80942096963	1151
3678.77671432581	1151.75
3680.74348036092	1151.56665039063
3682.70971930595	1150.71667480469
3684.6754313917	1151.26672363281
3686.64061684885	1151.88330078125
3688.60527590791	1151
3690.56940879924	1151.06665039063
3692.53301575303	1151.31665039063
3694.49609699936	1150.44995117188
3696.45865276812	1150.75
3698.42068328904	1151.48327636719
3700.38218879173	1150.48327636719
3702.34316950563	1151
3704.30362566	1150.63330078125
3706.26355748399	1151.93334960938
3708.22296520657	1150.55004882813
3710.18184905656	1151.76672363281
3712.14020926263	1150.90002441406
3714.09804605328	1151.33337402344
3716.05535965687	1150.68334960938
3718.01215030162	1151.08337402344
3719.96841821555	1152.16662597656
3721.92416362657	1151.59997558594
3723.8793867624	1149.96667480469
3725.83408785063	1150.86669921875
3727.78826711869	1151.19995117188
3729.74192479384	1150.90002441406
3731.69506110319	1150.78332519531
3733.64767627371	1150.66662597656
3735.59977053219	1151.08337402344
3737.55134410528	1149.96667480469
3739.50239721947	1150.96667480469
3741.45293010108	1152.16662597656
3743.40294297631	1150.21667480469
3745.35243607116	1150.28332519531
3747.3014096115	1149.81665039063
3749.24986382303	1150.41662597656
3751.19779893131	1150.5
3753.14521516171	1151.09997558594
3755.09211273949	1151.11669921875
3757.0384918897	1150.38330078125
3758.98435283728	1150.69995117188
3760.92969580698	1150.44995117188
3762.87452102341	1151.23327636719
3764.81882871101	1150.68334960938
3766.76261909407	1150.05004882813
3768.70589239672	1149.26672363281
3770.64864884293	1149.34997558594
3772.59088865651	1151.33337402344
3774.53261206112	1150.40002441406
3776.47381928025	1150.88330078125
