-173.428722450078	1148.03332519531
-170.294344013779	1147.93334960938
-167.160990304052	1148.09997558594
-164.028660894548	1146.88330078125
-160.897355359205	1147.03332519531
-157.767073272189	1146.75
-154.637814207931	1147.61669921875
-151.50957774112	1148.40002441406
-148.382363446704	1148.23327636719
-145.256170899859	1146.76672363281
-142.130999676054	1148.18334960938
-139.006849350965	1148.48327636719
-135.883719500571	1148.88330078125
-132.761609701053	1147.15002441406
-129.640519528863	1147.88330078125
-126.520448560715	1148.26672363281
-123.401396373553	1147.78332519531
-120.28336254458	1148.19995117188
-117.166346651252	1147.5
-114.050348271258	1147.98327636719
-110.935366982541	1148.08337402344
-107.821402363301	1148.48327636719
-104.708453991972	1147.88330078125
-101.596521447235	1146.33337402344
-98.4856043080122	1147.11669921875
-95.3757021534957	1148.94995117188
-92.2668145630801	1148.05004882813
-89.1589411164452	1148.36669921875
-86.0520813934781	1146.98327636719
-82.946234974338	1149.36669921875
-79.8414014394074	1148.19995117188
-76.7375803693083	1146.96667480469
-73.6347713449181	1148.13330078125
-70.532973947345	1147.56665039063
-67.4321877579402	1147.84997558594
-64.3324123582935	1148.13330078125
-61.2336473302252	1148.09997558594
-58.1358922558143	1148
-55.0391467173494	1147.58337402344
-51.9434102973817	1147.16662597656
-48.8486825786838	1148.03332519531
-45.7549631442702	1147.15002441406
-42.662251577389	1147.86669921875
-39.5705474615295	1147.78332519531
-36.4798503804062	1148.21667480469
-33.3901599179706	1147.19995117188
-30.301475658403	1147.56665039063
-27.2137971861287	1147.15002441406
-24.1271240858053	1149.09997558594
-21.0414559423028	1147.76672363281
-17.9567923407513	1147.55004882813
-14.8731328664812	1147.56665039063
-11.7904771050747	1148.38330078125
-8.70882464233763	1148.55004882813
-5.62817506431157	1146.84997558594
-2.54852795725342	1148.76672363281
0.530117092344597	1150.31665039063
3.6077604977471	1150.80004882813
6.68440267202787	1149.03332519531
9.76004402799773	1148.18334960938
12.8346849782609	1147.90002441406
15.9083259351831	1147.40002441406
18.9809673109237	1147.94995117188
22.0526095173877	1147.03332519531
25.1232529662903	1147.61669921875
28.1928980690886	1147.51672363281
31.2615452370419	1147.80004882813
34.32919488118	1147.09997558594
37.3958474123071	1147.41662597656
40.4615032409942	1148.34997558594
43.5261627776189	1148.03332519531
46.58982643231	1148.06665039063
49.6524946149833	1147.61669921875
52.7141677353456	1147.96667480469
55.7748462028835	1148.76672363281
58.8345304268427	1148.65002441406
61.8932208162729	1147.91662597656
64.9509177800033	1148.73327636719
68.0076217266271	1148.5
71.0633330645419	1149.76672363281
74.118052201909	1151.38330078125
77.1717795467022	1159.98327636719
80.224515506648	1193.69995117188
83.2762604892772	1267.08337402344
86.3270149018856	1345.16662597656
89.3767791515896	1390.01672363281
92.4255536452548	1413.13330078125
95.4733387895519	1431.71667480469
98.5201349909248	1439.46667480469
101.565942655643	1452.68334960938
104.610762189717	1459.86669921875
107.654593998963	1464.51672363281
110.697438488996	1465.65002441406
113.739296065204	1474.5
116.78016713278	1477.19995117188
119.820052096698	1477.33337402344
122.85895136172	1479.58337402344
125.896865332408	1474.46667480469
128.933794413111	1474.66662597656
131.969739007965	1475.16662597656
135.004699520911	1478.01672363281
138.038676355664	1485.28332519531
141.071669915751	1480.16662597656
144.103680604487	1480.21667480469
147.134708824975	1478.63330078125
150.164754980118	1482.43334960938
153.193819472611	1484.5
156.221902704945	1485.94995117188
159.24900507942	1489.06665039063
162.275126998099	1489.43334960938
165.300268862873	1496.91662597656
168.324431075425	1498.63330078125
171.347614037231	1509.66662597656
174.369818149562	1501.65002441406
177.391043813491	1510.03332519531
180.411291429897	1511.09997558594
183.430561399437	1512.23327636719
186.448854122582	1514.28332519531
189.466169999607	1514.75
192.482509430598	1518.44995117188
195.497872815412	1514.59997558594
198.512260553716	1515.38330078125
201.525673045011	1519.78332519531
204.538110688552	1515.05004882813
207.549573883427	1525.25
210.560063028519	1523.73327636719
213.569578522523	1527.61669921875
216.578120763917	1527.69995117188
219.585690151021	1526.41662597656
222.592287081907	1527.38330078125
225.597911954507	1521.83337402344
228.602565166512	1524.06665039063
231.606247115456	1530.13330078125
234.608958198646	1531.01672363281
237.610698813222	1527.68334960938
240.611469356122	1540.61669921875
243.611270224103	1542.26672363281
246.610101813707	1536.61669921875
249.607964521295	1542.84997558594
252.604858743044	1543.56665039063
255.600784874935	1549.34997558594
258.595743312749	1546.44995117188
261.589734452097	1546.18334960938
264.582758688393	1554.88330078125
267.574816416842	1554
270.565908032503	1554.69995117188
273.556033930195	1560.11669921875
276.545194504586	1566.16662597656
279.533390150138	1558
282.520621261151	1556.91662597656
285.506888231708	1562.25
288.49219145571	1561.08337402344
291.476531326902	1562.96667480469
294.459908238794	1566.33337402344
297.442322584762	1565.63330078125
300.423774757966	1571.44995117188
303.404265151375	1569.88330078125
306.383794157805	1568.06665039063
309.362362169862	1570.51672363281
312.339969579982	1568.03332519531
315.316616780414	1574.46667480469
318.292304163227	1577.73327636719
321.267032120295	1575.08337402344
324.24080104332	1579.30004882813
327.213611323833	1585.98327636719
330.185463353171	1577.63330078125
333.156357522491	1580.88330078125
336.126294222774	1576.15002441406
339.095273844812	1584.23327636719
342.063296779227	1588.80004882813
345.030363416467	1588.83337402344
347.996474146782	1586.76672363281
350.961629360257	1590.09997558594
353.925829446806	1595.19995117188
356.889074796147	1594.61669921875
359.851365797829	1592.09997558594
362.812702841222	1603.36669921875
365.773086315536	1598.51672363281
368.732516609768	1602.86669921875
371.690994112778	1606.59997558594
374.648519213243	1594.86669921875
377.605092299631	1601.11669921875
380.560713760273	1597.75
383.515383983307	1607.93334960938
386.469103356711	1598.66662597656
389.421872268273	1606.90002441406
392.373691105615	1600.40002441406
395.32456025619	1598.73327636719
398.274480107272	1600.96667480469
401.223451045967	1603.90002441406
404.171473459202	1609.34997558594
407.118547733728	1605.40002441406
410.064674256155	1613.43334960938
413.009853412892	1616.03332519531
415.954085590181	1609.09997558594
418.8973711741	1612.73327636719
421.83971055055	1613.81665039063
424.781104105281	1613.53332519531
427.721552223856	1618.46667480469
430.661055291665	1624.55004882813
433.599613693946	1629.41662597656
436.537227815752	1630.94995117188
439.473898041993	1628.58337402344
442.409624757378	1634.59997558594
445.344408346476	1632.58337402344
448.278249193683	1629.65002441406
451.211147683207	1637.25
454.143104199122	1634.78332519531
457.074119125312	1641.68334960938
460.004192845497	1639.5
462.933325743267	1633.11669921875
465.861518202001	1641.18334960938
468.788770604917	1640.51672363281
471.71508333511	1638.93334960938
474.640456775471	1643.75
477.564891308737	1634.98327636719
480.488387317487	1643.21667480469
483.410945184141	1647.23327636719
486.332565290942	1645.08337402344
489.253248019986	1645.25
492.172993753197	1662.5
495.091802872338	1649.86669921875
498.009675759011	1648.86669921875
500.926612794666	1658.93334960938
503.842614360571	1654.15002441406
506.757680837864	1671.08337402344
509.671812607493	1676.09997558594
512.585010050263	1707.15002441406
515.497273546817	1824.90002441406
518.408603477637	2010.28332519531
521.319000223045	2028.48327636719
524.228464163205	1871.76672363281
527.136995678121	1764.90002441406
530.044595147647	1711.76672363281
532.951262951471	1693.18334960938
535.856999469123	1673.98327636719
538.761805079986	1677.25
541.665680163279	1676.71667480469
544.568625098049	1676.83337402344
547.470640263216	1672.23327636719
550.371726037533	1676.73327636719
553.271882799588	1671
556.171110927825	1675.16662597656
559.069410800531	1677.76672363281
561.966782795823	1686.75
564.863227291685	1684.05004882813
567.758744665944	1685.86669921875
570.653335296256	1687.73327636719
573.546999560148	1682.46667480469
576.439737834969	1690.53332519531
579.331550497935	1695.73327636719
582.222437926093	1689.43334960938
585.112400496356	1696.80004882813
588.001438585469	1689.56665039063
590.889552570021	1694.43334960938
593.77674282648	1696.83337402344
596.663009731132	1696.94995117188
599.548353660116	1692.34997558594
602.432774989433	1695.26672363281
605.316274094926	1701.53332519531
608.198851352303	1701.13330078125
611.080507137075	1700.21667480469
613.961241824667	1697.05004882813
616.841055790315	1704.05004882813
619.71994940911	1707.91662597656
622.597923056008	1698.80004882813
625.474977105798	1703.15002441406
628.351111933143	1709.28332519531
631.22632791255	1706.69995117188
634.10062541835	1713.25
636.97400482478	1710.33337402344
639.846466505882	1715.81665039063
642.718010835585	1711.30004882813
645.58863818764	1714.34997558594
648.458348935679	1719.46667480469
651.327143453188	1724
654.195022113475	1727.58337402344
657.061985289745	1723.78332519531
659.928033355022	1725.06665039063
662.79316668221	1731.48327636719
665.657385644057	1737.06665039063
668.520690613176	1725.16662597656
671.383081962017	1733.81665039063
674.244560062899	1727.16662597656
677.105125288002	1734.40002441406
679.964778009343	1731.69995117188
682.823518598832	1736.19995117188
685.681347428202	1740.69995117188
688.538264869057	1733.65002441406
691.394271292855	1733.48327636719
694.249367070914	1743.66662597656
697.103552574412	1744.51672363281
699.956828174378	1736.81665039063
702.809194241715	1739.76672363281
705.660651147175	1736.96667480469
708.511199261361	1735.86669921875
711.360838954755	1732.93334960938
714.209570597676	1744.06665039063
717.057394560329	1739.15002441406
719.90431121275	1745.84997558594
722.750320924861	1746.40002441406
725.59542406643	1740.26672363281
728.439621007094	1748.66662597656
731.282912116347	1752.59997558594
734.125297763539	1751.59997558594
736.966778317898	1752.34997558594
739.807354148498	1756.65002441406
742.647025624275	1764.19995117188
745.485793114042	1760.98327636719
748.323656986468	1767.16662597656
751.160617610072	1765.96667480469
753.996675353258	1765.96667480469
756.831830584275	1764.30004882813
759.666083671249	1766.46667480469
762.499434982158	1772.48327636719
765.331884884853	1771.44995117188
768.163433747055	1777.83337402344
770.994081936328	1772.93334960938
773.823829820116	1768.48327636719
776.652677765732	1778.19995117188
779.480626140347	1771.34997558594
782.307675310993	1773.69995117188
785.133825644576	1779.63330078125
787.959077507869	1780.34997558594
790.783431267511	1780
793.606887289986	1772.61669921875
796.429445941685	1776.86669921875
799.251107588836	1783
802.071872597536	1783.33337402344
804.891741333751	1776.63330078125
807.71071416334	1776.96667480469
810.528791451981	1782.40002441406
813.345973565269	1786.31665039063
816.162260868638	1787.53332519531
818.977653727395	1787.16662597656
821.792152506717	1792.68334960938
824.605757571661	1791.34997558594
827.418469287133	1796.16662597656
830.230288017926	1798.75
833.0412141287	1792.94995117188
835.851247983973	1799.46667480469
838.660389948141	1797.83337402344
841.468640385466	1801.05004882813
844.27599966009	1801.41662597656
847.082468136026	1801.46667480469
849.888046177135	1801.55004882813
852.692734147171	1809.71667480469
855.496532409758	1814.13330078125
858.29944132839	1808.31665039063
861.10146126642	1821.75
863.902592587094	1815.86669921875
866.702835653509	1818.88330078125
869.502190828641	1819.68334960938
872.300658475353	1822.65002441406
875.098238956361	1817.94995117188
877.894932634271	1819.63330078125
880.690739871548	1823.78332519531
883.485661030531	1819.96667480469
886.279696473447	1833.40002441406
889.072846562376	1827.01672363281
891.86511165929	1823.34997558594
894.65649212603	1831.76672363281
897.446988324303	1821.40002441406
900.236600615703	1827.21667480469
903.025329361687	1825.40002441406
905.813174923597	1836.05004882813
908.600137662639	1831.68334960938
911.38621793991	1832.96667480469
914.171416116365	1827.08337402344
916.95573255285	1828.01672363281
919.739167610082	1832.33337402344
922.521721648641	1838.58337402344
925.303395029005	1853.73327636719
928.084188111517	1844.44995117188
930.864101256396	1848.55004882813
933.643134823733	1853.09997558594
936.42128917351	1861.18334960938
939.198564665577	1863.44995117188
941.97496165967	1865.53332519531
944.750480515391	1871.01672363281
947.525121592226	1869.28332519531
950.298885249534	1863.48327636719
953.071771846555	1875.36669921875
955.843781742413	1877.23327636719
958.614915296108	1881.08337402344
961.385172866513	1876.46667480469
964.154554812387	1888.53332519531
966.92306149236	1882.30004882813
969.690693264949	1891.43334960938
972.457450488552	1883.06665039063
975.223333521431	1888.80004882813
977.988342721749	1891.58337402344
980.752478447535	1893.76672363281
983.515741056708	1894.98327636719
986.278130907059	1888.88330078125
989.039648356259	1898.44995117188
991.800293761863	1890.98327636719
994.560067481312	1886.56665039063
997.318969871913	1901.31665039063
1000.07700129088	1895.06665039063
1002.83416209528	1887.26672363281
1005.59045264208	1897.46667480469
1008.34587328813	1894.18334960938
1011.10042439014	1892.80004882813
1013.85410630472	1895
1016.60691938837	1902.53332519531
1019.35886399746	1901.30004882813
1022.10994048823	1898.11669921875
1024.86014921684	1899.83337402344
1027.60949053928	1900.84997558594
1030.35796481149	1902.78332519531
1033.10557238924	1902.91662597656
1035.85231362819	1903.23327636719
1038.5981888839	1912.59997558594
1041.34319851182	1905.78332519531
1044.08734286727	1906.13330078125
1046.83062230544	1904.06665039063
1049.57303718143	1907.73327636719
1052.31458785021	1906.40002441406
1055.05527466665	1912.38330078125
1057.79509798549	1928
1060.53405816134	1923.30004882813
1063.27215554874	1924.41662597656
1066.00939050209	1917.96667480469
1068.74576337565	1930.81665039063
1071.48127452361	1922.03332519531
1074.21592430002	1922.90002441406
1076.94971305882	1926.68334960938
1079.68264115384	1926.93334960938
1082.41470893879	1929.11669921875
1085.14591676728	1933.51672363281
1087.8762649928	1940.75
1090.60575396871	1938.44995117188
1093.33438404827	1939.61669921875
1096.06215558464	1937.28332519531
1098.78906893086	1944.31665039063
1101.51512443981	1939.66662597656
1104.24032246435	1944.13330078125
1106.96466335716	1943.43334960938
1109.68814747081	1955.18334960938
1112.41077515779	1943.90002441406
1115.13254677044	1950.19995117188
1117.85346266104	1950.88330078125
1120.57352318169	1947.01672363281
1123.29272868445	1951.73327636719
1126.01107952121	1950.84997558594
1128.72857604378	1961.58337402344
1131.44521860385	1957.01672363281
1134.16100755301	1961.26672363281
1136.87594324271	1956.26672363281
1139.59002602433	1967.55004882813
1142.3032562491	1967.25
1145.01563426818	1966.98327636719
1147.72716043257	1963.93334960938
1150.43783509322	1957.44995117188
1153.14765860091	1970.11669921875
1155.85663130634	1969.96667480469
1158.56475356012	1971.34997558594
1161.27202571271	1975.69995117188
1163.97844811448	1971.40002441406
1166.68402111569	1975.13330078125
1169.38874506649	1983.48327636719
1172.09262031694	1988.15002441406
1174.79564721695	1983.65002441406
1177.49782611635	1984.68334960938
1180.19915736486	1989.46667480469
1182.89964131208	1993.56665039063
1185.59927830751	1981.06665039063
1188.29806870054	1998.98327636719
1190.99601284046	1997.05004882813
1193.69311107643	1995.46667480469
1196.38936375753	2001
1199.08477123271	2003.01672363281
1201.77933385082	2000.68334960938
1204.47305196061	1999.75
1207.1659259107	2007.05004882813
1209.85795604964	2014.18334960938
1212.54914272585	2006.71667480469
1215.23948628763	2022.15002441406
1217.92898708319	2025.73327636719
1220.61764546064	2028.31665039063
1223.30546176798	2023.09997558594
1225.99243635308	2028.90002441406
1228.67856956373	2031.94995117188
1231.36386174761	2028.81665039063
1234.04831325228	2024.59997558594
1236.73192442522	2025.96667480469
1239.41469561377	2039.69995117188
1242.09662716519	2022.91662597656
1244.77771942662	2030.90002441406
1247.45797274511	2038.86669921875
1250.13738746759	2033.31665039063
1252.81596394089	2034.84997558594
1255.49370251175	2036.56665039063
1258.17060352676	2042.43334960938
1260.84666733246	2034.44995117188
1263.52189427525	2041.59997558594
1266.19628470144	2046.69995117188
1268.86983895722	2044.03332519531
1271.5425573887	2045.90002441406
1274.21444034186	2047.36669921875
1276.8854881626	2054.81665039063
1279.55570119671	2051.21655273438
1282.22507978985	2060.35009765625
1284.89362428759	2057.28344726563
1287.56133503543	2058.85009765625
1290.22821237872	2072.91674804688
1292.89425666274	2068.75
1295.55946823263	2063.91674804688
1298.22384743346	2069.43334960938
1300.88739461019	2079.05004882813
1303.55011010766	2069.18334960938
1306.21199427063	2082.78344726563
1308.87304744373	2077.2333984375
1311.53326997152	2079.10009765625
1314.19266219843	2087.5166015625
1316.8512244688	2095.19995117188
1319.50895712687	2099.5166015625
1322.16586051676	2091.25
1324.82193498252	2095.56665039063
1327.47718086806	2090.5
1330.1315985172	2109.21655273438
1332.78518827369	2112.41674804688
1335.43795048114	2109.5
1338.08988548307	2113
1340.74099362289	2115.43334960938
1343.39127524392	2113.64990234375
1346.04073068939	2116.25
1348.6893603024	2116.96655273438
1351.33716442597	2109.55004882813
1353.98414340301	2110.55004882813
1356.63029757632	2107.88330078125
1359.27562728863	2115.39990234375
1361.92013288252	2118.5166015625
1364.56381470053	2113.28344726563
1367.20667308505	2110.28344726563
1369.84870837838	2116.08325195313
1372.48992092274	2114.60009765625
1375.13031106023	2111.46655273438
1377.76987913284	2111.08325195313
1380.40862548251	2110.4833984375
1383.04655045101	2103.80004882813
1385.68365438006	2117.38330078125
1388.31993761126	2107.4833984375
1390.95540048612	2113.44995117188
1393.59004334605	2106.75
1396.22386653233	2121.83325195313
1398.85687038619	2115.21655273438
1401.48905524873	2112.0166015625
1404.12042146094	2116.7666015625
1406.75096936375	2122.11669921875
1409.38069929796	2112.58325195313
1412.00961160428	2137.44995117188
1414.63770662332	2127.81665039063
1417.26498469557	2125.66674804688
1419.89144616146	2130.55004882813
1422.51709136132	2131.94995117188
1425.14192063532	2134.91674804688
1427.76593432361	2131.93334960938
1430.3891327662	2138.81665039063
1433.01151630299	2127.81665039063
1435.63308527382	2130.78344726563
1438.2538400184	2144.13330078125
1440.87378087637	2143.93334960938
1443.49290818722	2149.81665039063
1446.1112222904	2129.93334960938
1448.72872352524	2149.03344726563
1451.34541223097	2135.41674804688
1453.96128874671	2137.5166015625
1456.5763534115	2132.58325195313
1459.19060656429	2145.05004882813
1461.8040485439	2133.41674804688
1464.41667968907	2134.78344726563
1467.02850033846	2140.71655273438
1469.63951083061	2142.41674804688
1472.24971150397	2149.53344726563
1474.8591026969	2147.9833984375
1477.46768474763	2154.85009765625
1480.07545799434	2150.60009765625
1482.68242277508	2157.63330078125
1485.28857942782	2155.5
1487.89392829042	2149.7666015625
1490.49846970065	2148.81665039063
1493.10220399619	2144.66674804688
1495.70513151461	2153.81665039063
1498.30725259339	2152.03344726563
1500.90856756992	2149.69995117188
1503.50907678146	2158.38330078125
1506.10878056524	2162.94995117188
1508.70767925832	2167.13330078125
1511.30577319772	2163.83325195313
1513.90306272032	2159
1516.49954816295	2168.80004882813
1519.09522986229	2173.13330078125
1521.69010815498	2164.81665039063
1524.28418337751	2171.66674804688
1526.87745586632	2173.88330078125
1529.46992595773	2171.25
1532.06159398796	2175.83325195313
1534.65246029316	2180.86669921875
1537.24252520935	2189.13330078125
1539.83178907249	2184.78344726563
1542.42025221841	2192.03344726563
1545.00791498287	2192.68334960938
1547.59477770152	2199.91674804688
1550.18084070993	2200.81665039063
1552.76610434356	2203.33325195313
1555.35056893777	2201.83325195313
1557.93423482785	2218.30004882813
1560.51710234896	2208.5166015625
1563.0991718362	2209.38330078125
1565.68044362457	2225.10009765625
1568.26091804893	2229.2333984375
1570.84059544411	2229.0166015625
1573.41947614481	2229.75
1575.99756048562	2234.2666015625
1578.57484880108	2238.41674804688
1581.15134142559	2250.11669921875
1583.72703869349	2249.68334960938
1586.301940939	2238.56665039063
1588.87604849628	2237.38330078125
1591.44936169934	2236.30004882813
1594.02188088215	2232.89990234375
1596.59360637855	2235.88330078125
1599.16453852232	2238.46655273438
1601.73467764709	2225.35009765625
1604.30402408647	2227.2666015625
1606.87257817391	2222.33325195313
1609.44034024281	2214.56665039063
1612.00731062644	2228.39990234375
1614.57348965801	2220.19995117188
1617.13887767062	2224.68334960938
1619.70347499726	2223.2333984375
1622.26728197086	2211.08325195313
1624.83029892423	2212.18334960938
1627.39252619012	2210.69995117188
1629.95396410112	2218.61669921875
1632.5146129898	2219.46655273438
1635.07447318858	2215.55004882813
1637.63354502984	2212.56665039063
1640.19182884582	2211.11669921875
1642.74932496868	2202.35009765625
1645.3060337305	2205.2666015625
1647.86195546325	2204.41674804688
1650.41709049882	2212.31665039063
1652.971439169	2212.08325195313
1655.52500180548	2211.08325195313
1658.07777873987	2208.10009765625
1660.62977030368	2208.9833984375
1663.18097682833	2215.91674804688
1665.73139864514	2205.60009765625
1668.28103608534	2214.83325195313
1670.82988948008	2205.44995117188
1673.37795916039	2214.80004882813
1675.92524545724	2203.61669921875
1678.47174870147	2207.89990234375
1681.01746922386	2199.06665039063
1683.56240735508	2207.2333984375
1686.10656342572	2206.18334960938
1688.64993776626	2211.0166015625
1691.19253070709	2210.88330078125
1693.73434257853	2210
1696.27537371078	2216.5166015625
1698.81562443395	2206.10009765625
1701.35509507809	2194.64990234375
1703.89378597311	2201.75
1706.43169744886	2210.96655273438
1708.96882983509	2209.33325195313
1711.50518346144	2201.58325195313
1714.0407586575	2210.71655273438
1716.57555575272	2205.81665039063
1719.10957507649	2216.7333984375
1721.64281695809	2205.81665039063
1724.17528172671	2205.60009765625
1726.70696971146	2213.18334960938
1729.23788124135	2216.9833984375
1731.7680166453	2208.5
1734.29737625213	2221.16674804688
1736.82596039057	2209.93334960938
1739.35376938927	2214.06665039063
1741.88080357677	2224.75
1744.40706328154	2219.41674804688
1746.93254883193	2225.46655273438
1749.45726055623	2217.5
1751.9811987826	2224.4833984375
1754.50436383915	2231.2666015625
1757.02675605387	2226.89990234375
1759.54837575466	2233.71655273438
1762.06922326934	2228.58325195313
1764.58929892564	2232.0166015625
1767.10860305118	2224.03344726563
1769.6271359735	2233.18334960938
1772.14489802005	2223.39990234375
1774.66188951817	2235.38330078125
1777.17811079515	2226.31665039063
1779.69356217815	2240
1782.20824399425	2220.96655273438
1784.72215657043	2240.85009765625
1787.23530023361	2228.63330078125
1789.74767531057	2231.03344726563
1792.25928212804	2235.31665039063
1794.77012101264	2227.5166015625
1797.2801922909	2231.38330078125
1799.78949628926	2233.11669921875
1802.29803333406	2241.4833984375
1804.80580375158	2241.39990234375
1807.31280786797	2229.19995117188
1809.81904600929	2236.39990234375
1812.32451850154	2239.25
1814.82922567061	2240.43334960938
1817.33316784231	2238
1819.83634534233	2233.0166015625
1822.33875849629	2233.94995117188
1824.84040762973	2234.4833984375
1827.34129306808	2240.16674804688
1829.84141513667	2243
1832.34077416077	2241.19995117188
1834.83937046553	2239.80004882813
1837.33720437602	2247.94995117188
1839.83427621723	2238.2333984375
1842.33058631404	2238.14990234375
1844.82613499125	2235.38330078125
1847.32092257355	2240.71655273438
1849.81494938558	2249.43334960938
1852.30821575184	2240.33325195313
1854.80072199677	2246.75
1857.29246844473	2246.96655273438
1859.78345541994	2253.33325195313
1862.27368324658	2253.08325195313
1864.76315224871	2247.64990234375
1867.2518627503	2243.13330078125
1869.73981507524	2249.30004882813
1872.22700954733	2240.33325195313
1874.71344649027	2251.44995117188
1877.19912622768	2252.75
1879.68404908308	2259.03344726563
1882.16821537988	2251.2666015625
1884.65162544145	2244.81665039063
1887.13427959102	2248.75
1889.61617815175	2255.58325195313
1892.0973214467	2248.85009765625
1894.57770979887	2245.83325195313
1897.05734353113	2264.81665039063
1899.53622296628	2249.31665039063
1902.014348427	2254.5
1904.49172023593	2254.16674804688
1906.96833871558	2262.36669921875
1909.44420418839	2256.61669921875
1911.91931697668	2254.53344726563
1914.39367740272	2252.19995117188
1916.86728578865	2257.69995117188
1919.34014245654	2252.64990234375
1921.81224772838	2253.38330078125
1924.28360192604	2248.55004882813
1926.75420537132	2263.14990234375
1929.22405838593	2252.16674804688
1931.69316129147	2250.25
1934.16151440948	2259.44995117188
1936.62911806136	2246.11669921875
1939.09597256848	2254.9833984375
1941.56207825207	2251.16674804688
1944.0274354333	2262.94995117188
1946.49204443322	2250.41674804688
1948.95590557284	2251.19995117188
1951.41901917301	2263.41674804688
1953.88138555454	2243.60009765625
1956.34300503813	2261.25
1958.8038779444	2263.35009765625
1961.26400459387	2252.78344726563
1963.72338530697	2254.88330078125
1966.18202040403	2265.06665039063
1968.63991020531	2258.21655273438
1971.09705503097	2254.58325195313
1973.55345520107	2256.14990234375
1976.0091110356	2266.96655273438
1978.46402285444	2256.93334960938
1980.91819097737	2262.25
1983.3716157241	2273.4833984375
1985.82429741427	2261.80004882813
1988.27623636736	2264.80004882813
1990.72743290284	2272.03344726563
1993.17788734002	2264.83325195313
1995.62759999817	2280.89990234375
1998.07657119644	2273.31665039063
2000.5248012539	2270.21655273438
2002.97229048952	2275.89990234375
2005.41903922219	2283.30004882813
2007.86504777071	2270.60009765625
2010.31031645378	2284.44995117188
2012.75484559	2283.18334960938
2015.19863549792	2282.35009765625
2017.64168649594	2275.88330078125
2020.08399890242	2284.63330078125
2022.5255730356	2285.53344726563
2024.96640921365	2283.71655273438
2027.40650775462	2280.86669921875
2029.84586897649	2284.58325195313
2032.28449319715	2277.38330078125
2034.72238073438	2276.93334960938
2037.15953190591	2273.39990234375
2039.59594702932	2280.68334960938
2042.03162642215	2283.63330078125
2044.46657040182	2277.31665039063
2046.90077928567	2279.80004882813
2049.33425339095	2281.68334960938
2051.76699303481	2281.89990234375
2054.19899853433	2277.78344726563
2056.63027020645	2269.43334960938
2059.06080836809	2281.36669921875
2061.49061333602	2286.14990234375
2063.91968542694	2293.66674804688
2066.34802495747	2281.64990234375
2068.77563224411	2269.86669921875
2071.20250760329	2282.0166015625
2073.62865135136	2281.14990234375
2076.05406380455	2283.41674804688
2078.47874527901	2279.08325195313
2080.9026960908	2281.11669921875
2083.3259165559	2282
2085.74840699018	2283.5
2088.17016770944	2280.25
2090.59119902935	2278.08325195313
2093.01150126553	2282.89990234375
2095.43107473348	2281.58325195313
2097.84991974864	2294.96655273438
2100.26803662633	2286.80004882813
2102.68542568178	2289.94995117188
2105.10208723015	2287.10009765625
2107.51802158648	2288.68334960938
2109.93322906574	2289.60009765625
2112.3477099828	2289.7333984375
2114.76146465245	2279.9833984375
2117.17449338937	2289.56665039063
2119.58679650815	2288.13330078125
2121.9983743233	2287.28344726563
2124.40922714924	2293.55004882813
2126.81935530029	2289.89990234375
2129.22875909067	2287.93334960938
2131.63743883452	2284.11669921875
2134.04539484589	2296.44995117188
2136.45262743874	2290.28344726563
2138.85913692692	2297.88330078125
2141.26492362422	2282.39990234375
2143.6699878443	2294.43334960938
2146.07432990076	2294.35009765625
2148.47795010708	2280.61669921875
2150.88084877667	2293.44995117188
2153.28302622285	2292.83325195313
2155.68448275883	2286.55004882813
2158.08521869774	2289.63330078125
2160.48523435261	2295.56665039063
2162.88453003639	2294.83325195313
2165.28310606193	2291.53344726563
2167.68096274199	2292.18334960938
2170.07810038922	2293.28344726563
2172.47451931622	2297.0166015625
2174.87021983546	2291.10009765625
2177.26520225933	2293.71655273438
2179.65946690013	2296.75
2182.05301407006	2281.75
2184.44584408123	2294.69995117188
2186.83795724567	2285.58325195313
2189.22935387531	2300.5166015625
2191.62003428198	2287.71655273438
2194.00999877743	2284.28344726563
2196.39924767329	2302.21655273438
2198.78778128115	2285.75
2201.17559991245	2295.13330078125
2203.56270387857	2294.38330078125
2205.94909349081	2290.18334960938
2208.33476906033	2297.39990234375
2210.71973089824	2291.60009765625
2213.10397931554	2280.25
2215.48751462314	2288.63330078125
2217.87033713186	2293.28344726563
2220.25244715242	2296.64990234375
2222.63384499546	2293.53344726563
2225.01453097151	2289.10009765625
2227.39450539101	2302.86669921875
2229.77376856434	2297.44995117188
2232.15232080173	2303.64990234375
2234.53016241336	2299.88330078125
2236.9072937093	2304.7666015625
2239.28371499954	2293.71655273438
2241.65942659396	2287.19995117188
2244.03442880236	2293.75
2246.40872193443	2291.63330078125
2248.78230629979	2291.96655273438
2251.15518220795	2295.96655273438
2253.52734996835	2299.53344726563
2255.89880989029	2284.5
2258.26956228301	2300.39990234375
2260.63960745567	2299.66674804688
2263.00894571731	2292.46655273438
2265.37757737688	2293.63330078125
2267.74550274324	2288.41674804688
2270.11272212517	2289.2666015625
2272.47923583134	2294.05004882813
2274.84504417031	2294.46655273438
2277.2101474506	2300.39990234375
2279.57454598058	2297.9833984375
2281.93824006856	2284.46655273438
2284.30123002275	2285.94995117188
2286.66351615125	2288.56665039063
2289.02509876208	2300.86669921875
2291.38597816317	2296.55004882813
2293.74615466236	2296.05004882813
2296.10562856737	2287.08325195313
2298.46440018585	2299.10009765625
2300.82246982535	2300.2666015625
2303.1798377933	2301.14990234375
2305.5365043971	2302.03344726563
2307.89246994399	2306.60009765625
2310.24773474116	2300.39990234375
2312.60229909566	2301.11669921875
2314.95616331451	2301.78344726563
2317.30932770456	2300.2333984375
2319.66179257263	2312.33325195313
2322.01355822542	2301.05004882813
2324.36462496953	2303.25
2326.71499311146	2309.88330078125
2329.06466295764	2298.85009765625
2331.41363481439	2292.33325195313
2333.76190898794	2307.05004882813
2336.10948578441	2304.35009765625
2338.45636550986	2305.86669921875
2340.80254847022	2304.41674804688
2343.14803497132	2302.21655273438
2345.49282531895	2300.94995117188
2347.83691981874	2312.86669921875
2350.18031877626	2316.11669921875
2352.52302249699	2303.91674804688
2354.8650312863	2317.2333984375
2357.20634544946	2311.14990234375
2359.54696529166	2311
2361.88689111798	2308.25
2364.22612323341	2304.61669921875
2366.56466194287	2310.7333984375
2368.90250755114	2313.44995117188
2371.23966036293	2312.33325195313
2373.57612068286	2303.30004882813
2375.91188881545	2305.96655273438
2378.2469650651	2307.5
2380.58134973615	2309.85009765625
2382.91504313282	2309.7666015625
2385.24804555926	2306.35009765625
2387.58035731949	2301.2333984375
2389.91197871745	2307.93334960938
2392.24291005701	2302.93334960938
2394.57315164189	2299.5166015625
2396.90270377577	2301.4833984375
2399.23156676218	2313.93334960938
2401.55974090461	2308.44995117188
2403.88722650642	2309.38330078125
2406.21402387086	2316.5166015625
2408.54013330113	2305.94995117188
2410.8655551003	2306.21655273438
2413.19028957133	2308.64990234375
2415.51433701713	2306.03344726563
2417.83769774049	2307.21655273438
2420.16037204408	2311.75
2422.48236023051	2311.55004882813
2424.80366260228	2308.78344726563
2427.12427946179	2314.7666015625
2429.44421111134	2310.16674804688
2431.76345785315	2308.63330078125
2434.08201998932	2308.53344726563
2436.39989782188	2312.5
2438.71709165273	2315.71655273438
2441.0336017837	2314.61669921875
2443.34942851653	2314.64990234375
2445.66457215282	2302.75
2447.97903299412	2308.75
2450.29281134185	2310.2666015625
2452.60590749736	2304.28344726563
2454.91832176188	2307.21655273438
2457.23005443656	2313.11669921875
2459.54110582243	2316.0166015625
2461.85147622045	2312.10009765625
2464.16116593146	2306.88330078125
2466.47017525621	2299.91674804688
2468.77850449536	2312.30004882813
2471.08615394947	2297
2473.39312391899	2300.21655273438
2475.69941470429	2309.94995117188
2478.00502660562	2308.43334960938
2480.30995992316	2303.69995117188
2482.61421495697	2310.05004882813
2484.91779200702	2307.94995117188
2487.22069137316	2306.55004882813
2489.5229133552	2310.56665039063
2491.8244582528	2309.5
2494.12532636553	2308.43334960938
2496.42551799287	2307.56665039063
2498.72503343421	2310.63330078125
2501.02387298882	2311.55004882813
2503.32203695588	2306.81665039063
2505.61952563449	2310.10009765625
2507.91633932361	2307.08325195313
2510.21247832216	2303.61669921875
2512.50794292891	2313.4833984375
2514.80273344255	2314.05004882813
2517.09685016167	2306.64990234375
2519.39029338476	2306.9833984375
2521.68306341022	2314.31665039063
2523.97516053634	2314.31665039063
2526.26658506132	2312.18334960938
2528.55733728325	2312.41674804688
2530.84741750012	2311.44995117188
2533.13682600984	2314.39990234375
2535.4255631102	2312.25
2537.7136290989	2310.31665039063
2540.00102427354	2307.10009765625
2542.28774893162	2314.14990234375
2544.57380337053	2306.94995117188
2546.85918788758	2302.41674804688
2549.14390277997	2319.5166015625
2551.4279483448	2307.68334960938
2553.71132487906	2317.44995117188
2555.99403267966	2308.69995117188
2558.27607204341	2324.13330078125
2560.55744326699	2310.61669921875
2562.83814664702	2318.61669921875
2565.11818247999	2320.14990234375
2567.3975510623	2307.5
2569.67625269025	2305.18334960938
2571.95428766003	2306.43334960938
2574.23165626776	2297.44995117188
2576.50835880942	2307.86669921875
2578.78439558093	2299.60009765625
2581.05976687806	2308.08325195313
2583.33447299652	2295.39990234375
2585.60851423191	2297.7333984375
2587.88189087972	2318.05004882813
2590.15460323534	2304.4833984375
2592.42665159406	2312.44995117188
2594.69803625108	2303.16674804688
2596.9687575015	2308.61669921875
2599.23881564029	2301.43334960938
2601.50821096235	2298.35009765625
2603.77694376245	2294.5166015625
2606.0450143353	2302.35009765625
2608.31242297548	2296.58325195313
2610.57916997746	2302.28344726563
2612.84525563562	2316.28344726563
2615.11068024426	2304.19995117188
2617.37544409753	2306.69995117188
2619.63954748952	2308.9833984375
2621.90299071421	2298.46655273438
2624.16577406546	2301.86669921875
2626.42789783705	2311.53344726563
2628.68936232264	2308.13330078125
2630.9501678158	2300.75
2633.21031460999	2304.7333984375
2635.46980299857	2306.91674804688
2637.72863327481	2303.58325195313
2639.98680573185	2313.25
2642.24432066276	2293.35009765625
2644.50117836048	2314.11669921875
2646.75737911786	2301.88330078125
2649.01292322765	2322.14990234375
2651.26781098249	2306.31665039063
2653.52204267492	2318.36669921875
2655.77561859738	2315.19995117188
2658.0285390422	2309.71655273438
2660.28080430161	2310.06665039063
2662.53241466774	2317.81665039063
2664.78337043263	2312.80004882813
2667.03367188817	2332.18334960938
2669.2833193262	2318.88330078125
2671.53231303844	2334.21655273438
2673.78065331648	2320.4833984375
2676.02834045184	2325.5166015625
2678.27537473592	2325.80004882813
2680.52175646002	2334.75
2682.76748591535	2337.21655273438
2685.01256339298	2332.11669921875
2687.25698918391	2335.89990234375
2689.50076357901	2341.10009765625
2691.74388686909	2347.31665039063
2693.9863593448	2350.93334960938
2696.22818129672	2354.4833984375
2698.46935301532	2353.53344726563
2700.70987479096	2333.5
2702.94974691389	2331.5
2705.18896967428	2330.16674804688
2707.42754336216	2333.36669921875
2709.66546826749	2318.86669921875
2711.90274468011	2320.81665039063
2714.13937288974	2319.31665039063
2716.37535318602	2314.10009765625
2718.61068585848	2299.89990234375
2720.84537119652	2296.0166015625
2723.07940948947	2292.85009765625
2725.31280102654	2300.60009765625
2727.54554609682	2289.38330078125
2729.77764498933	2283.2666015625
2732.00909799294	2284.96655273438
2734.23990539644	2291.58325195313
2736.47006748853	2284.38330078125
2738.69958455777	2276.39990234375
2740.92845689263	2282.64990234375
2743.15668478147	2288.46655273438
2745.38426851257	2286.94995117188
2747.61120837406	2288.53344726563
2749.83750465399	2283.91674804688
2752.0631576403	2287.5
2754.28816762083	2280.83325195313
2756.51253488329	2288.96655273438
2758.73625971532	2278.36669921875
2760.95934240442	2295.60009765625
2763.18178323801	2286.28344726563
2765.40358250338	2282.05004882813
2767.62474048773	2272.7333984375
2769.84525747814	2270
2772.06513376159	2274.71655273438
2774.28436962496	2290.08325195313
2776.50296535501	2280.81665039063
2778.7209212384	2280.35009765625
2780.93823756168	2270.75
2783.15491461129	2276.11669921875
2785.37095267358	2284.96655273438
2787.58635203477	2272.56665039063
2789.80111298097	2269.93334960938
2792.01523579822	2267.10009765625
2794.2287207724	2271.13330078125
2796.44156818932	2269.25
2798.65377833468	2268.60009765625
2800.86535149404	2271.56665039063
2803.07628795289	2282.30004882813
2805.28658799659	2268.58325195313
2807.4962519104	2269.43334960938
2809.70527997946	2262.44995117188
2811.91367248883	2257.03344726563
2814.12142972342	2260.55004882813
2816.32855196807	2274.93334960938
2818.53503950749	2263.44995117188
2820.74089262628	2263.5
2822.94611160894	2266.56665039063
2825.15069673987	2268.18334960938
2827.35464830333	2263.41674804688
2829.55796658351	2264.5
2831.76065186445	2253.33325195313
2833.96270443012	2265.25
2836.16412456437	2256.05004882813
2838.3649125509	2249.88330078125
2840.56506867336	2261.31665039063
2842.76459321526	2261.5
2844.96348645999	2265.7666015625
2847.16174869086	2251.78344726563
2849.35938019105	2251.58325195313
2851.55638124363	2261.71655273438
2853.75275213157	2260.94995117188
2855.94849313772	2258.75
2858.14360454483	2265.81665039063
2860.33808663553	2269.88330078125
2862.53193969234	2259.55004882813
2864.72516399768	2259.55004882813
2866.91775983385	2258.2666015625
2869.10972748304	2258.14990234375
2871.30106722733	2259.46655273438
2873.4917793487	2264.38330078125
2875.68186412899	2258.75
2877.87132184997	2262.83325195313
2880.06015279325	2264.19995117188
2882.24835724039	2255.0166015625
2884.43593547278	2268.38330078125
2886.62288777173	2263.19995117188
2888.80921441843	2259.55004882813
2890.99491569397	2261.0166015625
2893.1799918793	2262.5166015625
2895.36444325529	2257.55004882813
2897.54827010269	2255.33325195313
2899.73147270213	2268.7666015625
2901.91405133412	2257.38330078125
2904.09600627909	2247.19995117188
2906.27733781731	2259.2333984375
2908.45804622899	2246.69995117188
2910.63813179418	2251.21655273438
2912.81759479286	2245.10009765625
2914.99643550486	2240.58325195313
2917.17465420994	2250.43334960938
2919.3522511877	2252.31665039063
2921.52922671765	2246.06665039063
2923.7055810792	2237.60009765625
2925.88131455162	2238.7666015625
2928.05642741408	2241.9833984375
2930.23091994566	2248.38330078125
2932.40479242528	2232.93334960938
2934.57804513178	2237.56665039063
2936.75067834387	2234.66674804688
2938.92269234017	2227.14990234375
2941.09408739916	2220.96655273438
2943.26486379921	2230.06665039063
2945.4350218186	2226.41674804688
2947.60456173546	2224.11669921875
2949.77348382783	2234.0166015625
2951.94178837363	2215.71655273438
2954.10947565068	2221.2333984375
2956.27654593666	2235.33325195313
2958.44299950915	2230.61669921875
2960.60883664562	2227.30004882813
2962.77405762341	2220.30004882813
2964.93866271975	2220.96655273438
2967.10265221178	2226.06665039063
2969.26602637648	2224
2971.42878549076	2224.2333984375
2973.59092983139	2223.78344726563
2975.75245967501	2222.81665039063
2977.9133752982	2223.83325195313
2980.07367697736	2227.4833984375
2982.23336498882	2224.81665039063
2984.39243960877	2226.81665039063
2986.5509011133	2218.11669921875
2988.70874977837	2226.06665039063
2990.86598587984	2224.31665039063
2993.02260969344	2216.64990234375
2995.17862149478	2212.14990234375
2997.33402155938	2216.69995117188
2999.48881016262	2214.03344726563
3001.64298757978	2207.96655273438
3003.796554086	2217.66674804688
3005.94950995633	2215.08325195313
3008.10185546569	2209.14990234375
3010.25359088888	2218.61669921875
3012.40471650059	2218.69995117188
3014.5552325754	2213.2666015625
3016.70513938776	2221.10009765625
3018.85443721201	2207.43334960938
3021.00312632236	2214.75
3023.15120699292	2201.53344726563
3025.29867949769	2202.38330078125
3027.44554411052	2201.44995117188
3029.59180110516	2205.93334960938
3031.73745075527	2210.94995117188
3033.88249333434	2206.86669921875
3036.02692911578	2194.55004882813
3038.17075837287	2192.4833984375
3040.31398137877	2190.14990234375
3042.45659840653	2200.2333984375
3044.59860972907	2198.33325195313
3046.7400156192	2196.16674804688
3048.88081634961	2189.89990234375
3051.02101219287	2187.68334960938
3053.16060342144	2191
3055.29959030765	2184.86669921875
3057.43797312371	2183.5
3059.57575214172	2181.78344726563
3061.71292763366	2172.21655273438
3063.84949987139	2177.75
3065.98546912665	2187.35009765625
3068.12083567105	2181.19995117188
3070.2555997761	2170.89990234375
3072.38976171319	2172.13330078125
3074.52332175356	2186.31665039063
3076.65628016837	2165.55004882813
3078.78863722863	2165.7333984375
3080.92039320526	2173.89990234375
3083.05154836902	2172.5
3085.1821029906	2169.53344726563
3087.31205734051	2165.38330078125
3089.44141168921	2175.86669921875
3091.57016630696	2172.33325195313
3093.69832146398	2177.19995117188
3095.82587743032	2164.9833984375
3097.9528344759	2168.80004882813
3100.07919287056	2173.86669921875
3102.204952884	2165.94995117188
3104.33011478579	2166.14990234375
3106.45467884538	2171.0166015625
3108.57864533212	2163.75
3110.70201451522	2169.35009765625
3112.82478666378	2160.4833984375
3114.94696204676	2170.13330078125
3117.06854093301	2172.2333984375
3119.18952359127	2164.55004882813
3121.30991029013	2165.0166015625
3123.4297012981	2167.43334960938
3125.54889688352	2155.75
3127.66749731464	2158.89990234375
3129.78550285957	2168.10009765625
3131.90291378633	2156.39990234375
3134.01973036277	2153.71655273438
3136.13595285665	2155.0166015625
3138.2515815356	2157.11669921875
3140.36661666714	2144.46655273438
3142.48105851863	2152.94995117188
3144.59490735734	2154.94995117188
3146.70816345041	2149.71655273438
3148.82082706486	2137.33325195313
3150.93289846758	2133.43334960938
3153.04437792532	2136.4833984375
3155.15526570475	2138.61669921875
3157.26556207238	2140.31665039063
3159.37526729461	2124.0166015625
3161.48438163771	2131.58325195313
3163.59290536784	2126.33325195313
3165.70083875102	2133.28344726563
3167.80818205315	2128.81665039063
3169.91493554002	2125.83325195313
3172.02109947727	2122.94995117188
3174.12667413044	2115.08325195313
3176.23165976493	2122.55004882813
3178.33605664602	2118.21655273438
3180.43986503887	2123.44995117188
3182.54308520852	2121.56665039063
3184.64571741986	2125.58325195313
3186.74776193769	2124
3188.84921902664	2116.4833984375
3190.95008895128	2117.36669921875
3193.05037197599	2121.96655273438
3195.15006836504	2128.28344726563
3197.24917838262	2117.96655273438
3199.34770229274	2117.7333984375
3201.44564035931	2107.63330078125
3203.5429928461	2112.89990234375
3205.63976001677	2104.0166015625
3207.73594213484	2113.93334960938
3209.83153946372	2105.18334960938
3211.92655226669	2110.35009765625
3214.02098080688	2115.19995117188
3216.11482534732	2110.25
3218.20808615091	2106.19995117188
3220.30076348041	2109.28344726563
3222.39285759847	2104.13330078125
3224.4843687676	2104.91674804688
3226.57529725019	2103.5
3228.66564330851	2091.5
3230.75540720468	2096.21655273438
3232.8445892007	2102.41674804688
3234.93318955847	2107
3237.02120853974	2109.91674804688
3239.10864640612	2095.2666015625
3241.19550341911	2097.53344726563
3243.28177984009	2098.71655273438
3245.36747593029	2090.31665039063
3247.45259195083	2086.2333984375
3249.53712816268	2080.63330078125
3251.62108482672	2088.5166015625
3253.70446220366	2092.71655273438
3255.78726055411	2082.89990234375
3257.86948013853	2085.36669921875
3259.95112121728	2074.80004882813
3262.03218405055	2078.5
3264.11266889845	2070.83325195313
3266.19257602092	2069.94995117188
3268.27190567779	2069.10009765625
3270.35065812876	2075.86669921875
3272.4288336334	2063.11669921875
3274.50643245114	2067.19995117188
3276.5834548413	2062.7333984375
3278.65990106305	2069.43334960938
3280.73577137545	2056.55004882813
3282.81106603742	2059.91674804688
3284.88578530774	2059.5
3286.95992944508	2049.91674804688
3289.03349870796	2059.30004882813
3291.1064933548	2050.7666015625
3293.17891364384	2053.7666015625
3295.25075983324	2055.19995117188
3297.322032181	2043.71667480469
3299.39273094501	2052.43334960938
3301.462856383	2043.90002441406
3303.53240875259	2044.61669921875
3305.60138831128	2050.28344726563
3307.6697953164	2057.66674804688
3309.73763002519	2058.14990234375
3311.80489269472	2051.33325195313
3313.87158358198	2053.86669921875
3315.93770294378	2043.53332519531
3318.00325103681	2046.59997558594
3320.06822811764	2045.83337402344
3322.13263444272	2050.5
3324.19647026832	2045.59997558594
3326.25973585064	2041.08337402344
3328.32243144568	2045.09997558594
3330.38455730938	2044.25
3332.44611369749	2037.96667480469
3334.50710086564	2036.48327636719
3336.56751906936	2038.55004882813
3338.62736856401	2035.36669921875
3340.68664960483	2033.58337402344
3342.74536244693	2030.05004882813
3344.80350734528	2035.25
3346.86108455472	2023.26672363281
3348.91809432997	2025.38330078125
3350.97453692559	2026.73327636719
3353.03041259603	2022.56665039063
3355.08572159559	2014.53332519531
3357.14046417844	2018.81665039063
3359.19464059863	2018.15002441406
3361.24825111005	2010.05004882813
3363.30129596648	2008.25
3365.35377542155	2010.01672363281
3367.40568972878	2009.66662597656
3369.45703914152	2010.41662597656
3371.507823913	2005.51672363281
3373.55804429633	2014.76672363281
3375.60770054446	1995.80004882813
3377.65679291024	2006.01672363281
3379.70532164635	1999.16662597656
3381.75328700534	1994.36669921875
3383.80068923965	1989.13330078125
3385.84752860155	1990.08337402344
3387.89380534321	1986.55004882813
3389.93951971664	1992.53332519531
3391.98467197371	1985.66662597656
3394.02926236618	1977.80004882813
3396.07329114566	1988.16662597656
3398.1167585636	1970.96667480469
3400.15966487137	1991.55004882813
3402.20201032014	1982.05004882813
3404.24379516099	1975.08337402344
3406.28501964484	1978.98327636719
3408.3256840225	1969.61669921875
3410.3657885446	1971.91662597656
3412.40533346167	1976.26672363281
3414.44431902408	1968.76672363281
3416.48274548209	1972.33337402344
3418.5206130858	1962.88330078125
3420.55792208516	1962.58337402344
3422.59467273003	1966.83337402344
3424.63086527009	1963.43334960938
3426.6664999549	1972.06665039063
3428.70157703386	1959.08337402344
3430.73609675628	1963.55004882813
3432.77005937129	1967.73327636719
3434.80346512789	1965.76672363281
3436.83631427494	1956.28332519531
3438.86860706119	1957.41662597656
3440.90034373521	1950.41662597656
3442.93152454546	1956.71667480469
3444.96214974025	1957.19995117188
3446.99221956775	1949.86669921875
3449.021734276	1955.91662597656
3451.05069411289	1942.61669921875
3453.07909932619	1945.19995117188
3455.1069501635	1944.28332519531
3457.1342468723	1938.83337402344
3459.16098969993	1930.90002441406
3461.1871788936	1937.48327636719
3463.21281470035	1939.71667480469
3465.23789736712	1931
3467.26242714067	1923.33337402344
3469.28640426765	1923.5
3471.30982899455	1924.51672363281
3473.33270156774	1921.05004882813
3475.35502223343	1926.19995117188
3477.3767912377	1920.11669921875
3479.39800882649	1918.96667480469
3481.41867524559	1919.44995117188
3483.43879074066	1917.88330078125
3485.45835555721	1910.18334960938
3487.47736994062	1903.96667480469
3489.49583413611	1910.25
3491.51374838879	1899.48327636719
3493.53111294359	1899.90002441406
3495.54792804533	1898.55004882813
3497.56419393867	1893.25
3499.57991086814	1900.51672363281
3501.59507907811	1893.66662597656
3503.60969881284	1891.76672363281
3505.6237703164	1882.26672363281
3507.63729383278	1887
3509.65026960577	1876.69995117188
3511.66269787904	1879.34997558594
3513.67457889613	1883.11669921875
3515.68591290042	1879.05004882813
3517.69670013515	1873.88330078125
3519.70694084342	1880.84997558594
3521.7166352682	1874.25
3523.72578365229	1873.33337402344
3525.73438623836	1873.91662597656
3527.74244326893	1871.43334960938
3529.74995498641	1868.84997558594
3531.75692163301	1869.55004882813
3533.76334345084	1861.09997558594
3535.76922068186	1864.44995117188
3537.77455356786	1863.61669921875
3539.77934235051	1866.11669921875
3541.78358727133	1862.83337402344
3543.78728857169	1858.5
3545.79044649283	1856.81665039063
3547.79306127584	1860.81665039063
3549.79513316164	1861.94995117188
3551.79666239104	1860.03332519531
3553.79764920469	1853.18334960938
3555.7980938431	1852.83337402344
3557.79799654663	1851.41662597656
3559.79735755548	1843.65002441406
3561.79617710974	1843.19995117188
3563.79445544932	1848.34997558594
3565.79219281401	1844.33337402344
3567.78938944344	1837.51672363281
3569.7860455771	1831.59997558594
3571.78216145432	1831.43334960938
3573.77773731431	1825.41662597656
3575.7727733961	1831.06665039063
3577.76726993861	1823.44995117188
3579.76122718059	1824.98327636719
3581.75464536064	1818.03332519531
3583.74752471725	1819.75
3585.7398654887	1816.71667480469
3587.73166791317	1817.48327636719
3589.7229322287	1821.03332519531
3591.71365867314	1818.48327636719
3593.70384748424	1804.38330078125
3595.69349889955	1807.55004882813
3597.68261315654	1810.83337402344
3599.67119049245	1806.34997558594
3601.65923114446	1809.18334960938
3603.64673534952	1797.33337402344
3605.63370334449	1797.28332519531
3607.62013536607	1792.58337402344
3609.60603165079	1787.21667480469
3611.59139243504	1787.08337402344
3613.57621795509	1788.21667480469
3615.56050844701	1788.98327636719
3617.54426414677	1782.71667480469
3619.52748529017	1780.08337402344
3621.51017211285	1786.96667480469
3623.49232485031	1783.58337402344
3625.47394373792	1773.78332519531
3627.45502901088	1777.81665039063
3629.43558090423	1772.61669921875
3631.41559965288	1773.59997558594
3633.3950854916	1776
3635.37403865498	1776.26672363281
3637.35245937747	1769.33337402344
3639.33034789339	1765.84997558594
3641.30770443688	1765.58337402344
3643.28452924196	1763.46667480469
3645.26082254248	1763.41662597656
3647.23658457212	1771.21667480469
3649.21181556447	1755.34997558594
3651.18651575291	1760.91662597656
3653.16068537069	1758.76672363281
3655.13432465092	1759.58337402344
3657.10743382653	1756.66662597656
3659.08001313034	1753.75
3661.05206279498	1753.84997558594
3663.02358305295	1755.86669921875
3664.9945741366	1752.83337402344
3666.96503627811	1749.86669921875
3668.93496970952	1745.41662597656
3670.90437466272	1743.30004882813
3672.87325136944	1741.96667480469
3674.84160006127	1748.80004882813
3676.80942096963	1741.73327636719
3678.77671432581	1742.30004882813
3680.74348036092	1737.36669921875
3682.70971930595	1735.06665039063
3684.6754313917	1731.73327636719
3686.64061684885	1732.94995117188
3688.60527590791	1728.76672363281
3690.56940879924	1734.41662597656
3692.53301575303	1730.88330078125
3694.49609699936	1727.73327636719
3696.45865276812	1725.23327636719
3698.42068328904	1724.11669921875
3700.38218879173	1719.58337402344
3702.34316950563	1721.66662597656
3704.30362566	1712.31665039063
3706.26355748399	1715.43334960938
3708.22296520657	1711.51672363281
3710.18184905656	1711.18334960938
3712.14020926263	1709.26672363281
3714.09804605328	1705.73327636719
3716.05535965687	1706.38330078125
3718.01215030162	1706.96667480469
3719.96841821555	1709.26672363281
3721.92416362657	1690.28332519531
3723.8793867624	1695.93334960938
3725.83408785063	1693.03332519531
3727.78826711869	1692.30004882813
3729.74192479384	1696.56665039063
3731.69506110319	1688.44995117188
3733.64767627371	1682.06665039063
3735.59977053219	1687.23327636719
3737.55134410528	1682.05004882813
3739.50239721947	1678.26672363281
3741.45293010108	1682.09997558594
3743.40294297631	1677.61669921875
3745.35243607116	1670.94995117188
3747.3014096115	1676.09997558594
3749.24986382303	1674.34997558594
3751.19779893131	1678.34997558594
3753.14521516171	1671.31665039063
3755.09211273949	1669.71667480469
3757.0384918897	1667.15002441406
3758.98435283728	1663.84997558594
3760.92969580698	1661.90002441406
3762.87452102341	1665.25
3764.81882871101	1665.09997558594
3766.76261909407	1662.05004882813
3768.70589239672	1660.90002441406
3770.64864884293	1656.46667480469
3772.59088865651	1663.84997558594
3774.53261206112	1658.58337402344
3776.47381928025	1659.05004882813
