-173.428722450078	1146.25
-170.294344013779	1146.11669921875
-167.160990304052	1146.25
-164.028660894548	1145.93334960938
-160.897355359205	1146.69995117188
-157.767073272189	1145.75
-154.637814207931	1145.94995117188
-151.50957774112	1145.76672363281
-148.382363446704	1147.48327636719
-145.256170899859	1146.33337402344
-142.130999676054	1147.09997558594
-139.006849350965	1145.80004882813
-135.883719500571	1146.59997558594
-132.761609701053	1145.83337402344
-129.640519528863	1145.65002441406
-126.520448560715	1146.33337402344
-123.401396373553	1145.65002441406
-120.28336254458	1146.40002441406
-117.166346651252	1145
-114.050348271258	1145.73327636719
-110.935366982541	1146.34997558594
-107.821402363301	1146.13330078125
-104.708453991972	1146.28332519531
-101.596521447235	1145.90002441406
-98.4856043080122	1146.13330078125
-95.3757021534957	1146.69995117188
-92.2668145630801	1146.38330078125
-89.1589411164452	1145.91662597656
-86.0520813934781	1146.71667480469
-82.946234974338	1146.36669921875
-79.8414014394074	1146.55004882813
-76.7375803693083	1145.90002441406
-73.6347713449181	1146.63330078125
-70.532973947345	1146.21667480469
-67.4321877579402	1146.43334960938
-64.3324123582935	1146.68334960938
-61.2336473302252	1146.69995117188
-58.1358922558143	1147.06665039063
-55.0391467173494	1146.13330078125
-51.9434102973817	1144.51672363281
-48.8486825786838	1146.26672363281
-45.7549631442702	1145.86669921875
-42.662251577389	1145.16662597656
-39.5705474615295	1145.36669921875
-36.4798503804062	1145.83337402344
-33.3901599179706	1146.30004882813
-30.301475658403	1147.13330078125
-27.2137971861287	1145.98327636719
-24.1271240858053	1145.81665039063
-21.0414559423028	1145.21667480469
-17.9567923407513	1146.21667480469
-14.8731328664812	1146
-11.7904771050747	1145.96667480469
-8.70882464233763	1146.25
-5.62817506431157	1146.31665039063
-2.54852795725342	1146.41662597656
0.530117092344597	1147.43334960938
3.6077604977471	1147.84997558594
6.68440267202787	1147.73327636719
9.76004402799773	1146.36669921875
12.8346849782609	1146.23327636719
15.9083259351831	1146.15002441406
18.9809673109237	1146.58337402344
22.0526095173877	1145.61669921875
25.1232529662903	1146.46667480469
28.1928980690886	1145.91662597656
31.2615452370419	1145.38330078125
34.32919488118	1146.63330078125
37.3958474123071	1145.59997558594
40.4615032409942	1146.59997558594
43.5261627776189	1146.55004882813
46.58982643231	1146.40002441406
49.6524946149833	1146.5
52.7141677353456	1145.93334960938
55.7748462028835	1145.69995117188
58.8345304268427	1146.56665039063
61.8932208162729	1146.44995117188
64.9509177800033	1145.53332519531
68.0076217266271	1145.83337402344
71.0633330645419	1145.08337402344
74.118052201909	1146.73327636719
77.1717795467022	1148.66662597656
80.224515506648	1153.71667480469
83.2762604892772	1164.63330078125
86.3270149018856	1175.46667480469
89.3767791515896	1185.51672363281
92.4255536452548	1186.94995117188
95.4733387895519	1188.21667480469
98.5201349909248	1188.41662597656
101.565942655643	1189.31665039063
104.610762189717	1190.03332519531
107.654593998963	1185.46667480469
110.697438488996	1188.18334960938
113.739296065204	1186.25
116.78016713278	1187.41662597656
119.820052096698	1183.93334960938
122.85895136172	1185
125.896865332408	1184.43334960938
128.933794413111	1182.68334960938
131.969739007965	1180.96667480469
135.004699520911	1181.65002441406
138.038676355664	1181.78332519531
141.071669915751	1179.21667480469
144.103680604487	1178.46667480469
147.134708824975	1177.80004882813
150.164754980118	1178.88330078125
153.193819472611	1177.46667480469
156.221902704945	1176.34997558594
159.24900507942	1175.94995117188
162.275126998099	1176.61669921875
165.300268862873	1175.94995117188
168.324431075425	1174.11669921875
171.347614037231	1173.96667480469
174.369818149562	1174.76672363281
177.391043813491	1175.91662597656
180.411291429897	1175.43334960938
183.430561399437	1173.63330078125
186.448854122582	1174.09997558594
189.466169999607	1174.73327636719
192.482509430598	1174.94995117188
195.497872815412	1172.63330078125
198.512260553716	1174.03332519531
201.525673045011	1174.09997558594
204.538110688552	1175.16662597656
207.549573883427	1174.23327636719
210.560063028519	1174.25
213.569578522523	1173.28332519531
216.578120763917	1177.05004882813
219.585690151021	1174.76672363281
222.592287081907	1176.28332519531
225.597911954507	1177.98327636719
228.602565166512	1178.83337402344
231.606247115456	1178.75
234.608958198646	1178.44995117188
237.610698813222	1179.5
240.611469356122	1177.83337402344
243.611270224103	1178.73327636719
246.610101813707	1178.44995117188
249.607964521295	1179.31665039063
252.604858743044	1179.55004882813
255.600784874935	1179.01672363281
258.595743312749	1180.18334960938
261.589734452097	1178.76672363281
264.582758688393	1181.09997558594
267.574816416842	1180.13330078125
270.565908032503	1179.88330078125
273.556033930195	1182.56665039063
276.545194504586	1180.56665039063
279.533390150138	1181.90002441406
282.520621261151	1181.80004882813
285.506888231708	1183.11669921875
288.49219145571	1184
291.476531326902	1181.53332519531
294.459908238794	1185.06665039063
297.442322584762	1187.34997558594
300.423774757966	1189.90002441406
303.404265151375	1190.30004882813
306.383794157805	1190.33337402344
309.362362169862	1185.53332519531
312.339969579982	1185.69995117188
315.316616780414	1183.83337402344
318.292304163227	1182.40002441406
321.267032120295	1181.46667480469
324.24080104332	1181.25
327.213611323833	1179.48327636719
330.185463353171	1180.56665039063
333.156357522491	1177.46667480469
336.126294222774	1177.03332519531
339.095273844812	1176.44995117188
342.063296779227	1177.40002441406
345.030363416467	1175.68334960938
347.996474146782	1176.11669921875
350.961629360257	1176.34997558594
353.925829446806	1176.21667480469
356.889074796147	1176.34997558594
359.851365797829	1176.41662597656
362.812702841222	1176.73327636719
365.773086315536	1175.18334960938
368.732516609768	1173.91662597656
371.690994112778	1174.55004882813
374.648519213243	1174.31665039063
377.605092299631	1175.21667480469
380.560713760273	1173.83337402344
383.515383983307	1174.65002441406
386.469103356711	1174.94995117188
389.421872268273	1173.06665039063
392.373691105615	1172.41662597656
395.32456025619	1172.30004882813
398.274480107272	1173.63330078125
401.223451045967	1173.33337402344
404.171473459202	1170.71667480469
407.118547733728	1172.61669921875
410.064674256155	1172.73327636719
413.009853412892	1170.73327636719
415.954085590181	1174.48327636719
418.8973711741	1173.43334960938
421.83971055055	1172.36669921875
424.781104105281	1170.53332519531
427.721552223856	1173.5
430.661055291665	1172.46667480469
433.599613693946	1173.69995117188
436.537227815752	1172.11669921875
439.473898041993	1172.31665039063
442.409624757378	1172.90002441406
445.344408346476	1171.53332519531
448.278249193683	1170.75
451.211147683207	1169.84997558594
454.143104199122	1168.18334960938
457.074119125312	1168.16662597656
460.004192845497	1168.08337402344
462.933325743267	1168.43334960938
465.861518202001	1167.83337402344
468.788770604917	1169.01672363281
471.71508333511	1169.11669921875
474.640456775471	1169.09997558594
477.564891308737	1170.75
480.488387317487	1170.48327636719
483.410945184141	1172.56665039063
486.332565290942	1173.16662597656
489.253248019986	1175.76672363281
492.172993753197	1176.81665039063
495.091802872338	1176.59997558594
498.009675759011	1182.31665039063
500.926612794666	1186.16662597656
503.842614360571	1195.36669921875
506.757680837864	1210.61669921875
509.671812607493	1246.25
512.585010050263	1358.23327636719
515.497273546817	1712.63330078125
518.408603477637	2310.55004882813
521.319000223045	2357.38330078125
524.228464163205	1877.19995117188
527.136995678121	1512.63330078125
530.044595147647	1348.73327636719
532.951262951471	1267.44995117188
535.856999469123	1228.48327636719
538.761805079986	1205.66662597656
541.665680163279	1194.78332519531
544.568625098049	1186.75
547.470640263216	1182.34997558594
550.371726037533	1176.78332519531
553.271882799588	1175.09997558594
556.171110927825	1172.78332519531
559.069410800531	1171.84997558594
561.966782795823	1169.80004882813
564.863227291685	1169.23327636719
567.758744665944	1169.11669921875
570.653335296256	1166.88330078125
573.546999560148	1168.01672363281
576.439737834969	1167.03332519531
579.331550497935	1166.43334960938
582.222437926093	1166.69995117188
585.112400496356	1166.06665039063
588.001438585469	1167.33337402344
590.889552570021	1165.46667480469
593.77674282648	1165.80004882813
596.663009731132	1166.48327636719
599.548353660116	1167.08337402344
602.432774989433	1166.05004882813
605.316274094926	1167.68334960938
608.198851352303	1167.15002441406
611.080507137075	1168.5
613.961241824667	1170.33337402344
616.841055790315	1170.48327636719
619.71994940911	1168.5
622.597923056008	1169.25
625.474977105798	1169.51672363281
628.351111933143	1169.33337402344
631.22632791255	1167.83337402344
634.10062541835	1167.53332519531
636.97400482478	1165.59997558594
639.846466505882	1166.33337402344
642.718010835585	1166.94995117188
645.58863818764	1167.26672363281
648.458348935679	1167.05004882813
651.327143453188	1168.43334960938
654.195022113475	1166.41662597656
657.061985289745	1168.65002441406
659.928033355022	1168.61669921875
662.79316668221	1166.25
665.657385644057	1167.66662597656
668.520690613176	1168.86669921875
671.383081962017	1168.46667480469
674.244560062899	1167.90002441406
677.105125288002	1166.81665039063
679.964778009343	1166.63330078125
682.823518598832	1165.66662597656
685.681347428202	1166.05004882813
688.538264869057	1166.26672363281
691.394271292855	1165.83337402344
694.249367070914	1164.53332519531
697.103552574412	1164.69995117188
699.956828174378	1164.36669921875
702.809194241715	1163.11669921875
705.660651147175	1165.43334960938
708.511199261361	1163.98327636719
711.360838954755	1161.90002441406
714.209570597676	1164.09997558594
717.057394560329	1162.08337402344
719.90431121275	1162.69995117188
722.750320924861	1163.71667480469
725.59542406643	1162.73327636719
728.439621007094	1165.84997558594
731.282912116347	1163.38330078125
734.125297763539	1163.46667480469
736.966778317898	1161.88330078125
739.807354148498	1162.63330078125
742.647025624275	1162.91662597656
745.485793114042	1163.66662597656
748.323656986468	1162.90002441406
751.160617610072	1164.58337402344
753.996675353258	1163.5
756.831830584275	1165.86669921875
759.666083671249	1165.44995117188
762.499434982158	1164.41662597656
765.331884884853	1164.15002441406
768.163433747055	1164.38330078125
770.994081936328	1163.46667480469
773.823829820116	1163.76672363281
776.652677765732	1164.48327636719
779.480626140347	1165.06665039063
782.307675310993	1164.40002441406
785.133825644576	1164.19995117188
787.959077507869	1164.63330078125
790.783431267511	1165.90002441406
793.606887289986	1166.25
796.429445941685	1164.86669921875
799.251107588836	1164.69995117188
802.071872597536	1165.98327636719
804.891741333751	1163.90002441406
807.71071416334	1167.03332519531
810.528791451981	1165.13330078125
813.345973565269	1165.96667480469
816.162260868638	1167.05004882813
818.977653727395	1167.41662597656
821.792152506717	1168.01672363281
824.605757571661	1168.69995117188
827.418469287133	1166.81665039063
830.230288017926	1165.71667480469
833.0412141287	1166.11669921875
835.851247983973	1166.81665039063
838.660389948141	1166.75
841.468640385466	1166.46667480469
844.27599966009	1167.69995117188
847.082468136026	1166.30004882813
849.888046177135	1166.56665039063
852.692734147171	1166.90002441406
855.496532409758	1166.05004882813
858.29944132839	1166.34997558594
861.10146126642	1165.30004882813
863.902592587094	1166.73327636719
866.702835653509	1165.73327636719
869.502190828641	1166.38330078125
872.300658475353	1166.44995117188
875.098238956361	1167.66662597656
877.894932634271	1167.28332519531
880.690739871548	1167
883.485661030531	1167.73327636719
886.279696473447	1165.65002441406
889.072846562376	1166.34997558594
891.86511165929	1166.46667480469
894.65649212603	1166.90002441406
897.446988324303	1166.75
900.236600615703	1166.19995117188
903.025329361687	1168.55004882813
905.813174923597	1167.78332519531
908.600137662639	1167.06665039063
911.38621793991	1168
914.171416116365	1167.93334960938
916.95573255285	1169.26672363281
919.739167610082	1168.31665039063
922.521721648641	1171.55004882813
925.303395029005	1174.25
928.084188111517	1179.31665039063
930.864101256396	1182.41662597656
933.643134823733	1190.51672363281
936.42128917351	1198.56665039063
939.198564665577	1202.46667480469
941.97496165967	1207.90002441406
944.750480515391	1207.91662597656
947.525121592226	1206.5
950.298885249534	1206.73327636719
953.071771846555	1208.73327636719
955.843781742413	1206.41662597656
958.614915296108	1207.88330078125
961.385172866513	1210.16662597656
964.154554812387	1207.15002441406
966.92306149236	1208.25
969.690693264949	1214.11669921875
972.457450488552	1210.03332519531
975.223333521431	1208.65002441406
977.988342721749	1210.08337402344
980.752478447535	1209.28332519531
983.515741056708	1207.13330078125
986.278130907059	1203.48327636719
989.039648356259	1198.66662597656
991.800293761863	1192.18334960938
994.560067481312	1185.81665039063
997.318969871913	1181.68334960938
1000.07700129088	1180.30004882813
1002.83416209528	1179.18334960938
1005.59045264208	1175.93334960938
1008.34587328813	1176.44995117188
1011.10042439014	1173.18334960938
1013.85410630472	1170.31665039063
1016.60691938837	1171.83337402344
1019.35886399746	1170.30004882813
1022.10994048823	1167.48327636719
1024.86014921684	1168.81665039063
1027.60949053928	1168.88330078125
1030.35796481149	1165.48327636719
1033.10557238924	1165.61669921875
1035.85231362819	1163.36669921875
1038.5981888839	1162.33337402344
1041.34319851182	1160.53332519531
1044.08734286727	1160.84997558594
1046.83062230544	1161.23327636719
1049.57303718143	1161.56665039063
1052.31458785021	1159.84997558594
1055.05527466665	1161.21667480469
1057.79509798549	1161.98327636719
1060.53405816134	1160.86669921875
1063.27215554874	1160.84997558594
1066.00939050209	1160.80004882813
1068.74576337565	1159.84997558594
1071.48127452361	1160.23327636719
1074.21592430002	1161.18334960938
1076.94971305882	1160.48327636719
1079.68264115384	1159.83337402344
1082.41470893879	1160.08337402344
1085.14591676728	1159.63330078125
1087.8762649928	1158.78332519531
1090.60575396871	1160.23327636719
1093.33438404827	1159.75
1096.06215558464	1159.56665039063
1098.78906893086	1160.56665039063
1101.51512443981	1159.01672363281
1104.24032246435	1158.81665039063
1106.96466335716	1158.80004882813
1109.68814747081	1160.23327636719
1112.41077515779	1159.66662597656
1115.13254677044	1159.13330078125
1117.85346266104	1159.16662597656
1120.57352318169	1159.03332519531
1123.29272868445	1157.68334960938
1126.01107952121	1160.23327636719
1128.72857604378	1158.88330078125
1131.44521860385	1159.53332519531
1134.16100755301	1159.26672363281
1136.87594324271	1158.94995117188
1139.59002602433	1158.13330078125
1142.3032562491	1159.68334960938
1145.01563426818	1160.59997558594
1147.72716043257	1161.75
1150.43783509322	1162.73327636719
1153.14765860091	1160.28332519531
1155.85663130634	1160.48327636719
1158.56475356012	1160.91662597656
1161.27202571271	1160.36669921875
1163.97844811448	1159.34997558594
1166.68402111569	1157.78332519531
1169.38874506649	1159.36669921875
1172.09262031694	1158.93334960938
1174.79564721695	1158.58337402344
1177.49782611635	1159.68334960938
1180.19915736486	1158.53332519531
1182.89964131208	1158.55004882813
1185.59927830751	1157.59997558594
1188.29806870054	1158.93334960938
1190.99601284046	1158.11669921875
1193.69311107643	1158.88330078125
1196.38936375753	1158.44995117188
1199.08477123271	1159.31665039063
1201.77933385082	1158.33337402344
1204.47305196061	1158.21667480469
1207.1659259107	1158.81665039063
1209.85795604964	1157.59997558594
1212.54914272585	1158.78332519531
1215.23948628763	1160.73327636719
1217.92898708319	1159.31665039063
1220.61764546064	1159.66662597656
1223.30546176798	1158.66662597656
1225.99243635308	1160.06665039063
1228.67856956373	1158.16662597656
1231.36386174761	1159.78332519531
1234.04831325228	1158.09997558594
1236.73192442522	1158.26672363281
1239.41469561377	1158.53332519531
1242.09662716519	1158.76672363281
1244.77771942662	1159.26672363281
1247.45797274511	1160.93334960938
1250.13738746759	1159.11669921875
1252.81596394089	1158.55004882813
1255.49370251175	1159.23327636719
1258.17060352676	1159.25
1260.84666733246	1159.86669921875
1263.52189427525	1160.34997558594
1266.19628470144	1159.19995117188
1268.86983895722	1159.15002441406
1271.5425573887	1160.01672363281
1274.21444034186	1159.51672363281
1276.8854881626	1159.61669921875
1279.55570119671	1159.80004882813
1282.22507978985	1160.63330078125
1284.89362428759	1159.26672363281
1287.56133503543	1159.31665039063
1290.22821237872	1160.91662597656
1292.89425666274	1160.86669921875
1295.55946823263	1161.44995117188
1298.22384743346	1160.69995117188
1300.88739461019	1160.44995117188
1303.55011010766	1160.16662597656
1306.21199427063	1159.13330078125
1308.87304744373	1159.18334960938
1311.53326997152	1159.58337402344
1314.19266219843	1159.03332519531
1316.8512244688	1159.21667480469
1319.50895712687	1158.5
1322.16586051676	1157.93334960938
1324.82193498252	1157.46667480469
1327.47718086806	1158.5
1330.1315985172	1157.40002441406
1332.78518827369	1158.55004882813
1335.43795048114	1158.11669921875
1338.08988548307	1158.83337402344
1340.74099362289	1158.43334960938
1343.39127524392	1159.43334960938
1346.04073068939	1159.01672363281
1348.6893603024	1158.23327636719
1351.33716442597	1157.58337402344
1353.98414340301	1159
1356.63029757632	1157.81665039063
1359.27562728863	1157.19995117188
1361.92013288252	1157.41662597656
1364.56381470053	1157.13330078125
1367.20667308505	1157.88330078125
1369.84870837838	1157.71667480469
1372.48992092274	1156.91662597656
1375.13031106023	1157.63330078125
1377.76987913284	1156.58337402344
1380.40862548251	1158.43334960938
1383.04655045101	1157.15002441406
1385.68365438006	1157.11669921875
1388.31993761126	1158.38330078125
1390.95540048612	1157.65002441406
1393.59004334605	1157.98327636719
1396.22386653233	1157.38330078125
1398.85687038619	1158.76672363281
1401.48905524873	1158.41662597656
1404.12042146094	1159.38330078125
1406.75096936375	1158.81665039063
1409.38069929796	1159.03332519531
1412.00961160428	1160.48327636719
1414.63770662332	1159.69995117188
1417.26498469557	1160.05004882813
1419.89144616146	1158.31665039063
1422.51709136132	1159.01672363281
1425.14192063532	1157.90002441406
1427.76593432361	1158.61669921875
1430.3891327662	1157.31665039063
1433.01151630299	1157.46667480469
1435.63308527382	1157.46667480469
1438.2538400184	1157.80004882813
1440.87378087637	1157.93334960938
1443.49290818722	1158.58337402344
1446.1112222904	1158.73327636719
1448.72872352524	1158.51672363281
1451.34541223097	1157.96667480469
1453.96128874671	1158.15002441406
1456.5763534115	1159.01672363281
1459.19060656429	1158.08337402344
1461.8040485439	1158.80004882813
1464.41667968907	1158.56665039063
1467.02850033846	1157.78332519531
1469.63951083061	1157.81665039063
1472.24971150397	1158.26672363281
1474.8591026969	1157.5
1477.46768474763	1157.68334960938
1480.07545799434	1158.90002441406
1482.68242277508	1158.18334960938
1485.28857942782	1157.88330078125
1487.89392829042	1158.59997558594
1490.49846970065	1156.15002441406
1493.10220399619	1155.65002441406
1495.70513151461	1157.03332519531
1498.30725259339	1155.91662597656
1500.90856756992	1157.96667480469
1503.50907678146	1156.90002441406
1506.10878056524	1156.41662597656
1508.70767925832	1157.65002441406
1511.30577319772	1157.26672363281
1513.90306272032	1155.88330078125
1516.49954816295	1155.41662597656
1519.09522986229	1156.05004882813
1521.69010815498	1156.69995117188
1524.28418337751	1156.91662597656
1526.87745586632	1156.94995117188
1529.46992595773	1156.58337402344
1532.06159398796	1157.73327636719
1534.65246029316	1157.36669921875
1537.24252520935	1156.43334960938
1539.83178907249	1155.38330078125
1542.42025221841	1156.90002441406
1545.00791498287	1157.15002441406
1547.59477770152	1156.13330078125
1550.18084070993	1155.40002441406
1552.76610434356	1156.19995117188
1555.35056893777	1157.13330078125
1557.93423482785	1157.71667480469
1560.51710234896	1156.43334960938
1563.0991718362	1157.19995117188
1565.68044362457	1157.34997558594
1568.26091804893	1156.98327636719
1570.84059544411	1157.38330078125
1573.41947614481	1156.53332519531
1575.99756048562	1156.59997558594
1578.57484880108	1157.94995117188
1581.15134142559	1157.58337402344
1583.72703869349	1157.84997558594
1586.301940939	1157.25
1588.87604849628	1158.44995117188
1591.44936169934	1157.91662597656
1594.02188088215	1158.75
1596.59360637855	1159.63330078125
1599.16453852232	1160.71667480469
1601.73467764709	1161.96667480469
1604.30402408647	1163.88330078125
1606.87257817391	1163.59997558594
1609.44034024281	1161.13330078125
1612.00731062644	1161.55004882813
1614.57348965801	1159.59997558594
1617.13887767062	1159.61669921875
1619.70347499726	1159.93334960938
1622.26728197086	1158.5
1624.83029892423	1158.15002441406
1627.39252619012	1159.69995117188
1629.95396410112	1159.90002441406
1632.5146129898	1161.63330078125
1635.07447318858	1161.94995117188
1637.63354502984	1162.26672363281
1640.19182884582	1160.38330078125
1642.74932496868	1159.71667480469
1645.3060337305	1157.80004882813
1647.86195546325	1158.41662597656
1650.41709049882	1156.30004882813
1652.971439169	1157.44995117188
1655.52500180548	1155.31665039063
1658.07777873987	1156.53332519531
1660.62977030368	1156.21667480469
1663.18097682833	1156.15002441406
1665.73139864514	1158.01672363281
1668.28103608534	1156.63330078125
1670.82988948008	1156.93334960938
1673.37795916039	1157.59997558594
1675.92524545724	1156.19995117188
1678.47174870147	1157.78332519531
1681.01746922386	1155.98327636719
1683.56240735508	1155.83337402344
1686.10656342572	1156.71667480469
1688.64993776626	1157.40002441406
1691.19253070709	1155.76672363281
1693.73434257853	1155.90002441406
1696.27537371078	1156.03332519531
1698.81562443395	1156.83337402344
1701.35509507809	1155.53332519531
1703.89378597311	1156.13330078125
1706.43169744886	1156.55004882813
1708.96882983509	1155.88330078125
1711.50518346144	1157.40002441406
1714.0407586575	1157.11669921875
1716.57555575272	1159.05004882813
1719.10957507649	1159.73327636719
1721.64281695809	1159.55004882813
1724.17528172671	1160.06665039063
1726.70696971146	1160.53332519531
1729.23788124135	1159.59997558594
1731.7680166453	1158.28332519531
1734.29737625213	1157.93334960938
1736.82596039057	1157.83337402344
1739.35376938927	1157.86669921875
1741.88080357677	1156.88330078125
1744.40706328154	1156.69995117188
1746.93254883193	1156.26672363281
1749.45726055623	1156.91662597656
1751.9811987826	1155.43334960938
1754.50436383915	1156.65002441406
1757.02675605387	1156.80004882813
1759.54837575466	1155.03332519531
1762.06922326934	1156.28332519531
1764.58929892564	1155.84997558594
1767.10860305118	1155.75
1769.6271359735	1154.76672363281
1772.14489802005	1156.25
1774.66188951817	1155.30004882813
1777.17811079515	1156.08337402344
1779.69356217815	1155.51672363281
1782.20824399425	1155.40002441406
1784.72215657043	1156.5
1787.23530023361	1155.91662597656
1789.74767531057	1156.08337402344
1792.25928212804	1155.65002441406
1794.77012101264	1155.93334960938
1797.2801922909	1155.05004882813
1799.78949628926	1155.78332519531
1802.29803333406	1155.84997558594
1804.80580375158	1155.53332519531
1807.31280786797	1156.58337402344
1809.81904600929	1155.30004882813
1812.32451850154	1154.94995117188
1814.82922567061	1156.61669921875
1817.33316784231	1155.44995117188
1819.83634534233	1155.16662597656
1822.33875849629	1155.06665039063
1824.84040762973	1155.33337402344
1827.34129306808	1155.51672363281
1829.84141513667	1155.61669921875
1832.34077416077	1155.13330078125
1834.83937046553	1155.25
1837.33720437602	1156.25
1839.83427621723	1155.55004882813
1842.33058631404	1154.5
1844.82613499125	1156.18334960938
1847.32092257355	1156
1849.81494938558	1155.75
1852.30821575184	1154.46667480469
1854.80072199677	1156.56665039063
1857.29246844473	1154.86669921875
1859.78345541994	1156.40002441406
1862.27368324658	1154.80004882813
1864.76315224871	1156.19995117188
1867.2518627503	1155.44995117188
1869.73981507524	1154.73327636719
1872.22700954733	1155.55004882813
1874.71344649027	1155.56665039063
1877.19912622768	1155.15002441406
1879.68404908308	1157.19995117188
1882.16821537988	1155.58337402344
1884.65162544145	1154.71667480469
1887.13427959102	1155.40002441406
1889.61617815175	1154.81665039063
1892.0973214467	1155.80004882813
1894.57770979887	1156.21667480469
1897.05734353113	1155.23327636719
1899.53622296628	1155.68334960938
1902.014348427	1155.03332519531
1904.49172023593	1155.06665039063
1906.96833871558	1155.08337402344
1909.44420418839	1156.05004882813
1911.91931697668	1154.90002441406
1914.39367740272	1154.96667480469
1916.86728578865	1155.08337402344
1919.34014245654	1155.55004882813
1921.81224772838	1155.06665039063
1924.28360192604	1154.48327636719
1926.75420537132	1155.98327636719
1929.22405838593	1155.44995117188
1931.69316129147	1155.75
1934.16151440948	1154.83337402344
1936.62911806136	1155.25
1939.09597256848	1155.80004882813
1941.56207825207	1154.96667480469
1944.0274354333	1155.15002441406
1946.49204443322	1154.71667480469
1948.95590557284	1154.76672363281
1951.41901917301	1156.58337402344
1953.88138555454	1154.69995117188
1956.34300503813	1155.59997558594
1958.8038779444	1154.83337402344
1961.26400459387	1155.18334960938
1963.72338530697	1154.84997558594
1966.18202040403	1155.43334960938
1968.63991020531	1155.34997558594
1971.09705503097	1155.34997558594
1973.55345520107	1155.90002441406
1976.0091110356	1154.30004882813
1978.46402285444	1156.16662597656
1980.91819097737	1155.15002441406
1983.3716157241	1155.58337402344
1985.82429741427	1155.19995117188
1988.27623636736	1155.69995117188
1990.72743290284	1155.75
1993.17788734002	1155.25
1995.62759999817	1155.18334960938
1998.07657119644	1154.51672363281
2000.5248012539	1155.48327636719
2002.97229048952	1154.56665039063
2005.41903922219	1155.41662597656
2007.86504777071	1155.25
2010.31031645378	1154.01672363281
2012.75484559	1154.61669921875
2015.19863549792	1155.80004882813
2017.64168649594	1154.83337402344
2020.08399890242	1155.40002441406
2022.5255730356	1154.88330078125
2024.96640921365	1154.71667480469
2027.40650775462	1154.48327636719
2029.84586897649	1155.65002441406
2032.28449319715	1154.94995117188
2034.72238073438	1154.96667480469
2037.15953190591	1155.41662597656
2039.59594702932	1155.03332519531
2042.03162642215	1155.80004882813
2044.46657040182	1155.83337402344
2046.90077928567	1154.71667480469
2049.33425339095	1155.26672363281
2051.76699303481	1156.09997558594
2054.19899853433	1154.88330078125
2056.63027020645	1154.69995117188
2059.06080836809	1154.23327636719
2061.49061333602	1155.05004882813
2063.91968542694	1155.26672363281
2066.34802495747	1154.75
2068.77563224411	1154.58337402344
2071.20250760329	1156.71667480469
2073.62865135136	1154.80004882813
2076.05406380455	1154.93334960938
2078.47874527901	1155.31665039063
2080.9026960908	1155.30004882813
2083.3259165559	1155.06665039063
2085.74840699018	1154.08337402344
2088.17016770944	1154.68334960938
2090.59119902935	1154.81665039063
2093.01150126553	1155.78332519531
2095.43107473348	1156.43334960938
2097.84991974864	1154.05004882813
2100.26803662633	1154.94995117188
2102.68542568178	1154.88330078125
2105.10208723015	1155.11669921875
2107.51802158648	1156.38330078125
2109.93322906574	1155
2112.3477099828	1155.58337402344
2114.76146465245	1153.63330078125
2117.17449338937	1155.16662597656
2119.58679650815	1154.58337402344
2121.9983743233	1154.25
2124.40922714924	1154.80004882813
2126.81935530029	1154.94995117188
2129.22875909067	1155.25
2131.63743883452	1156
2134.04539484589	1154.96667480469
2136.45262743874	1154.38330078125
2138.85913692692	1156.33337402344
2141.26492362422	1156.44995117188
2143.6699878443	1155.30004882813
2146.07432990076	1153.83337402344
2148.47795010708	1155.33337402344
2150.88084877667	1153.80004882813
2153.28302622285	1153.34997558594
2155.68448275883	1154.56665039063
2158.08521869774	1154.78332519531
2160.48523435261	1154.11669921875
2162.88453003639	1155.03332519531
2165.28310606193	1154.84997558594
2167.68096274199	1155.30004882813
2170.07810038922	1153.91662597656
2172.47451931622	1155
2174.87021983546	1154.68334960938
2177.26520225933	1154.73327636719
2179.65946690013	1154.15002441406
2182.05301407006	1154.5
2184.44584408123	1153.63330078125
2186.83795724567	1153.84997558594
2189.22935387531	1155.46667480469
2191.62003428198	1155.61669921875
2194.00999877743	1153.88330078125
2196.39924767329	1156.13330078125
2198.78778128115	1154.30004882813
2201.17559991245	1155.11669921875
2203.56270387857	1156.36669921875
2205.94909349081	1154.58337402344
2208.33476906033	1154.28332519531
2210.71973089824	1154.63330078125
2213.10397931554	1154.94995117188
2215.48751462314	1154.30004882813
2217.87033713186	1155.11669921875
2220.25244715242	1154.91662597656
2222.63384499546	1154.86669921875
2225.01453097151	1155.34997558594
2227.39450539101	1155.23327636719
2229.77376856434	1155.40002441406
2232.15232080173	1154.31665039063
2234.53016241336	1155.36669921875
2236.9072937093	1153.63330078125
2239.28371499954	1154.58337402344
2241.65942659396	1154.5
2244.03442880236	1154.44995117188
2246.40872193443	1153.94995117188
2248.78230629979	1153.86669921875
2251.15518220795	1154.73327636719
2253.52734996835	1154.06665039063
2255.89880989029	1156.46667480469
2258.26956228301	1155.83337402344
2260.63960745567	1154.81665039063
2263.00894571731	1154.03332519531
2265.37757737688	1154.63330078125
2267.74550274324	1154.09997558594
2270.11272212517	1155.5
2272.47923583134	1154.09997558594
2274.84504417031	1155.83337402344
2277.2101474506	1155.08337402344
2279.57454598058	1153.94995117188
2281.93824006856	1154.15002441406
2284.30123002275	1154.30004882813
2286.66351615125	1155
2289.02509876208	1154.58337402344
2291.38597816317	1155.66662597656
2293.74615466236	1153.16662597656
2296.10562856737	1155.59997558594
2298.46440018585	1154.11669921875
2300.82246982535	1154.48327636719
2303.1798377933	1155.34997558594
2305.5365043971	1155.26672363281
2307.89246994399	1153.44995117188
2310.24773474116	1153.80004882813
2312.60229909566	1153.69995117188
2314.95616331451	1154.38330078125
2317.30932770456	1154.11669921875
2319.66179257263	1155
2322.01355822542	1154.30004882813
2324.36462496953	1155.51672363281
2326.71499311146	1153.91662597656
2329.06466295764	1154.84997558594
2331.41363481439	1154.61669921875
2333.76190898794	1154.11669921875
2336.10948578441	1155.05004882813
2338.45636550986	1153.09997558594
2340.80254847022	1155.09997558594
2343.14803497132	1154.31665039063
2345.49282531895	1154.18334960938
2347.83691981874	1153.94995117188
2350.18031877626	1154.91662597656
2352.52302249699	1155.56665039063
2354.8650312863	1155.30004882813
2357.20634544946	1155.73327636719
2359.54696529166	1153.73327636719
2361.88689111798	1154.06665039063
2364.22612323341	1153.40002441406
2366.56466194287	1154.53332519531
2368.90250755114	1154.71667480469
2371.23966036293	1155.08337402344
2373.57612068286	1154.59997558594
2375.91188881545	1155.41662597656
2378.2469650651	1155.46667480469
2380.58134973615	1153.59997558594
2382.91504313282	1153.69995117188
2385.24804555926	1155.40002441406
2387.58035731949	1154.51672363281
2389.91197871745	1154.94995117188
2392.24291005701	1153.75
2394.57315164189	1153.86669921875
2396.90270377577	1155.18334960938
2399.23156676218	1155.03332519531
2401.55974090461	1154.25
2403.88722650642	1154.03332519531
2406.21402387086	1154.31665039063
2408.54013330113	1154.28332519531
2410.8655551003	1154.46667480469
2413.19028957133	1152.81665039063
2415.51433701713	1154.90002441406
2417.83769774049	1153.65002441406
2420.16037204408	1154.63330078125
2422.48236023051	1154.28332519531
2424.80366260228	1154.34997558594
2427.12427946179	1154.73327636719
2429.44421111134	1154.71667480469
2431.76345785315	1154.15002441406
2434.08201998932	1154.86669921875
2436.39989782188	1154.68334960938
2438.71709165273	1153.33337402344
2441.0336017837	1154.5
2443.34942851653	1154.80004882813
2445.66457215282	1153.51672363281
2447.97903299412	1154.18334960938
2450.29281134185	1153.28332519531
2452.60590749736	1154.96667480469
2454.91832176188	1154.71667480469
2457.23005443656	1153.28332519531
2459.54110582243	1154.13330078125
2461.85147622045	1154.84997558594
2464.16116593146	1154.03332519531
2466.47017525621	1153.76672363281
2468.77850449536	1154.18334960938
2471.08615394947	1154.11669921875
2473.39312391899	1154.96667480469
2475.69941470429	1155.08337402344
2478.00502660562	1154.05004882813
2480.30995992316	1154.15002441406
2482.61421495697	1153.44995117188
2484.91779200702	1155.38330078125
2487.22069137316	1154.31665039063
2489.5229133552	1154.26672363281
2491.8244582528	1153.31665039063
2494.12532636553	1155.34997558594
2496.42551799287	1154.84997558594
2498.72503343421	1154.34997558594
2501.02387298882	1154.41662597656
2503.32203695588	1154.34997558594
2505.61952563449	1154.40002441406
2507.91633932361	1155.03332519531
2510.21247832216	1153.56665039063
2512.50794292891	1155.25
2514.80273344255	1154.96667480469
2517.09685016167	1153.23327636719
2519.39029338476	1153.76672363281
2521.68306341022	1153.38330078125
2523.97516053634	1154.15002441406
2526.26658506132	1153.44995117188
2528.55733728325	1153.69995117188
2530.84741750012	1154.88330078125
2533.13682600984	1154.88330078125
2535.4255631102	1154.51672363281
2537.7136290989	1154.01672363281
2540.00102427354	1154.58337402344
2542.28774893162	1153.11669921875
2544.57380337053	1154.08337402344
2546.85918788758	1154.13330078125
2549.14390277997	1154.01672363281
2551.4279483448	1153.66662597656
2553.71132487906	1154.43334960938
2555.99403267966	1155.13330078125
2558.27607204341	1154.05004882813
2560.55744326699	1154.73327636719
2562.83814664702	1153.83337402344
2565.11818247999	1154.19995117188
2567.3975510623	1153.31665039063
2569.67625269025	1154.73327636719
2571.95428766003	1152.71667480469
2574.23165626776	1154.63330078125
2576.50835880942	1153.53332519531
2578.78439558093	1154.98327636719
2581.05976687806	1154.90002441406
2583.33447299652	1153.16662597656
2585.60851423191	1153.08337402344
2587.88189087972	1153.81665039063
2590.15460323534	1154.23327636719
2592.42665159406	1153.41662597656
2594.69803625108	1153.96667480469
2596.9687575015	1153.68334960938
2599.23881564029	1153.75
2601.50821096235	1154.19995117188
2603.77694376245	1154.75
2606.0450143353	1155.55004882813
2608.31242297548	1153.55004882813
2610.57916997746	1154.78332519531
2612.84525563562	1154.33337402344
2615.11068024426	1154.21667480469
2617.37544409753	1154.33337402344
2619.63954748952	1155.06665039063
2621.90299071421	1153.88330078125
2624.16577406546	1154.23327636719
2626.42789783705	1154
2628.68936232264	1153.88330078125
2630.9501678158	1154.40002441406
2633.21031460999	1153.36669921875
2635.46980299857	1153.65002441406
2637.72863327481	1153.98327636719
2639.98680573185	1153.18334960938
2642.24432066276	1155.55004882813
2644.50117836048	1155.18334960938
2646.75737911786	1153.51672363281
2649.01292322765	1153.94995117188
2651.26781098249	1153.86669921875
2653.52204267492	1153.26672363281
2655.77561859738	1154.80004882813
2658.0285390422	1153.73327636719
2660.28080430161	1153.11669921875
2662.53241466774	1154.93334960938
2664.78337043263	1153.71667480469
2667.03367188817	1154.34997558594
2669.2833193262	1153.55004882813
2671.53231303844	1155.08337402344
2673.78065331648	1154.33337402344
2676.02834045184	1154.51672363281
2678.27537473592	1152.38330078125
2680.52175646002	1154.43334960938
2682.76748591535	1153.06665039063
2685.01256339298	1154.40002441406
2687.25698918391	1153.59997558594
2689.50076357901	1154.38330078125
2691.74388686909	1153.01672363281
2693.9863593448	1154.36669921875
2696.22818129672	1154.01672363281
2698.46935301532	1153.94995117188
2700.70987479096	1154.03332519531
2702.94974691389	1153.53332519531
2705.18896967428	1153.65002441406
2707.42754336216	1154.28332519531
2709.66546826749	1152.86669921875
2711.90274468011	1153.06665039063
2714.13937288974	1152.84997558594
2716.37535318602	1154.34997558594
2718.61068585848	1153.33337402344
2720.84537119652	1152.76672363281
2723.07940948947	1153.91662597656
2725.31280102654	1152.51672363281
2727.54554609682	1155.03332519531
2729.77764498933	1152.94995117188
2732.00909799294	1154.30004882813
2734.23990539644	1153.78332519531
2736.47006748853	1154.56665039063
2738.69958455777	1153.28332519531
2740.92845689263	1153.69995117188
2743.15668478147	1154.58337402344
2745.38426851257	1154.73327636719
2747.61120837406	1153.36669921875
2749.83750465399	1153.76672363281
2752.0631576403	1154.55004882813
2754.28816762083	1153.65002441406
2756.51253488329	1154.08337402344
2758.73625971532	1154.58337402344
2760.95934240442	1154.63330078125
2763.18178323801	1153.53332519531
2765.40358250338	1153.86669921875
2767.62474048773	1153.48327636719
2769.84525747814	1153.21667480469
2772.06513376159	1153.08337402344
2774.28436962496	1154.21667480469
2776.50296535501	1153.36669921875
2778.7209212384	1154.19995117188
2780.93823756168	1153.21667480469
2783.15491461129	1152.93334960938
2785.37095267358	1154.08337402344
2787.58635203477	1153.65002441406
2789.80111298097	1154.48327636719
2792.01523579822	1153.80004882813
2794.2287207724	1153.51672363281
2796.44156818932	1153.68334960938
2798.65377833468	1154.18334960938
2800.86535149404	1153.28332519531
2803.07628795289	1153.65002441406
2805.28658799659	1153.88330078125
2807.4962519104	1154.71667480469
2809.70527997946	1154.26672363281
2811.91367248883	1153.06665039063
2814.12142972342	1153.83337402344
2816.32855196807	1153
2818.53503950749	1153.33337402344
2820.74089262628	1153.19995117188
2822.94611160894	1152.98327636719
2825.15069673987	1153.88330078125
2827.35464830333	1153.75
2829.55796658351	1153.08337402344
2831.76065186445	1152.88330078125
2833.96270443012	1153.76672363281
2836.16412456437	1152.98327636719
2838.3649125509	1154.25
2840.56506867336	1153.69995117188
2842.76459321526	1153.08337402344
2844.96348645999	1153.68334960938
2847.16174869086	1153.63330078125
2849.35938019105	1153.38330078125
2851.55638124363	1154.58337402344
2853.75275213157	1154.68334960938
2855.94849313772	1153.11669921875
2858.14360454483	1154.06665039063
2860.33808663553	1153.33337402344
2862.53193969234	1153.78332519531
2864.72516399768	1155.83337402344
2866.91775983385	1153.93334960938
2869.10972748304	1155.25
2871.30106722733	1154.91662597656
2873.4917793487	1155.09997558594
2875.68186412899	1154.59997558594
2877.87132184997	1154.59997558594
2880.06015279325	1154.81665039063
2882.24835724039	1156.75
2884.43593547278	1154.40002441406
2886.62288777173	1155.58337402344
2888.80921441843	1156.41662597656
2890.99491569397	1156.48327636719
2893.1799918793	1155.78332519531
2895.36444325529	1156.43334960938
2897.54827010269	1156.63330078125
2899.73147270213	1156.44995117188
2901.91405133412	1155.31665039063
2904.09600627909	1156.65002441406
2906.27733781731	1155.56665039063
2908.45804622899	1157.05004882813
2910.63813179418	1157.44995117188
2912.81759479286	1156.98327636719
2914.99643550486	1156.09997558594
2917.17465420994	1157.19995117188
2919.3522511877	1157.5
2921.52922671765	1157.41662597656
2923.7055810792	1158
2925.88131455162	1158.30004882813
2928.05642741408	1157.91662597656
2930.23091994566	1158.61669921875
2932.40479242528	1158.09997558594
2934.57804513178	1157.80004882813
2936.75067834387	1159.25
2938.92269234017	1159.88330078125
2941.09408739916	1157.41662597656
2943.26486379921	1158.80004882813
2945.4350218186	1158.11669921875
2947.60456173546	1158.43334960938
2949.77348382783	1157.41662597656
2951.94178837363	1158.26672363281
2954.10947565068	1156.78332519531
2956.27654593666	1157.19995117188
2958.44299950915	1157.88330078125
2960.60883664562	1157.63330078125
2962.77405762341	1158.76672363281
2964.93866271975	1157.84997558594
2967.10265221178	1158.43334960938
2969.26602637648	1158.44995117188
2971.42878549076	1158.83337402344
2973.59092983139	1157.03332519531
2975.75245967501	1158.05004882813
2977.9133752982	1157.5
2980.07367697736	1156.25
2982.23336498882	1156.23327636719
2984.39243960877	1157.73327636719
2986.5509011133	1157.40002441406
2988.70874977837	1157.30004882813
2990.86598587984	1156.33337402344
2993.02260969344	1156.41662597656
2995.17862149478	1157.44995117188
2997.33402155938	1155.93334960938
2999.48881016262	1155.40002441406
3001.64298757978	1156.66662597656
3003.796554086	1155.73327636719
3005.94950995633	1154.40002441406
3008.10185546569	1154.63330078125
3010.25359088888	1154.58337402344
3012.40471650059	1154.56665039063
3014.5552325754	1156.31665039063
3016.70513938776	1153.59997558594
3018.85443721201	1155.01672363281
3021.00312632236	1154.53332519531
3023.15120699292	1154.44995117188
3025.29867949769	1154.91662597656
3027.44554411052	1155.84997558594
3029.59180110516	1155.66662597656
3031.73745075527	1156.90002441406
3033.88249333434	1154.56665039063
3036.02692911578	1155.84997558594
3038.17075837287	1155.09997558594
3040.31398137877	1155.06665039063
3042.45659840653	1156.48327636719
3044.59860972907	1156.58337402344
3046.7400156192	1154.71667480469
3048.88081634961	1155.76672363281
3051.02101219287	1153.66662597656
3053.16060342144	1154.01672363281
3055.29959030765	1154.73327636719
3057.43797312371	1154.66662597656
3059.57575214172	1154.84997558594
3061.71292763366	1155.71667480469
3063.84949987139	1156.03332519531
3065.98546912665	1155.78332519531
3068.12083567105	1154.78332519531
3070.2555997761	1154.48327636719
3072.38976171319	1154.41662597656
3074.52332175356	1154.93334960938
3076.65628016837	1154.94995117188
3078.78863722863	1153.44995117188
3080.92039320526	1154.73327636719
3083.05154836902	1154.83337402344
3085.1821029906	1155.31665039063
3087.31205734051	1154.43334960938
3089.44141168921	1153.58337402344
3091.57016630696	1154.30004882813
3093.69832146398	1153.83337402344
3095.82587743032	1153.19995117188
3097.9528344759	1153.80004882813
3100.07919287056	1154.23327636719
3102.204952884	1153.93334960938
3104.33011478579	1154.44995117188
3106.45467884538	1154.86669921875
3108.57864533212	1153.01672363281
3110.70201451522	1154.19995117188
3112.82478666378	1154.25
3114.94696204676	1153.16662597656
3117.06854093301	1153.30004882813
3119.18952359127	1153.94995117188
3121.30991029013	1154.13330078125
3123.4297012981	1154.43334960938
3125.54889688352	1152.81665039063
3127.66749731464	1152.75
3129.78550285957	1152.65002441406
3131.90291378633	1153.01672363281
3134.01973036277	1153.88330078125
3136.13595285665	1151.98327636719
3138.2515815356	1153.03332519531
3140.36661666714	1153.01672363281
3142.48105851863	1153.03332519531
3144.59490735734	1152
3146.70816345041	1153
3148.82082706486	1151.31665039063
3150.93289846758	1153.19995117188
3153.04437792532	1153.08337402344
3155.15526570475	1152.26672363281
3157.26556207238	1152.44995117188
3159.37526729461	1152.25
3161.48438163771	1151.46667480469
3163.59290536784	1152.41662597656
3165.70083875102	1152.18334960938
3167.80818205315	1154.11669921875
3169.91493554002	1152.55004882813
3172.02109947727	1152.51672363281
3174.12667413044	1152.01672363281
3176.23165976493	1152.23327636719
3178.33605664602	1152.18334960938
3180.43986503887	1153.01672363281
3182.54308520852	1151.48327636719
3184.64571741986	1152.71667480469
3186.74776193769	1152.75
3188.84921902664	1152.21667480469
3190.95008895128	1152.13330078125
3193.05037197599	1153.53332519531
3195.15006836504	1152.06665039063
3197.24917838262	1152.66662597656
3199.34770229274	1151.84997558594
3201.44564035931	1152.63330078125
3203.5429928461	1152.06665039063
3205.63976001677	1152.91662597656
3207.73594213484	1151.68334960938
3209.83153946372	1152.01672363281
3211.92655226669	1152.36669921875
3214.02098080688	1152.06665039063
3216.11482534732	1153.09997558594
3218.20808615091	1152.68334960938
3220.30076348041	1153.30004882813
3222.39285759847	1151.43334960938
3224.4843687676	1152.93334960938
3226.57529725019	1152.08337402344
3228.66564330851	1152.53332519531
3230.75540720468	1151.51672363281
3232.8445892007	1153.01672363281
3234.93318955847	1152.81665039063
3237.02120853974	1151.98327636719
3239.10864640612	1152.38330078125
3241.19550341911	1153.09997558594
3243.28177984009	1151.88330078125
3245.36747593029	1152.48327636719
3247.45259195083	1151.98327636719
3249.53712816268	1152.53332519531
3251.62108482672	1152.69995117188
3253.70446220366	1152.23327636719
3255.78726055411	1152.63330078125
3257.86948013853	1152.61669921875
3259.95112121728	1152.80004882813
3262.03218405055	1152.30004882813
3264.11266889845	1151.73327636719
3266.19257602092	1152.18334960938
3268.27190567779	1152.13330078125
3270.35065812876	1151.25
3272.4288336334	1151.80004882813
3274.50643245114	1152.59997558594
3276.5834548413	1152.06665039063
3278.65990106305	1152.08337402344
3280.73577137545	1153.44995117188
3282.81106603742	1151.68334960938
3284.88578530774	1151.43334960938
3286.95992944508	1151.94995117188
3289.03349870796	1151.76672363281
3291.1064933548	1151.76672363281
3293.17891364384	1151.13330078125
3295.25075983324	1151.76672363281
3297.322032181	1152.15002441406
3299.39273094501	1151.80004882813
3301.462856383	1151.56665039063
3303.53240875259	1151.06665039063
3305.60138831128	1152.28332519531
3307.6697953164	1150.96667480469
3309.73763002519	1151.81665039063
3311.80489269472	1151.98327636719
3313.87158358198	1151.69995117188
3315.93770294378	1152.16662597656
3318.00325103681	1150.94995117188
3320.06822811764	1152.61669921875
3322.13263444272	1152.09997558594
3324.19647026832	1151.65002441406
3326.25973585064	1152.06665039063
3328.32243144568	1153.19995117188
3330.38455730938	1151.15002441406
3332.44611369749	1152.66662597656
3334.50710086564	1152.53332519531
3336.56751906936	1152.80004882813
3338.62736856401	1152.48327636719
3340.68664960483	1152.08337402344
3342.74536244693	1152.26672363281
3344.80350734528	1150.88330078125
3346.86108455472	1153.08337402344
3348.91809432997	1151.73327636719
3350.97453692559	1152.18334960938
3353.03041259603	1151.80004882813
3355.08572159559	1151.65002441406
3357.14046417844	1152.61669921875
3359.19464059863	1151.93334960938
3361.24825111005	1152.63330078125
3363.30129596648	1151.13330078125
3365.35377542155	1151.28332519531
3367.40568972878	1152.26672363281
3369.45703914152	1152.23327636719
3371.507823913	1151.34997558594
3373.55804429633	1151.46667480469
3375.60770054446	1151.06665039063
3377.65679291024	1151.30004882813
3379.70532164635	1151.69995117188
3381.75328700534	1151.73327636719
3383.80068923965	1151.58337402344
3385.84752860155	1151.40002441406
3387.89380534321	1153.15002441406
3389.93951971664	1151.01672363281
3391.98467197371	1151.21667480469
3394.02926236618	1151.59997558594
3396.07329114566	1150.63330078125
3398.1167585636	1152.38330078125
3400.15966487137	1152.15002441406
3402.20201032014	1150.94995117188
3404.24379516099	1152.55004882813
3406.28501964484	1153.46667480469
3408.3256840225	1151.46667480469
3410.3657885446	1151.56665039063
3412.40533346167	1151.55004882813
3414.44431902408	1151.91662597656
3416.48274548209	1152.41662597656
3418.5206130858	1151.73327636719
3420.55792208516	1151.78332519531
3422.59467273003	1150.93334960938
3424.63086527009	1151.48327636719
3426.6664999549	1151.09997558594
3428.70157703386	1151.56665039063
3430.73609675628	1150.66662597656
3432.77005937129	1151.90002441406
3434.80346512789	1152.06665039063
3436.83631427494	1152.33337402344
3438.86860706119	1152.25
3440.90034373521	1151.03332519531
3442.93152454546	1152
3444.96214974025	1151.44995117188
3446.99221956775	1152.23327636719
3449.021734276	1151.73327636719
3451.05069411289	1151.63330078125
3453.07909932619	1152.51672363281
3455.1069501635	1150.93334960938
3457.1342468723	1152.21667480469
3459.16098969993	1151.51672363281
3461.1871788936	1151.68334960938
3463.21281470035	1151.56665039063
3465.23789736712	1151.46667480469
3467.26242714067	1150.98327636719
3469.28640426765	1151.78332519531
3471.30982899455	1151.19995117188
3473.33270156774	1150.86669921875
3475.35502223343	1151.36669921875
3477.3767912377	1151.15002441406
3479.39800882649	1152.23327636719
3481.41867524559	1151.53332519531
3483.43879074066	1151.71667480469
3485.45835555721	1151.28332519531
3487.47736994062	1150.96667480469
3489.49583413611	1151.46667480469
3491.51374838879	1151.81665039063
3493.53111294359	1151.23327636719
3495.54792804533	1151.21667480469
3497.56419393867	1151.08337402344
3499.57991086814	1151.91662597656
3501.59507907811	1151.36669921875
3503.60969881284	1151.26672363281
3505.6237703164	1151.19995117188
3507.63729383278	1150.56665039063
3509.65026960577	1150.69995117188
3511.66269787904	1151.08337402344
3513.67457889613	1151.90002441406
3515.68591290042	1151.65002441406
3517.69670013515	1151.03332519531
3519.70694084342	1151.28332519531
3521.7166352682	1150.96667480469
3523.72578365229	1150.58337402344
3525.73438623836	1151.80004882813
3527.74244326893	1151.13330078125
3529.74995498641	1150.86669921875
3531.75692163301	1150.59997558594
3533.76334345084	1150.94995117188
3535.76922068186	1150.98327636719
3537.77455356786	1151.18334960938
3539.77934235051	1151.41662597656
3541.78358727133	1150.81665039063
3543.78728857169	1151.59997558594
3545.79044649283	1150.55004882813
3547.79306127584	1151.11669921875
3549.79513316164	1150.76672363281
3551.79666239104	1151.16662597656
3553.79764920469	1151.61669921875
3555.7980938431	1152.01672363281
3557.79799654663	1151.44995117188
3559.79735755548	1151.76672363281
3561.79617710974	1151.31665039063
3563.79445544932	1151.56665039063
3565.79219281401	1150.38330078125
3567.78938944344	1150.65002441406
3569.7860455771	1151.01672363281
3571.78216145432	1150.91662597656
3573.77773731431	1151.94995117188
3575.7727733961	1152.40002441406
3577.76726993861	1151.93334960938
3579.76122718059	1150.43334960938
3581.75464536064	1151.03332519531
3583.74752471725	1150.93334960938
3585.7398654887	1150.69995117188
3587.73166791317	1151.80004882813
3589.7229322287	1151.58337402344
3591.71365867314	1150.73327636719
3593.70384748424	1151.93334960938
3595.69349889955	1150.28332519531
3597.68261315654	1150.80004882813
3599.67119049245	1150.59997558594
3601.65923114446	1149.96667480469
3603.64673534952	1151.25
3605.63370334449	1150.73327636719
3607.62013536607	1151.21667480469
3609.60603165079	1150.69995117188
3611.59139243504	1150.31665039063
3613.57621795509	1151.66662597656
3615.56050844701	1151.84997558594
3617.54426414677	1150.66662597656
3619.52748529017	1149.65002441406
3621.51017211285	1151.03332519531
3623.49232485031	1150.38330078125
3625.47394373792	1149.33337402344
3627.45502901088	1151.36669921875
3629.43558090423	1150.19995117188
3631.41559965288	1151.41662597656
3633.3950854916	1150.28332519531
3635.37403865498	1150.68334960938
3637.35245937747	1149.96667480469
3639.33034789339	1151.48327636719
3641.30770443688	1151.40002441406
3643.28452924196	1150.98327636719
3645.26082254248	1150.96667480469
3647.23658457212	1150.44995117188
3649.21181556447	1150.68334960938
3651.18651575291	1150.05004882813
3653.16068537069	1150.66662597656
3655.13432465092	1150.06665039063
3657.10743382653	1150.76672363281
3659.08001313034	1150.48327636719
3661.05206279498	1149.36669921875
3663.02358305295	1150.61669921875
3664.9945741366	1150
3666.96503627811	1150.43334960938
3668.93496970952	1150.16662597656
3670.90437466272	1149.34997558594
3672.87325136944	1150.61669921875
3674.84160006127	1150.81665039063
3676.80942096963	1150.26672363281
3678.77671432581	1150.71667480469
3680.74348036092	1150.75
3682.70971930595	1149.91662597656
3684.6754313917	1150.46667480469
3686.64061684885	1149.91662597656
3688.60527590791	1150.86669921875
3690.56940879924	1149.03332519531
3692.53301575303	1151.26672363281
3694.49609699936	1149.88330078125
3696.45865276812	1150.71667480469
3698.42068328904	1150.19995117188
3700.38218879173	1150.75
3702.34316950563	1149.58337402344
3704.30362566	1150.28332519531
3706.26355748399	1149.94995117188
3708.22296520657	1149.48327636719
3710.18184905656	1150.34997558594
3712.14020926263	1149.93334960938
3714.09804605328	1149.86669921875
3716.05535965687	1149.84997558594
3718.01215030162	1149.71667480469
3719.96841821555	1150.08337402344
3721.92416362657	1151.06665039063
3723.8793867624	1148.93334960938
3725.83408785063	1150.13330078125
3727.78826711869	1150.40002441406
3729.74192479384	1150.40002441406
3731.69506110319	1149.63330078125
3733.64767627371	1149.69995117188
3735.59977053219	1149.16662597656
3737.55134410528	1150.21667480469
3739.50239721947	1150
3741.45293010108	1149.90002441406
3743.40294297631	1150.83337402344
3745.35243607116	1149.98327636719
3747.3014096115	1149.41662597656
3749.24986382303	1148.93334960938
3751.19779893131	1149.88330078125
3753.14521516171	1150.43334960938
3755.09211273949	1148.66662597656
3757.0384918897	1148.88330078125
3758.98435283728	1149.76672363281
3760.92969580698	1149.96667480469
3762.87452102341	1149.01672363281
3764.81882871101	1150.65002441406
3766.76261909407	1148.80004882813
3768.70589239672	1149.63330078125
3770.64864884293	1149.98327636719
3772.59088865651	1150.09997558594
3774.53261206112	1150.26672363281
3776.47381928025	1149.83337402344
