-173.428722450078	1145.53332519531
-170.294344013779	1146.46667480469
-167.160990304052	1146.36669921875
-164.028660894548	1146.41662597656
-160.897355359205	1146.46667480469
-157.767073272189	1146.06665039063
-154.637814207931	1146.18334960938
-151.50957774112	1146.61669921875
-148.382363446704	1145.55004882813
-145.256170899859	1146.55004882813
-142.130999676054	1146.86669921875
-139.006849350965	1146.15002441406
-135.883719500571	1146.91662597656
-132.761609701053	1146.13330078125
-129.640519528863	1146.94995117188
-126.520448560715	1146.30004882813
-123.401396373553	1147.25
-120.28336254458	1145.43334960938
-117.166346651252	1146.56665039063
-114.050348271258	1146.28332519531
-110.935366982541	1146.75
-107.821402363301	1146.56665039063
-104.708453991972	1146.15002441406
-101.596521447235	1146.51672363281
-98.4856043080122	1146.34997558594
-95.3757021534957	1146.09997558594
-92.2668145630801	1146.23327636719
-89.1589411164452	1146.26672363281
-86.0520813934781	1146.90002441406
-82.946234974338	1145.91662597656
-79.8414014394074	1146.44995117188
-76.7375803693083	1145.98327636719
-73.6347713449181	1145.90002441406
-70.532973947345	1146.28332519531
-67.4321877579402	1146.94995117188
-64.3324123582935	1145.30004882813
-61.2336473302252	1145.94995117188
-58.1358922558143	1145.75
-55.0391467173494	1146.21667480469
-51.9434102973817	1145.25
-48.8486825786838	1146.59997558594
-45.7549631442702	1146.13330078125
-42.662251577389	1146.31665039063
-39.5705474615295	1146.23327636719
-36.4798503804062	1146.51672363281
-33.3901599179706	1146.66662597656
-30.301475658403	1145.80004882813
-27.2137971861287	1145.65002441406
-24.1271240858053	1146.41662597656
-21.0414559423028	1146.55004882813
-17.9567923407513	1145.59997558594
-14.8731328664812	1146
-11.7904771050747	1146.40002441406
-8.70882464233763	1146.46667480469
-5.62817506431157	1146.86669921875
-2.54852795725342	1148.28332519531
0.530117092344597	1151.23327636719
3.6077604977471	1154.33337402344
6.68440267202787	1150.18334960938
9.76004402799773	1147.38330078125
12.8346849782609	1146.69995117188
15.9083259351831	1146.36669921875
18.9809673109237	1145.18334960938
22.0526095173877	1145.93334960938
25.1232529662903	1145.98327636719
28.1928980690886	1146
31.2615452370419	1146.34997558594
34.32919488118	1145.41662597656
37.3958474123071	1146.30004882813
40.4615032409942	1145.23327636719
43.5261627776189	1146.36669921875
46.58982643231	1146.46667480469
49.6524946149833	1146.30004882813
52.7141677353456	1146.16662597656
55.7748462028835	1146.75
58.8345304268427	1146.15002441406
61.8932208162729	1146.23327636719
64.9509177800033	1146.51672363281
68.0076217266271	1146.48327636719
71.0633330645419	1147.43334960938
74.118052201909	1146.80004882813
77.1717795467022	1150.58337402344
80.224515506648	1159.88330078125
83.2762604892772	1180.61669921875
86.3270149018856	1203.33337402344
89.3767791515896	1215.34997558594
92.4255536452548	1221.80004882813
95.4733387895519	1221.83337402344
98.5201349909248	1220.48327636719
101.565942655643	1222.43334960938
104.610762189717	1222.28332519531
107.654593998963	1220.16662597656
110.697438488996	1220.40002441406
113.739296065204	1217.84997558594
116.78016713278	1217.28332519531
119.820052096698	1213.81665039063
122.85895136172	1210.28332519531
125.896865332408	1211.81665039063
128.933794413111	1210.28332519531
131.969739007965	1209.66662597656
135.004699520911	1206.05004882813
138.038676355664	1205.08337402344
141.071669915751	1206.40002441406
144.103680604487	1201.90002441406
147.134708824975	1200.51672363281
150.164754980118	1201.41662597656
153.193819472611	1199.36669921875
156.221902704945	1198.51672363281
159.24900507942	1199.53332519531
162.275126998099	1198.44995117188
165.300268862873	1194.66662597656
168.324431075425	1197.40002441406
171.347614037231	1195.81665039063
174.369818149562	1193.5
177.391043813491	1194.09997558594
180.411291429897	1195.75
183.430561399437	1192.15002441406
186.448854122582	1195.06665039063
189.466169999607	1193.69995117188
192.482509430598	1194.09997558594
195.497872815412	1195.06665039063
198.512260553716	1190.84997558594
201.525673045011	1192.44995117188
204.538110688552	1191.98327636719
207.549573883427	1192.16662597656
210.560063028519	1193.36669921875
213.569578522523	1193.28332519531
216.578120763917	1192.46667480469
219.585690151021	1195.75
222.592287081907	1194.66662597656
225.597911954507	1195.68334960938
228.602565166512	1198.01672363281
231.606247115456	1197.41662597656
234.608958198646	1197.75
237.610698813222	1195.05004882813
240.611469356122	1198
243.611270224103	1195.68334960938
246.610101813707	1194.84997558594
249.607964521295	1197.06665039063
252.604858743044	1196.46667480469
255.600784874935	1197.78332519531
258.595743312749	1196.41662597656
261.589734452097	1199.58337402344
264.582758688393	1197.59997558594
267.574816416842	1198.38330078125
270.565908032503	1200.03332519531
273.556033930195	1199.98327636719
276.545194504586	1201.81665039063
279.533390150138	1201.11669921875
282.520621261151	1200.16662597656
285.506888231708	1200.03332519531
288.49219145571	1201.76672363281
291.476531326902	1204.11669921875
294.459908238794	1206.96667480469
297.442322584762	1204.81665039063
300.423774757966	1210.93334960938
303.404265151375	1208.71667480469
306.383794157805	1208.30004882813
309.362362169862	1206.66662597656
312.339969579982	1204.33337402344
315.316616780414	1201.91662597656
318.292304163227	1201.53332519531
321.267032120295	1197.65002441406
324.24080104332	1198.80004882813
327.213611323833	1197.25
330.185463353171	1195.25
333.156357522491	1197.28332519531
336.126294222774	1195.13330078125
339.095273844812	1194.30004882813
342.063296779227	1196.34997558594
345.030363416467	1194.96667480469
347.996474146782	1194.09997558594
350.961629360257	1192.13330078125
353.925829446806	1192.69995117188
356.889074796147	1194.44995117188
359.851365797829	1192.36669921875
362.812702841222	1190.98327636719
365.773086315536	1192.66662597656
368.732516609768	1191.76672363281
371.690994112778	1192.46667480469
374.648519213243	1190.75
377.605092299631	1191.09997558594
380.560713760273	1192.43334960938
383.515383983307	1190.41662597656
386.469103356711	1190.26672363281
389.421872268273	1188.78332519531
392.373691105615	1189.34997558594
395.32456025619	1188.16662597656
398.274480107272	1186.36669921875
401.223451045967	1189.08337402344
404.171473459202	1187.06665039063
407.118547733728	1188.55004882813
410.064674256155	1188.51672363281
413.009853412892	1186.65002441406
415.954085590181	1187.51672363281
418.8973711741	1187.61669921875
421.83971055055	1189.90002441406
424.781104105281	1189
427.721552223856	1188.86669921875
430.661055291665	1189.06665039063
433.599613693946	1187.61669921875
436.537227815752	1188.41662597656
439.473898041993	1188.15002441406
442.409624757378	1186.90002441406
445.344408346476	1185.88330078125
448.278249193683	1185.86669921875
451.211147683207	1183.91662597656
454.143104199122	1182.03332519531
457.074119125312	1182.25
460.004192845497	1182.78332519531
462.933325743267	1180.08337402344
465.861518202001	1183.88330078125
468.788770604917	1184.30004882813
471.71508333511	1184.80004882813
474.640456775471	1184.48327636719
477.564891308737	1185.69995117188
480.488387317487	1185.23327636719
483.410945184141	1188.73327636719
486.332565290942	1189.26672363281
489.253248019986	1190.55004882813
492.172993753197	1191.18334960938
495.091802872338	1195.65002441406
498.009675759011	1199.46667480469
500.926612794666	1203.96667480469
503.842614360571	1214.48327636719
506.757680837864	1234.28332519531
509.671812607493	1277.91662597656
512.585010050263	1413.09997558594
515.497273546817	1833.65002441406
518.408603477637	2537.33325195313
521.319000223045	2596.05004882813
524.228464163205	2027.09997558594
527.136995678121	1595.38330078125
530.044595147647	1397.71667480469
532.951262951471	1307.93334960938
535.856999469123	1256.69995117188
538.761805079986	1225.80004882813
541.665680163279	1213.13330078125
544.568625098049	1202.93334960938
547.470640263216	1201.05004882813
550.371726037533	1194.09997558594
553.271882799588	1189.01672363281
556.171110927825	1187.66662597656
559.069410800531	1186.44995117188
561.966782795823	1183.93334960938
564.863227291685	1182.59997558594
567.758744665944	1181.96667480469
570.653335296256	1179.96667480469
573.546999560148	1181.91662597656
576.439737834969	1181.5
579.331550497935	1178.84997558594
582.222437926093	1180.66662597656
585.112400496356	1179.31665039063
588.001438585469	1178.84997558594
590.889552570021	1179.15002441406
593.77674282648	1180.44995117188
596.663009731132	1179.46667480469
599.548353660116	1177.98327636719
602.432774989433	1180.18334960938
605.316274094926	1181.06665039063
608.198851352303	1182.59997558594
611.080507137075	1182.18334960938
613.961241824667	1183.09997558594
616.841055790315	1183.06665039063
619.71994940911	1182.93334960938
622.597923056008	1183.78332519531
625.474977105798	1182.46667480469
628.351111933143	1180.81665039063
631.22632791255	1182.76672363281
634.10062541835	1179.44995117188
636.97400482478	1181.25
639.846466505882	1182.33337402344
642.718010835585	1179.56665039063
645.58863818764	1182.30004882813
648.458348935679	1180.03332519531
651.327143453188	1179.09997558594
654.195022113475	1181.11669921875
657.061985289745	1180.26672363281
659.928033355022	1181.13330078125
662.79316668221	1181.63330078125
665.657385644057	1181.34997558594
668.520690613176	1181.55004882813
671.383081962017	1180.18334960938
674.244560062899	1178.84997558594
677.105125288002	1180.88330078125
679.964778009343	1180.80004882813
682.823518598832	1180.13330078125
685.681347428202	1179.58337402344
688.538264869057	1178.91662597656
691.394271292855	1178.55004882813
694.249367070914	1176.28332519531
697.103552574412	1176.21667480469
699.956828174378	1177.31665039063
702.809194241715	1175.01672363281
705.660651147175	1177.44995117188
708.511199261361	1175.13330078125
711.360838954755	1174.61669921875
714.209570597676	1176.78332519531
717.057394560329	1175.66662597656
719.90431121275	1176.91662597656
722.750320924861	1176.21667480469
725.59542406643	1175.38330078125
728.439621007094	1176.13330078125
731.282912116347	1175.46667480469
734.125297763539	1175.93334960938
736.966778317898	1175.11669921875
739.807354148498	1175.13330078125
742.647025624275	1175.81665039063
745.485793114042	1176
748.323656986468	1175.76672363281
751.160617610072	1177.03332519531
753.996675353258	1178.48327636719
756.831830584275	1177.69995117188
759.666083671249	1177.28332519531
762.499434982158	1176.90002441406
765.331884884853	1176.11669921875
768.163433747055	1176.91662597656
770.994081936328	1175.11669921875
773.823829820116	1176.48327636719
776.652677765732	1176.68334960938
779.480626140347	1176.40002441406
782.307675310993	1176.78332519531
785.133825644576	1176.61669921875
787.959077507869	1177.34997558594
790.783431267511	1178.11669921875
793.606887289986	1177.66662597656
796.429445941685	1177.68334960938
799.251107588836	1178.81665039063
802.071872597536	1178.13330078125
804.891741333751	1179.58337402344
807.71071416334	1179.18334960938
810.528791451981	1178.25
813.345973565269	1179.16662597656
816.162260868638	1180.03332519531
818.977653727395	1179.11669921875
821.792152506717	1180.15002441406
824.605757571661	1179.59997558594
827.418469287133	1180
830.230288017926	1180.28332519531
833.0412141287	1180.86669921875
835.851247983973	1178.93334960938
838.660389948141	1179.61669921875
841.468640385466	1179.68334960938
844.27599966009	1180.78332519531
847.082468136026	1178.26672363281
849.888046177135	1180.41662597656
852.692734147171	1179.90002441406
855.496532409758	1179.61669921875
858.29944132839	1178.58337402344
861.10146126642	1178.93334960938
863.902592587094	1178.46667480469
866.702835653509	1181.21667480469
869.502190828641	1179.08337402344
872.300658475353	1180.19995117188
875.098238956361	1181.81665039063
877.894932634271	1178.88330078125
880.690739871548	1179.93334960938
883.485661030531	1178.19995117188
886.279696473447	1179.44995117188
889.072846562376	1178.81665039063
891.86511165929	1179.91662597656
894.65649212603	1178.94995117188
897.446988324303	1180.44995117188
900.236600615703	1181.01672363281
903.025329361687	1179.51672363281
905.813174923597	1181.56665039063
908.600137662639	1180.75
911.38621793991	1179.83337402344
914.171416116365	1182.08337402344
916.95573255285	1180.68334960938
919.739167610082	1183.86669921875
922.521721648641	1184.5
925.303395029005	1187.61669921875
928.084188111517	1192.84997558594
930.864101256396	1198.53332519531
933.643134823733	1206.01672363281
936.42128917351	1213.31665039063
939.198564665577	1222.93334960938
941.97496165967	1223.71667480469
944.750480515391	1223.55004882813
947.525121592226	1223.36669921875
950.298885249534	1224.16662597656
953.071771846555	1224.71667480469
955.843781742413	1225.56665039063
958.614915296108	1224.44995117188
961.385172866513	1226.55004882813
964.154554812387	1227.46667480469
966.92306149236	1228.16662597656
969.690693264949	1227.01672363281
972.457450488552	1229.86669921875
975.223333521431	1228.08337402344
977.988342721749	1228.93334960938
980.752478447535	1225.09997558594
983.515741056708	1224.98327636719
986.278130907059	1223.41662597656
989.039648356259	1213.05004882813
991.800293761863	1206.66662597656
994.560067481312	1201.69995117188
997.318969871913	1197.06665039063
1000.07700129088	1194.15002441406
1002.83416209528	1190.03332519531
1005.59045264208	1190.03332519531
1008.34587328813	1187.55004882813
1011.10042439014	1186.78332519531
1013.85410630472	1184.78332519531
1016.60691938837	1184.56665039063
1019.35886399746	1183.63330078125
1022.10994048823	1184.01672363281
1024.86014921684	1183.15002441406
1027.60949053928	1180.56665039063
1030.35796481149	1180.76672363281
1033.10557238924	1178.25
1035.85231362819	1176.51672363281
1038.5981888839	1175.83337402344
1041.34319851182	1172.71667480469
1044.08734286727	1173.71667480469
1046.83062230544	1173.94995117188
1049.57303718143	1171.69995117188
1052.31458785021	1174.26672363281
1055.05527466665	1172.61669921875
1057.79509798549	1171.08337402344
1060.53405816134	1172.59997558594
1063.27215554874	1173.5
1066.00939050209	1173.31665039063
1068.74576337565	1172.55004882813
1071.48127452361	1171.84997558594
1074.21592430002	1172.63330078125
1076.94971305882	1172.88330078125
1079.68264115384	1170.94995117188
1082.41470893879	1171.90002441406
1085.14591676728	1169.73327636719
1087.8762649928	1170.01672363281
1090.60575396871	1171.15002441406
1093.33438404827	1169.83337402344
1096.06215558464	1172.06665039063
1098.78906893086	1170.78332519531
1101.51512443981	1169.16662597656
1104.24032246435	1170.25
1106.96466335716	1169.83337402344
1109.68814747081	1171.23327636719
1112.41077515779	1168.69995117188
1115.13254677044	1168.44995117188
1117.85346266104	1169.25
1120.57352318169	1168.75
1123.29272868445	1168.48327636719
1126.01107952121	1171.71667480469
1128.72857604378	1169.63330078125
1131.44521860385	1169.58337402344
1134.16100755301	1168.98327636719
1136.87594324271	1167.38330078125
1139.59002602433	1170.86669921875
1142.3032562491	1171
1145.01563426818	1171.13330078125
1147.72716043257	1175.73327636719
1150.43783509322	1173.41662597656
1153.14765860091	1173.26672363281
1155.85663130634	1174.05004882813
1158.56475356012	1172.91662597656
1161.27202571271	1171.69995117188
1163.97844811448	1170.33337402344
1166.68402111569	1171.83337402344
1169.38874506649	1170.83337402344
1172.09262031694	1171.06665039063
1174.79564721695	1170.31665039063
1177.49782611635	1170.80004882813
1180.19915736486	1171.93334960938
1182.89964131208	1172.13330078125
1185.59927830751	1170.26672363281
1188.29806870054	1169.44995117188
1190.99601284046	1169.53332519531
1193.69311107643	1170.73327636719
1196.38936375753	1171.28332519531
1199.08477123271	1169.61669921875
1201.77933385082	1171.5
1204.47305196061	1172.11669921875
1207.1659259107	1168.26672363281
1209.85795604964	1169.80004882813
1212.54914272585	1169.01672363281
1215.23948628763	1171.01672363281
1217.92898708319	1171.16662597656
1220.61764546064	1171.71667480469
1223.30546176798	1171.91662597656
1225.99243635308	1172.55004882813
1228.67856956373	1172.30004882813
1231.36386174761	1169.90002441406
1234.04831325228	1170.11669921875
1236.73192442522	1169.38330078125
1239.41469561377	1170.56665039063
1242.09662716519	1170.23327636719
1244.77771942662	1168.86669921875
1247.45797274511	1171.93334960938
1250.13738746759	1170.40002441406
1252.81596394089	1173.01672363281
1255.49370251175	1170.58337402344
1258.17060352676	1171
1260.84666733246	1172.33337402344
1263.52189427525	1172.71667480469
1266.19628470144	1174.40002441406
1268.86983895722	1172.40002441406
1271.5425573887	1174.23327636719
1274.21444034186	1174.59997558594
1276.8854881626	1172.30004882813
1279.55570119671	1174.33337402344
1282.22507978985	1176.01672363281
1284.89362428759	1174.59997558594
1287.56133503543	1172.68334960938
1290.22821237872	1175.11669921875
1292.89425666274	1175.73327636719
1295.55946823263	1178.03332519531
1298.22384743346	1176.21667480469
1300.88739461019	1175.55004882813
1303.55011010766	1174.88330078125
1306.21199427063	1171.09997558594
1308.87304744373	1171.38330078125
1311.53326997152	1170.93334960938
1314.19266219843	1170.93334960938
1316.8512244688	1169.73327636719
1319.50895712687	1169.23327636719
1322.16586051676	1169.83337402344
1324.82193498252	1168.25
1327.47718086806	1169.44995117188
1330.1315985172	1170.33337402344
1332.78518827369	1168.96667480469
1335.43795048114	1169.38330078125
1338.08988548307	1169.53332519531
1340.74099362289	1169.01672363281
1343.39127524392	1170.53332519531
1346.04073068939	1170.05004882813
1348.6893603024	1170.38330078125
1351.33716442597	1170
1353.98414340301	1167.63330078125
1356.63029757632	1169.13330078125
1359.27562728863	1168.40002441406
1361.92013288252	1168.30004882813
1364.56381470053	1168.25
1367.20667308505	1166.46667480469
1369.84870837838	1167.91662597656
1372.48992092274	1168.26672363281
1375.13031106023	1168.84997558594
1377.76987913284	1168.44995117188
1380.40862548251	1168.30004882813
1383.04655045101	1167.69995117188
1385.68365438006	1167.94995117188
1388.31993761126	1167.41662597656
1390.95540048612	1167.65002441406
1393.59004334605	1169.13330078125
1396.22386653233	1168.58337402344
1398.85687038619	1167.28332519531
1401.48905524873	1169.53332519531
1404.12042146094	1170.66662597656
1406.75096936375	1172.06665039063
1409.38069929796	1171.5
1412.00961160428	1171.40002441406
1414.63770662332	1170.28332519531
1417.26498469557	1168.69995117188
1419.89144616146	1169.33337402344
1422.51709136132	1168.98327636719
1425.14192063532	1167.11669921875
1427.76593432361	1168
1430.3891327662	1168.88330078125
1433.01151630299	1168.15002441406
1435.63308527382	1169.71667480469
1438.2538400184	1167.80004882813
1440.87378087637	1168.43334960938
1443.49290818722	1170.69995117188
1446.1112222904	1168.11669921875
1448.72872352524	1173.18334960938
1451.34541223097	1171.65002441406
1453.96128874671	1169.18334960938
1456.5763534115	1170.13330078125
1459.19060656429	1172.03332519531
1461.8040485439	1169.40002441406
1464.41667968907	1171.71667480469
1467.02850033846	1170.16662597656
1469.63951083061	1170
1472.24971150397	1170.90002441406
1474.8591026969	1168.75
1477.46768474763	1170.19995117188
1480.07545799434	1169.03332519531
1482.68242277508	1170.98327636719
1485.28857942782	1169.75
1487.89392829042	1168.34997558594
1490.49846970065	1168.21667480469
1493.10220399619	1166.91662597656
1495.70513151461	1167.41662597656
1498.30725259339	1167.18334960938
1500.90856756992	1167.09997558594
1503.50907678146	1167.36669921875
1506.10878056524	1166.08337402344
1508.70767925832	1167.23327636719
1511.30577319772	1166.93334960938
1513.90306272032	1166.31665039063
1516.49954816295	1166.55004882813
1519.09522986229	1165.38330078125
1521.69010815498	1165.18334960938
1524.28418337751	1167.13330078125
1526.87745586632	1165.33337402344
1529.46992595773	1166.15002441406
1532.06159398796	1164.40002441406
1534.65246029316	1167.21667480469
1537.24252520935	1165.03332519531
1539.83178907249	1165.75
1542.42025221841	1166.94995117188
1545.00791498287	1166.28332519531
1547.59477770152	1167.56665039063
1550.18084070993	1166.25
1552.76610434356	1166.26672363281
1555.35056893777	1166.13330078125
1557.93423482785	1165.40002441406
1560.51710234896	1166.51672363281
1563.0991718362	1166.83337402344
1565.68044362457	1166.61669921875
1568.26091804893	1168.5
1570.84059544411	1167.75
1573.41947614481	1168.15002441406
1575.99756048562	1168.11669921875
1578.57484880108	1169.43334960938
1581.15134142559	1169.5
1583.72703869349	1168.06665039063
1586.301940939	1168
1588.87604849628	1170
1591.44936169934	1168.86669921875
1594.02188088215	1174.40002441406
1596.59360637855	1175.68334960938
1599.16453852232	1178.48327636719
1601.73467764709	1183.44995117188
1604.30402408647	1182.23327636719
1606.87257817391	1184.19995117188
1609.44034024281	1182.38330078125
1612.00731062644	1179.01672363281
1614.57348965801	1174.69995117188
1617.13887767062	1174.55004882813
1619.70347499726	1173.03332519531
1622.26728197086	1172.03332519531
1624.83029892423	1174.76672363281
1627.39252619012	1173.06665039063
1629.95396410112	1175.53332519531
1632.5146129898	1180.53332519531
1635.07447318858	1182.66662597656
1637.63354502984	1179
1640.19182884582	1175.11669921875
1642.74932496868	1170.84997558594
1645.3060337305	1169.11669921875
1647.86195546325	1167.34997558594
1650.41709049882	1165.80004882813
1652.971439169	1168.25
1655.52500180548	1164.80004882813
1658.07777873987	1166.34997558594
1660.62977030368	1165.06665039063
1663.18097682833	1166.11669921875
1665.73139864514	1165.80004882813
1668.28103608534	1165.31665039063
1670.82988948008	1164.63330078125
1673.37795916039	1166.34997558594
1675.92524545724	1166.16662597656
1678.47174870147	1165.71667480469
1681.01746922386	1165.11669921875
1683.56240735508	1167.13330078125
1686.10656342572	1164.48327636719
1688.64993776626	1165.11669921875
1691.19253070709	1165.08337402344
1693.73434257853	1165.55004882813
1696.27537371078	1166.19995117188
1698.81562443395	1165.03332519531
1701.35509507809	1165.90002441406
1703.89378597311	1166.55004882813
1706.43169744886	1167.03332519531
1708.96882983509	1167.25
1711.50518346144	1168.75
1714.0407586575	1170.41662597656
1716.57555575272	1171.93334960938
1719.10957507649	1173.56665039063
1721.64281695809	1174.18334960938
1724.17528172671	1173.43334960938
1726.70696971146	1174.5
1729.23788124135	1174.41662597656
1731.7680166453	1172.91662597656
1734.29737625213	1171.28332519531
1736.82596039057	1172.25
1739.35376938927	1170.48327636719
1741.88080357677	1168.76672363281
1744.40706328154	1168.51672363281
1746.93254883193	1168.19995117188
1749.45726055623	1167.65002441406
1751.9811987826	1166.33337402344
1754.50436383915	1166.46667480469
1757.02675605387	1166.75
1759.54837575466	1164.15002441406
1762.06922326934	1164.61669921875
1764.58929892564	1166.23327636719
1767.10860305118	1165.66662597656
1769.6271359735	1163.36669921875
1772.14489802005	1165.46667480469
1774.66188951817	1164.76672363281
1777.17811079515	1165.44995117188
1779.69356217815	1164.73327636719
1782.20824399425	1163.08337402344
1784.72215657043	1165.83337402344
1787.23530023361	1164.65002441406
1789.74767531057	1164.5
1792.25928212804	1163.56665039063
1794.77012101264	1165.01672363281
1797.2801922909	1164.16662597656
1799.78949628926	1165.38330078125
1802.29803333406	1164.44995117188
1804.80580375158	1164.21667480469
1807.31280786797	1164.91662597656
1809.81904600929	1165.34997558594
1812.32451850154	1164.56665039063
1814.82922567061	1164.21667480469
1817.33316784231	1162.69995117188
1819.83634534233	1163.96667480469
1822.33875849629	1164.21667480469
1824.84040762973	1164.36669921875
1827.34129306808	1164.34997558594
1829.84141513667	1163.66662597656
1832.34077416077	1165.18334960938
1834.83937046553	1164.55004882813
1837.33720437602	1164.46667480469
1839.83427621723	1162.96667480469
1842.33058631404	1163.88330078125
1844.82613499125	1164.86669921875
1847.32092257355	1164.5
1849.81494938558	1164.5
1852.30821575184	1164.13330078125
1854.80072199677	1164.80004882813
1857.29246844473	1163.41662597656
1859.78345541994	1164.30004882813
1862.27368324658	1163.94995117188
1864.76315224871	1163.96667480469
1867.2518627503	1163.09997558594
1869.73981507524	1164.55004882813
1872.22700954733	1164.53332519531
1874.71344649027	1164.71667480469
1877.19912622768	1161.84997558594
1879.68404908308	1163.66662597656
1882.16821537988	1164.71667480469
1884.65162544145	1164.59997558594
1887.13427959102	1165.05004882813
1889.61617815175	1165
1892.0973214467	1163.90002441406
1894.57770979887	1163.44995117188
1897.05734353113	1163.53332519531
1899.53622296628	1162.93334960938
1902.014348427	1162.88330078125
1904.49172023593	1164.58337402344
1906.96833871558	1163.43334960938
1909.44420418839	1162.13330078125
1911.91931697668	1163.25
1914.39367740272	1163.28332519531
1916.86728578865	1163.61669921875
1919.34014245654	1164.66662597656
1921.81224772838	1163.55004882813
1924.28360192604	1163.15002441406
1926.75420537132	1164.69995117188
1929.22405838593	1164.08337402344
1931.69316129147	1164.18334960938
1934.16151440948	1163.61669921875
1936.62911806136	1163.75
1939.09597256848	1163.06665039063
1941.56207825207	1162.75
1944.0274354333	1163.41662597656
1946.49204443322	1164.53332519531
1948.95590557284	1164.90002441406
1951.41901917301	1164.08337402344
1953.88138555454	1163.15002441406
1956.34300503813	1164.33337402344
1958.8038779444	1163.31665039063
1961.26400459387	1163.44995117188
1963.72338530697	1163.28332519531
1966.18202040403	1163.94995117188
1968.63991020531	1163.69995117188
1971.09705503097	1163.66662597656
1973.55345520107	1162.71667480469
1976.0091110356	1162.61669921875
1978.46402285444	1163.38330078125
1980.91819097737	1164.80004882813
1983.3716157241	1162.01672363281
1985.82429741427	1162.66662597656
1988.27623636736	1163.76672363281
1990.72743290284	1162.93334960938
1993.17788734002	1164.41662597656
1995.62759999817	1163.78332519531
1998.07657119644	1164.26672363281
2000.5248012539	1165.51672363281
2002.97229048952	1164.25
2005.41903922219	1164.46667480469
2007.86504777071	1162.76672363281
2010.31031645378	1163.59997558594
2012.75484559	1162.41662597656
2015.19863549792	1164.93334960938
2017.64168649594	1164.75
2020.08399890242	1163.03332519531
2022.5255730356	1163.46667480469
2024.96640921365	1162.78332519531
2027.40650775462	1163.33337402344
2029.84586897649	1163.83337402344
2032.28449319715	1163.91662597656
2034.72238073438	1163.86669921875
2037.15953190591	1163.46667480469
2039.59594702932	1162.90002441406
2042.03162642215	1163.38330078125
2044.46657040182	1162.80004882813
2046.90077928567	1163.31665039063
2049.33425339095	1162.98327636719
2051.76699303481	1164.03332519531
2054.19899853433	1162.30004882813
2056.63027020645	1164.66662597656
2059.06080836809	1162.56665039063
2061.49061333602	1163.41662597656
2063.91968542694	1163.43334960938
2066.34802495747	1162.71667480469
2068.77563224411	1162.98327636719
2071.20250760329	1164.31665039063
2073.62865135136	1164.01672363281
2076.05406380455	1164.5
2078.47874527901	1163.56665039063
2080.9026960908	1164.51672363281
2083.3259165559	1164.69995117188
2085.74840699018	1163.40002441406
2088.17016770944	1163.16662597656
2090.59119902935	1163.61669921875
2093.01150126553	1161.78332519531
2095.43107473348	1162.96667480469
2097.84991974864	1161.94995117188
2100.26803662633	1162.93334960938
2102.68542568178	1163.53332519531
2105.10208723015	1164.05004882813
2107.51802158648	1163.81665039063
2109.93322906574	1163.43334960938
2112.3477099828	1163.51672363281
2114.76146465245	1163.09997558594
2117.17449338937	1162.40002441406
2119.58679650815	1162.93334960938
2121.9983743233	1164
2124.40922714924	1163.48327636719
2126.81935530029	1163.63330078125
2129.22875909067	1160.46667480469
2131.63743883452	1162.94995117188
2134.04539484589	1164.18334960938
2136.45262743874	1163.81665039063
2138.85913692692	1162.83337402344
2141.26492362422	1162.36669921875
2143.6699878443	1164.84997558594
2146.07432990076	1164.03332519531
2148.47795010708	1163.56665039063
2150.88084877667	1164.08337402344
2153.28302622285	1163.21667480469
2155.68448275883	1162.94995117188
2158.08521869774	1164.25
2160.48523435261	1162.75
2162.88453003639	1162.59997558594
2165.28310606193	1163
2167.68096274199	1162.65002441406
2170.07810038922	1163.83337402344
2172.47451931622	1162.28332519531
2174.87021983546	1163.94995117188
2177.26520225933	1162.31665039063
2179.65946690013	1163.28332519531
2182.05301407006	1162.19995117188
2184.44584408123	1161.83337402344
2186.83795724567	1162.61669921875
2189.22935387531	1163.34997558594
2191.62003428198	1164.03332519531
2194.00999877743	1161.98327636719
2196.39924767329	1162.69995117188
2198.78778128115	1163.69995117188
2201.17559991245	1162.61669921875
2203.56270387857	1162.86669921875
2205.94909349081	1163.11669921875
2208.33476906033	1163.46667480469
2210.71973089824	1162.53332519531
2213.10397931554	1162.90002441406
2215.48751462314	1162.53332519531
2217.87033713186	1162.59997558594
2220.25244715242	1162.33337402344
2222.63384499546	1161.93334960938
2225.01453097151	1161.40002441406
2227.39450539101	1162.93334960938
2229.77376856434	1163.53332519531
2232.15232080173	1161.83337402344
2234.53016241336	1162.44995117188
2236.9072937093	1160.31665039063
2239.28371499954	1161.98327636719
2241.65942659396	1162.91662597656
2244.03442880236	1162.65002441406
2246.40872193443	1162.94995117188
2248.78230629979	1161.86669921875
2251.15518220795	1163.68334960938
2253.52734996835	1162.84997558594
2255.89880989029	1163.18334960938
2258.26956228301	1162.48327636719
2260.63960745567	1161.81665039063
2263.00894571731	1162.66662597656
2265.37757737688	1162.34997558594
2267.74550274324	1162.69995117188
2270.11272212517	1160.96667480469
2272.47923583134	1161.15002441406
2274.84504417031	1162.88330078125
2277.2101474506	1162.33337402344
2279.57454598058	1162.94995117188
2281.93824006856	1162.55004882813
2284.30123002275	1161.98327636719
2286.66351615125	1164
2289.02509876208	1161.30004882813
2291.38597816317	1162.34997558594
2293.74615466236	1162.68334960938
2296.10562856737	1164.61669921875
2298.46440018585	1163.01672363281
2300.82246982535	1163.55004882813
2303.1798377933	1162.68334960938
2305.5365043971	1160.43334960938
2307.89246994399	1163.13330078125
2310.24773474116	1162.31665039063
2312.60229909566	1162.80004882813
2314.95616331451	1162.56665039063
2317.30932770456	1162.15002441406
2319.66179257263	1162.56665039063
2322.01355822542	1163.09997558594
2324.36462496953	1161.98327636719
2326.71499311146	1162.86669921875
2329.06466295764	1163.31665039063
2331.41363481439	1162.69995117188
2333.76190898794	1162.44995117188
2336.10948578441	1161.96667480469
2338.45636550986	1163.44995117188
2340.80254847022	1161.61669921875
2343.14803497132	1162.86669921875
2345.49282531895	1161.93334960938
2347.83691981874	1161.38330078125
2350.18031877626	1162.65002441406
2352.52302249699	1160.69995117188
2354.8650312863	1162.25
2357.20634544946	1161.33337402344
2359.54696529166	1161.31665039063
2361.88689111798	1160.76672363281
2364.22612323341	1161.59997558594
2366.56466194287	1163.88330078125
2368.90250755114	1162.73327636719
2371.23966036293	1162.55004882813
2373.57612068286	1161.46667480469
2375.91188881545	1163.09997558594
2378.2469650651	1161.31665039063
2380.58134973615	1162.48327636719
2382.91504313282	1160.61669921875
2385.24804555926	1162.68334960938
2387.58035731949	1161.09997558594
2389.91197871745	1162.94995117188
2392.24291005701	1163.13330078125
2394.57315164189	1161.69995117188
2396.90270377577	1161.78332519531
2399.23156676218	1162.16662597656
2401.55974090461	1162.53332519531
2403.88722650642	1162.21667480469
2406.21402387086	1162.19995117188
2408.54013330113	1163.23327636719
2410.8655551003	1162.26672363281
2413.19028957133	1161.66662597656
2415.51433701713	1161.34997558594
2417.83769774049	1160.80004882813
2420.16037204408	1161.65002441406
2422.48236023051	1161.31665039063
2424.80366260228	1162.51672363281
2427.12427946179	1161.56665039063
2429.44421111134	1163.09997558594
2431.76345785315	1163.13330078125
2434.08201998932	1162.90002441406
2436.39989782188	1161.88330078125
2438.71709165273	1162.56665039063
2441.0336017837	1162.73327636719
2443.34942851653	1162.26672363281
2445.66457215282	1162.21667480469
2447.97903299412	1161.48327636719
2450.29281134185	1162.80004882813
2452.60590749736	1160.83337402344
2454.91832176188	1162.21667480469
2457.23005443656	1162.71667480469
2459.54110582243	1162.65002441406
2461.85147622045	1160.18334960938
2464.16116593146	1161.80004882813
2466.47017525621	1161.31665039063
2468.77850449536	1163.53332519531
2471.08615394947	1161.91662597656
2473.39312391899	1163.19995117188
2475.69941470429	1161.91662597656
2478.00502660562	1161.48327636719
2480.30995992316	1162.21667480469
2482.61421495697	1161.59997558594
2484.91779200702	1160.15002441406
2487.22069137316	1161.43334960938
2489.5229133552	1161.18334960938
2491.8244582528	1162.98327636719
2494.12532636553	1162.61669921875
2496.42551799287	1162.69995117188
2498.72503343421	1162.33337402344
2501.02387298882	1161.69995117188
2503.32203695588	1161.58337402344
2505.61952563449	1162.61669921875
2507.91633932361	1162.23327636719
2510.21247832216	1161.86669921875
2512.50794292891	1163.81665039063
2514.80273344255	1162.01672363281
2517.09685016167	1160.68334960938
2519.39029338476	1162.40002441406
2521.68306341022	1162.59997558594
2523.97516053634	1162.19995117188
2526.26658506132	1161.78332519531
2528.55733728325	1161.65002441406
2530.84741750012	1162.34997558594
2533.13682600984	1162.53332519531
2535.4255631102	1161.61669921875
2537.7136290989	1161.91662597656
2540.00102427354	1161.91662597656
2542.28774893162	1161.55004882813
2544.57380337053	1160.66662597656
2546.85918788758	1163.21667480469
2549.14390277997	1161.93334960938
2551.4279483448	1162.40002441406
2553.71132487906	1161.88330078125
2555.99403267966	1161.16662597656
2558.27607204341	1160.55004882813
2560.55744326699	1162.56665039063
2562.83814664702	1160.96667480469
2565.11818247999	1161.34997558594
2567.3975510623	1162.25
2569.67625269025	1162.31665039063
2571.95428766003	1162.53332519531
2574.23165626776	1161.76672363281
2576.50835880942	1161.15002441406
2578.78439558093	1161.96667480469
2581.05976687806	1161.13330078125
2583.33447299652	1161.19995117188
2585.60851423191	1162.19995117188
2587.88189087972	1161.15002441406
2590.15460323534	1161.41662597656
2592.42665159406	1160.76672363281
2594.69803625108	1161.03332519531
2596.9687575015	1159.91662597656
2599.23881564029	1161.36669921875
2601.50821096235	1161.59997558594
2603.77694376245	1160.91662597656
2606.0450143353	1162.75
2608.31242297548	1162.28332519531
2610.57916997746	1159.40002441406
2612.84525563562	1161.81665039063
2615.11068024426	1161.03332519531
2617.37544409753	1162.61669921875
2619.63954748952	1161.18334960938
2621.90299071421	1160.18334960938
2624.16577406546	1159.44995117188
2626.42789783705	1160.43334960938
2628.68936232264	1160.46667480469
2630.9501678158	1160.98327636719
2633.21031460999	1161.48327636719
2635.46980299857	1161.44995117188
2637.72863327481	1161.34997558594
2639.98680573185	1161.66662597656
2642.24432066276	1161.33337402344
2644.50117836048	1161.41662597656
2646.75737911786	1161.11669921875
2649.01292322765	1162.46667480469
2651.26781098249	1160.68334960938
2653.52204267492	1160.31665039063
2655.77561859738	1161.41662597656
2658.0285390422	1160.80004882813
2660.28080430161	1161.28332519531
2662.53241466774	1161.88330078125
2664.78337043263	1162.03332519531
2667.03367188817	1160.63330078125
2669.2833193262	1161.06665039063
2671.53231303844	1160.33337402344
2673.78065331648	1160.76672363281
2676.02834045184	1162.55004882813
2678.27537473592	1161.65002441406
2680.52175646002	1159.31665039063
2682.76748591535	1162.34997558594
2685.01256339298	1162
2687.25698918391	1161.25
2689.50076357901	1161.03332519531
2691.74388686909	1162.59997558594
2693.9863593448	1161.71667480469
2696.22818129672	1161.61669921875
2698.46935301532	1161.98327636719
2700.70987479096	1160.18334960938
2702.94974691389	1161.43334960938
2705.18896967428	1161.51672363281
2707.42754336216	1162.06665039063
2709.66546826749	1160.78332519531
2711.90274468011	1160.78332519531
2714.13937288974	1161.76672363281
2716.37535318602	1160.78332519531
2718.61068585848	1161.31665039063
2720.84537119652	1161.06665039063
2723.07940948947	1161.34997558594
2725.31280102654	1161.26672363281
2727.54554609682	1160.93334960938
2729.77764498933	1160.86669921875
2732.00909799294	1160.55004882813
2734.23990539644	1161.11669921875
2736.47006748853	1162.53332519531
2738.69958455777	1160.81665039063
2740.92845689263	1161.06665039063
2743.15668478147	1160.61669921875
2745.38426851257	1161.08337402344
2747.61120837406	1161.90002441406
2749.83750465399	1161.58337402344
2752.0631576403	1161.98327636719
2754.28816762083	1161.33337402344
2756.51253488329	1161.13330078125
2758.73625971532	1161.81665039063
2760.95934240442	1160.69995117188
2763.18178323801	1160.83337402344
2765.40358250338	1161.61669921875
2767.62474048773	1160.05004882813
2769.84525747814	1159.94995117188
2772.06513376159	1159.86669921875
2774.28436962496	1160.55004882813
2776.50296535501	1161.93334960938
2778.7209212384	1160.46667480469
2780.93823756168	1161.93334960938
2783.15491461129	1160.06665039063
2785.37095267358	1160.81665039063
2787.58635203477	1161.40002441406
2789.80111298097	1161.80004882813
2792.01523579822	1161.18334960938
2794.2287207724	1160.31665039063
2796.44156818932	1161.63330078125
2798.65377833468	1159.19995117188
2800.86535149404	1161.13330078125
2803.07628795289	1161.59997558594
2805.28658799659	1160.40002441406
2807.4962519104	1162.26672363281
2809.70527997946	1161.18334960938
2811.91367248883	1160.65002441406
2814.12142972342	1161.43334960938
2816.32855196807	1161.26672363281
2818.53503950749	1161.01672363281
2820.74089262628	1160.41662597656
2822.94611160894	1160.28332519531
2825.15069673987	1160.69995117188
2827.35464830333	1162.01672363281
2829.55796658351	1161.25
2831.76065186445	1160.51672363281
2833.96270443012	1159.78332519531
2836.16412456437	1160.16662597656
2838.3649125509	1161.03332519531
2840.56506867336	1161.19995117188
2842.76459321526	1161.66662597656
2844.96348645999	1162.05004882813
2847.16174869086	1161.06665039063
2849.35938019105	1162.21667480469
2851.55638124363	1161.53332519531
2853.75275213157	1162.56665039063
2855.94849313772	1161.08337402344
2858.14360454483	1162.78332519531
2860.33808663553	1163.16662597656
2862.53193969234	1163.06665039063
2864.72516399768	1163.23327636719
2866.91775983385	1163.59997558594
2869.10972748304	1163.53332519531
2871.30106722733	1163.30004882813
2873.4917793487	1165.11669921875
2875.68186412899	1165.25
2877.87132184997	1163.73327636719
2880.06015279325	1165.84997558594
2882.24835724039	1164.56665039063
2884.43593547278	1164.83337402344
2886.62288777173	1165.16662597656
2888.80921441843	1165.96667480469
2890.99491569397	1168.26672363281
2893.1799918793	1166.65002441406
2895.36444325529	1166.48327636719
2897.54827010269	1168.25
2899.73147270213	1169.88330078125
2901.91405133412	1169.11669921875
2904.09600627909	1168.53332519531
2906.27733781731	1169.34997558594
2908.45804622899	1169.84997558594
2910.63813179418	1170.13330078125
2912.81759479286	1169
2914.99643550486	1170.73327636719
2917.17465420994	1171
2919.3522511877	1172.11669921875
2921.52922671765	1172.38330078125
2923.7055810792	1173.73327636719
2925.88131455162	1173.06665039063
2928.05642741408	1174.05004882813
2930.23091994566	1174.46667480469
2932.40479242528	1174.5
2934.57804513178	1173.40002441406
2936.75067834387	1175.11669921875
2938.92269234017	1173.61669921875
2941.09408739916	1173.11669921875
2943.26486379921	1173.88330078125
2945.4350218186	1173.15002441406
2947.60456173546	1173.30004882813
2949.77348382783	1173.30004882813
2951.94178837363	1173.06665039063
2954.10947565068	1173.30004882813
2956.27654593666	1174.23327636719
2958.44299950915	1175.94995117188
2960.60883664562	1175.13330078125
2962.77405762341	1175.76672363281
2964.93866271975	1175.63330078125
2967.10265221178	1174.93334960938
2969.26602637648	1173.53332519531
2971.42878549076	1173.41662597656
2973.59092983139	1173.40002441406
2975.75245967501	1173.13330078125
2977.9133752982	1170.84997558594
2980.07367697736	1171.46667480469
2982.23336498882	1171.73327636719
2984.39243960877	1170.80004882813
2986.5509011133	1172.09997558594
2988.70874977837	1172.69995117188
2990.86598587984	1171.26672363281
2993.02260969344	1169.71667480469
2995.17862149478	1168.28332519531
2997.33402155938	1167.73327636719
2999.48881016262	1168.13330078125
3001.64298757978	1168.31665039063
3003.796554086	1166.88330078125
3005.94950995633	1165.41662597656
3008.10185546569	1165.53332519531
3010.25359088888	1167.08337402344
3012.40471650059	1165.19995117188
3014.5552325754	1165.08337402344
3016.70513938776	1165.30004882813
3018.85443721201	1163.38330078125
3021.00312632236	1164.16662597656
3023.15120699292	1164.73327636719
3025.29867949769	1164.88330078125
3027.44554411052	1165.55004882813
3029.59180110516	1165.93334960938
3031.73745075527	1166.44995117188
3033.88249333434	1167.93334960938
3036.02692911578	1171.78332519531
3038.17075837287	1171.16662597656
3040.31398137877	1170.69995117188
3042.45659840653	1169.30004882813
3044.59860972907	1169.31665039063
3046.7400156192	1168.51672363281
3048.88081634961	1165.88330078125
3051.02101219287	1166.75
3053.16060342144	1163.05004882813
3055.29959030765	1166.13330078125
3057.43797312371	1165.98327636719
3059.57575214172	1165.33337402344
3061.71292763366	1165.68334960938
3063.84949987139	1166.86669921875
3065.98546912665	1165.59997558594
3068.12083567105	1167.96667480469
3070.2555997761	1167.16662597656
3072.38976171319	1165.66662597656
3074.52332175356	1165.40002441406
3076.65628016837	1166.33337402344
3078.78863722863	1164.08337402344
3080.92039320526	1164
3083.05154836902	1164.73327636719
3085.1821029906	1163.90002441406
3087.31205734051	1162.81665039063
3089.44141168921	1160.55004882813
3091.57016630696	1161
3093.69832146398	1162.34997558594
3095.82587743032	1162.65002441406
3097.9528344759	1162.68334960938
3100.07919287056	1163.09997558594
3102.204952884	1162.19995117188
3104.33011478579	1164.34997558594
3106.45467884538	1162.75
3108.57864533212	1161.88330078125
3110.70201451522	1163.13330078125
3112.82478666378	1161.46667480469
3114.94696204676	1161.16662597656
3117.06854093301	1161.31665039063
3119.18952359127	1161.26672363281
3121.30991029013	1161.01672363281
3123.4297012981	1160.11669921875
3125.54889688352	1160.06665039063
3127.66749731464	1159.25
3129.78550285957	1158.98327636719
3131.90291378633	1160.93334960938
3134.01973036277	1159.31665039063
3136.13595285665	1160.13330078125
3138.2515815356	1159.51672363281
3140.36661666714	1159.78332519531
3142.48105851863	1158.81665039063
3144.59490735734	1158.86669921875
3146.70816345041	1159.01672363281
3148.82082706486	1157.73327636719
3150.93289846758	1159.56665039063
3153.04437792532	1159.56665039063
3155.15526570475	1159.44995117188
3157.26556207238	1158.58337402344
3159.37526729461	1159.59997558594
3161.48438163771	1158.34997558594
3163.59290536784	1159.19995117188
3165.70083875102	1159.18334960938
3167.80818205315	1159.25
3169.91493554002	1158.65002441406
3172.02109947727	1158.65002441406
3174.12667413044	1158.61669921875
3176.23165976493	1157.93334960938
3178.33605664602	1160.38330078125
3180.43986503887	1159.18334960938
3182.54308520852	1158.76672363281
3184.64571741986	1158.26672363281
3186.74776193769	1157.31665039063
3188.84921902664	1159.66662597656
3190.95008895128	1158.21667480469
3193.05037197599	1157.43334960938
3195.15006836504	1160.11669921875
3197.24917838262	1158.81665039063
3199.34770229274	1158.23327636719
3201.44564035931	1158.34997558594
3203.5429928461	1159.38330078125
3205.63976001677	1158.15002441406
3207.73594213484	1158.69995117188
3209.83153946372	1159
3211.92655226669	1158.58337402344
3214.02098080688	1158.59997558594
3216.11482534732	1158.03332519531
3218.20808615091	1157.94995117188
3220.30076348041	1159.11669921875
3222.39285759847	1159.86669921875
3224.4843687676	1158.66662597656
3226.57529725019	1158.38330078125
3228.66564330851	1158.93334960938
3230.75540720468	1157.98327636719
3232.8445892007	1160.26672363281
3234.93318955847	1157.66662597656
3237.02120853974	1158.23327636719
3239.10864640612	1158.58337402344
3241.19550341911	1158.06665039063
3243.28177984009	1158.78332519531
3245.36747593029	1158.44995117188
3247.45259195083	1157.43334960938
3249.53712816268	1157.51672363281
3251.62108482672	1158.09997558594
3253.70446220366	1159.44995117188
3255.78726055411	1156.34997558594
3257.86948013853	1158.23327636719
3259.95112121728	1158.38330078125
3262.03218405055	1159.66662597656
3264.11266889845	1158.53332519531
3266.19257602092	1157.43334960938
3268.27190567779	1159.98327636719
3270.35065812876	1158.01672363281
3272.4288336334	1158.01672363281
3274.50643245114	1157.94995117188
3276.5834548413	1158.28332519531
3278.65990106305	1158.51672363281
3280.73577137545	1158.43334960938
3282.81106603742	1158.26672363281
3284.88578530774	1157.33337402344
3286.95992944508	1157.5
3289.03349870796	1158.86669921875
3291.1064933548	1157.40002441406
3293.17891364384	1157
3295.25075983324	1158.08337402344
3297.322032181	1158
3299.39273094501	1157.94995117188
3301.462856383	1159.11669921875
3303.53240875259	1157.16662597656
3305.60138831128	1157.18334960938
3307.6697953164	1158.05004882813
3309.73763002519	1157.28332519531
3311.80489269472	1158.16662597656
3313.87158358198	1159.33337402344
3315.93770294378	1157.88330078125
3318.00325103681	1156.71667480469
3320.06822811764	1158.28332519531
3322.13263444272	1158.23327636719
3324.19647026832	1157.13330078125
3326.25973585064	1158.36669921875
3328.32243144568	1158.21667480469
3330.38455730938	1157.51672363281
3332.44611369749	1157.55004882813
3334.50710086564	1157.30004882813
3336.56751906936	1158.13330078125
3338.62736856401	1156.71667480469
3340.68664960483	1157.38330078125
3342.74536244693	1157.73327636719
3344.80350734528	1156.44995117188
3346.86108455472	1157.76672363281
3348.91809432997	1157.68334960938
3350.97453692559	1158.98327636719
3353.03041259603	1157.55004882813
3355.08572159559	1157.91662597656
3357.14046417844	1157.53332519531
3359.19464059863	1157.15002441406
3361.24825111005	1158.38330078125
3363.30129596648	1157.26672363281
3365.35377542155	1156.81665039063
3367.40568972878	1159.26672363281
3369.45703914152	1157.43334960938
3371.507823913	1157.38330078125
3373.55804429633	1157.83337402344
3375.60770054446	1156.78332519531
3377.65679291024	1156.76672363281
3379.70532164635	1157.96667480469
3381.75328700534	1157.73327636719
3383.80068923965	1156.48327636719
3385.84752860155	1156.31665039063
3387.89380534321	1157.81665039063
3389.93951971664	1157.51672363281
3391.98467197371	1156.26672363281
3394.02926236618	1156.96667480469
3396.07329114566	1157
3398.1167585636	1157.98327636719
3400.15966487137	1156.40002441406
3402.20201032014	1158.15002441406
3404.24379516099	1156.81665039063
3406.28501964484	1157.15002441406
3408.3256840225	1156.73327636719
3410.3657885446	1155.98327636719
3412.40533346167	1157.01672363281
3414.44431902408	1157.41662597656
3416.48274548209	1155.90002441406
3418.5206130858	1157.25
3420.55792208516	1156.69995117188
3422.59467273003	1157.83337402344
3424.63086527009	1156.75
3426.6664999549	1156.40002441406
3428.70157703386	1156.96667480469
3430.73609675628	1155.31665039063
3432.77005937129	1156.28332519531
3434.80346512789	1155.48327636719
3436.83631427494	1156.86669921875
3438.86860706119	1158.46667480469
3440.90034373521	1157.13330078125
3442.93152454546	1157.94995117188
3444.96214974025	1156.51672363281
3446.99221956775	1156.26672363281
3449.021734276	1157.38330078125
3451.05069411289	1156.11669921875
3453.07909932619	1155.30004882813
3455.1069501635	1156.66662597656
3457.1342468723	1155.75
3459.16098969993	1156.59997558594
3461.1871788936	1156.76672363281
3463.21281470035	1158.19995117188
3465.23789736712	1157.05004882813
3467.26242714067	1158.15002441406
3469.28640426765	1156.91662597656
3471.30982899455	1156.59997558594
3473.33270156774	1155.11669921875
3475.35502223343	1155.21667480469
3477.3767912377	1156.68334960938
3479.39800882649	1155.59997558594
3481.41867524559	1156.5
3483.43879074066	1156.33337402344
3485.45835555721	1156.5
3487.47736994062	1155.19995117188
3489.49583413611	1155.21667480469
3491.51374838879	1157.33337402344
3493.53111294359	1156.59997558594
3495.54792804533	1156.03332519531
3497.56419393867	1158
3499.57991086814	1155.69995117188
3501.59507907811	1156.05004882813
3503.60969881284	1156
3505.6237703164	1155.76672363281
3507.63729383278	1156.58337402344
3509.65026960577	1155.21667480469
3511.66269787904	1156.31665039063
3513.67457889613	1156.69995117188
3515.68591290042	1155.98327636719
3517.69670013515	1156.09997558594
3519.70694084342	1155.76672363281
3521.7166352682	1156.16662597656
3523.72578365229	1157.33337402344
3525.73438623836	1155.88330078125
3527.74244326893	1155.38330078125
3529.74995498641	1157.06665039063
3531.75692163301	1156.31665039063
3533.76334345084	1155.51672363281
3535.76922068186	1155.55004882813
3537.77455356786	1156.11669921875
3539.77934235051	1155.16662597656
3541.78358727133	1156.28332519531
3543.78728857169	1156.46667480469
3545.79044649283	1156.41662597656
3547.79306127584	1156.18334960938
3549.79513316164	1156.19995117188
3551.79666239104	1157.88330078125
3553.79764920469	1155.16662597656
3555.7980938431	1156.90002441406
3557.79799654663	1155.65002441406
3559.79735755548	1155.40002441406
3561.79617710974	1155.59997558594
3563.79445544932	1155.05004882813
3565.79219281401	1155.5
3567.78938944344	1156.18334960938
3569.7860455771	1155.21667480469
3571.78216145432	1155.53332519531
3573.77773731431	1156.08337402344
3575.7727733961	1156.36669921875
3577.76726993861	1155.28332519531
3579.76122718059	1154.94995117188
3581.75464536064	1155.03332519531
3583.74752471725	1155.93334960938
3585.7398654887	1156.53332519531
3587.73166791317	1155.93334960938
3589.7229322287	1155.78332519531
3591.71365867314	1154.65002441406
3593.70384748424	1154.53332519531
3595.69349889955	1155.76672363281
3597.68261315654	1154.41662597656
3599.67119049245	1156.18334960938
3601.65923114446	1156.40002441406
3603.64673534952	1155.36669921875
3605.63370334449	1154.48327636719
3607.62013536607	1154.61669921875
3609.60603165079	1154.53332519531
3611.59139243504	1155.71667480469
3613.57621795509	1155.33337402344
3615.56050844701	1154.34997558594
3617.54426414677	1155.18334960938
3619.52748529017	1155.78332519531
3621.51017211285	1155.65002441406
3623.49232485031	1154.55004882813
3625.47394373792	1154.83337402344
3627.45502901088	1154.46667480469
3629.43558090423	1153.83337402344
3631.41559965288	1156.13330078125
3633.3950854916	1154.31665039063
3635.37403865498	1155.51672363281
3637.35245937747	1154.84997558594
3639.33034789339	1155.44995117188
3641.30770443688	1155.01672363281
3643.28452924196	1154.43334960938
3645.26082254248	1156.58337402344
3647.23658457212	1154.30004882813
3649.21181556447	1154.59997558594
3651.18651575291	1155.19995117188
3653.16068537069	1154.43334960938
3655.13432465092	1155.23327636719
3657.10743382653	1155.19995117188
3659.08001313034	1154.23327636719
3661.05206279498	1154.63330078125
3663.02358305295	1154.01672363281
3664.9945741366	1154.08337402344
3666.96503627811	1153.40002441406
3668.93496970952	1155.28332519531
3670.90437466272	1154.96667480469
3672.87325136944	1153.53332519531
3674.84160006127	1154
3676.80942096963	1154.59997558594
3678.77671432581	1153.96667480469
3680.74348036092	1155.08337402344
3682.70971930595	1153.96667480469
3684.6754313917	1154.58337402344
3686.64061684885	1154.31665039063
3688.60527590791	1154.63330078125
3690.56940879924	1155.80004882813
3692.53301575303	1153.73327636719
3694.49609699936	1154.43334960938
3696.45865276812	1153.83337402344
3698.42068328904	1155.68334960938
3700.38218879173	1154.05004882813
3702.34316950563	1153.75
3704.30362566	1153.65002441406
3706.26355748399	1155.36669921875
3708.22296520657	1153.46667480469
3710.18184905656	1154.08337402344
3712.14020926263	1153.66662597656
3714.09804605328	1153.69995117188
3716.05535965687	1154.44995117188
3718.01215030162	1154.43334960938
3719.96841821555	1154.84997558594
3721.92416362657	1152.59997558594
3723.8793867624	1153.06665039063
3725.83408785063	1154.06665039063
3727.78826711869	1154.53332519531
3729.74192479384	1153.83337402344
3731.69506110319	1153.93334960938
3733.64767627371	1153.05004882813
3735.59977053219	1153.44995117188
3737.55134410528	1154.34997558594
3739.50239721947	1154.03332519531
3741.45293010108	1153.71667480469
3743.40294297631	1153.90002441406
3745.35243607116	1153.75
3747.3014096115	1153.31665039063
3749.24986382303	1154.13330078125
3751.19779893131	1153.75
3753.14521516171	1153.96667480469
3755.09211273949	1152.03332519531
3757.0384918897	1152.58337402344
3758.98435283728	1153.61669921875
3760.92969580698	1154.08337402344
3762.87452102341	1153.76672363281
3764.81882871101	1152.81665039063
3766.76261909407	1153
3768.70589239672	1153.69995117188
3770.64864884293	1154.16662597656
3772.59088865651	1154.23327636719
3774.53261206112	1153.5
3776.47381928025	1152.98327636719
