-173.428722450078	1151.34997558594
-170.294344013779	1150.90002441406
-167.160990304052	1150.53332519531
-164.028660894548	1151.98327636719
-160.897355359205	1151.75
-157.767073272189	1150.46667480469
-154.637814207931	1150.84997558594
-151.50957774112	1150.90002441406
-148.382363446704	1150.78332519531
-145.256170899859	1151.48327636719
-142.130999676054	1150.34997558594
-139.006849350965	1151.26672363281
-135.883719500571	1152.30004882813
-132.761609701053	1150.90002441406
-129.640519528863	1150.41662597656
-126.520448560715	1151.88330078125
-123.401396373553	1151.23327636719
-120.28336254458	1150.94995117188
-117.166346651252	1151.31665039063
-114.050348271258	1150.96667480469
-110.935366982541	1151.25
-107.821402363301	1150.78332519531
-104.708453991972	1151.69995117188
-101.596521447235	1151.05004882813
-98.4856043080122	1151.23327636719
-95.3757021534957	1151.58337402344
-92.2668145630801	1151.15002441406
-89.1589411164452	1150.91662597656
-86.0520813934781	1151.15002441406
-82.946234974338	1152.30004882813
-79.8414014394074	1151.46667480469
-76.7375803693083	1151.88330078125
-73.6347713449181	1150.94995117188
-70.532973947345	1151.44995117188
-67.4321877579402	1151.73327636719
-64.3324123582935	1151.41662597656
-61.2336473302252	1150.68334960938
-58.1358922558143	1151.30004882813
-55.0391467173494	1152.23327636719
-51.9434102973817	1151.40002441406
-48.8486825786838	1152.28332519531
-45.7549631442702	1151.18334960938
-42.662251577389	1150.93334960938
-39.5705474615295	1150.84997558594
-36.4798503804062	1150.91662597656
-33.3901599179706	1151.11669921875
-30.301475658403	1152.05004882813
-27.2137971861287	1150.86669921875
-24.1271240858053	1151.78332519531
-21.0414559423028	1151.91662597656
-17.9567923407513	1151.01672363281
-14.8731328664812	1152.25
-11.7904771050747	1151.41662597656
-8.70882464233763	1152.19995117188
-5.62817506431157	1151.80004882813
-2.54852795725342	1151.41662597656
0.530117092344597	1153.44995117188
3.6077604977471	1152.43334960938
6.68440267202787	1151.40002441406
9.76004402799773	1151.30004882813
12.8346849782609	1151.19995117188
15.9083259351831	1151.31665039063
18.9809673109237	1150.38330078125
22.0526095173877	1151.66662597656
25.1232529662903	1151.23327636719
28.1928980690886	1151.06665039063
31.2615452370419	1152.44995117188
34.32919488118	1151.46667480469
37.3958474123071	1151.73327636719
40.4615032409942	1151.46667480469
43.5261627776189	1151.66662597656
46.58982643231	1151.71667480469
49.6524946149833	1152.5
52.7141677353456	1151.03332519531
55.7748462028835	1152.38330078125
58.8345304268427	1152.01672363281
61.8932208162729	1152.11669921875
64.9509177800033	1151.66662597656
68.0076217266271	1152.36669921875
71.0633330645419	1155.65002441406
74.118052201909	1162.73327636719
77.1717795467022	1191.13330078125
80.224515506648	1293.38330078125
83.2762604892772	1517.01672363281
86.3270149018856	1771.78332519531
89.3767791515896	1934.5
92.4255536452548	2023.16662597656
95.4733387895519	2091.60009765625
98.5201349909248	2126.08325195313
101.565942655643	2156.41674804688
104.610762189717	2169.83325195313
107.654593998963	2210.35009765625
110.697438488996	2220.05004882813
113.739296065204	2252.68334960938
116.78016713278	2257.44995117188
119.820052096698	2261.83325195313
122.85895136172	2255.63330078125
125.896865332408	2267.43334960938
128.933794413111	2272.69995117188
131.969739007965	2271.41674804688
135.004699520911	2269.31665039063
138.038676355664	2261.55004882813
141.071669915751	2276.11669921875
144.103680604487	2266.66674804688
147.134708824975	2275.55004882813
150.164754980118	2285
153.193819472611	2287.11669921875
156.221902704945	2290.91674804688
159.24900507942	2293.11669921875
162.275126998099	2302.13330078125
165.300268862873	2328.2333984375
168.324431075425	2327.16674804688
171.347614037231	2344.0166015625
174.369818149562	2351.14990234375
177.391043813491	2370.39990234375
180.411291429897	2370.44995117188
183.430561399437	2372.03344726563
186.448854122582	2380.18334960938
189.466169999607	2385.60009765625
192.482509430598	2385.18334960938
195.497872815412	2388.16674804688
198.512260553716	2402.05004882813
201.525673045011	2409.38330078125
204.538110688552	2406.7333984375
207.549573883427	2420.94995117188
210.560063028519	2426.5166015625
213.569578522523	2423.71655273438
216.578120763917	2421.64990234375
219.585690151021	2417.60009765625
222.592287081907	2421.69995117188
225.597911954507	2422.53344726563
228.602565166512	2433.85009765625
231.606247115456	2417.46655273438
234.608958198646	2423.58325195313
237.610698813222	2430.4833984375
240.611469356122	2443.28344726563
243.611270224103	2450.9833984375
246.610101813707	2463.68334960938
249.607964521295	2468
252.604858743044	2474.28344726563
255.600784874935	2488.81665039063
258.595743312749	2493.43334960938
261.589734452097	2499.68334960938
264.582758688393	2505.16674804688
267.574816416842	2511.25
270.565908032503	2509.33325195313
273.556033930195	2513.08325195313
276.545194504586	2522.38330078125
279.533390150138	2507.60009765625
282.520621261151	2519.33325195313
285.506888231708	2515.86669921875
288.49219145571	2525.60009765625
291.476531326902	2523.46655273438
294.459908238794	2517.83325195313
297.442322584762	2536.66674804688
300.423774757966	2541.86669921875
303.404265151375	2549.18334960938
306.383794157805	2546.56665039063
309.362362169862	2538.7333984375
312.339969579982	2550.68334960938
315.316616780414	2554.36669921875
318.292304163227	2559.89990234375
321.267032120295	2559.25
324.24080104332	2560.58325195313
327.213611323833	2551.75
330.185463353171	2573.85009765625
333.156357522491	2558.83325195313
336.126294222774	2569.64990234375
339.095273844812	2570.56665039063
342.063296779227	2582.69995117188
345.030363416467	2585.58325195313
347.996474146782	2597.35009765625
350.961629360257	2591.89990234375
353.925829446806	2611.30004882813
356.889074796147	2600.83325195313
359.851365797829	2621.81665039063
362.812702841222	2616.66674804688
365.773086315536	2628.0166015625
368.732516609768	2631.5
371.690994112778	2622.66674804688
374.648519213243	2632.86669921875
377.605092299631	2630.93334960938
380.560713760273	2623.4833984375
383.515383983307	2627.2333984375
386.469103356711	2621.5166015625
389.421872268273	2619.19995117188
392.373691105615	2612.94995117188
395.32456025619	2632.08325195313
398.274480107272	2615.64990234375
401.223451045967	2628.03344726563
404.171473459202	2638.69995117188
407.118547733728	2628.5
410.064674256155	2640
413.009853412892	2648.18334960938
415.954085590181	2640.63330078125
418.8973711741	2655.69995117188
421.83971055055	2644.19995117188
424.781104105281	2664.25
427.721552223856	2669.53344726563
430.661055291665	2666.28344726563
433.599613693946	2687.05004882813
436.537227815752	2684.46655273438
439.473898041993	2686.35009765625
442.409624757378	2693.11669921875
445.344408346476	2680.68334960938
448.278249193683	2691.63330078125
451.211147683207	2695.33325195313
454.143104199122	2701.11669921875
457.074119125312	2709.16674804688
460.004192845497	2703.33325195313
462.933325743267	2703.28344726563
465.861518202001	2716.66674804688
468.788770604917	2700.93334960938
471.71508333511	2706.96655273438
474.640456775471	2705.4833984375
477.564891308737	2701.61669921875
480.488387317487	2719.06665039063
483.410945184141	2721.36669921875
486.332565290942	2732.86669921875
489.253248019986	2737.58325195313
492.172993753197	2724.11669921875
495.091802872338	2741.46655273438
498.009675759011	2754.75
500.926612794666	2746.68334960938
503.842614360571	2751.16674804688
506.757680837864	2767.08325195313
509.671812607493	2812.36669921875
512.585010050263	2898.80004882813
515.497273546817	3207.69995117188
518.408603477637	3724.61669921875
521.319000223045	3762.71655273438
524.228464163205	3359.05004882813
527.136995678121	3030.16674804688
530.044595147647	2898.31665039063
532.951262951471	2852.06665039063
535.856999469123	2817.33325195313
538.761805079986	2796.85009765625
541.665680163279	2786.21655273438
544.568625098049	2783.7666015625
547.470640263216	2783.31665039063
550.371726037533	2793.88330078125
553.271882799588	2792
556.171110927825	2782.03344726563
559.069410800531	2806.58325195313
561.966782795823	2797.78344726563
564.863227291685	2797.86669921875
567.758744665944	2803.25
570.653335296256	2807.14990234375
573.546999560148	2812.96655273438
576.439737834969	2816.08325195313
579.331550497935	2824.83325195313
582.222437926093	2823.41674804688
585.112400496356	2834.7333984375
588.001438585469	2816.7333984375
590.889552570021	2825.0166015625
593.77674282648	2829.78344726563
596.663009731132	2823.06665039063
599.548353660116	2837.7333984375
602.432774989433	2827.25
605.316274094926	2831
608.198851352303	2839.94995117188
611.080507137075	2838.19995117188
613.961241824667	2840.66674804688
616.841055790315	2839.4833984375
619.71994940911	2838.55004882813
622.597923056008	2828.85009765625
625.474977105798	2852.85009765625
628.351111933143	2843.08325195313
631.22632791255	2851.9833984375
634.10062541835	2865.16674804688
636.97400482478	2854.14990234375
639.846466505882	2878.16674804688
642.718010835585	2869.33325195313
645.58863818764	2864.56665039063
648.458348935679	2880.66674804688
651.327143453188	2908.13330078125
654.195022113475	2903.86669921875
657.061985289745	2918.41674804688
659.928033355022	2906.55004882813
662.79316668221	2913.06665039063
665.657385644057	2913.4833984375
668.520690613176	2911.4833984375
671.383081962017	2918.96655273438
674.244560062899	2923.30004882813
677.105125288002	2922.63330078125
679.964778009343	2920.39990234375
682.823518598832	2913.89990234375
685.681347428202	2921.2333984375
688.538264869057	2916.36669921875
691.394271292855	2932.46655273438
694.249367070914	2919.35009765625
697.103552574412	2911.18334960938
699.956828174378	2924.89990234375
702.809194241715	2925.36669921875
705.660651147175	2920.96655273438
708.511199261361	2908.05004882813
711.360838954755	2922.4833984375
714.209570597676	2916.71655273438
717.057394560329	2932.5166015625
719.90431121275	2932.06665039063
722.750320924861	2936.5166015625
725.59542406643	2939.89990234375
728.439621007094	2956.75
731.282912116347	2955.13330078125
734.125297763539	2956.35009765625
736.966778317898	2966.28344726563
739.807354148498	2964.35009765625
742.647025624275	2966.10009765625
745.485793114042	2971.21655273438
748.323656986468	2987.0166015625
751.160617610072	2986.81665039063
753.996675353258	2989.43334960938
756.831830584275	3004.25
759.666083671249	2998.10009765625
762.499434982158	3001.86669921875
765.331884884853	2999.31665039063
768.163433747055	3006
770.994081936328	3009.5
773.823829820116	3000.56665039063
776.652677765732	3023.55004882813
779.480626140347	3006.93334960938
782.307675310993	3002.88330078125
785.133825644576	3018.05004882813
787.959077507869	3009.03344726563
790.783431267511	3005.60009765625
793.606887289986	2999.61669921875
796.429445941685	3013.19995117188
799.251107588836	3014.81665039063
802.071872597536	3017.28344726563
804.891741333751	3018.55004882813
807.71071416334	3017.10009765625
810.528791451981	3034.64990234375
813.345973565269	3033.81665039063
816.162260868638	3038.83325195313
818.977653727395	3035.06665039063
821.792152506717	3036.68334960938
824.605757571661	3047.44995117188
827.418469287133	3050.46655273438
830.230288017926	3054.71655273438
833.0412141287	3055.25
835.851247983973	3058.25
838.660389948141	3059.39990234375
841.468640385466	3059.85009765625
844.27599966009	3088.78344726563
847.082468136026	3086.60009765625
849.888046177135	3092.18334960938
852.692734147171	3095.25
855.496532409758	3105.18334960938
858.29944132839	3090.56665039063
861.10146126642	3101.0166015625
863.902592587094	3114.46655273438
866.702835653509	3119.39990234375
869.502190828641	3107.58325195313
872.300658475353	3126.85009765625
875.098238956361	3126
877.894932634271	3114.68334960938
880.690739871548	3135.58325195313
883.485661030531	3135.30004882813
886.279696473447	3129.16674804688
889.072846562376	3138.39990234375
891.86511165929	3149.2666015625
894.65649212603	3146.61669921875
897.446988324303	3129.25
900.236600615703	3152.38330078125
903.025329361687	3143.7666015625
905.813174923597	3144.75
908.600137662639	3142.85009765625
911.38621793991	3146.41674804688
914.171416116365	3153.03344726563
916.95573255285	3147
919.739167610082	3158.88330078125
922.521721648641	3170.13330078125
925.303395029005	3170.31665039063
928.084188111517	3194.91674804688
930.864101256396	3193.86669921875
933.643134823733	3212.89990234375
936.42128917351	3232.18334960938
939.198564665577	3213.46655273438
941.97496165967	3224.19995117188
944.750480515391	3241.91674804688
947.525121592226	3233.93334960938
950.298885249534	3251.4833984375
953.071771846555	3266.7333984375
955.843781742413	3273.35009765625
958.614915296108	3281.88330078125
961.385172866513	3253.75
964.154554812387	3277.33325195313
966.92306149236	3271.39990234375
969.690693264949	3280.30004882813
972.457450488552	3289.78344726563
975.223333521431	3295.9833984375
977.988342721749	3294.03344726563
980.752478447535	3307.21655273438
983.515741056708	3312.83325195313
986.278130907059	3302.61669921875
989.039648356259	3312.36669921875
991.800293761863	3304.86669921875
994.560067481312	3301.28344726563
997.318969871913	3291.46655273438
1000.07700129088	3294.69995117188
1002.83416209528	3304.05004882813
1005.59045264208	3307.38330078125
1008.34587328813	3327.4833984375
1011.10042439014	3304.5
1013.85410630472	3318.46655273438
1016.60691938837	3322.56665039063
1019.35886399746	3334.33325195313
1022.10994048823	3323.89990234375
1024.86014921684	3339.78344726563
1027.60949053928	3331.46655273438
1030.35796481149	3331.44995117188
1033.10557238924	3337.39990234375
1035.85231362819	3327.68334960938
1038.5981888839	3339.13330078125
1041.34319851182	3331.89990234375
1044.08734286727	3354.4833984375
1046.83062230544	3346.0166015625
1049.57303718143	3366.7333984375
1052.31458785021	3356.43334960938
1055.05527466665	3377.33325195313
1057.79509798549	3368.4833984375
1060.53405816134	3375.69995117188
1063.27215554874	3393.93334960938
1066.00939050209	3397.30004882813
1068.74576337565	3395.06665039063
1071.48127452361	3398.63330078125
1074.21592430002	3399.16674804688
1076.94971305882	3403.63330078125
1079.68264115384	3418.7666015625
1082.41470893879	3411.88330078125
1085.14591676728	3428.4833984375
1087.8762649928	3425.30004882813
1090.60575396871	3440.61669921875
1093.33438404827	3435.28344726563
1096.06215558464	3439.80004882813
1098.78906893086	3446.10009765625
1101.51512443981	3448.19995117188
1104.24032246435	3461.75
1106.96466335716	3458.06665039063
1109.68814747081	3462.9833984375
1112.41077515779	3456.78344726563
1115.13254677044	3476.16674804688
1117.85346266104	3475.64990234375
1120.57352318169	3480.35009765625
1123.29272868445	3474.25
1126.01107952121	3485.39990234375
1128.72857604378	3496.14990234375
1131.44521860385	3494.91674804688
1134.16100755301	3515.21655273438
1136.87594324271	3510.13330078125
1139.59002602433	3506.39990234375
1142.3032562491	3506.78344726563
1145.01563426818	3528.2333984375
1147.72716043257	3531.78344726563
1150.43783509322	3532.11669921875
1153.14765860091	3546.11669921875
1155.85663130634	3529.4833984375
1158.56475356012	3542.96655273438
1161.27202571271	3542.86669921875
1163.97844811448	3559.13330078125
1166.68402111569	3565.14990234375
1169.38874506649	3568.2666015625
1172.09262031694	3579.46655273438
1174.79564721695	3598.80004882813
1177.49782611635	3590
1180.19915736486	3600.58325195313
1182.89964131208	3612.14990234375
1185.59927830751	3608.93334960938
1188.29806870054	3616.81665039063
1190.99601284046	3606
1193.69311107643	3631.19995117188
1196.38936375753	3643.11669921875
1199.08477123271	3646.86669921875
1201.77933385082	3640.14990234375
1204.47305196061	3657.83325195313
1207.1659259107	3676.96655273438
1209.85795604964	3686.85009765625
1212.54914272585	3701.63330078125
1215.23948628763	3692.25
1217.92898708319	3716.39990234375
1220.61764546064	3717.39990234375
1223.30546176798	3723.88330078125
1225.99243635308	3731.2666015625
1228.67856956373	3734.13330078125
1231.36386174761	3747.2666015625
1234.04831325228	3740
1236.73192442522	3738.78344726563
1239.41469561377	3748.63330078125
1242.09662716519	3750.0166015625
1244.77771942662	3750.58325195313
1247.45797274511	3773.7666015625
1250.13738746759	3767.2333984375
1252.81596394089	3756.86669921875
1255.49370251175	3778.5166015625
1258.17060352676	3785.05004882813
1260.84666733246	3791.16674804688
1263.52189427525	3792.2333984375
1266.19628470144	3801.61669921875
1268.86983895722	3803.85009765625
1271.5425573887	3807.5
1274.21444034186	3810.58325195313
1276.8854881626	3811.68334960938
1279.55570119671	3827.43334960938
1282.22507978985	3820.41674804688
1284.89362428759	3841.11669921875
1287.56133503543	3861.38330078125
1290.22821237872	3859.9833984375
1292.89425666274	3873.03344726563
1295.55946823263	3878.93334960938
1298.22384743346	3881.53344726563
1300.88739461019	3904.16674804688
1303.55011010766	3920.36669921875
1306.21199427063	3910.58325195313
1308.87304744373	3920.16674804688
1311.53326997152	3941.63330078125
1314.19266219843	3950.41674804688
1316.8512244688	3941.7666015625
1319.50895712687	3951.68334960938
1322.16586051676	3962.30004882813
1324.82193498252	3976.19995117188
1327.47718086806	3978.91674804688
1330.1315985172	3991.35009765625
1332.78518827369	4011.13330078125
1335.43795048114	4005.89990234375
1338.08988548307	4003.2333984375
1340.74099362289	4022.43334960938
1343.39127524392	4006.0166015625
1346.04073068939	4015.75
1348.6893603024	4030.80004882813
1351.33716442597	4010.64990234375
1353.98414340301	4035.39990234375
1356.63029757632	4025.43334960938
1359.27562728863	4032.28344726563
1361.92013288252	4020.16674804688
1364.56381470053	4018.39990234375
1367.20667308505	4008.08325195313
1369.84870837838	4003.85009765625
1372.48992092274	4000.89990234375
1375.13031106023	4016.10009765625
1377.76987913284	4009.83325195313
1380.40862548251	4025.61669921875
1383.04655045101	4005.69995117188
1385.68365438006	4006.86669921875
1388.31993761126	3993.81665039063
1390.95540048612	4011.08325195313
1393.59004334605	4016.9833984375
1396.22386653233	4029.31665039063
1398.85687038619	4030.81665039063
1401.48905524873	4020.78344726563
1404.12042146094	4036.2333984375
1406.75096936375	4032.56665039063
1409.38069929796	4058.06665039063
1412.00961160428	4045
1414.63770662332	4049.28344726563
1417.26498469557	4048.16674804688
1419.89144616146	4059.13330078125
1422.51709136132	4065.93334960938
1425.14192063532	4076.35009765625
1427.76593432361	4071.2333984375
1430.3891327662	4095.0166015625
1433.01151630299	4077.78344726563
1435.63308527382	4099.216796875
1438.2538400184	4100.5498046875
1440.87378087637	4102.64990234375
1443.49290818722	4124.5498046875
1446.1112222904	4117.5
1448.72872352524	4104.85009765625
1451.34541223097	4115.38330078125
1453.96128874671	4109.0498046875
1456.5763534115	4110.39990234375
1459.19060656429	4113.25
1461.8040485439	4114.85009765625
1464.41667968907	4120.63330078125
1467.02850033846	4124.35009765625
1469.63951083061	4139.5166015625
1472.24971150397	4127.39990234375
1474.8591026969	4132.08349609375
1477.46768474763	4147.39990234375
1480.07545799434	4145.41650390625
1482.68242277508	4136.36669921875
1485.28857942782	4144.216796875
1487.89392829042	4146.0166015625
1490.49846970065	4133.91650390625
1493.10220399619	4136.58349609375
1495.70513151461	4162.33349609375
1498.30725259339	4147.533203125
1500.90856756992	4163.66650390625
1503.50907678146	4163.5
1506.10878056524	4164.63330078125
1508.70767925832	4173.716796875
1511.30577319772	4178.9501953125
1513.90306272032	4185.33349609375
1516.49954816295	4176.61669921875
1519.09522986229	4197.18310546875
1521.69010815498	4189.4501953125
1524.28418337751	4213.283203125
1526.87745586632	4203.0498046875
1529.46992595773	4237.2333984375
1532.06159398796	4217
1534.65246029316	4239
1537.24252520935	4265.93310546875
1539.83178907249	4251.466796875
1542.42025221841	4277.25
1545.00791498287	4290.31689453125
1547.59477770152	4289.63330078125
1550.18084070993	4300.2001953125
1552.76610434356	4309.4833984375
1555.35056893777	4316.81689453125
1557.93423482785	4343.56689453125
1560.51710234896	4348.216796875
1563.0991718362	4353.11669921875
1565.68044362457	4391.58349609375
1568.26091804893	4424.9501953125
1570.84059544411	4420.83349609375
1573.41947614481	4433.06689453125
1575.99756048562	4449.58349609375
1578.57484880108	4481.2998046875
1581.15134142559	4461.85009765625
1583.72703869349	4475.466796875
1586.301940939	4468.41650390625
1588.87604849628	4463.06689453125
1591.44936169934	4473.61669921875
1594.02188088215	4443.5166015625
1596.59360637855	4427.783203125
1599.16453852232	4433.75
1601.73467764709	4423.39990234375
1604.30402408647	4395.16650390625
1606.87257817391	4388.43310546875
1609.44034024281	4361.83349609375
1612.00731062644	4361.91650390625
1614.57348965801	4372.13330078125
1617.13887767062	4344.4501953125
1619.70347499726	4337.25
1622.26728197086	4326.2998046875
1624.83029892423	4333.64990234375
1627.39252619012	4329.35009765625
1629.95396410112	4309.533203125
1632.5146129898	4310.61669921875
1635.07447318858	4318.60009765625
1637.63354502984	4327.4501953125
1640.19182884582	4302.93310546875
1642.74932496868	4296.68310546875
1645.3060337305	4301.7001953125
1647.86195546325	4292.25
1650.41709049882	4294.7333984375
1652.971439169	4277.33349609375
1655.52500180548	4308.89990234375
1658.07777873987	4290.66650390625
1660.62977030368	4292.5
1663.18097682833	4320.16650390625
1665.73139864514	4297.66650390625
1668.28103608534	4303.56689453125
1670.82988948008	4319.5
1673.37795916039	4323.033203125
1675.92524545724	4296.06689453125
1678.47174870147	4291.36669921875
1681.01746922386	4313.68310546875
1683.56240735508	4294.7666015625
1686.10656342572	4298.25
1688.64993776626	4300.63330078125
1691.19253070709	4299.7333984375
1693.73434257853	4301.39990234375
1696.27537371078	4291.93310546875
1698.81562443395	4299.4501953125
1701.35509507809	4287.43310546875
1703.89378597311	4292.25
1706.43169744886	4293.533203125
1708.96882983509	4302.7998046875
1711.50518346144	4292.64990234375
1714.0407586575	4308.0166015625
1716.57555575272	4308.7998046875
1719.10957507649	4309.81689453125
1721.64281695809	4302.85009765625
1724.17528172671	4313.60009765625
1726.70696971146	4316.08349609375
1729.23788124135	4329.10009765625
1731.7680166453	4335.2666015625
1734.29737625213	4307.7998046875
1736.82596039057	4330.2666015625
1739.35376938927	4343.41650390625
1741.88080357677	4328.63330078125
1744.40706328154	4333.89990234375
1746.93254883193	4336.2333984375
1749.45726055623	4328.93310546875
1751.9811987826	4347.06689453125
1754.50436383915	4348.533203125
1757.02675605387	4348.533203125
1759.54837575466	4354.56689453125
1762.06922326934	4359.783203125
1764.58929892564	4366.033203125
1767.10860305118	4355.9501953125
1769.6271359735	4358.4501953125
1772.14489802005	4372.75
1774.66188951817	4370.58349609375
1777.17811079515	4372.08349609375
1779.69356217815	4383.216796875
1782.20824399425	4377.83349609375
1784.72215657043	4387.66650390625
1787.23530023361	4388.033203125
1789.74767531057	4374.14990234375
1792.25928212804	4350.7666015625
1794.77012101264	4364.14990234375
1797.2801922909	4370.38330078125
1799.78949628926	4367.25
1802.29803333406	4379.64990234375
1804.80580375158	4397.60009765625
1807.31280786797	4405.7001953125
1809.81904600929	4383.58349609375
1812.32451850154	4394.0498046875
1814.82922567061	4384.7666015625
1817.33316784231	4385.66650390625
1819.83634534233	4378.39990234375
1822.33875849629	4366.5
1824.84040762973	4375.2666015625
1827.34129306808	4410.86669921875
1829.84141513667	4378.11669921875
1832.34077416077	4373.81689453125
1834.83937046553	4364
1837.33720437602	4381.16650390625
1839.83427621723	4383.85009765625
1842.33058631404	4368.5
1844.82613499125	4382.033203125
1847.32092257355	4379.88330078125
1849.81494938558	4387.2998046875
1852.30821575184	4387.31689453125
1854.80072199677	4389.36669921875
1857.29246844473	4396.033203125
1859.78345541994	4393.5498046875
1862.27368324658	4410.16650390625
1864.76315224871	4412.466796875
1867.2518627503	4399.5166015625
1869.73981507524	4409.86669921875
1872.22700954733	4396.13330078125
1874.71344649027	4421.43310546875
1877.19912622768	4432.466796875
1879.68404908308	4437.75
1882.16821537988	4446.43310546875
1884.65162544145	4437.10009765625
1887.13427959102	4426.7001953125
1889.61617815175	4429.14990234375
1892.0973214467	4432.7998046875
1894.57770979887	4434.13330078125
1897.05734353113	4434.63330078125
1899.53622296628	4425.41650390625
1902.014348427	4431.31689453125
1904.49172023593	4440.39990234375
1906.96833871558	4440.33349609375
1909.44420418839	4440.4833984375
1911.91931697668	4452.5166015625
1914.39367740272	4413.7001953125
1916.86728578865	4436.966796875
1919.34014245654	4437.41650390625
1921.81224772838	4436.43310546875
1924.28360192604	4430.5
1926.75420537132	4448.06689453125
1929.22405838593	4441.66650390625
1931.69316129147	4435.31689453125
1934.16151440948	4428.63330078125
1936.62911806136	4447.5
1939.09597256848	4435.41650390625
1941.56207825207	4435.2998046875
1944.0274354333	4437.63330078125
1946.49204443322	4450.81689453125
1948.95590557284	4436.7998046875
1951.41901917301	4432.11669921875
1953.88138555454	4441.966796875
1956.34300503813	4445.783203125
1958.8038779444	4461.35009765625
1961.26400459387	4454.06689453125
1963.72338530697	4457.11669921875
1966.18202040403	4438.7001953125
1968.63991020531	4453.0498046875
1971.09705503097	4446.31689453125
1973.55345520107	4449.9833984375
1976.0091110356	4471.11669921875
1978.46402285444	4479.10009765625
1980.91819097737	4492.58349609375
1983.3716157241	4483.13330078125
1985.82429741427	4482.4833984375
1988.27623636736	4476.85009765625
1990.72743290284	4488.2666015625
1993.17788734002	4492.533203125
1995.62759999817	4487.25
1998.07657119644	4477.466796875
2000.5248012539	4500.13330078125
2002.97229048952	4502.4833984375
2005.41903922219	4508.39990234375
2007.86504777071	4510.2998046875
2010.31031645378	4506.58349609375
2012.75484559	4498.86669921875
2015.19863549792	4519.216796875
2017.64168649594	4517.7666015625
2020.08399890242	4514.81689453125
2022.5255730356	4518.35009765625
2024.96640921365	4519.85009765625
2027.40650775462	4506.63330078125
2029.84586897649	4501.2333984375
2032.28449319715	4490.2666015625
2034.72238073438	4493.7001953125
2037.15953190591	4495.88330078125
2039.59594702932	4506.81689453125
2042.03162642215	4506.33349609375
2044.46657040182	4514.38330078125
2046.90077928567	4506.9501953125
2049.33425339095	4527.2998046875
2051.76699303481	4531.85009765625
2054.19899853433	4532.58349609375
2056.63027020645	4540.33349609375
2059.06080836809	4521.60009765625
2061.49061333602	4516.83349609375
2063.91968542694	4532.783203125
2066.34802495747	4522.91650390625
2068.77563224411	4534.7666015625
2071.20250760329	4531.06689453125
2073.62865135136	4533.4833984375
2076.05406380455	4529.0166015625
2078.47874527901	4546.64990234375
2080.9026960908	4531.966796875
2083.3259165559	4524.81689453125
2085.74840699018	4531.88330078125
2088.17016770944	4523.39990234375
2090.59119902935	4525.06689453125
2093.01150126553	4535.5166015625
2095.43107473348	4547.91650390625
2097.84991974864	4535.783203125
2100.26803662633	4567.64990234375
2102.68542568178	4547.7666015625
2105.10208723015	4544.2998046875
2107.51802158648	4561.7666015625
2109.93322906574	4562.716796875
2112.3477099828	4553.25
2114.76146465245	4553.31689453125
2117.17449338937	4549.283203125
2119.58679650815	4562.56689453125
2121.9983743233	4539.5
2124.40922714924	4547.216796875
2126.81935530029	4545.89990234375
2129.22875909067	4571.7001953125
2131.63743883452	4571.966796875
2134.04539484589	4552.5166015625
2136.45262743874	4550.466796875
2138.85913692692	4588.31689453125
2141.26492362422	4570.41650390625
2143.6699878443	4556.2998046875
2146.07432990076	4556.0166015625
2148.47795010708	4550.75
2150.88084877667	4552.783203125
2153.28302622285	4558.533203125
2155.68448275883	4561.63330078125
2158.08521869774	4563.4501953125
2160.48523435261	4571.39990234375
2162.88453003639	4578.35009765625
2165.28310606193	4575.85009765625
2167.68096274199	4581.18310546875
2170.07810038922	4571.58349609375
2172.47451931622	4568.533203125
2174.87021983546	4580.5166015625
2177.26520225933	4570.41650390625
2179.65946690013	4585.91650390625
2182.05301407006	4571.31689453125
2184.44584408123	4565.86669921875
2186.83795724567	4572.4833984375
2189.22935387531	4568.4833984375
2191.62003428198	4583.216796875
2194.00999877743	4571.5498046875
2196.39924767329	4581.08349609375
2198.78778128115	4562.81689453125
2201.17559991245	4591.0498046875
2203.56270387857	4587.91650390625
2205.94909349081	4596.9833984375
2208.33476906033	4590.5
2210.71973089824	4595.13330078125
2213.10397931554	4579.0166015625
2215.48751462314	4582.38330078125
2217.87033713186	4579.66650390625
2220.25244715242	4565.36669921875
2222.63384499546	4577.533203125
2225.01453097151	4587.5498046875
2227.39450539101	4581.16650390625
2229.77376856434	4614.06689453125
2232.15232080173	4584.89990234375
2234.53016241336	4604.9501953125
2236.9072937093	4594.61669921875
2239.28371499954	4582.2333984375
2241.65942659396	4582.2998046875
2244.03442880236	4589.10009765625
2246.40872193443	4601.93310546875
2248.78230629979	4580
2251.15518220795	4590.08349609375
2253.52734996835	4594.783203125
2255.89880989029	4611.10009765625
2258.26956228301	4610.66650390625
2260.63960745567	4583.466796875
2263.00894571731	4596.38330078125
2265.37757737688	4593.2001953125
2267.74550274324	4591.13330078125
2270.11272212517	4597.14990234375
2272.47923583134	4597.81689453125
2274.84504417031	4592.966796875
2277.2101474506	4603.64990234375
2279.57454598058	4615.16650390625
2281.93824006856	4591.64990234375
2284.30123002275	4604.36669921875
2286.66351615125	4602.5166015625
2289.02509876208	4617.58349609375
2291.38597816317	4614.75
2293.74615466236	4623.5498046875
2296.10562856737	4624.75
2298.46440018585	4618.2333984375
2300.82246982535	4611.56689453125
2303.1798377933	4620.38330078125
2305.5365043971	4630.43310546875
2307.89246994399	4614.56689453125
2310.24773474116	4628.86669921875
2312.60229909566	4650.85009765625
2314.95616331451	4656.033203125
2317.30932770456	4657.16650390625
2319.66179257263	4659.2666015625
2322.01355822542	4645.39990234375
2324.36462496953	4650.36669921875
2326.71499311146	4649.66650390625
2329.06466295764	4663.06689453125
2331.41363481439	4654.13330078125
2333.76190898794	4672.75
2336.10948578441	4652.033203125
2338.45636550986	4661.9501953125
2340.80254847022	4672.31689453125
2343.14803497132	4645.64990234375
2345.49282531895	4663.64990234375
2347.83691981874	4644.2998046875
2350.18031877626	4635.7998046875
2352.52302249699	4668.33349609375
2354.8650312863	4655.91650390625
2357.20634544946	4649.9501953125
2359.54696529166	4658.13330078125
2361.88689111798	4663.7666015625
2364.22612323341	4663.216796875
2366.56466194287	4680.08349609375
2368.90250755114	4670.75
2371.23966036293	4663.5498046875
2373.57612068286	4654.88330078125
2375.91188881545	4679.4501953125
2378.2469650651	4662.716796875
2380.58134973615	4672.38330078125
2382.91504313282	4667.9501953125
2385.24804555926	4669.63330078125
2387.58035731949	4680.75
2389.91197871745	4664.7666015625
2392.24291005701	4676.466796875
2394.57315164189	4676.5
2396.90270377577	4671.9833984375
2399.23156676218	4672.61669921875
2401.55974090461	4666
2403.88722650642	4679.4501953125
2406.21402387086	4683.2333984375
2408.54013330113	4687.06689453125
2410.8655551003	4683.33349609375
2413.19028957133	4703.38330078125
2415.51433701713	4678.716796875
2417.83769774049	4684.9833984375
2420.16037204408	4686.9501953125
2422.48236023051	4676.16650390625
2424.80366260228	4704.2001953125
2427.12427946179	4694.86669921875
2429.44421111134	4716.75
2431.76345785315	4703.86669921875
2434.08201998932	4695.08349609375
2436.39989782188	4684.2001953125
2438.71709165273	4695.08349609375
2441.0336017837	4716
2443.34942851653	4700.08349609375
2445.66457215282	4690.966796875
2447.97903299412	4674.89990234375
2450.29281134185	4712.81689453125
2452.60590749736	4704.63330078125
2454.91832176188	4699.033203125
2457.23005443656	4719.0166015625
2459.54110582243	4723.14990234375
2461.85147622045	4714.31689453125
2464.16116593146	4707.08349609375
2466.47017525621	4693.35009765625
2468.77850449536	4709.81689453125
2471.08615394947	4704.36669921875
2473.39312391899	4701.60009765625
2475.69941470429	4717.39990234375
2478.00502660562	4683.60009765625
2480.30995992316	4693.61669921875
2482.61421495697	4715.7666015625
2484.91779200702	4702.033203125
2487.22069137316	4720.216796875
2489.5229133552	4718.4833984375
2491.8244582528	4701.7998046875
2494.12532636553	4721.0498046875
2496.42551799287	4709.5166015625
2498.72503343421	4722.966796875
2501.02387298882	4735.08349609375
2503.32203695588	4710.11669921875
2505.61952563449	4718.5166015625
2507.91633932361	4724.13330078125
2510.21247832216	4725.63330078125
2512.50794292891	4724.7001953125
2514.80273344255	4720.7666015625
2517.09685016167	4694.06689453125
2519.39029338476	4715.91650390625
2521.68306341022	4715.2666015625
2523.97516053634	4734.75
2526.26658506132	4734.64990234375
2528.55733728325	4726.88330078125
2530.84741750012	4721.41650390625
2533.13682600984	4734.75
2535.4255631102	4718.85009765625
2537.7136290989	4722.033203125
2540.00102427354	4729.06689453125
2542.28774893162	4730.63330078125
2544.57380337053	4733.38330078125
2546.85918788758	4745.033203125
2549.14390277997	4739.81689453125
2551.4279483448	4738.9833984375
2553.71132487906	4739.25
2555.99403267966	4729.7998046875
2558.27607204341	4756.43310546875
2560.55744326699	4729.2001953125
2562.83814664702	4750.06689453125
2565.11818247999	4734.35009765625
2567.3975510623	4738.86669921875
2569.67625269025	4736.216796875
2571.95428766003	4721.966796875
2574.23165626776	4720.81689453125
2576.50835880942	4714.716796875
2578.78439558093	4703.13330078125
2581.05976687806	4711.5166015625
2583.33447299652	4731.43310546875
2585.60851423191	4720.36669921875
2587.88189087972	4732.93310546875
2590.15460323534	4723.16650390625
2592.42665159406	4721.14990234375
2594.69803625108	4730.06689453125
2596.9687575015	4727.7998046875
2599.23881564029	4710.39990234375
2601.50821096235	4719.033203125
2603.77694376245	4725.75
2606.0450143353	4716.08349609375
2608.31242297548	4734.63330078125
2610.57916997746	4724.7333984375
2612.84525563562	4720.0166015625
2615.11068024426	4731.7998046875
2617.37544409753	4741.9501953125
2619.63954748952	4722.58349609375
2621.90299071421	4734.81689453125
2624.16577406546	4741.716796875
2626.42789783705	4735.75
2628.68936232264	4724.41650390625
2630.9501678158	4736.86669921875
2633.21031460999	4743.16650390625
2635.46980299857	4757.81689453125
2637.72863327481	4763.06689453125
2639.98680573185	4765.56689453125
2642.24432066276	4772.0498046875
2644.50117836048	4774.60009765625
2646.75737911786	4772.7666015625
2649.01292322765	4767.4833984375
2651.26781098249	4779.88330078125
2653.52204267492	4798.4833984375
2655.77561859738	4797.25
2658.0285390422	4802.7001953125
2660.28080430161	4830.966796875
2662.53241466774	4825.10009765625
2664.78337043263	4846.2001953125
2667.03367188817	4858.56689453125
2669.2833193262	4866.533203125
2671.53231303844	4858.91650390625
2673.78065331648	4873.4501953125
2676.02834045184	4878.36669921875
2678.27537473592	4868.2001953125
2680.52175646002	4866.63330078125
2682.76748591535	4884.06689453125
2685.01256339298	4892.83349609375
2687.25698918391	4889.68310546875
2689.50076357901	4877.0498046875
2691.74388686909	4892.5498046875
2693.9863593448	4863.283203125
2696.22818129672	4876.85009765625
2698.46935301532	4851.63330078125
2700.70987479096	4843.783203125
2702.94974691389	4834.216796875
2705.18896967428	4826.64990234375
2707.42754336216	4796.033203125
2709.66546826749	4776.9501953125
2711.90274468011	4782.63330078125
2714.13937288974	4750.14990234375
2716.37535318602	4749.10009765625
2718.61068585848	4763.89990234375
2720.84537119652	4722.81689453125
2723.07940948947	4744.91650390625
2725.31280102654	4725.86669921875
2727.54554609682	4716.68310546875
2729.77764498933	4702.08349609375
2732.00909799294	4705.466796875
2734.23990539644	4703.9833984375
2736.47006748853	4689.25
2738.69958455777	4708.2333984375
2740.92845689263	4693.56689453125
2743.15668478147	4704.63330078125
2745.38426851257	4685.5498046875
2747.61120837406	4685.33349609375
2749.83750465399	4685.39990234375
2752.0631576403	4680.283203125
2754.28816762083	4702.5
2756.51253488329	4701.0166015625
2758.73625971532	4671.25
2760.95934240442	4688.0166015625
2763.18178323801	4675.33349609375
2765.40358250338	4680.466796875
2767.62474048773	4658.10009765625
2769.84525747814	4665.0166015625
2772.06513376159	4673.5
2774.28436962496	4662.89990234375
2776.50296535501	4649.2333984375
2778.7209212384	4670.25
2780.93823756168	4659.89990234375
2783.15491461129	4656.56689453125
2785.37095267358	4659.283203125
2787.58635203477	4648.08349609375
2789.80111298097	4651.2333984375
2792.01523579822	4643.14990234375
2794.2287207724	4656.11669921875
2796.44156818932	4656.56689453125
2798.65377833468	4633.85009765625
2800.86535149404	4645.58349609375
2803.07628795289	4653.216796875
2805.28658799659	4642.06689453125
2807.4962519104	4625.7998046875
2809.70527997946	4642.68310546875
2811.91367248883	4626.31689453125
2814.12142972342	4635.0166015625
2816.32855196807	4637.7666015625
2818.53503950749	4635.60009765625
2820.74089262628	4640.33349609375
2822.94611160894	4621.13330078125
2825.15069673987	4622.18310546875
2827.35464830333	4624.5
2829.55796658351	4605.63330078125
2831.76065186445	4629.18310546875
2833.96270443012	4613.85009765625
2836.16412456437	4598.08349609375
2838.3649125509	4628.43310546875
2840.56506867336	4618.75
2842.76459321526	4627.2998046875
2844.96348645999	4620.18310546875
2847.16174869086	4633.25
2849.35938019105	4617.13330078125
2851.55638124363	4628.18310546875
2853.75275213157	4612.9833984375
2855.94849313772	4628.36669921875
2858.14360454483	4634.56689453125
2860.33808663553	4623.0498046875
2862.53193969234	4631.06689453125
2864.72516399768	4633.38330078125
2866.91775983385	4614.0498046875
2869.10972748304	4613.91650390625
2871.30106722733	4616.2666015625
2873.4917793487	4626.033203125
2875.68186412899	4629.60009765625
2877.87132184997	4622.64990234375
2880.06015279325	4634.7333984375
2882.24835724039	4645.9501953125
2884.43593547278	4641.716796875
2886.62288777173	4658.2998046875
2888.80921441843	4629.2666015625
2890.99491569397	4638.33349609375
2893.1799918793	4621.783203125
2895.36444325529	4623.16650390625
2897.54827010269	4627.91650390625
2899.73147270213	4619.033203125
2901.91405133412	4610.41650390625
2904.09600627909	4615.06689453125
2906.27733781731	4589.25
2908.45804622899	4603.93310546875
2910.63813179418	4580.216796875
2912.81759479286	4605.2666015625
2914.99643550486	4597.86669921875
2917.17465420994	4604.39990234375
2919.3522511877	4584.41650390625
2921.52922671765	4585.14990234375
2923.7055810792	4594.13330078125
2925.88131455162	4591.31689453125
2928.05642741408	4587.25
2930.23091994566	4577.18310546875
2932.40479242528	4573.18310546875
2934.57804513178	4577.783203125
2936.75067834387	4542.7333984375
2938.92269234017	4549.7333984375
2941.09408739916	4562.41650390625
2943.26486379921	4573.033203125
2945.4350218186	4566.716796875
2947.60456173546	4551
2949.77348382783	4546.5
2951.94178837363	4539.9833984375
2954.10947565068	4535.2333984375
2956.27654593666	4537.5166015625
2958.44299950915	4544
2960.60883664562	4544.06689453125
2962.77405762341	4519.31689453125
2964.93866271975	4536.83349609375
2967.10265221178	4540.2001953125
2969.26602637648	4544.25
2971.42878549076	4542.283203125
2973.59092983139	4529.2333984375
2975.75245967501	4529.0166015625
2977.9133752982	4529.2998046875
2980.07367697736	4538.2998046875
2982.23336498882	4534.5
2984.39243960877	4521.06689453125
2986.5509011133	4525.33349609375
2988.70874977837	4525.5498046875
2990.86598587984	4542.0498046875
2993.02260969344	4532.2666015625
2995.17862149478	4504.81689453125
2997.33402155938	4527.68310546875
2999.48881016262	4529.2001953125
3001.64298757978	4521.2998046875
3003.796554086	4520.38330078125
3005.94950995633	4510.58349609375
3008.10185546569	4512.18310546875
3010.25359088888	4521.41650390625
3012.40471650059	4527.38330078125
3014.5552325754	4503.966796875
3016.70513938776	4494.2333984375
3018.85443721201	4498.89990234375
3021.00312632236	4495.16650390625
3023.15120699292	4493.2001953125
3025.29867949769	4489.83349609375
3027.44554411052	4484.75
3029.59180110516	4466.64990234375
3031.73745075527	4480.89990234375
3033.88249333434	4480.0166015625
3036.02692911578	4472.5
3038.17075837287	4474.43310546875
3040.31398137877	4455.43310546875
3042.45659840653	4456.9833984375
3044.59860972907	4447.91650390625
3046.7400156192	4457.11669921875
3048.88081634961	4441.783203125
3051.02101219287	4433.0166015625
3053.16060342144	4442.56689453125
3055.29959030765	4432.64990234375
3057.43797312371	4435.33349609375
3059.57575214172	4426.9501953125
3061.71292763366	4434.2666015625
3063.84949987139	4418.91650390625
3065.98546912665	4432.966796875
3068.12083567105	4425.4501953125
3070.2555997761	4426.85009765625
3072.38976171319	4439.75
3074.52332175356	4434.7666015625
3076.65628016837	4409.38330078125
3078.78863722863	4410.93310546875
3080.92039320526	4404.91650390625
3083.05154836902	4400.7333984375
3085.1821029906	4396.18310546875
3087.31205734051	4407.39990234375
3089.44141168921	4406.033203125
3091.57016630696	4414.10009765625
3093.69832146398	4413.783203125
3095.82587743032	4394.85009765625
3097.9528344759	4419.91650390625
3100.07919287056	4397.63330078125
3102.204952884	4403.38330078125
3104.33011478579	4396.75
3106.45467884538	4408.2998046875
3108.57864533212	4397.38330078125
3110.70201451522	4395.81689453125
3112.82478666378	4404.56689453125
3114.94696204676	4392.85009765625
3117.06854093301	4380.2998046875
3119.18952359127	4375.25
3121.30991029013	4378.5
3123.4297012981	4382.43310546875
3125.54889688352	4376.533203125
3127.66749731464	4395.89990234375
3129.78550285957	4361.33349609375
3131.90291378633	4377.9501953125
3134.01973036277	4360.0166015625
3136.13595285665	4345.2001953125
3138.2515815356	4350.466796875
3140.36661666714	4350.75
3142.48105851863	4340.033203125
3144.59490735734	4346.5498046875
3146.70816345041	4332.08349609375
3148.82082706486	4323.283203125
3150.93289846758	4320.033203125
3153.04437792532	4311.38330078125
3155.15526570475	4316.06689453125
3157.26556207238	4311.783203125
3159.37526729461	4290.7001953125
3161.48438163771	4294.41650390625
3163.59290536784	4295.7333984375
3165.70083875102	4282.75
3167.80818205315	4294.86669921875
3169.91493554002	4290.283203125
3172.02109947727	4286.38330078125
3174.12667413044	4292.9833984375
3176.23165976493	4292.033203125
3178.33605664602	4295.66650390625
3180.43986503887	4303.5
3182.54308520852	4275.216796875
3184.64571741986	4287.4501953125
3186.74776193769	4275.466796875
3188.84921902664	4280.5498046875
3190.95008895128	4283.2666015625
3193.05037197599	4283.716796875
3195.15006836504	4282.716796875
3197.24917838262	4283.68310546875
3199.34770229274	4277.58349609375
3201.44564035931	4267.36669921875
3203.5429928461	4277.533203125
3205.63976001677	4277.33349609375
3207.73594213484	4258.83349609375
3209.83153946372	4253.716796875
3211.92655226669	4266.38330078125
3214.02098080688	4269.58349609375
3216.11482534732	4270.18310546875
3218.20808615091	4262.716796875
3220.30076348041	4263.61669921875
3222.39285759847	4235
3224.4843687676	4236.10009765625
3226.57529725019	4256.5498046875
3228.66564330851	4266.9833984375
3230.75540720468	4244.7998046875
3232.8445892007	4241.7666015625
3234.93318955847	4240.08349609375
3237.02120853974	4230.41650390625
3239.10864640612	4222.81689453125
3241.19550341911	4235.56689453125
3243.28177984009	4223.85009765625
3245.36747593029	4222.38330078125
3247.45259195083	4217.91650390625
3249.53712816268	4187.4833984375
3251.62108482672	4182.61669921875
3253.70446220366	4199.216796875
3255.78726055411	4186.38330078125
3257.86948013853	4161.08349609375
3259.95112121728	4161.91650390625
3262.03218405055	4168
3264.11266889845	4165.08349609375
3266.19257602092	4158.033203125
3268.27190567779	4166.216796875
3270.35065812876	4155.7998046875
3272.4288336334	4138.83349609375
3274.50643245114	4141.35009765625
3276.5834548413	4145.966796875
3278.65990106305	4125.0166015625
3280.73577137545	4113.2998046875
3282.81106603742	4126.88330078125
3284.88578530774	4135.68310546875
3286.95992944508	4112.466796875
3289.03349870796	4112.7998046875
3291.1064933548	4130.2998046875
3293.17891364384	4133.60009765625
3295.25075983324	4116.10009765625
3297.322032181	4120.18310546875
3299.39273094501	4107.91650390625
3301.462856383	4107.16650390625
3303.53240875259	4103.2666015625
3305.60138831128	4115.88330078125
3307.6697953164	4119.5
3309.73763002519	4118.61669921875
3311.80489269472	4113.56689453125
3313.87158358198	4117.35009765625
3315.93770294378	4124.63330078125
3318.00325103681	4105
3320.06822811764	4127.08349609375
3322.13263444272	4101.33349609375
3324.19647026832	4093.81665039063
3326.25973585064	4110
3328.32243144568	4122.9833984375
3330.38455730938	4112.11669921875
3332.44611369749	4102.11669921875
3334.50710086564	4087.33325195313
3336.56751906936	4105.56689453125
3338.62736856401	4088.46655273438
3340.68664960483	4085.61669921875
3342.74536244693	4097.5
3344.80350734528	4077.5166015625
3346.86108455472	4084.38330078125
3348.91809432997	4074.96655273438
3350.97453692559	4065.0166015625
3353.03041259603	4054.05004882813
3355.08572159559	4060.14990234375
3357.14046417844	4041.2666015625
3359.19464059863	4042.05004882813
3361.24825111005	4033.46655273438
3363.30129596648	4026.08325195313
3365.35377542155	4035.7333984375
3367.40568972878	4025.5
3369.45703914152	4030.31665039063
3371.507823913	4008.71655273438
3373.55804429633	4020.78344726563
3375.60770054446	4024.86669921875
3377.65679291024	3992.71655273438
3379.70532164635	4008.94995117188
3381.75328700534	3999.11669921875
3383.80068923965	3986.2666015625
3385.84752860155	3976.30004882813
3387.89380534321	3983.9833984375
3389.93951971664	3995.21655273438
3391.98467197371	3979.71655273438
3394.02926236618	3974.7333984375
3396.07329114566	3971.05004882813
3398.1167585636	3964.9833984375
3400.15966487137	3959.05004882813
3402.20201032014	3964.61669921875
3404.24379516099	3955.91674804688
3406.28501964484	3956.85009765625
3408.3256840225	3959.25
3410.3657885446	3960.2666015625
3412.40533346167	3934.19995117188
3414.44431902408	3958.2666015625
3416.48274548209	3932.28344726563
3418.5206130858	3928.43334960938
3420.55792208516	3925.61669921875
3422.59467273003	3934.21655273438
3424.63086527009	3923.89990234375
3426.6664999549	3935.96655273438
3428.70157703386	3936.91674804688
3430.73609675628	3937.78344726563
3432.77005937129	3910.18334960938
3434.80346512789	3920.68334960938
3436.83631427494	3927.0166015625
3438.86860706119	3899.89990234375
3440.90034373521	3912.88330078125
3442.93152454546	3912.96655273438
3444.96214974025	3900.91674804688
3446.99221956775	3887
3449.021734276	3879.43334960938
3451.05069411289	3872.43334960938
3453.07909932619	3862.14990234375
3455.1069501635	3897.53344726563
3457.1342468723	3866.89990234375
3459.16098969993	3861.64990234375
3461.1871788936	3878.81665039063
3463.21281470035	3855
3465.23789736712	3832.46655273438
3467.26242714067	3846.05004882813
3469.28640426765	3832.55004882813
3471.30982899455	3838.61669921875
3473.33270156774	3814.31665039063
3475.35502223343	3820.41674804688
3477.3767912377	3809.66674804688
3479.39800882649	3815.30004882813
3481.41867524559	3804.31665039063
3483.43879074066	3811.93334960938
3485.45835555721	3804.58325195313
3487.47736994062	3785.7666015625
3489.49583413611	3792.69995117188
3491.51374838879	3758.2666015625
3493.53111294359	3765.56665039063
3495.54792804533	3777.9833984375
3497.56419393867	3764.46655273438
3499.57991086814	3752.05004882813
3501.59507907811	3757.64990234375
3503.60969881284	3763.35009765625
3505.6237703164	3747.4833984375
3507.63729383278	3745.13330078125
3509.65026960577	3740.44995117188
3511.66269787904	3723.36669921875
3513.67457889613	3743.56665039063
3515.68591290042	3737.2666015625
3517.69670013515	3718.60009765625
3519.70694084342	3713.21655273438
3521.7166352682	3716.86669921875
3523.72578365229	3723.38330078125
3525.73438623836	3698.39990234375
3527.74244326893	3716.2666015625
3529.74995498641	3698.9833984375
3531.75692163301	3695.36669921875
3533.76334345084	3707.55004882813
3535.76922068186	3692.56665039063
3537.77455356786	3684.10009765625
3539.77934235051	3693.83325195313
3541.78358727133	3685.53344726563
3543.78728857169	3690.69995117188
3545.79044649283	3689.08325195313
3547.79306127584	3681.10009765625
3549.79513316164	3683.30004882813
3551.79666239104	3678.08325195313
3553.79764920469	3664.25
3555.7980938431	3663.13330078125
3557.79799654663	3661.28344726563
3559.79735755548	3657.96655273438
3561.79617710974	3654.78344726563
3563.79445544932	3646.78344726563
3565.79219281401	3646.11669921875
3567.78938944344	3633.80004882813
3569.7860455771	3626.03344726563
3571.78216145432	3613.94995117188
3573.77773731431	3614.75
3575.7727733961	3616.5
3577.76726993861	3606.06665039063
3579.76122718059	3598.31665039063
3581.75464536064	3600.89990234375
3583.74752471725	3593.71655273438
3585.7398654887	3581.25
3587.73166791317	3586.9833984375
3589.7229322287	3567.19995117188
3591.71365867314	3563.5166015625
3593.70384748424	3563.5
3595.69349889955	3551.5
3597.68261315654	3555.36669921875
3599.67119049245	3540.30004882813
3601.65923114446	3542.83325195313
3603.64673534952	3526.08325195313
3605.63370334449	3526.2666015625
3607.62013536607	3524.38330078125
3609.60603165079	3505.18334960938
3611.59139243504	3493.4833984375
3613.57621795509	3505.44995117188
3615.56050844701	3492.11669921875
3617.54426414677	3489.2333984375
3619.52748529017	3486.0166015625
3621.51017211285	3485.19995117188
3623.49232485031	3474.41674804688
3625.47394373792	3470.94995117188
3627.45502901088	3476.53344726563
3629.43558090423	3464.85009765625
3631.41559965288	3468.43334960938
3633.3950854916	3466.08325195313
3635.37403865498	3443.9833984375
3637.35245937747	3445.71655273438
3639.33034789339	3437.68334960938
3641.30770443688	3436.66674804688
3643.28452924196	3447.2333984375
3645.26082254248	3424.89990234375
3647.23658457212	3442.25
3649.21181556447	3436.56665039063
3651.18651575291	3420.19995117188
3653.16068537069	3415.35009765625
3655.13432465092	3417.78344726563
3657.10743382653	3409.80004882813
3659.08001313034	3427.58325195313
3661.05206279498	3424.28344726563
3663.02358305295	3406.68334960938
3664.9945741366	3395.5
3666.96503627811	3387.94995117188
3668.93496970952	3387.18334960938
3670.90437466272	3387.80004882813
3672.87325136944	3378.21655273438
3674.84160006127	3388.31665039063
3676.80942096963	3367.78344726563
3678.77671432581	3404.63330078125
3680.74348036092	3375.83325195313
3682.70971930595	3373.08325195313
3684.6754313917	3372.28344726563
3686.64061684885	3360.88330078125
3688.60527590791	3353.94995117188
3690.56940879924	3343.81665039063
3692.53301575303	3349.28344726563
3694.49609699936	3363.66674804688
3696.45865276812	3349.7333984375
3698.42068328904	3327.35009765625
3700.38218879173	3338.06665039063
3702.34316950563	3326.30004882813
3704.30362566	3321.4833984375
3706.26355748399	3309.66674804688
3708.22296520657	3312.9833984375
3710.18184905656	3292.91674804688
3712.14020926263	3298.9833984375
3714.09804605328	3280.83325195313
3716.05535965687	3287.43334960938
3718.01215030162	3281.53344726563
3719.96841821555	3256.68334960938
3721.92416362657	3271.85009765625
3723.8793867624	3240.71655273438
3725.83408785063	3254.44995117188
3727.78826711869	3248.88330078125
3729.74192479384	3237.43334960938
3731.69506110319	3228.83325195313
3733.64767627371	3227.80004882813
3735.59977053219	3225.91674804688
3737.55134410528	3223.9833984375
3739.50239721947	3207.2333984375
3741.45293010108	3198.60009765625
3743.40294297631	3189.2666015625
3745.35243607116	3199.25
3747.3014096115	3189.63330078125
3749.24986382303	3192.85009765625
3751.19779893131	3198.89990234375
3753.14521516171	3194.85009765625
3755.09211273949	3198.44995117188
3757.0384918897	3183.43334960938
3758.98435283728	3164.06665039063
3760.92969580698	3172.38330078125
3762.87452102341	3151.7666015625
3764.81882871101	3167.21655273438
3766.76261909407	3173.71655273438
3768.70589239672	3169.28344726563
3770.64864884293	3151.38330078125
3772.59088865651	3144.30004882813
3774.53261206112	3161.2666015625
3776.47381928025	3138.89990234375
