-173.428722450078	1146.44995117188
-170.294344013779	1145.66662597656
-167.160990304052	1146.38330078125
-164.028660894548	1146.43334960938
-160.897355359205	1147.11669921875
-157.767073272189	1147.19995117188
-154.637814207931	1146
-151.50957774112	1145.90002441406
-148.382363446704	1146.46667480469
-145.256170899859	1146.55004882813
-142.130999676054	1146.13330078125
-139.006849350965	1145.93334960938
-135.883719500571	1145.63330078125
-132.761609701053	1146.09997558594
-129.640519528863	1146.46667480469
-126.520448560715	1147.05004882813
-123.401396373553	1145.59997558594
-120.28336254458	1147.34997558594
-117.166346651252	1145.75
-114.050348271258	1145.03332519531
-110.935366982541	1145.83337402344
-107.821402363301	1146.55004882813
-104.708453991972	1146.21667480469
-101.596521447235	1146.15002441406
-98.4856043080122	1146.33337402344
-95.3757021534957	1146
-92.2668145630801	1146.69995117188
-89.1589411164452	1145.59997558594
-86.0520813934781	1146.58337402344
-82.946234974338	1146.19995117188
-79.8414014394074	1146.71667480469
-76.7375803693083	1146.13330078125
-73.6347713449181	1145.84997558594
-70.532973947345	1146.09997558594
-67.4321877579402	1146.68334960938
-64.3324123582935	1145.94995117188
-61.2336473302252	1146.48327636719
-58.1358922558143	1146.11669921875
-55.0391467173494	1146
-51.9434102973817	1145.80004882813
-48.8486825786838	1146.63330078125
-45.7549631442702	1145.75
-42.662251577389	1147.09997558594
-39.5705474615295	1145.98327636719
-36.4798503804062	1145.96667480469
-33.3901599179706	1146.91662597656
-30.301475658403	1146.26672363281
-27.2137971861287	1146.23327636719
-24.1271240858053	1146.46667480469
-21.0414559423028	1146.34997558594
-17.9567923407513	1146.13330078125
-14.8731328664812	1146.25
-11.7904771050747	1145.61669921875
-8.70882464233763	1146.28332519531
-5.62817506431157	1146.31665039063
-2.54852795725342	1147.01672363281
0.530117092344597	1147.65002441406
3.6077604977471	1148
6.68440267202787	1147.86669921875
9.76004402799773	1147.31665039063
12.8346849782609	1147.23327636719
15.9083259351831	1146.98327636719
18.9809673109237	1146.83337402344
22.0526095173877	1145.41662597656
25.1232529662903	1145.28332519531
28.1928980690886	1146.15002441406
31.2615452370419	1146.30004882813
34.32919488118	1146.46667480469
37.3958474123071	1146.23327636719
40.4615032409942	1146.26672363281
43.5261627776189	1146.23327636719
46.58982643231	1146.55004882813
49.6524946149833	1145.56665039063
52.7141677353456	1146.5
55.7748462028835	1146.81665039063
58.8345304268427	1145.63330078125
61.8932208162729	1146.18334960938
64.9509177800033	1146.41662597656
68.0076217266271	1146.31665039063
71.0633330645419	1146.11669921875
74.118052201909	1146.90002441406
77.1717795467022	1148.21667480469
80.224515506648	1155.30004882813
83.2762604892772	1168.48327636719
86.3270149018856	1180.59997558594
89.3767791515896	1188.28332519531
92.4255536452548	1193.69995117188
95.4733387895519	1192.80004882813
98.5201349909248	1192.53332519531
101.565942655643	1195.55004882813
104.610762189717	1194.21667480469
107.654593998963	1195.38330078125
110.697438488996	1192.63330078125
113.739296065204	1192.11669921875
116.78016713278	1191.71667480469
119.820052096698	1192.41662597656
122.85895136172	1191.23327636719
125.896865332408	1189.78332519531
128.933794413111	1190.03332519531
131.969739007965	1189.41662597656
135.004699520911	1189.94995117188
138.038676355664	1185.65002441406
141.071669915751	1186.61669921875
144.103680604487	1185.11669921875
147.134708824975	1185.40002441406
150.164754980118	1186.05004882813
153.193819472611	1183.83337402344
156.221902704945	1183.91662597656
159.24900507942	1183.66662597656
162.275126998099	1184.36669921875
165.300268862873	1183.55004882813
168.324431075425	1182.91662597656
171.347614037231	1183.19995117188
174.369818149562	1183.31665039063
177.391043813491	1181.58337402344
180.411291429897	1184.80004882813
183.430561399437	1183.68334960938
186.448854122582	1184.30004882813
189.466169999607	1183.08337402344
192.482509430598	1179.86669921875
195.497872815412	1182.93334960938
198.512260553716	1182.63330078125
201.525673045011	1181.75
204.538110688552	1181.13330078125
207.549573883427	1180.98327636719
210.560063028519	1183.31665039063
213.569578522523	1182.26672363281
216.578120763917	1183.38330078125
219.585690151021	1183.13330078125
222.592287081907	1182.15002441406
225.597911954507	1183.91662597656
228.602565166512	1184.86669921875
231.606247115456	1186.16662597656
234.608958198646	1182.80004882813
237.610698813222	1183.36669921875
240.611469356122	1183.31665039063
243.611270224103	1183.96667480469
246.610101813707	1185.88330078125
249.607964521295	1186.76672363281
252.604858743044	1183.28332519531
255.600784874935	1186.18334960938
258.595743312749	1186.19995117188
261.589734452097	1186.5
264.582758688393	1186.71667480469
267.574816416842	1187.98327636719
270.565908032503	1186.76672363281
273.556033930195	1186.81665039063
276.545194504586	1186.65002441406
279.533390150138	1187.18334960938
282.520621261151	1186
285.506888231708	1189.25
288.49219145571	1188.76672363281
291.476531326902	1187.31665039063
294.459908238794	1188.31665039063
297.442322584762	1190.51672363281
300.423774757966	1192.59997558594
303.404265151375	1192.96667480469
306.383794157805	1191.88330078125
309.362362169862	1191.09997558594
312.339969579982	1190.73327636719
315.316616780414	1186.65002441406
318.292304163227	1187.18334960938
321.267032120295	1184.93334960938
324.24080104332	1186.16662597656
327.213611323833	1185.51672363281
330.185463353171	1185.09997558594
333.156357522491	1184.31665039063
336.126294222774	1184.43334960938
339.095273844812	1183.41662597656
342.063296779227	1183.18334960938
345.030363416467	1183.65002441406
347.996474146782	1183.36669921875
350.961629360257	1181.69995117188
353.925829446806	1183.05004882813
356.889074796147	1182.88330078125
359.851365797829	1182.65002441406
362.812702841222	1182.53332519531
365.773086315536	1181.33337402344
368.732516609768	1180.43334960938
371.690994112778	1182.48327636719
374.648519213243	1182.40002441406
377.605092299631	1181.53332519531
380.560713760273	1179.66662597656
383.515383983307	1180.91662597656
386.469103356711	1180.78332519531
389.421872268273	1181.23327636719
392.373691105615	1181.16662597656
395.32456025619	1179.44995117188
398.274480107272	1182.34997558594
401.223451045967	1181.18334960938
404.171473459202	1180.75
407.118547733728	1179.15002441406
410.064674256155	1181.25
413.009853412892	1180.16662597656
415.954085590181	1180.23327636719
418.8973711741	1181.80004882813
421.83971055055	1180.21667480469
424.781104105281	1181.13330078125
427.721552223856	1180.96667480469
430.661055291665	1180.68334960938
433.599613693946	1180.31665039063
436.537227815752	1181.26672363281
439.473898041993	1180.76672363281
442.409624757378	1178.73327636719
445.344408346476	1178.75
448.278249193683	1178.06665039063
451.211147683207	1177.23327636719
454.143104199122	1177.68334960938
457.074119125312	1175.28332519531
460.004192845497	1177.23327636719
462.933325743267	1175.81665039063
465.861518202001	1177.40002441406
468.788770604917	1177.25
471.71508333511	1177.71667480469
474.640456775471	1178.26672363281
477.564891308737	1178.56665039063
480.488387317487	1179.03332519531
483.410945184141	1179.11669921875
486.332565290942	1180.66662597656
489.253248019986	1180.44995117188
492.172993753197	1182.28332519531
495.091802872338	1183.51672363281
498.009675759011	1186.65002441406
500.926612794666	1189.69995117188
503.842614360571	1193.44995117188
506.757680837864	1205.81665039063
509.671812607493	1230.80004882813
512.585010050263	1306.83337402344
515.497273546817	1555.96667480469
518.408603477637	1981.36669921875
521.319000223045	2015.51672363281
524.228464163205	1677.05004882813
527.136995678121	1416.48327636719
530.044595147647	1299.90002441406
532.951262951471	1244.15002441406
535.856999469123	1215.94995117188
538.761805079986	1203.43334960938
541.665680163279	1193.48327636719
544.568625098049	1190.26672363281
547.470640263216	1184.98327636719
550.371726037533	1181.63330078125
553.271882799588	1180.91662597656
556.171110927825	1177.88330078125
559.069410800531	1178.88330078125
561.966782795823	1178.75
564.863227291685	1176.25
567.758744665944	1175.23327636719
570.653335296256	1175.51672363281
573.546999560148	1175.44995117188
576.439737834969	1176.03332519531
579.331550497935	1175.48327636719
582.222437926093	1173.65002441406
585.112400496356	1174.93334960938
588.001438585469	1174.88330078125
590.889552570021	1174.98327636719
593.77674282648	1174.03332519531
596.663009731132	1173.05004882813
599.548353660116	1175.98327636719
602.432774989433	1173.34997558594
605.316274094926	1175.94995117188
608.198851352303	1174.91662597656
611.080507137075	1174.40002441406
613.961241824667	1175.33337402344
616.841055790315	1177.23327636719
619.71994940911	1174.31665039063
622.597923056008	1175.46667480469
625.474977105798	1177.80004882813
628.351111933143	1176.26672363281
631.22632791255	1175.59997558594
634.10062541835	1175.01672363281
636.97400482478	1175.75
639.846466505882	1175.94995117188
642.718010835585	1175.38330078125
645.58863818764	1175.71667480469
648.458348935679	1176.36669921875
651.327143453188	1174.51672363281
654.195022113475	1176.84997558594
657.061985289745	1175.05004882813
659.928033355022	1175.11669921875
662.79316668221	1176.83337402344
665.657385644057	1177.43334960938
668.520690613176	1176.55004882813
671.383081962017	1174.90002441406
674.244560062899	1177.34997558594
677.105125288002	1175.11669921875
679.964778009343	1175.51672363281
682.823518598832	1174.93334960938
685.681347428202	1175.31665039063
688.538264869057	1173.96667480469
691.394271292855	1175.68334960938
694.249367070914	1172.58337402344
697.103552574412	1173.43334960938
699.956828174378	1174.01672363281
702.809194241715	1173.38330078125
705.660651147175	1171.55004882813
708.511199261361	1171.93334960938
711.360838954755	1172.63330078125
714.209570597676	1172.09997558594
717.057394560329	1172.40002441406
719.90431121275	1172.55004882813
722.750320924861	1172.09997558594
725.59542406643	1173.43334960938
728.439621007094	1173.09997558594
731.282912116347	1171.91662597656
734.125297763539	1172.06665039063
736.966778317898	1173.15002441406
739.807354148498	1172.53332519531
742.647025624275	1172.48327636719
745.485793114042	1173.08337402344
748.323656986468	1172.68334960938
751.160617610072	1172.25
753.996675353258	1172.61669921875
756.831830584275	1174.21667480469
759.666083671249	1172.93334960938
762.499434982158	1171.58337402344
765.331884884853	1172.83337402344
768.163433747055	1172.36669921875
770.994081936328	1174.61669921875
773.823829820116	1172.91662597656
776.652677765732	1173.76672363281
779.480626140347	1173.53332519531
782.307675310993	1173.55004882813
785.133825644576	1174.23327636719
787.959077507869	1173.90002441406
790.783431267511	1172.88330078125
793.606887289986	1173.81665039063
796.429445941685	1174.86669921875
799.251107588836	1173.09997558594
802.071872597536	1175.71667480469
804.891741333751	1173.40002441406
807.71071416334	1174.40002441406
810.528791451981	1174.68334960938
813.345973565269	1174.11669921875
816.162260868638	1174.69995117188
818.977653727395	1176.08337402344
821.792152506717	1173.84997558594
824.605757571661	1174.91662597656
827.418469287133	1175.66662597656
830.230288017926	1175.61669921875
833.0412141287	1174.43334960938
835.851247983973	1173.48327636719
838.660389948141	1174.03332519531
841.468640385466	1175.21667480469
844.27599966009	1174.75
847.082468136026	1173.96667480469
849.888046177135	1174.15002441406
852.692734147171	1173.30004882813
855.496532409758	1175.21667480469
858.29944132839	1175.05004882813
861.10146126642	1175.05004882813
863.902592587094	1174.93334960938
866.702835653509	1174.46667480469
869.502190828641	1173.94995117188
872.300658475353	1173.71667480469
875.098238956361	1175.13330078125
877.894932634271	1176.34997558594
880.690739871548	1175.73327636719
883.485661030531	1175.65002441406
886.279696473447	1173.55004882813
889.072846562376	1174.83337402344
891.86511165929	1175.56665039063
894.65649212603	1176.38330078125
897.446988324303	1176.65002441406
900.236600615703	1176.13330078125
903.025329361687	1173.51672363281
905.813174923597	1176.91662597656
908.600137662639	1174.91662597656
911.38621793991	1175.23327636719
914.171416116365	1176.48327636719
916.95573255285	1174.08337402344
919.739167610082	1177.98327636719
922.521721648641	1175.59997558594
925.303395029005	1178.31665039063
928.084188111517	1183.18334960938
930.864101256396	1186.36669921875
933.643134823733	1190.13330078125
936.42128917351	1195
939.198564665577	1199.98327636719
941.97496165967	1201.73327636719
944.750480515391	1200.61669921875
947.525121592226	1200.09997558594
950.298885249534	1201.09997558594
953.071771846555	1200.41662597656
955.843781742413	1202.84997558594
958.614915296108	1203.01672363281
961.385172866513	1201.56665039063
964.154554812387	1201.73327636719
966.92306149236	1203.75
969.690693264949	1203.05004882813
972.457450488552	1205.61669921875
975.223333521431	1202.31665039063
977.988342721749	1205.28332519531
980.752478447535	1203.80004882813
983.515741056708	1199.81665039063
986.278130907059	1199.36669921875
989.039648356259	1195.18334960938
991.800293761863	1189.83337402344
994.560067481312	1187.93334960938
997.318969871913	1184.69995117188
1000.07700129088	1183.63330078125
1002.83416209528	1180.88330078125
1005.59045264208	1179.96667480469
1008.34587328813	1178.71667480469
1011.10042439014	1177.09997558594
1013.85410630472	1178.23327636719
1016.60691938837	1175.96667480469
1019.35886399746	1178.16662597656
1022.10994048823	1176.44995117188
1024.86014921684	1176.03332519531
1027.60949053928	1175.28332519531
1030.35796481149	1174.58337402344
1033.10557238924	1173.48327636719
1035.85231362819	1173.08337402344
1038.5981888839	1171.75
1041.34319851182	1171.23327636719
1044.08734286727	1170.93334960938
1046.83062230544	1171.68334960938
1049.57303718143	1171.59997558594
1052.31458785021	1170.59997558594
1055.05527466665	1171.03332519531
1057.79509798549	1170.28332519531
1060.53405816134	1171.96667480469
1063.27215554874	1171.28332519531
1066.00939050209	1169.5
1068.74576337565	1170.93334960938
1071.48127452361	1170.53332519531
1074.21592430002	1169.18334960938
1076.94971305882	1171.38330078125
1079.68264115384	1171.05004882813
1082.41470893879	1169.06665039063
1085.14591676728	1170.93334960938
1087.8762649928	1169.83337402344
1090.60575396871	1168.73327636719
1093.33438404827	1169.73327636719
1096.06215558464	1170.23327636719
1098.78906893086	1169.15002441406
1101.51512443981	1170.15002441406
1104.24032246435	1169.58337402344
1106.96466335716	1170.51672363281
1109.68814747081	1169.48327636719
1112.41077515779	1170.23327636719
1115.13254677044	1169.30004882813
1117.85346266104	1169.69995117188
1120.57352318169	1169.36669921875
1123.29272868445	1169.55004882813
1126.01107952121	1169.94995117188
1128.72857604378	1169.21667480469
1131.44521860385	1170.15002441406
1134.16100755301	1169.05004882813
1136.87594324271	1168.80004882813
1139.59002602433	1169.46667480469
1142.3032562491	1169.59997558594
1145.01563426818	1169.86669921875
1147.72716043257	1171.43334960938
1150.43783509322	1169.94995117188
1153.14765860091	1170.33337402344
1155.85663130634	1170.41662597656
1158.56475356012	1169.96667480469
1161.27202571271	1167.43334960938
1163.97844811448	1169.59997558594
1166.68402111569	1169.38330078125
1169.38874506649	1170
1172.09262031694	1171.51672363281
1174.79564721695	1168.43334960938
1177.49782611635	1169.15002441406
1180.19915736486	1168.13330078125
1182.89964131208	1169.16662597656
1185.59927830751	1168.68334960938
1188.29806870054	1169.76672363281
1190.99601284046	1169.55004882813
1193.69311107643	1169.23327636719
1196.38936375753	1169.93334960938
1199.08477123271	1169.31665039063
1201.77933385082	1169.75
1204.47305196061	1169.56665039063
1207.1659259107	1169.40002441406
1209.85795604964	1169.59997558594
1212.54914272585	1171.69995117188
1215.23948628763	1168.94995117188
1217.92898708319	1170.19995117188
1220.61764546064	1171.28332519531
1223.30546176798	1170.55004882813
1225.99243635308	1170.18334960938
1228.67856956373	1169.40002441406
1231.36386174761	1170.05004882813
1234.04831325228	1168.28332519531
1236.73192442522	1168.96667480469
1239.41469561377	1168.25
1242.09662716519	1168.80004882813
1244.77771942662	1169.56665039063
1247.45797274511	1171.30004882813
1250.13738746759	1169.91662597656
1252.81596394089	1168.91662597656
1255.49370251175	1171.08337402344
1258.17060352676	1169.15002441406
1260.84666733246	1171.05004882813
1263.52189427525	1168.41662597656
1266.19628470144	1171
1268.86983895722	1169.09997558594
1271.5425573887	1168.53332519531
1274.21444034186	1171.25
1276.8854881626	1169.33337402344
1279.55570119671	1170.94995117188
1282.22507978985	1172.75
1284.89362428759	1169.56665039063
1287.56133503543	1171.68334960938
1290.22821237872	1171.5
1292.89425666274	1171.46667480469
1295.55946823263	1173.66662597656
1298.22384743346	1173.31665039063
1300.88739461019	1173.23327636719
1303.55011010766	1169.83337402344
1306.21199427063	1169.98327636719
1308.87304744373	1171.06665039063
1311.53326997152	1169.84997558594
1314.19266219843	1168.28332519531
1316.8512244688	1170.08337402344
1319.50895712687	1168.96667480469
1322.16586051676	1168.63330078125
1324.82193498252	1168.30004882813
1327.47718086806	1169.15002441406
1330.1315985172	1168.58337402344
1332.78518827369	1169.46667480469
1335.43795048114	1170.25
1338.08988548307	1168.30004882813
1340.74099362289	1168.30004882813
1343.39127524392	1168.08337402344
1346.04073068939	1170.31665039063
1348.6893603024	1168.34997558594
1351.33716442597	1169.08337402344
1353.98414340301	1170.23327636719
1356.63029757632	1167.94995117188
1359.27562728863	1170.28332519531
1361.92013288252	1167.71667480469
1364.56381470053	1170.48327636719
1367.20667308505	1169.34997558594
1369.84870837838	1168.46667480469
1372.48992092274	1168.78332519531
1375.13031106023	1167
1377.76987913284	1169.41662597656
1380.40862548251	1168.25
1383.04655045101	1168.61669921875
1385.68365438006	1168.08337402344
1388.31993761126	1168.48327636719
1390.95540048612	1168.03332519531
1393.59004334605	1168.46667480469
1396.22386653233	1169.43334960938
1398.85687038619	1168.41662597656
1401.48905524873	1170.65002441406
1404.12042146094	1170.05004882813
1406.75096936375	1168.19995117188
1409.38069929796	1169.63330078125
1412.00961160428	1169.55004882813
1414.63770662332	1169.36669921875
1417.26498469557	1170
1419.89144616146	1170.09997558594
1422.51709136132	1168.21667480469
1425.14192063532	1168.98327636719
1427.76593432361	1168.58337402344
1430.3891327662	1167.83337402344
1433.01151630299	1166.13330078125
1435.63308527382	1168.63330078125
1438.2538400184	1168.78332519531
1440.87378087637	1168.28332519531
1443.49290818722	1170.71667480469
1446.1112222904	1169.81665039063
1448.72872352524	1168.58337402344
1451.34541223097	1169.33337402344
1453.96128874671	1169.21667480469
1456.5763534115	1169.98327636719
1459.19060656429	1170.61669921875
1461.8040485439	1170.16662597656
1464.41667968907	1169.16662597656
1467.02850033846	1169.78332519531
1469.63951083061	1168.80004882813
1472.24971150397	1171.56665039063
1474.8591026969	1170.13330078125
1477.46768474763	1168.5
1480.07545799434	1167.65002441406
1482.68242277508	1169.94995117188
1485.28857942782	1169.43334960938
1487.89392829042	1170.23327636719
1490.49846970065	1167.93334960938
1493.10220399619	1167.25
1495.70513151461	1166.98327636719
1498.30725259339	1167.05004882813
1500.90856756992	1166.51672363281
1503.50907678146	1168.19995117188
1506.10878056524	1167.38330078125
1508.70767925832	1167.11669921875
1511.30577319772	1168.38330078125
1513.90306272032	1166.30004882813
1516.49954816295	1167.21667480469
1519.09522986229	1168.93334960938
1521.69010815498	1167.69995117188
1524.28418337751	1166.5
1526.87745586632	1166.88330078125
1529.46992595773	1166.91662597656
1532.06159398796	1169.36669921875
1534.65246029316	1166.58337402344
1537.24252520935	1167.59997558594
1539.83178907249	1167.61669921875
1542.42025221841	1169.30004882813
1545.00791498287	1167.56665039063
1547.59477770152	1167.09997558594
1550.18084070993	1167.73327636719
1552.76610434356	1168.15002441406
1555.35056893777	1166.93334960938
1557.93423482785	1167.98327636719
1560.51710234896	1168.16662597656
1563.0991718362	1167.91662597656
1565.68044362457	1166.18334960938
1568.26091804893	1169.46667480469
1570.84059544411	1167.43334960938
1573.41947614481	1166.40002441406
1575.99756048562	1168.93334960938
1578.57484880108	1168.11669921875
1581.15134142559	1172.31665039063
1583.72703869349	1167.84997558594
1586.301940939	1169.51672363281
1588.87604849628	1168.86669921875
1591.44936169934	1169.19995117188
1594.02188088215	1168.63330078125
1596.59360637855	1172.13330078125
1599.16453852232	1173.93334960938
1601.73467764709	1175.61669921875
1604.30402408647	1176.21667480469
1606.87257817391	1176.03332519531
1609.44034024281	1173.94995117188
1612.00731062644	1172.53332519531
1614.57348965801	1171.43334960938
1617.13887767062	1172.96667480469
1619.70347499726	1171.06665039063
1622.26728197086	1172.53332519531
1624.83029892423	1169.76672363281
1627.39252619012	1171.66662597656
1629.95396410112	1173.69995117188
1632.5146129898	1175.66662597656
1635.07447318858	1176.18334960938
1637.63354502984	1172.69995117188
1640.19182884582	1170.76672363281
1642.74932496868	1170.93334960938
1645.3060337305	1169.06665039063
1647.86195546325	1168.05004882813
1650.41709049882	1168.90002441406
1652.971439169	1169.46667480469
1655.52500180548	1168.78332519531
1658.07777873987	1167.38330078125
1660.62977030368	1168.96667480469
1663.18097682833	1168.15002441406
1665.73139864514	1167.83337402344
1668.28103608534	1167.78332519531
1670.82988948008	1168.21667480469
1673.37795916039	1168.31665039063
1675.92524545724	1167.58337402344
1678.47174870147	1167.23327636719
1681.01746922386	1167.03332519531
1683.56240735508	1168.73327636719
1686.10656342572	1167.94995117188
1688.64993776626	1168.68334960938
1691.19253070709	1167.83337402344
1693.73434257853	1167.5
1696.27537371078	1168.21667480469
1698.81562443395	1167.44995117188
1701.35509507809	1167.66662597656
1703.89378597311	1167.68334960938
1706.43169744886	1168.51672363281
1708.96882983509	1169.03332519531
1711.50518346144	1169.13330078125
1714.0407586575	1168.28332519531
1716.57555575272	1171.65002441406
1719.10957507649	1170.58337402344
1721.64281695809	1172.63330078125
1724.17528172671	1172.53332519531
1726.70696971146	1171.05004882813
1729.23788124135	1171.69995117188
1731.7680166453	1171.59997558594
1734.29737625213	1171.33337402344
1736.82596039057	1171.38330078125
1739.35376938927	1169.25
1741.88080357677	1168.94995117188
1744.40706328154	1167.58337402344
1746.93254883193	1170.30004882813
1749.45726055623	1170.25
1751.9811987826	1168.48327636719
1754.50436383915	1167.94995117188
1757.02675605387	1167.09997558594
1759.54837575466	1167.71667480469
1762.06922326934	1167.75
1764.58929892564	1166.76672363281
1767.10860305118	1167.01672363281
1769.6271359735	1168.08337402344
1772.14489802005	1167.28332519531
1774.66188951817	1167.59997558594
1777.17811079515	1168.61669921875
1779.69356217815	1166.59997558594
1782.20824399425	1168.13330078125
1784.72215657043	1169.11669921875
1787.23530023361	1166.91662597656
1789.74767531057	1167.61669921875
1792.25928212804	1166.69995117188
1794.77012101264	1166.91662597656
1797.2801922909	1166.46667480469
1799.78949628926	1166.23327636719
1802.29803333406	1168.59997558594
1804.80580375158	1167.19995117188
1807.31280786797	1167.83337402344
1809.81904600929	1165.59997558594
1812.32451850154	1167.28332519531
1814.82922567061	1167.41662597656
1817.33316784231	1167.38330078125
1819.83634534233	1168.05004882813
1822.33875849629	1168.41662597656
1824.84040762973	1167.80004882813
1827.34129306808	1166.11669921875
1829.84141513667	1166.73327636719
1832.34077416077	1167.08337402344
1834.83937046553	1167.33337402344
1837.33720437602	1168.48327636719
1839.83427621723	1167.46667480469
1842.33058631404	1167.18334960938
1844.82613499125	1167.56665039063
1847.32092257355	1167.33337402344
1849.81494938558	1167.73327636719
1852.30821575184	1164.94995117188
1854.80072199677	1167.16662597656
1857.29246844473	1168.05004882813
1859.78345541994	1168.34997558594
1862.27368324658	1168
1864.76315224871	1168.41662597656
1867.2518627503	1167.76672363281
1869.73981507524	1167.03332519531
1872.22700954733	1167.16662597656
1874.71344649027	1166.01672363281
1877.19912622768	1166.30004882813
1879.68404908308	1166.16662597656
1882.16821537988	1168.78332519531
1884.65162544145	1167.66662597656
1887.13427959102	1166.96667480469
1889.61617815175	1166.44995117188
1892.0973214467	1168.21667480469
1894.57770979887	1167.81665039063
1897.05734353113	1166.03332519531
1899.53622296628	1166.36669921875
1902.014348427	1167.75
1904.49172023593	1167.84997558594
1906.96833871558	1166.13330078125
1909.44420418839	1166.80004882813
1911.91931697668	1168.34997558594
1914.39367740272	1168.51672363281
1916.86728578865	1168.13330078125
1919.34014245654	1166.98327636719
1921.81224772838	1166.40002441406
1924.28360192604	1168.88330078125
1926.75420537132	1166.91662597656
1929.22405838593	1168.01672363281
1931.69316129147	1165.68334960938
1934.16151440948	1167.91662597656
1936.62911806136	1167.15002441406
1939.09597256848	1167.86669921875
1941.56207825207	1166.73327636719
1944.0274354333	1166.65002441406
1946.49204443322	1166.34997558594
1948.95590557284	1167.08337402344
1951.41901917301	1164.91662597656
1953.88138555454	1166.81665039063
1956.34300503813	1166.09997558594
1958.8038779444	1167.96667480469
1961.26400459387	1166.48327636719
1963.72338530697	1166.63330078125
1966.18202040403	1167.25
1968.63991020531	1167.13330078125
1971.09705503097	1167.38330078125
1973.55345520107	1166.33337402344
1976.0091110356	1167.09997558594
1978.46402285444	1166.40002441406
1980.91819097737	1167.31665039063
1983.3716157241	1167.90002441406
1985.82429741427	1168.13330078125
1988.27623636736	1167.46667480469
1990.72743290284	1164.93334960938
1993.17788734002	1168.44995117188
1995.62759999817	1166.84997558594
1998.07657119644	1168.19995117188
2000.5248012539	1166.15002441406
2002.97229048952	1168.40002441406
2005.41903922219	1169.16662597656
2007.86504777071	1167.19995117188
2010.31031645378	1167.58337402344
2012.75484559	1167.71667480469
2015.19863549792	1166.48327636719
2017.64168649594	1166.43334960938
2020.08399890242	1167.94995117188
2022.5255730356	1166.93334960938
2024.96640921365	1167.93334960938
2027.40650775462	1166.83337402344
2029.84586897649	1167.05004882813
2032.28449319715	1165.96667480469
2034.72238073438	1168.05004882813
2037.15953190591	1166.73327636719
2039.59594702932	1168.46667480469
2042.03162642215	1167.81665039063
2044.46657040182	1168.01672363281
2046.90077928567	1168.63330078125
2049.33425339095	1168.51672363281
2051.76699303481	1168.06665039063
2054.19899853433	1167.43334960938
2056.63027020645	1167.48327636719
2059.06080836809	1167.53332519531
2061.49061333602	1167.58337402344
2063.91968542694	1166.68334960938
2066.34802495747	1167.61669921875
2068.77563224411	1167.03332519531
2071.20250760329	1169.03332519531
2073.62865135136	1168.06665039063
2076.05406380455	1166.21667480469
2078.47874527901	1168.38330078125
2080.9026960908	1167.80004882813
2083.3259165559	1167.84997558594
2085.74840699018	1166.43334960938
2088.17016770944	1167.18334960938
2090.59119902935	1166.94995117188
2093.01150126553	1167.41662597656
2095.43107473348	1166.38330078125
2097.84991974864	1167.06665039063
2100.26803662633	1166.94995117188
2102.68542568178	1166.11669921875
2105.10208723015	1167.31665039063
2107.51802158648	1166.69995117188
2109.93322906574	1166.69995117188
2112.3477099828	1166.84997558594
2114.76146465245	1166.63330078125
2117.17449338937	1166.55004882813
2119.58679650815	1167.78332519531
2121.9983743233	1167.51672363281
2124.40922714924	1167.08337402344
2126.81935530029	1167.26672363281
2129.22875909067	1167.30004882813
2131.63743883452	1166.31665039063
2134.04539484589	1167.26672363281
2136.45262743874	1167.38330078125
2138.85913692692	1166.43334960938
2141.26492362422	1167.41662597656
2143.6699878443	1167.88330078125
2146.07432990076	1166.90002441406
2148.47795010708	1168.11669921875
2150.88084877667	1167.08337402344
2153.28302622285	1166.46667480469
2155.68448275883	1166.78332519531
2158.08521869774	1166.83337402344
2160.48523435261	1166.68334960938
2162.88453003639	1166.86669921875
2165.28310606193	1168.66662597656
2167.68096274199	1167.43334960938
2170.07810038922	1167.53332519531
2172.47451931622	1168.33337402344
2174.87021983546	1166.43334960938
2177.26520225933	1165.94995117188
2179.65946690013	1167.68334960938
2182.05301407006	1165.63330078125
2184.44584408123	1166.58337402344
2186.83795724567	1167.41662597656
2189.22935387531	1167.18334960938
2191.62003428198	1167.55004882813
2194.00999877743	1167.40002441406
2196.39924767329	1166.38330078125
2198.78778128115	1167.05004882813
2201.17559991245	1166.46667480469
2203.56270387857	1167.30004882813
2205.94909349081	1167.48327636719
2208.33476906033	1167.16662597656
2210.71973089824	1166.93334960938
2213.10397931554	1166.76672363281
2215.48751462314	1166.56665039063
2217.87033713186	1167.43334960938
2220.25244715242	1167
2222.63384499546	1167.08337402344
2225.01453097151	1167.90002441406
2227.39450539101	1169.18334960938
2229.77376856434	1168.5
2232.15232080173	1166.71667480469
2234.53016241336	1166.90002441406
2236.9072937093	1166.80004882813
2239.28371499954	1167.15002441406
2241.65942659396	1166.83337402344
2244.03442880236	1165.68334960938
2246.40872193443	1166.31665039063
2248.78230629979	1167.53332519531
2251.15518220795	1166.58337402344
2253.52734996835	1166.51672363281
2255.89880989029	1167.25
2258.26956228301	1165.59997558594
2260.63960745567	1164.71667480469
2263.00894571731	1167.38330078125
2265.37757737688	1167.43334960938
2267.74550274324	1166.43334960938
2270.11272212517	1166.18334960938
2272.47923583134	1165.34997558594
2274.84504417031	1166.21667480469
2277.2101474506	1166.88330078125
2279.57454598058	1165.73327636719
2281.93824006856	1167.30004882813
2284.30123002275	1166.43334960938
2286.66351615125	1167.18334960938
2289.02509876208	1166.11669921875
2291.38597816317	1167.46667480469
2293.74615466236	1166.26672363281
2296.10562856737	1166.09997558594
2298.46440018585	1167.40002441406
2300.82246982535	1166.55004882813
2303.1798377933	1166.80004882813
2305.5365043971	1165.44995117188
2307.89246994399	1167.18334960938
2310.24773474116	1167.36669921875
2312.60229909566	1165.93334960938
2314.95616331451	1167.43334960938
2317.30932770456	1165.90002441406
2319.66179257263	1166.58337402344
2322.01355822542	1166.46667480469
2324.36462496953	1168.13330078125
2326.71499311146	1166.86669921875
2329.06466295764	1168.43334960938
2331.41363481439	1166.21667480469
2333.76190898794	1166.11669921875
2336.10948578441	1167.01672363281
2338.45636550986	1166.98327636719
2340.80254847022	1169.01672363281
2343.14803497132	1165.86669921875
2345.49282531895	1166.71667480469
2347.83691981874	1165.11669921875
2350.18031877626	1165.65002441406
2352.52302249699	1167.30004882813
2354.8650312863	1165.61669921875
2357.20634544946	1166.38330078125
2359.54696529166	1164.98327636719
2361.88689111798	1167.33337402344
2364.22612323341	1167.44995117188
2366.56466194287	1166.66662597656
2368.90250755114	1166.44995117188
2371.23966036293	1167.25
2373.57612068286	1165.68334960938
2375.91188881545	1165.61669921875
2378.2469650651	1166.68334960938
2380.58134973615	1164.83337402344
2382.91504313282	1165.55004882813
2385.24804555926	1166.41662597656
2387.58035731949	1166.09997558594
2389.91197871745	1165.36669921875
2392.24291005701	1166.38330078125
2394.57315164189	1165.76672363281
2396.90270377577	1165.93334960938
2399.23156676218	1166.11669921875
2401.55974090461	1164.01672363281
2403.88722650642	1164.81665039063
2406.21402387086	1166.06665039063
2408.54013330113	1166.19995117188
2410.8655551003	1165.09997558594
2413.19028957133	1165.46667480469
2415.51433701713	1165.75
2417.83769774049	1166.73327636719
2420.16037204408	1165.26672363281
2422.48236023051	1166.91662597656
2424.80366260228	1165.43334960938
2427.12427946179	1165.73327636719
2429.44421111134	1165.41662597656
2431.76345785315	1166.01672363281
2434.08201998932	1165.15002441406
2436.39989782188	1166.26672363281
2438.71709165273	1165.94995117188
2441.0336017837	1164.41662597656
2443.34942851653	1165.40002441406
2445.66457215282	1167.15002441406
2447.97903299412	1165.03332519531
2450.29281134185	1165.56665039063
2452.60590749736	1164.30004882813
2454.91832176188	1166.40002441406
2457.23005443656	1165.46667480469
2459.54110582243	1166.83337402344
2461.85147622045	1165.34997558594
2464.16116593146	1165.08337402344
2466.47017525621	1166.91662597656
2468.77850449536	1166.46667480469
2471.08615394947	1165.25
2473.39312391899	1165.05004882813
2475.69941470429	1167.15002441406
2478.00502660562	1165.51672363281
2480.30995992316	1166.5
2482.61421495697	1166.19995117188
2484.91779200702	1165.38330078125
2487.22069137316	1164.84997558594
2489.5229133552	1165.66662597656
2491.8244582528	1166.25
2494.12532636553	1165.21667480469
2496.42551799287	1166.21667480469
2498.72503343421	1165.5
2501.02387298882	1164.66662597656
2503.32203695588	1164.75
2505.61952563449	1164.93334960938
2507.91633932361	1166.30004882813
2510.21247832216	1164.63330078125
2512.50794292891	1167
2514.80273344255	1164.91662597656
2517.09685016167	1165.21667480469
2519.39029338476	1165.58337402344
2521.68306341022	1164.94995117188
2523.97516053634	1164.96667480469
2526.26658506132	1167.30004882813
2528.55733728325	1165.69995117188
2530.84741750012	1165.55004882813
2533.13682600984	1166.48327636719
2535.4255631102	1165.01672363281
2537.7136290989	1165.11669921875
2540.00102427354	1166.11669921875
2542.28774893162	1166.91662597656
2544.57380337053	1164.94995117188
2546.85918788758	1164.41662597656
2549.14390277997	1165.48327636719
2551.4279483448	1166.81665039063
2553.71132487906	1166.13330078125
2555.99403267966	1163.86669921875
2558.27607204341	1165.18334960938
2560.55744326699	1164.56665039063
2562.83814664702	1164.90002441406
2565.11818247999	1165.90002441406
2567.3975510623	1164.71667480469
2569.67625269025	1165.19995117188
2571.95428766003	1165.36669921875
2574.23165626776	1165.09997558594
2576.50835880942	1164.84997558594
2578.78439558093	1165.05004882813
2581.05976687806	1163.94995117188
2583.33447299652	1164.59997558594
2585.60851423191	1163.65002441406
2587.88189087972	1164.93334960938
2590.15460323534	1164.59997558594
2592.42665159406	1166.26672363281
2594.69803625108	1165.53332519531
2596.9687575015	1165.23327636719
2599.23881564029	1164.11669921875
2601.50821096235	1164.71667480469
2603.77694376245	1164.43334960938
2606.0450143353	1165.43334960938
2608.31242297548	1164.56665039063
2610.57916997746	1164.90002441406
2612.84525563562	1163.94995117188
2615.11068024426	1165.01672363281
2617.37544409753	1164.98327636719
2619.63954748952	1165.11669921875
2621.90299071421	1164.71667480469
2624.16577406546	1165.66662597656
2626.42789783705	1163.88330078125
2628.68936232264	1163.88330078125
2630.9501678158	1165.55004882813
2633.21031460999	1165.98327636719
2635.46980299857	1162.11669921875
2637.72863327481	1165.33337402344
2639.98680573185	1165.15002441406
2642.24432066276	1165.71667480469
2644.50117836048	1163.94995117188
2646.75737911786	1164.73327636719
2649.01292322765	1162.68334960938
2651.26781098249	1164.90002441406
2653.52204267492	1162.68334960938
2655.77561859738	1165.46667480469
2658.0285390422	1164.44995117188
2660.28080430161	1164.5
2662.53241466774	1165.21667480469
2664.78337043263	1162.28332519531
2667.03367188817	1163.34997558594
2669.2833193262	1164.36669921875
2671.53231303844	1164.61669921875
2673.78065331648	1164.93334960938
2676.02834045184	1165.75
2678.27537473592	1164.88330078125
2680.52175646002	1163.48327636719
2682.76748591535	1163.66662597656
2685.01256339298	1164.93334960938
2687.25698918391	1164.86669921875
2689.50076357901	1163.36669921875
2691.74388686909	1165.21667480469
2693.9863593448	1163.31665039063
2696.22818129672	1163.84997558594
2698.46935301532	1164.66662597656
2700.70987479096	1164.31665039063
2702.94974691389	1164.94995117188
2705.18896967428	1164.61669921875
2707.42754336216	1162.81665039063
2709.66546826749	1163.31665039063
2711.90274468011	1162.76672363281
2714.13937288974	1163.94995117188
2716.37535318602	1163.81665039063
2718.61068585848	1164.55004882813
2720.84537119652	1162.86669921875
2723.07940948947	1163.05004882813
2725.31280102654	1164.84997558594
2727.54554609682	1164.08337402344
2729.77764498933	1164.91662597656
2732.00909799294	1163.90002441406
2734.23990539644	1163.61669921875
2736.47006748853	1163.33337402344
2738.69958455777	1165.13330078125
2740.92845689263	1163.71667480469
2743.15668478147	1164.66662597656
2745.38426851257	1164.88330078125
2747.61120837406	1163.31665039063
2749.83750465399	1162.73327636719
2752.0631576403	1164.33337402344
2754.28816762083	1163.25
2756.51253488329	1163.75
2758.73625971532	1165.15002441406
2760.95934240442	1163.06665039063
2763.18178323801	1162.61669921875
2765.40358250338	1163.01672363281
2767.62474048773	1163.40002441406
2769.84525747814	1162.58337402344
2772.06513376159	1162.73327636719
2774.28436962496	1162.65002441406
2776.50296535501	1164.09997558594
2778.7209212384	1164.01672363281
2780.93823756168	1162.61669921875
2783.15491461129	1165.11669921875
2785.37095267358	1163.96667480469
2787.58635203477	1164.41662597656
2789.80111298097	1162.96667480469
2792.01523579822	1162.34997558594
2794.2287207724	1162.68334960938
2796.44156818932	1163.46667480469
2798.65377833468	1163.94995117188
2800.86535149404	1162.26672363281
2803.07628795289	1164.13330078125
2805.28658799659	1162.80004882813
2807.4962519104	1162.61669921875
2809.70527997946	1164.09997558594
2811.91367248883	1162.78332519531
2814.12142972342	1163.91662597656
2816.32855196807	1162.81665039063
2818.53503950749	1162.48327636719
2820.74089262628	1162.80004882813
2822.94611160894	1164.5
2825.15069673987	1163.09997558594
2827.35464830333	1162.61669921875
2829.55796658351	1163.18334960938
2831.76065186445	1163.71667480469
2833.96270443012	1164
2836.16412456437	1163.26672363281
2838.3649125509	1162.01672363281
2840.56506867336	1162.68334960938
2842.76459321526	1160.68334960938
2844.96348645999	1162.93334960938
2847.16174869086	1163.84997558594
2849.35938019105	1163.33337402344
2851.55638124363	1163.55004882813
2853.75275213157	1163.76672363281
2855.94849313772	1163.90002441406
2858.14360454483	1163.19995117188
2860.33808663553	1162.5
2862.53193969234	1163.94995117188
2864.72516399768	1163.21667480469
2866.91775983385	1163.91662597656
2869.10972748304	1164.98327636719
2871.30106722733	1163.80004882813
2873.4917793487	1164.63330078125
2875.68186412899	1164.31665039063
2877.87132184997	1165.34997558594
2880.06015279325	1167.28332519531
2882.24835724039	1165.26672363281
2884.43593547278	1163.78332519531
2886.62288777173	1165.34997558594
2888.80921441843	1165.76672363281
2890.99491569397	1166.76672363281
2893.1799918793	1166.01672363281
2895.36444325529	1166.03332519531
2897.54827010269	1167.21667480469
2899.73147270213	1167.34997558594
2901.91405133412	1167.30004882813
2904.09600627909	1166.65002441406
2906.27733781731	1167.66662597656
2908.45804622899	1167.71667480469
2910.63813179418	1168.30004882813
2912.81759479286	1166.63330078125
2914.99643550486	1167.36669921875
2917.17465420994	1167.71667480469
2919.3522511877	1167.65002441406
2921.52922671765	1169.08337402344
2923.7055810792	1168.56665039063
2925.88131455162	1168.90002441406
2928.05642741408	1169.90002441406
2930.23091994566	1170.23327636719
2932.40479242528	1169.76672363281
2934.57804513178	1169.83337402344
2936.75067834387	1168.98327636719
2938.92269234017	1168.98327636719
2941.09408739916	1168.81665039063
2943.26486379921	1169.71667480469
2945.4350218186	1166.93334960938
2947.60456173546	1170
2949.77348382783	1168.63330078125
2951.94178837363	1168.94995117188
2954.10947565068	1169.78332519531
2956.27654593666	1168.44995117188
2958.44299950915	1170.03332519531
2960.60883664562	1169.78332519531
2962.77405762341	1170.59997558594
2964.93866271975	1171.13330078125
2967.10265221178	1170.26672363281
2969.26602637648	1171.93334960938
2971.42878549076	1170.13330078125
2973.59092983139	1169.16662597656
2975.75245967501	1168.51672363281
2977.9133752982	1168.08337402344
2980.07367697736	1167.81665039063
2982.23336498882	1167.13330078125
2984.39243960877	1167.75
2986.5509011133	1168.06665039063
2988.70874977837	1167.30004882813
2990.86598587984	1166.43334960938
2993.02260969344	1167.61669921875
2995.17862149478	1166.43334960938
2997.33402155938	1167.38330078125
2999.48881016262	1166.18334960938
3001.64298757978	1165.13330078125
3003.796554086	1165.18334960938
3005.94950995633	1164.28332519531
3008.10185546569	1165.63330078125
3010.25359088888	1163.69995117188
3012.40471650059	1163.44995117188
3014.5552325754	1163.83337402344
3016.70513938776	1164.94995117188
3018.85443721201	1164.96667480469
3021.00312632236	1164.25
3023.15120699292	1163.65002441406
3025.29867949769	1163.55004882813
3027.44554411052	1165.25
3029.59180110516	1165.98327636719
3031.73745075527	1165.18334960938
3033.88249333434	1166.46667480469
3036.02692911578	1166.81665039063
3038.17075837287	1166.31665039063
3040.31398137877	1166.71667480469
3042.45659840653	1167.5
3044.59860972907	1167.15002441406
3046.7400156192	1166.83337402344
3048.88081634961	1165.88330078125
3051.02101219287	1164.16662597656
3053.16060342144	1164.33337402344
3055.29959030765	1164.40002441406
3057.43797312371	1163.51672363281
3059.57575214172	1165.01672363281
3061.71292763366	1163.43334960938
3063.84949987139	1165.03332519531
3065.98546912665	1165.84997558594
3068.12083567105	1164.06665039063
3070.2555997761	1165.25
3072.38976171319	1166.21667480469
3074.52332175356	1164.05004882813
3076.65628016837	1165.15002441406
3078.78863722863	1164.78332519531
3080.92039320526	1162.66662597656
3083.05154836902	1162.25
3085.1821029906	1163.48327636719
3087.31205734051	1162.31665039063
3089.44141168921	1160.78332519531
3091.57016630696	1162.69995117188
3093.69832146398	1162.05004882813
3095.82587743032	1162.13330078125
3097.9528344759	1162.56665039063
3100.07919287056	1159.81665039063
3102.204952884	1163.36669921875
3104.33011478579	1162.61669921875
3106.45467884538	1163.21667480469
3108.57864533212	1163.36669921875
3110.70201451522	1162.51672363281
3112.82478666378	1162.81665039063
3114.94696204676	1161.30004882813
3117.06854093301	1162.05004882813
3119.18952359127	1160.58337402344
3121.30991029013	1162.80004882813
3123.4297012981	1161.38330078125
3125.54889688352	1161.80004882813
3127.66749731464	1159.91662597656
3129.78550285957	1161.31665039063
3131.90291378633	1160.78332519531
3134.01973036277	1160.59997558594
3136.13595285665	1162.15002441406
3138.2515815356	1161.55004882813
3140.36661666714	1160.56665039063
3142.48105851863	1160.71667480469
3144.59490735734	1160.83337402344
3146.70816345041	1160.71667480469
3148.82082706486	1161.84997558594
3150.93289846758	1160.09997558594
3153.04437792532	1161.09997558594
3155.15526570475	1159.75
3157.26556207238	1160.84997558594
3159.37526729461	1160.88330078125
3161.48438163771	1160.78332519531
3163.59290536784	1159.69995117188
3165.70083875102	1161.55004882813
3167.80818205315	1159.84997558594
3169.91493554002	1160.71667480469
3172.02109947727	1160.36669921875
3174.12667413044	1159.88330078125
3176.23165976493	1159.71667480469
3178.33605664602	1158.66662597656
3180.43986503887	1159.86669921875
3182.54308520852	1158.61669921875
3184.64571741986	1161.41662597656
3186.74776193769	1160.48327636719
3188.84921902664	1159.98327636719
3190.95008895128	1159.81665039063
3193.05037197599	1160.58337402344
3195.15006836504	1161.19995117188
3197.24917838262	1160.11669921875
3199.34770229274	1160.34997558594
3201.44564035931	1160.91662597656
3203.5429928461	1159.23327636719
3205.63976001677	1160.38330078125
3207.73594213484	1160.53332519531
3209.83153946372	1159.19995117188
3211.92655226669	1159.36669921875
3214.02098080688	1160
3216.11482534732	1161.46667480469
3218.20808615091	1160.55004882813
3220.30076348041	1160.40002441406
3222.39285759847	1160.18334960938
3224.4843687676	1159.69995117188
3226.57529725019	1158.71667480469
3228.66564330851	1160
3230.75540720468	1160.40002441406
3232.8445892007	1159.5
3234.93318955847	1159.96667480469
3237.02120853974	1160.71667480469
3239.10864640612	1159.68334960938
3241.19550341911	1160.30004882813
3243.28177984009	1160.56665039063
3245.36747593029	1160.08337402344
3247.45259195083	1159.98327636719
3249.53712816268	1160.43334960938
3251.62108482672	1159.19995117188
3253.70446220366	1160.5
3255.78726055411	1158.76672363281
3257.86948013853	1160.09997558594
3259.95112121728	1161.06665039063
3262.03218405055	1161.01672363281
3264.11266889845	1159.34997558594
3266.19257602092	1159.5
3268.27190567779	1159.81665039063
3270.35065812876	1158.81665039063
3272.4288336334	1160.06665039063
3274.50643245114	1159.26672363281
3276.5834548413	1159.53332519531
3278.65990106305	1159.71667480469
3280.73577137545	1158.44995117188
3282.81106603742	1158.86669921875
3284.88578530774	1158.66662597656
3286.95992944508	1158.30004882813
3289.03349870796	1158.68334960938
3291.1064933548	1160.93334960938
3293.17891364384	1159.68334960938
3295.25075983324	1159.96667480469
3297.322032181	1158.73327636719
3299.39273094501	1159.58337402344
3301.462856383	1158.59997558594
3303.53240875259	1160.08337402344
3305.60138831128	1159.40002441406
3307.6697953164	1159.90002441406
3309.73763002519	1159.63330078125
3311.80489269472	1159.63330078125
3313.87158358198	1159.09997558594
3315.93770294378	1159.16662597656
3318.00325103681	1159.48327636719
3320.06822811764	1158.44995117188
3322.13263444272	1158.78332519531
3324.19647026832	1158.71667480469
3326.25973585064	1160.09997558594
3328.32243144568	1160.28332519531
3330.38455730938	1159.48327636719
3332.44611369749	1159.51672363281
3334.50710086564	1160.61669921875
3336.56751906936	1159.59997558594
3338.62736856401	1158.90002441406
3340.68664960483	1158.19995117188
3342.74536244693	1159.73327636719
3344.80350734528	1158.96667480469
3346.86108455472	1159
3348.91809432997	1159
3350.97453692559	1158.81665039063
3353.03041259603	1159.16662597656
3355.08572159559	1158.36669921875
3357.14046417844	1158.69995117188
3359.19464059863	1159.18334960938
3361.24825111005	1160.34997558594
3363.30129596648	1159.09997558594
3365.35377542155	1157.58337402344
3367.40568972878	1158.56665039063
3369.45703914152	1159.71667480469
3371.507823913	1158.96667480469
3373.55804429633	1158.61669921875
3375.60770054446	1159.18334960938
3377.65679291024	1159.08337402344
3379.70532164635	1159.38330078125
3381.75328700534	1158.34997558594
3383.80068923965	1158.61669921875
3385.84752860155	1158.88330078125
3387.89380534321	1158.88330078125
3389.93951971664	1159.08337402344
3391.98467197371	1159.08337402344
3394.02926236618	1158.05004882813
3396.07329114566	1158.5
3398.1167585636	1158.98327636719
3400.15966487137	1157.96667480469
3402.20201032014	1159.09997558594
3404.24379516099	1157.76672363281
3406.28501964484	1158.56665039063
3408.3256840225	1159.91662597656
3410.3657885446	1158.41662597656
3412.40533346167	1158.91662597656
3414.44431902408	1159.44995117188
3416.48274548209	1157.38330078125
3418.5206130858	1159.46667480469
3420.55792208516	1158.19995117188
3422.59467273003	1159.28332519531
3424.63086527009	1157.98327636719
3426.6664999549	1158.41662597656
3428.70157703386	1158.75
3430.73609675628	1158.86669921875
3432.77005937129	1158.18334960938
3434.80346512789	1158.78332519531
3436.83631427494	1158.34997558594
3438.86860706119	1157.96667480469
3440.90034373521	1159.05004882813
3442.93152454546	1158.13330078125
3444.96214974025	1158.58337402344
3446.99221956775	1157.86669921875
3449.021734276	1159.53332519531
3451.05069411289	1159.71667480469
3453.07909932619	1158.76672363281
3455.1069501635	1158.65002441406
3457.1342468723	1158.36669921875
3459.16098969993	1157.19995117188
3461.1871788936	1157.80004882813
3463.21281470035	1158.15002441406
3465.23789736712	1157.69995117188
3467.26242714067	1158.23327636719
3469.28640426765	1157.36669921875
3471.30982899455	1159.43334960938
3473.33270156774	1157.68334960938
3475.35502223343	1157.90002441406
3477.3767912377	1157.11669921875
3479.39800882649	1157.71667480469
3481.41867524559	1158.33337402344
3483.43879074066	1157.81665039063
3485.45835555721	1158.21667480469
3487.47736994062	1158.5
3489.49583413611	1157.30004882813
3491.51374838879	1158.59997558594
3493.53111294359	1157.21667480469
3495.54792804533	1158.43334960938
3497.56419393867	1157.71667480469
3499.57991086814	1156.78332519531
3501.59507907811	1157.94995117188
3503.60969881284	1157.56665039063
3505.6237703164	1157.05004882813
3507.63729383278	1157.33337402344
3509.65026960577	1157.28332519531
3511.66269787904	1157.71667480469
3513.67457889613	1157.01672363281
3515.68591290042	1157.43334960938
3517.69670013515	1158.53332519531
3519.70694084342	1156.44995117188
3521.7166352682	1156.75
3523.72578365229	1157.88330078125
3525.73438623836	1157.33337402344
3527.74244326893	1157.16662597656
3529.74995498641	1157.69995117188
3531.75692163301	1157.68334960938
3533.76334345084	1157.68334960938
3535.76922068186	1157.25
3537.77455356786	1157.34997558594
3539.77934235051	1157.55004882813
3541.78358727133	1158.15002441406
3543.78728857169	1157.26672363281
3545.79044649283	1157.28332519531
3547.79306127584	1155.68334960938
3549.79513316164	1157.08337402344
3551.79666239104	1157.96667480469
3553.79764920469	1156.5
3555.7980938431	1157.73327636719
3557.79799654663	1159.84997558594
3559.79735755548	1157.78332519531
3561.79617710974	1156.94995117188
3563.79445544932	1157.21667480469
3565.79219281401	1157.38330078125
3567.78938944344	1157.38330078125
3569.7860455771	1157.16662597656
3571.78216145432	1157.34997558594
3573.77773731431	1156.40002441406
3575.7727733961	1156.41662597656
3577.76726993861	1156.84997558594
3579.76122718059	1156.40002441406
3581.75464536064	1157.23327636719
3583.74752471725	1156.65002441406
3585.7398654887	1156.65002441406
3587.73166791317	1157.11669921875
3589.7229322287	1156.94995117188
3591.71365867314	1157.11669921875
3593.70384748424	1157.05004882813
3595.69349889955	1157.06665039063
3597.68261315654	1157.68334960938
3599.67119049245	1157.26672363281
3601.65923114446	1157.05004882813
3603.64673534952	1155.84997558594
3605.63370334449	1157.56665039063
3607.62013536607	1156.23327636719
3609.60603165079	1157.44995117188
3611.59139243504	1156.09997558594
3613.57621795509	1155.86669921875
3615.56050844701	1157.80004882813
3617.54426414677	1158.19995117188
3619.52748529017	1155.84997558594
3621.51017211285	1156.48327636719
3623.49232485031	1156.31665039063
3625.47394373792	1156.33337402344
3627.45502901088	1155.93334960938
3629.43558090423	1156.09997558594
3631.41559965288	1156.56665039063
3633.3950854916	1157.01672363281
3635.37403865498	1157.13330078125
3637.35245937747	1155.59997558594
3639.33034789339	1157.26672363281
3641.30770443688	1157.75
3643.28452924196	1156.75
3645.26082254248	1156.81665039063
3647.23658457212	1156.31665039063
3649.21181556447	1156.28332519531
3651.18651575291	1156.31665039063
3653.16068537069	1156.86669921875
3655.13432465092	1156.06665039063
3657.10743382653	1156.69995117188
3659.08001313034	1156.91662597656
3661.05206279498	1155.98327636719
3663.02358305295	1156.08337402344
3664.9945741366	1155.86669921875
3666.96503627811	1155.25
3668.93496970952	1157.19995117188
3670.90437466272	1156.81665039063
3672.87325136944	1156.43334960938
3674.84160006127	1156.81665039063
3676.80942096963	1156.63330078125
3678.77671432581	1156.43334960938
3680.74348036092	1155.05004882813
3682.70971930595	1158.38330078125
3684.6754313917	1155.75
3686.64061684885	1156.58337402344
3688.60527590791	1155.30004882813
3690.56940879924	1155.84997558594
3692.53301575303	1156.81665039063
3694.49609699936	1156.46667480469
3696.45865276812	1155.81665039063
3698.42068328904	1156
3700.38218879173	1155.84997558594
3702.34316950563	1155.05004882813
3704.30362566	1155.09997558594
3706.26355748399	1156.59997558594
3708.22296520657	1154.68334960938
3710.18184905656	1155.98327636719
3712.14020926263	1155.19995117188
3714.09804605328	1154.41662597656
3716.05535965687	1154.58337402344
3718.01215030162	1156.33337402344
3719.96841821555	1154.81665039063
3721.92416362657	1154.84997558594
3723.8793867624	1156.28332519531
3725.83408785063	1155.11669921875
3727.78826711869	1154.51672363281
3729.74192479384	1153.78332519531
3731.69506110319	1155.03332519531
3733.64767627371	1155.59997558594
3735.59977053219	1156.21667480469
3737.55134410528	1156.41662597656
3739.50239721947	1156.41662597656
3741.45293010108	1155.03332519531
3743.40294297631	1154.51672363281
3745.35243607116	1155.81665039063
3747.3014096115	1153.58337402344
3749.24986382303	1154.68334960938
3751.19779893131	1155.31665039063
3753.14521516171	1156.51672363281
3755.09211273949	1154.28332519531
3757.0384918897	1155.28332519531
3758.98435283728	1155.58337402344
3760.92969580698	1154.86669921875
3762.87452102341	1153.86669921875
3764.81882871101	1154.44995117188
3766.76261909407	1155.05004882813
3768.70589239672	1154.13330078125
3770.64864884293	1154.66662597656
3772.59088865651	1155.40002441406
3774.53261206112	1154.68334960938
3776.47381928025	1153.25
