-173.428722450078	1145.48327636719
-170.294344013779	1146.15002441406
-167.160990304052	1146.38330078125
-164.028660894548	1145.58337402344
-160.897355359205	1146.41662597656
-157.767073272189	1146.51672363281
-154.637814207931	1146.19995117188
-151.50957774112	1146.93334960938
-148.382363446704	1146.09997558594
-145.256170899859	1145.21667480469
-142.130999676054	1146.88330078125
-139.006849350965	1146.26672363281
-135.883719500571	1146.11669921875
-132.761609701053	1146.38330078125
-129.640519528863	1145.46667480469
-126.520448560715	1146.28332519531
-123.401396373553	1146.16662597656
-120.28336254458	1146.66662597656
-117.166346651252	1146.05004882813
-114.050348271258	1146.58337402344
-110.935366982541	1146.46667480469
-107.821402363301	1146.75
-104.708453991972	1146.73327636719
-101.596521447235	1146.51672363281
-98.4856043080122	1146.21667480469
-95.3757021534957	1145.11669921875
-92.2668145630801	1146.88330078125
-89.1589411164452	1147.05004882813
-86.0520813934781	1145.96667480469
-82.946234974338	1146.68334960938
-79.8414014394074	1145.56665039063
-76.7375803693083	1145.65002441406
-73.6347713449181	1146.56665039063
-70.532973947345	1145.28332519531
-67.4321877579402	1146.38330078125
-64.3324123582935	1146.15002441406
-61.2336473302252	1145.66662597656
-58.1358922558143	1146.28332519531
-55.0391467173494	1145.30004882813
-51.9434102973817	1147.46667480469
-48.8486825786838	1146.65002441406
-45.7549631442702	1145.98327636719
-42.662251577389	1146.33337402344
-39.5705474615295	1146.43334960938
-36.4798503804062	1145.5
-33.3901599179706	1146.41662597656
-30.301475658403	1146.01672363281
-27.2137971861287	1146.5
-24.1271240858053	1146.19995117188
-21.0414559423028	1145.23327636719
-17.9567923407513	1146.88330078125
-14.8731328664812	1146.08337402344
-11.7904771050747	1146.53332519531
-8.70882464233763	1145.90002441406
-5.62817506431157	1145.23327636719
-2.54852795725342	1146.71667480469
0.530117092344597	1148.06665039063
3.6077604977471	1147.30004882813
6.68440267202787	1147.5
9.76004402799773	1147.28332519531
12.8346849782609	1146.23327636719
15.9083259351831	1146.18334960938
18.9809673109237	1145.98327636719
22.0526095173877	1147.11669921875
25.1232529662903	1146.91662597656
28.1928980690886	1146.71667480469
31.2615452370419	1145.66662597656
34.32919488118	1147.21667480469
37.3958474123071	1145.5
40.4615032409942	1146.25
43.5261627776189	1146.38330078125
46.58982643231	1146.13330078125
49.6524946149833	1146.26672363281
52.7141677353456	1145.40002441406
55.7748462028835	1146.58337402344
58.8345304268427	1146.08337402344
61.8932208162729	1145.98327636719
64.9509177800033	1146.13330078125
68.0076217266271	1146.33337402344
71.0633330645419	1146.93334960938
74.118052201909	1147.11669921875
77.1717795467022	1150.03332519531
80.224515506648	1160.66662597656
83.2762604892772	1184.06665039063
86.3270149018856	1205.65002441406
89.3767791515896	1218.23327636719
92.4255536452548	1227.48327636719
95.4733387895519	1226.5
98.5201349909248	1227.56665039063
101.565942655643	1226.40002441406
104.610762189717	1226.51672363281
107.654593998963	1229
110.697438488996	1227.73327636719
113.739296065204	1224.38330078125
116.78016713278	1226.38330078125
119.820052096698	1222.40002441406
122.85895136172	1224.40002441406
125.896865332408	1220.84997558594
128.933794413111	1217.16662597656
131.969739007965	1218.08337402344
135.004699520911	1218.01672363281
138.038676355664	1215.68334960938
141.071669915751	1213.76672363281
144.103680604487	1213.43334960938
147.134708824975	1212.80004882813
150.164754980118	1214.15002441406
153.193819472611	1212.76672363281
156.221902704945	1214.05004882813
159.24900507942	1210.43334960938
162.275126998099	1210.40002441406
165.300268862873	1208.93334960938
168.324431075425	1211.31665039063
171.347614037231	1209.63330078125
174.369818149562	1212.08337402344
177.391043813491	1209.40002441406
180.411291429897	1209.76672363281
183.430561399437	1207.31665039063
186.448854122582	1209.94995117188
189.466169999607	1209.59997558594
192.482509430598	1210.09997558594
195.497872815412	1208.18334960938
198.512260553716	1206.59997558594
201.525673045011	1206.46667480469
204.538110688552	1208.44995117188
207.549573883427	1206.59997558594
210.560063028519	1207.75
213.569578522523	1207.65002441406
216.578120763917	1208.11669921875
219.585690151021	1211
222.592287081907	1210.53332519531
225.597911954507	1212.13330078125
228.602565166512	1214.80004882813
231.606247115456	1214.11669921875
234.608958198646	1215.43334960938
237.610698813222	1212.63330078125
240.611469356122	1214.93334960938
243.611270224103	1214.13330078125
246.610101813707	1215.30004882813
249.607964521295	1215.86669921875
252.604858743044	1214.09997558594
255.600784874935	1217.13330078125
258.595743312749	1216.71667480469
261.589734452097	1215.58337402344
264.582758688393	1216.13330078125
267.574816416842	1218.83337402344
270.565908032503	1219.06665039063
273.556033930195	1219.30004882813
276.545194504586	1220.13330078125
279.533390150138	1219.5
282.520621261151	1220.51672363281
285.506888231708	1222.53332519531
288.49219145571	1225.06665039063
291.476531326902	1222.09997558594
294.459908238794	1225.11669921875
297.442322584762	1228.43334960938
300.423774757966	1232.73327636719
303.404265151375	1233.78332519531
306.383794157805	1231.94995117188
309.362362169862	1231.01672363281
312.339969579982	1224.41662597656
315.316616780414	1220.46667480469
318.292304163227	1219.68334960938
321.267032120295	1220.18334960938
324.24080104332	1217.44995117188
327.213611323833	1216.96667480469
330.185463353171	1213.11669921875
333.156357522491	1214.65002441406
336.126294222774	1212.19995117188
339.095273844812	1212.40002441406
342.063296779227	1214.21667480469
345.030363416467	1211.05004882813
347.996474146782	1211.51672363281
350.961629360257	1211.78332519531
353.925829446806	1211
356.889074796147	1211.15002441406
359.851365797829	1209.81665039063
362.812702841222	1212.56665039063
365.773086315536	1211.28332519531
368.732516609768	1210.18334960938
371.690994112778	1210.06665039063
374.648519213243	1208.26672363281
377.605092299631	1208.06665039063
380.560713760273	1205.36669921875
383.515383983307	1208.68334960938
386.469103356711	1207.66662597656
389.421872268273	1207.41662597656
392.373691105615	1206.94995117188
395.32456025619	1206.90002441406
398.274480107272	1207.48327636719
401.223451045967	1206.08337402344
404.171473459202	1205.21667480469
407.118547733728	1205.19995117188
410.064674256155	1205.16662597656
413.009853412892	1204.66662597656
415.954085590181	1203.96667480469
418.8973711741	1206.83337402344
421.83971055055	1203.94995117188
424.781104105281	1206.15002441406
427.721552223856	1207.28332519531
430.661055291665	1209.63330078125
433.599613693946	1208.69995117188
436.537227815752	1208.30004882813
439.473898041993	1205.71667480469
442.409624757378	1203.80004882813
445.344408346476	1203.31665039063
448.278249193683	1201.36669921875
451.211147683207	1201.76672363281
454.143104199122	1197.80004882813
457.074119125312	1199
460.004192845497	1197.51672363281
462.933325743267	1200.38330078125
465.861518202001	1199.71667480469
468.788770604917	1201.88330078125
471.71508333511	1200.43334960938
474.640456775471	1198.84997558594
477.564891308737	1202.26672363281
480.488387317487	1203.73327636719
483.410945184141	1204.38330078125
486.332565290942	1207.01672363281
489.253248019986	1208.80004882813
492.172993753197	1211.68334960938
495.091802872338	1214.08337402344
498.009675759011	1218.78332519531
500.926612794666	1227.40002441406
503.842614360571	1238.46667480469
506.757680837864	1263.43334960938
509.671812607493	1318.33337402344
512.585010050263	1481.90002441406
515.497273546817	2015.68334960938
518.408603477637	2877.05004882813
521.319000223045	2977.94995117188
524.228464163205	2260.44995117188
527.136995678121	1711.16662597656
530.044595147647	1467.75
532.951262951471	1348.05004882813
535.856999469123	1287.51672363281
538.761805079986	1258.68334960938
541.665680163279	1237.36669921875
544.568625098049	1225.98327636719
547.470640263216	1217.15002441406
550.371726037533	1213.06665039063
553.271882799588	1209.55004882813
556.171110927825	1208.44995117188
559.069410800531	1203.98327636719
561.966782795823	1202.63330078125
564.863227291685	1199.03332519531
567.758744665944	1199.44995117188
570.653335296256	1196.76672363281
573.546999560148	1198.51672363281
576.439737834969	1195.5
579.331550497935	1197.61669921875
582.222437926093	1197.5
585.112400496356	1195.18334960938
588.001438585469	1199.43334960938
590.889552570021	1196.41662597656
593.77674282648	1194.03332519531
596.663009731132	1196.15002441406
599.548353660116	1197.21667480469
602.432774989433	1195.43334960938
605.316274094926	1196.68334960938
608.198851352303	1194.73327636719
611.080507137075	1198.30004882813
613.961241824667	1198.78332519531
616.841055790315	1201.38330078125
619.71994940911	1201.30004882813
622.597923056008	1201.13330078125
625.474977105798	1199.11669921875
628.351111933143	1196.93334960938
631.22632791255	1195.61669921875
634.10062541835	1198.23327636719
636.97400482478	1197.26672363281
639.846466505882	1195.21667480469
642.718010835585	1194.81665039063
645.58863818764	1197.63330078125
648.458348935679	1197.58337402344
651.327143453188	1198.15002441406
654.195022113475	1197.63330078125
657.061985289745	1199.16662597656
659.928033355022	1198.59997558594
662.79316668221	1199.56665039063
665.657385644057	1196
668.520690613176	1197.94995117188
671.383081962017	1199.5
674.244560062899	1198.48327636719
677.105125288002	1198.48327636719
679.964778009343	1197.26672363281
682.823518598832	1198.61669921875
685.681347428202	1197.01672363281
688.538264869057	1196.40002441406
691.394271292855	1194.61669921875
694.249367070914	1194.81665039063
697.103552574412	1191.36669921875
699.956828174378	1192.44995117188
702.809194241715	1193.25
705.660651147175	1193.98327636719
708.511199261361	1188.93334960938
711.360838954755	1191.33337402344
714.209570597676	1191.18334960938
717.057394560329	1191.55004882813
719.90431121275	1190.90002441406
722.750320924861	1192
725.59542406643	1193.34997558594
728.439621007094	1191.25
731.282912116347	1192.33337402344
734.125297763539	1191.08337402344
736.966778317898	1189.84997558594
739.807354148498	1191.84997558594
742.647025624275	1193.30004882813
745.485793114042	1191.93334960938
748.323656986468	1191.90002441406
751.160617610072	1193.41662597656
753.996675353258	1192.38330078125
756.831830584275	1195.61669921875
759.666083671249	1194.15002441406
762.499434982158	1192.59997558594
765.331884884853	1191.33337402344
768.163433747055	1193.38330078125
770.994081936328	1193.88330078125
773.823829820116	1193.40002441406
776.652677765732	1195.71667480469
779.480626140347	1194.78332519531
782.307675310993	1194.23327636719
785.133825644576	1192.5
787.959077507869	1194.38330078125
790.783431267511	1196.61669921875
793.606887289986	1191.40002441406
796.429445941685	1191.93334960938
799.251107588836	1195.11669921875
802.071872597536	1195.36669921875
804.891741333751	1195.78332519531
807.71071416334	1195.91662597656
810.528791451981	1195.94995117188
813.345973565269	1196.34997558594
816.162260868638	1196.91662597656
818.977653727395	1196.56665039063
821.792152506717	1197.25
824.605757571661	1198.55004882813
827.418469287133	1195.01672363281
830.230288017926	1198.15002441406
833.0412141287	1197.25
835.851247983973	1196.56665039063
838.660389948141	1197.15002441406
841.468640385466	1195.96667480469
844.27599966009	1195.76672363281
847.082468136026	1195.23327636719
849.888046177135	1196.28332519531
852.692734147171	1196.76672363281
855.496532409758	1194.59997558594
858.29944132839	1196.58337402344
861.10146126642	1196.38330078125
863.902592587094	1196.30004882813
866.702835653509	1198.46667480469
869.502190828641	1194.86669921875
872.300658475353	1197.13330078125
875.098238956361	1198.43334960938
877.894932634271	1197.15002441406
880.690739871548	1197.15002441406
883.485661030531	1196.09997558594
886.279696473447	1197.84997558594
889.072846562376	1197.06665039063
891.86511165929	1194.84997558594
894.65649212603	1199.13330078125
897.446988324303	1198.25
900.236600615703	1195.71667480469
903.025329361687	1198
905.813174923597	1198.25
908.600137662639	1197.11669921875
911.38621793991	1198.26672363281
914.171416116365	1200.09997558594
916.95573255285	1202.15002441406
919.739167610082	1198.76672363281
922.521721648641	1203.34997558594
925.303395029005	1207.26672363281
928.084188111517	1213.19995117188
930.864101256396	1220.13330078125
933.643134823733	1228.94995117188
936.42128917351	1241.93334960938
939.198564665577	1248.58337402344
941.97496165967	1250.88330078125
944.750480515391	1255.5
947.525121592226	1255.05004882813
950.298885249534	1255.23327636719
953.071771846555	1253.84997558594
955.843781742413	1256.08337402344
958.614915296108	1255.5
961.385172866513	1253.33337402344
964.154554812387	1254.63330078125
966.92306149236	1256.65002441406
969.690693264949	1256.28332519531
972.457450488552	1256.90002441406
975.223333521431	1253.53332519531
977.988342721749	1256.58337402344
980.752478447535	1255.05004882813
983.515741056708	1253.71667480469
986.278130907059	1249.83337402344
989.039648356259	1241.19995117188
991.800293761863	1230.56665039063
994.560067481312	1224.71667480469
997.318969871913	1220.15002441406
1000.07700129088	1216.80004882813
1002.83416209528	1211.55004882813
1005.59045264208	1209.19995117188
1008.34587328813	1209.31665039063
1011.10042439014	1205.55004882813
1013.85410630472	1201.65002441406
1016.60691938837	1204.96667480469
1019.35886399746	1203.09997558594
1022.10994048823	1202.66662597656
1024.86014921684	1201
1027.60949053928	1197.56665039063
1030.35796481149	1197.84997558594
1033.10557238924	1194.19995117188
1035.85231362819	1193.83337402344
1038.5981888839	1193.90002441406
1041.34319851182	1190.51672363281
1044.08734286727	1191.41662597656
1046.83062230544	1189.09997558594
1049.57303718143	1189.61669921875
1052.31458785021	1190.84997558594
1055.05527466665	1190.68334960938
1057.79509798549	1189.69995117188
1060.53405816134	1189.56665039063
1063.27215554874	1189.58337402344
1066.00939050209	1190.98327636719
1068.74576337565	1188.18334960938
1071.48127452361	1188.41662597656
1074.21592430002	1188.38330078125
1076.94971305882	1188.68334960938
1079.68264115384	1187.21667480469
1082.41470893879	1188.65002441406
1085.14591676728	1188.15002441406
1087.8762649928	1187.56665039063
1090.60575396871	1189.06665039063
1093.33438404827	1190.43334960938
1096.06215558464	1189.90002441406
1098.78906893086	1188.55004882813
1101.51512443981	1189.90002441406
1104.24032246435	1187.21667480469
1106.96466335716	1189.06665039063
1109.68814747081	1188.46667480469
1112.41077515779	1186.19995117188
1115.13254677044	1187.80004882813
1117.85346266104	1188.56665039063
1120.57352318169	1189.56665039063
1123.29272868445	1185.69995117188
1126.01107952121	1187.56665039063
1128.72857604378	1188.15002441406
1131.44521860385	1188.34997558594
1134.16100755301	1186.73327636719
1136.87594324271	1188.30004882813
1139.59002602433	1187.90002441406
1142.3032562491	1189.16662597656
1145.01563426818	1191.26672363281
1147.72716043257	1189.80004882813
1150.43783509322	1190.59997558594
1153.14765860091	1190.75
1155.85663130634	1187.81665039063
1158.56475356012	1188.26672363281
1161.27202571271	1187.71667480469
1163.97844811448	1188.56665039063
1166.68402111569	1189.13330078125
1169.38874506649	1187.96667480469
1172.09262031694	1188.06665039063
1174.79564721695	1187.69995117188
1177.49782611635	1187.55004882813
1180.19915736486	1185.61669921875
1182.89964131208	1187.61669921875
1185.59927830751	1187.73327636719
1188.29806870054	1188.30004882813
1190.99601284046	1186.15002441406
1193.69311107643	1187.75
1196.38936375753	1190
1199.08477123271	1188.41662597656
1201.77933385082	1188.66662597656
1204.47305196061	1185.66662597656
1207.1659259107	1187.65002441406
1209.85795604964	1189.08337402344
1212.54914272585	1189.05004882813
1215.23948628763	1189.78332519531
1217.92898708319	1188.90002441406
1220.61764546064	1188.59997558594
1223.30546176798	1188.63330078125
1225.99243635308	1187.84997558594
1228.67856956373	1188.28332519531
1231.36386174761	1187.36669921875
1234.04831325228	1188.18334960938
1236.73192442522	1186.84997558594
1239.41469561377	1188.98327636719
1242.09662716519	1189.63330078125
1244.77771942662	1188.96667480469
1247.45797274511	1188.68334960938
1250.13738746759	1190.46667480469
1252.81596394089	1189.63330078125
1255.49370251175	1188.18334960938
1258.17060352676	1188.93334960938
1260.84666733246	1189.96667480469
1263.52189427525	1188.30004882813
1266.19628470144	1188.43334960938
1268.86983895722	1190.03332519531
1271.5425573887	1189.53332519531
1274.21444034186	1190.90002441406
1276.8854881626	1188.83337402344
1279.55570119671	1190.08337402344
1282.22507978985	1189.83337402344
1284.89362428759	1192.01672363281
1287.56133503543	1189.19995117188
1290.22821237872	1192.18334960938
1292.89425666274	1193.46667480469
1295.55946823263	1192.59997558594
1298.22384743346	1192.59997558594
1300.88739461019	1191.06665039063
1303.55011010766	1190.19995117188
1306.21199427063	1188.69995117188
1308.87304744373	1189.01672363281
1311.53326997152	1188.33337402344
1314.19266219843	1188.75
1316.8512244688	1189.28332519531
1319.50895712687	1187.71667480469
1322.16586051676	1187.75
1324.82193498252	1189.01672363281
1327.47718086806	1188.71667480469
1330.1315985172	1188.76672363281
1332.78518827369	1189.68334960938
1335.43795048114	1187.38330078125
1338.08988548307	1188.59997558594
1340.74099362289	1188.46667480469
1343.39127524392	1190.11669921875
1346.04073068939	1189.28332519531
1348.6893603024	1188.21667480469
1351.33716442597	1188.69995117188
1353.98414340301	1188.21667480469
1356.63029757632	1187.63330078125
1359.27562728863	1188.65002441406
1361.92013288252	1185.91662597656
1364.56381470053	1187.93334960938
1367.20667308505	1186.80004882813
1369.84870837838	1186.41662597656
1372.48992092274	1186.75
1375.13031106023	1188
1377.76987913284	1187.03332519531
1380.40862548251	1187.43334960938
1383.04655045101	1185.98327636719
1385.68365438006	1186.16662597656
1388.31993761126	1187.23327636719
1390.95540048612	1185.65002441406
1393.59004334605	1188.08337402344
1396.22386653233	1187.98327636719
1398.85687038619	1187.25
1401.48905524873	1188.88330078125
1404.12042146094	1188.56665039063
1406.75096936375	1188.63330078125
1409.38069929796	1187.68334960938
1412.00961160428	1189.96667480469
1414.63770662332	1188.23327636719
1417.26498469557	1187.09997558594
1419.89144616146	1186.55004882813
1422.51709136132	1188.75
1425.14192063532	1187.66662597656
1427.76593432361	1187.31665039063
1430.3891327662	1187.16662597656
1433.01151630299	1186.11669921875
1435.63308527382	1185.98327636719
1438.2538400184	1188.09997558594
1440.87378087637	1189.34997558594
1443.49290818722	1187.13330078125
1446.1112222904	1186.90002441406
1448.72872352524	1188.69995117188
1451.34541223097	1189.41662597656
1453.96128874671	1188.13330078125
1456.5763534115	1187.44995117188
1459.19060656429	1187.18334960938
1461.8040485439	1187.69995117188
1464.41667968907	1189.09997558594
1467.02850033846	1188.88330078125
1469.63951083061	1189.66662597656
1472.24971150397	1188.5
1474.8591026969	1187.48327636719
1477.46768474763	1188.73327636719
1480.07545799434	1189.58337402344
1482.68242277508	1189.38330078125
1485.28857942782	1189.59997558594
1487.89392829042	1186.56665039063
1490.49846970065	1187.38330078125
1493.10220399619	1184.71667480469
1495.70513151461	1184.68334960938
1498.30725259339	1186.5
1500.90856756992	1186.86669921875
1503.50907678146	1185.38330078125
1506.10878056524	1186.44995117188
1508.70767925832	1184.83337402344
1511.30577319772	1184.88330078125
1513.90306272032	1183.90002441406
1516.49954816295	1184.96667480469
1519.09522986229	1184.75
1521.69010815498	1185.33337402344
1524.28418337751	1186.58337402344
1526.87745586632	1185.68334960938
1529.46992595773	1184.03332519531
1532.06159398796	1185.53332519531
1534.65246029316	1186.19995117188
1537.24252520935	1183.61669921875
1539.83178907249	1184.53332519531
1542.42025221841	1187.28332519531
1545.00791498287	1184.84997558594
1547.59477770152	1186.23327636719
1550.18084070993	1186.06665039063
1552.76610434356	1185.75
1555.35056893777	1187.66662597656
1557.93423482785	1186.13330078125
1560.51710234896	1185.93334960938
1563.0991718362	1186.59997558594
1565.68044362457	1187.86669921875
1568.26091804893	1188.5
1570.84059544411	1189.71667480469
1573.41947614481	1191.56665039063
1575.99756048562	1189.94995117188
1578.57484880108	1192.51672363281
1581.15134142559	1190.66662597656
1583.72703869349	1191.59997558594
1586.301940939	1190.69995117188
1588.87604849628	1189.59997558594
1591.44936169934	1192.53332519531
1594.02188088215	1192.65002441406
1596.59360637855	1193.5
1599.16453852232	1197.06665039063
1601.73467764709	1197.26672363281
1604.30402408647	1201.36669921875
1606.87257817391	1201.15002441406
1609.44034024281	1195.93334960938
1612.00731062644	1193.78332519531
1614.57348965801	1192.5
1617.13887767062	1190.15002441406
1619.70347499726	1191.09997558594
1622.26728197086	1190.19995117188
1624.83029892423	1191.16662597656
1627.39252619012	1191.88330078125
1629.95396410112	1193.91662597656
1632.5146129898	1195.78332519531
1635.07447318858	1193.30004882813
1637.63354502984	1193.03332519531
1640.19182884582	1189.88330078125
1642.74932496868	1189.46667480469
1645.3060337305	1187.63330078125
1647.86195546325	1187.69995117188
1650.41709049882	1186.15002441406
1652.971439169	1186.05004882813
1655.52500180548	1184.23327636719
1658.07777873987	1185.41662597656
1660.62977030368	1184.93334960938
1663.18097682833	1187.01672363281
1665.73139864514	1186.05004882813
1668.28103608534	1186.09997558594
1670.82988948008	1184.33337402344
1673.37795916039	1184.61669921875
1675.92524545724	1187.11669921875
1678.47174870147	1186.33337402344
1681.01746922386	1182.80004882813
1683.56240735508	1184.36669921875
1686.10656342572	1186.34997558594
1688.64993776626	1187.41662597656
1691.19253070709	1184.41662597656
1693.73434257853	1184.91662597656
1696.27537371078	1183.66662597656
1698.81562443395	1184.84997558594
1701.35509507809	1185.93334960938
1703.89378597311	1184.46667480469
1706.43169744886	1185.94995117188
1708.96882983509	1186.09997558594
1711.50518346144	1186.66662597656
1714.0407586575	1188.08337402344
1716.57555575272	1187.90002441406
1719.10957507649	1189.40002441406
1721.64281695809	1190.55004882813
1724.17528172671	1192.40002441406
1726.70696971146	1191.44995117188
1729.23788124135	1191.75
1731.7680166453	1190.25
1734.29737625213	1188.83337402344
1736.82596039057	1187.41662597656
1739.35376938927	1187.73327636719
1741.88080357677	1188.76672363281
1744.40706328154	1186.33337402344
1746.93254883193	1185.90002441406
1749.45726055623	1186.08337402344
1751.9811987826	1184.61669921875
1754.50436383915	1185.93334960938
1757.02675605387	1183.96667480469
1759.54837575466	1182.63330078125
1762.06922326934	1184.16662597656
1764.58929892564	1183.83337402344
1767.10860305118	1183.5
1769.6271359735	1185.56665039063
1772.14489802005	1184.55004882813
1774.66188951817	1184.73327636719
1777.17811079515	1185.34997558594
1779.69356217815	1185.25
1782.20824399425	1185.56665039063
1784.72215657043	1185.88330078125
1787.23530023361	1184.63330078125
1789.74767531057	1185.34997558594
1792.25928212804	1184.46667480469
1794.77012101264	1184.25
1797.2801922909	1182.58337402344
1799.78949628926	1185.5
1802.29803333406	1184.86669921875
1804.80580375158	1185.06665039063
1807.31280786797	1184.53332519531
1809.81904600929	1183.23327636719
1812.32451850154	1183.08337402344
1814.82922567061	1184.33337402344
1817.33316784231	1183.06665039063
1819.83634534233	1186.78332519531
1822.33875849629	1185.21667480469
1824.84040762973	1186.05004882813
1827.34129306808	1183.43334960938
1829.84141513667	1185.06665039063
1832.34077416077	1184.96667480469
1834.83937046553	1182.98327636719
1837.33720437602	1184.18334960938
1839.83427621723	1185.63330078125
1842.33058631404	1184.06665039063
1844.82613499125	1183.69995117188
1847.32092257355	1184.06665039063
1849.81494938558	1184.51672363281
1852.30821575184	1184.40002441406
1854.80072199677	1184.84997558594
1857.29246844473	1183.91662597656
1859.78345541994	1183.08337402344
1862.27368324658	1184.61669921875
1864.76315224871	1183.56665039063
1867.2518627503	1183.48327636719
1869.73981507524	1182.28332519531
1872.22700954733	1184.05004882813
1874.71344649027	1183.76672363281
1877.19912622768	1185.18334960938
1879.68404908308	1185.51672363281
1882.16821537988	1184.84997558594
1884.65162544145	1185.19995117188
1887.13427959102	1183.19995117188
1889.61617815175	1183.90002441406
1892.0973214467	1184.73327636719
1894.57770979887	1184.34997558594
1897.05734353113	1185.53332519531
1899.53622296628	1184.80004882813
1902.014348427	1183
1904.49172023593	1184.46667480469
1906.96833871558	1184.68334960938
1909.44420418839	1186.93334960938
1911.91931697668	1185.91662597656
1914.39367740272	1183.69995117188
1916.86728578865	1182.48327636719
1919.34014245654	1184.68334960938
1921.81224772838	1184.88330078125
1924.28360192604	1185.28332519531
1926.75420537132	1186.5
1929.22405838593	1182.44995117188
1931.69316129147	1182.11669921875
1934.16151440948	1183.81665039063
1936.62911806136	1183.61669921875
1939.09597256848	1182.88330078125
1941.56207825207	1184.40002441406
1944.0274354333	1184.08337402344
1946.49204443322	1183.28332519531
1948.95590557284	1183.91662597656
1951.41901917301	1184.48327636719
1953.88138555454	1183.44995117188
1956.34300503813	1183.56665039063
1958.8038779444	1184.96667480469
1961.26400459387	1186.01672363281
1963.72338530697	1183.34997558594
1966.18202040403	1185.43334960938
1968.63991020531	1183.09997558594
1971.09705503097	1186.59997558594
1973.55345520107	1183.69995117188
1976.0091110356	1184.56665039063
1978.46402285444	1184.61669921875
1980.91819097737	1182.61669921875
1983.3716157241	1184.68334960938
1985.82429741427	1184.51672363281
1988.27623636736	1184.34997558594
1990.72743290284	1185.18334960938
1993.17788734002	1184.06665039063
1995.62759999817	1183.66662597656
1998.07657119644	1183.84997558594
2000.5248012539	1184.21667480469
2002.97229048952	1182.63330078125
2005.41903922219	1187.40002441406
2007.86504777071	1184.71667480469
2010.31031645378	1185.75
2012.75484559	1186.08337402344
2015.19863549792	1183.51672363281
2017.64168649594	1184.01672363281
2020.08399890242	1185.71667480469
2022.5255730356	1184.65002441406
2024.96640921365	1183.16662597656
2027.40650775462	1185
2029.84586897649	1184.55004882813
2032.28449319715	1186
2034.72238073438	1184
2037.15953190591	1183.76672363281
2039.59594702932	1182.91662597656
2042.03162642215	1186.25
2044.46657040182	1185.38330078125
2046.90077928567	1186.30004882813
2049.33425339095	1184.46667480469
2051.76699303481	1183.93334960938
2054.19899853433	1187.73327636719
2056.63027020645	1184.40002441406
2059.06080836809	1184.06665039063
2061.49061333602	1184.21667480469
2063.91968542694	1184.03332519531
2066.34802495747	1185.05004882813
2068.77563224411	1183.03332519531
2071.20250760329	1183.16662597656
2073.62865135136	1183.59997558594
2076.05406380455	1183.40002441406
2078.47874527901	1183.43334960938
2080.9026960908	1185.75
2083.3259165559	1183.93334960938
2085.74840699018	1184.15002441406
2088.17016770944	1183.23327636719
2090.59119902935	1184.96667480469
2093.01150126553	1183.48327636719
2095.43107473348	1184.94995117188
2097.84991974864	1183.19995117188
2100.26803662633	1186.34997558594
2102.68542568178	1184.84997558594
2105.10208723015	1183.98327636719
2107.51802158648	1186.05004882813
2109.93322906574	1184.51672363281
2112.3477099828	1184.94995117188
2114.76146465245	1185.91662597656
2117.17449338937	1185.5
2119.58679650815	1185.06665039063
2121.9983743233	1185.53332519531
2124.40922714924	1184.28332519531
2126.81935530029	1183.31665039063
2129.22875909067	1183.41662597656
2131.63743883452	1184.5
2134.04539484589	1185.34997558594
2136.45262743874	1185.68334960938
2138.85913692692	1184.08337402344
2141.26492362422	1183.44995117188
2143.6699878443	1183.61669921875
2146.07432990076	1184.73327636719
2148.47795010708	1186.18334960938
2150.88084877667	1182.51672363281
2153.28302622285	1183.91662597656
2155.68448275883	1181.98327636719
2158.08521869774	1184.90002441406
2160.48523435261	1185.69995117188
2162.88453003639	1182.58337402344
2165.28310606193	1184.26672363281
2167.68096274199	1182.86669921875
2170.07810038922	1183.66662597656
2172.47451931622	1184.03332519531
2174.87021983546	1185.15002441406
2177.26520225933	1182.71667480469
2179.65946690013	1182.61669921875
2182.05301407006	1182.44995117188
2184.44584408123	1184.21667480469
2186.83795724567	1183.63330078125
2189.22935387531	1183.09997558594
2191.62003428198	1182.55004882813
2194.00999877743	1182.16662597656
2196.39924767329	1184.81665039063
2198.78778128115	1184.11669921875
2201.17559991245	1184.38330078125
2203.56270387857	1183.61669921875
2205.94909349081	1185.5
2208.33476906033	1183.75
2210.71973089824	1183.06665039063
2213.10397931554	1183.38330078125
2215.48751462314	1184.56665039063
2217.87033713186	1182.5
2220.25244715242	1184.09997558594
2222.63384499546	1184.55004882813
2225.01453097151	1184.34997558594
2227.39450539101	1181.84997558594
2229.77376856434	1185.71667480469
2232.15232080173	1184.55004882813
2234.53016241336	1183.28332519531
2236.9072937093	1184.23327636719
2239.28371499954	1185.68334960938
2241.65942659396	1182.18334960938
2244.03442880236	1183.33337402344
2246.40872193443	1183.40002441406
2248.78230629979	1183.31665039063
2251.15518220795	1183.76672363281
2253.52734996835	1183.5
2255.89880989029	1185.34997558594
2258.26956228301	1184.46667480469
2260.63960745567	1186.03332519531
2263.00894571731	1182.59997558594
2265.37757737688	1185.09997558594
2267.74550274324	1183.25
2270.11272212517	1183.44995117188
2272.47923583134	1183.33337402344
2274.84504417031	1184.48327636719
2277.2101474506	1183.69995117188
2279.57454598058	1183.59997558594
2281.93824006856	1183.58337402344
2284.30123002275	1182.76672363281
2286.66351615125	1183.40002441406
2289.02509876208	1184
2291.38597816317	1186.03332519531
2293.74615466236	1184.84997558594
2296.10562856737	1183.19995117188
2298.46440018585	1183.30004882813
2300.82246982535	1183.88330078125
2303.1798377933	1182.06665039063
2305.5365043971	1182.91662597656
2307.89246994399	1184.46667480469
2310.24773474116	1182.83337402344
2312.60229909566	1183.98327636719
2314.95616331451	1183.90002441406
2317.30932770456	1183.94995117188
2319.66179257263	1182.63330078125
2322.01355822542	1183.5
2324.36462496953	1183.58337402344
2326.71499311146	1184.90002441406
2329.06466295764	1184.48327636719
2331.41363481439	1184.53332519531
2333.76190898794	1182.40002441406
2336.10948578441	1184.30004882813
2338.45636550986	1184.08337402344
2340.80254847022	1184.15002441406
2343.14803497132	1181.98327636719
2345.49282531895	1183.28332519531
2347.83691981874	1183.28332519531
2350.18031877626	1182.90002441406
2352.52302249699	1183.68334960938
2354.8650312863	1182.71667480469
2357.20634544946	1185.75
2359.54696529166	1185.71667480469
2361.88689111798	1184.5
2364.22612323341	1184.58337402344
2366.56466194287	1183.65002441406
2368.90250755114	1185.08337402344
2371.23966036293	1183.94995117188
2373.57612068286	1184.43334960938
2375.91188881545	1182.96667480469
2378.2469650651	1184.33337402344
2380.58134973615	1182.31665039063
2382.91504313282	1184.19995117188
2385.24804555926	1183.41662597656
2387.58035731949	1182.80004882813
2389.91197871745	1183.26672363281
2392.24291005701	1184.69995117188
2394.57315164189	1183.23327636719
2396.90270377577	1184.65002441406
2399.23156676218	1183.36669921875
2401.55974090461	1183.58337402344
2403.88722650642	1184.30004882813
2406.21402387086	1183
2408.54013330113	1181.5
2410.8655551003	1181.81665039063
2413.19028957133	1183.08337402344
2415.51433701713	1184.38330078125
2417.83769774049	1183.28332519531
2420.16037204408	1182.30004882813
2422.48236023051	1182.86669921875
2424.80366260228	1182.93334960938
2427.12427946179	1183.34997558594
2429.44421111134	1185.59997558594
2431.76345785315	1182.16662597656
2434.08201998932	1185.13330078125
2436.39989782188	1184.25
2438.71709165273	1183.43334960938
2441.0336017837	1182.63330078125
2443.34942851653	1186.28332519531
2445.66457215282	1183.5
2447.97903299412	1183.83337402344
2450.29281134185	1183.36669921875
2452.60590749736	1183.81665039063
2454.91832176188	1183.66662597656
2457.23005443656	1182.80004882813
2459.54110582243	1183.94995117188
2461.85147622045	1183.73327636719
2464.16116593146	1183.25
2466.47017525621	1182.83337402344
2468.77850449536	1182.44995117188
2471.08615394947	1183.36669921875
2473.39312391899	1183.15002441406
2475.69941470429	1181.83337402344
2478.00502660562	1180.73327636719
2480.30995992316	1183.61669921875
2482.61421495697	1183.51672363281
2484.91779200702	1182.96667480469
2487.22069137316	1182.84997558594
2489.5229133552	1182.61669921875
2491.8244582528	1184.01672363281
2494.12532636553	1182.71667480469
2496.42551799287	1185
2498.72503343421	1182.30004882813
2501.02387298882	1184.61669921875
2503.32203695588	1184
2505.61952563449	1182.44995117188
2507.91633932361	1181.76672363281
2510.21247832216	1183.11669921875
2512.50794292891	1181.33337402344
2514.80273344255	1183.36669921875
2517.09685016167	1182.76672363281
2519.39029338476	1183.63330078125
2521.68306341022	1181.75
2523.97516053634	1183.43334960938
2526.26658506132	1184.13330078125
2528.55733728325	1185.41662597656
2530.84741750012	1182.96667480469
2533.13682600984	1183.96667480469
2535.4255631102	1183.69995117188
2537.7136290989	1182.88330078125
2540.00102427354	1183.16662597656
2542.28774893162	1182.83337402344
2544.57380337053	1183.81665039063
2546.85918788758	1182.83337402344
2549.14390277997	1184.53332519531
2551.4279483448	1184.65002441406
2553.71132487906	1184.26672363281
2555.99403267966	1183.41662597656
2558.27607204341	1183.83337402344
2560.55744326699	1182.66662597656
2562.83814664702	1182.51672363281
2565.11818247999	1183.51672363281
2567.3975510623	1182.59997558594
2569.67625269025	1184.34997558594
2571.95428766003	1183.31665039063
2574.23165626776	1180.16662597656
2576.50835880942	1182.30004882813
2578.78439558093	1183.44995117188
2581.05976687806	1182.61669921875
2583.33447299652	1182.38330078125
2585.60851423191	1183.11669921875
2587.88189087972	1181.94995117188
2590.15460323534	1182.55004882813
2592.42665159406	1182.51672363281
2594.69803625108	1182.08337402344
2596.9687575015	1182.26672363281
2599.23881564029	1183.80004882813
2601.50821096235	1184.66662597656
2603.77694376245	1183.23327636719
2606.0450143353	1182.65002441406
2608.31242297548	1181.11669921875
2610.57916997746	1180.91662597656
2612.84525563562	1183.86669921875
2615.11068024426	1182.48327636719
2617.37544409753	1183.16662597656
2619.63954748952	1184.40002441406
2621.90299071421	1182.44995117188
2624.16577406546	1184.80004882813
2626.42789783705	1183.03332519531
2628.68936232264	1183.15002441406
2630.9501678158	1184.08337402344
2633.21031460999	1181.75
2635.46980299857	1183.11669921875
2637.72863327481	1182.65002441406
2639.98680573185	1184.25
2642.24432066276	1181.09997558594
2644.50117836048	1182.5
2646.75737911786	1184.94995117188
2649.01292322765	1183.38330078125
2651.26781098249	1184.06665039063
2653.52204267492	1185.73327636719
2655.77561859738	1184.38330078125
2658.0285390422	1184.16662597656
2660.28080430161	1184.09997558594
2662.53241466774	1185.80004882813
2664.78337043263	1186.55004882813
2667.03367188817	1184.56665039063
2669.2833193262	1186.18334960938
2671.53231303844	1186.43334960938
2673.78065331648	1185.59997558594
2676.02834045184	1186.84997558594
2678.27537473592	1186.80004882813
2680.52175646002	1186.5
2682.76748591535	1186.5
2685.01256339298	1185.71667480469
2687.25698918391	1186.40002441406
2689.50076357901	1187.38330078125
2691.74388686909	1188.44995117188
2693.9863593448	1188.13330078125
2696.22818129672	1187.09997558594
2698.46935301532	1185.66662597656
2700.70987479096	1187.5
2702.94974691389	1186.55004882813
2705.18896967428	1184.78332519531
2707.42754336216	1183.25
2709.66546826749	1185.69995117188
2711.90274468011	1184.25
2714.13937288974	1187.26672363281
2716.37535318602	1182.48327636719
2718.61068585848	1182.94995117188
2720.84537119652	1185.61669921875
2723.07940948947	1182.5
2725.31280102654	1184.73327636719
2727.54554609682	1183.05004882813
2729.77764498933	1184.23327636719
2732.00909799294	1183.18334960938
2734.23990539644	1184.26672363281
2736.47006748853	1187.28332519531
2738.69958455777	1182.43334960938
2740.92845689263	1182.83337402344
2743.15668478147	1184.11669921875
2745.38426851257	1184.56665039063
2747.61120837406	1182.91662597656
2749.83750465399	1183.78332519531
2752.0631576403	1182.15002441406
2754.28816762083	1182.19995117188
2756.51253488329	1181.09997558594
2758.73625971532	1183.81665039063
2760.95934240442	1181.56665039063
2763.18178323801	1183.84997558594
2765.40358250338	1181.23327636719
2767.62474048773	1182.69995117188
2769.84525747814	1183.34997558594
2772.06513376159	1183.5
2774.28436962496	1180.94995117188
2776.50296535501	1183.65002441406
2778.7209212384	1181.68334960938
2780.93823756168	1181.75
2783.15491461129	1180.76672363281
2785.37095267358	1182.81665039063
2787.58635203477	1182.55004882813
2789.80111298097	1183.40002441406
2792.01523579822	1180.40002441406
2794.2287207724	1184.18334960938
2796.44156818932	1182.40002441406
2798.65377833468	1182.06665039063
2800.86535149404	1182.5
2803.07628795289	1182.40002441406
2805.28658799659	1181.48327636719
2807.4962519104	1183.09997558594
2809.70527997946	1181.98327636719
2811.91367248883	1181.48327636719
2814.12142972342	1181.41662597656
2816.32855196807	1181.23327636719
2818.53503950749	1182.16662597656
2820.74089262628	1182
2822.94611160894	1182.66662597656
2825.15069673987	1182
2827.35464830333	1182.44995117188
2829.55796658351	1181.56665039063
2831.76065186445	1181.51672363281
2833.96270443012	1181.68334960938
2836.16412456437	1182.63330078125
2838.3649125509	1182.76672363281
2840.56506867336	1182.46667480469
2842.76459321526	1184.11669921875
2844.96348645999	1184.41662597656
2847.16174869086	1183.31665039063
2849.35938019105	1183.15002441406
2851.55638124363	1183.25
2853.75275213157	1182.88330078125
2855.94849313772	1182.48327636719
2858.14360454483	1184.55004882813
2860.33808663553	1183.59997558594
2862.53193969234	1183.93334960938
2864.72516399768	1182.34997558594
2866.91775983385	1183.13330078125
2869.10972748304	1184.58337402344
2871.30106722733	1183.65002441406
2873.4917793487	1184.66662597656
2875.68186412899	1184.98327636719
2877.87132184997	1186.08337402344
2880.06015279325	1183
2882.24835724039	1184.68334960938
2884.43593547278	1187.51672363281
2886.62288777173	1186.03332519531
2888.80921441843	1186.84997558594
2890.99491569397	1186.88330078125
2893.1799918793	1187.51672363281
2895.36444325529	1189.91662597656
2897.54827010269	1186.53332519531
2899.73147270213	1186.36669921875
2901.91405133412	1187.65002441406
2904.09600627909	1186.13330078125
2906.27733781731	1187.58337402344
2908.45804622899	1189.31665039063
2910.63813179418	1188.41662597656
2912.81759479286	1188.96667480469
2914.99643550486	1186.61669921875
2917.17465420994	1187.76672363281
2919.3522511877	1189.48327636719
2921.52922671765	1192
2923.7055810792	1188.63330078125
2925.88131455162	1191.30004882813
2928.05642741408	1191.41662597656
2930.23091994566	1192.53332519531
2932.40479242528	1190.58337402344
2934.57804513178	1193.05004882813
2936.75067834387	1191.78332519531
2938.92269234017	1192.43334960938
2941.09408739916	1191.81665039063
2943.26486379921	1193.84997558594
2945.4350218186	1189.43334960938
2947.60456173546	1190
2949.77348382783	1190.59997558594
2951.94178837363	1190.86669921875
2954.10947565068	1190.40002441406
2956.27654593666	1192.28332519531
2958.44299950915	1191
2960.60883664562	1191.28332519531
2962.77405762341	1192.55004882813
2964.93866271975	1193.08337402344
2967.10265221178	1192
2969.26602637648	1191.36669921875
2971.42878549076	1192.01672363281
2973.59092983139	1189.08337402344
2975.75245967501	1189.53332519531
2977.9133752982	1189.96667480469
2980.07367697736	1189.09997558594
2982.23336498882	1189.53332519531
2984.39243960877	1187.36669921875
2986.5509011133	1188.13330078125
2988.70874977837	1188.38330078125
2990.86598587984	1187.61669921875
2993.02260969344	1188.58337402344
2995.17862149478	1187.09997558594
2997.33402155938	1187.51672363281
2999.48881016262	1188.83337402344
3001.64298757978	1185.28332519531
3003.796554086	1185.84997558594
3005.94950995633	1185.25
3008.10185546569	1184.86669921875
3010.25359088888	1185.86669921875
3012.40471650059	1183.90002441406
3014.5552325754	1185.16662597656
3016.70513938776	1184.13330078125
3018.85443721201	1183.43334960938
3021.00312632236	1184.03332519531
3023.15120699292	1182.88330078125
3025.29867949769	1184.11669921875
3027.44554411052	1186.11669921875
3029.59180110516	1184.43334960938
3031.73745075527	1185.71667480469
3033.88249333434	1185.63330078125
3036.02692911578	1186.76672363281
3038.17075837287	1188.51672363281
3040.31398137877	1186.33337402344
3042.45659840653	1187.83337402344
3044.59860972907	1185.53332519531
3046.7400156192	1185.69995117188
3048.88081634961	1184.96667480469
3051.02101219287	1185.01672363281
3053.16060342144	1183.41662597656
3055.29959030765	1185.31665039063
3057.43797312371	1184.36669921875
3059.57575214172	1184.53332519531
3061.71292763366	1184.69995117188
3063.84949987139	1184.38330078125
3065.98546912665	1185.36669921875
3068.12083567105	1185.05004882813
3070.2555997761	1184.75
3072.38976171319	1183.59997558594
3074.52332175356	1185.21667480469
3076.65628016837	1185.26672363281
3078.78863722863	1183.28332519531
3080.92039320526	1182.75
3083.05154836902	1182.59997558594
3085.1821029906	1181.83337402344
3087.31205734051	1182.16662597656
3089.44141168921	1180.78332519531
3091.57016630696	1181.25
3093.69832146398	1181.58337402344
3095.82587743032	1179.69995117188
3097.9528344759	1180.75
3100.07919287056	1183.73327636719
3102.204952884	1183.09997558594
3104.33011478579	1182.28332519531
3106.45467884538	1182.13330078125
3108.57864533212	1180.75
3110.70201451522	1181.30004882813
3112.82478666378	1183.34997558594
3114.94696204676	1179.30004882813
3117.06854093301	1180.03332519531
3119.18952359127	1181.31665039063
3121.30991029013	1181.98327636719
3123.4297012981	1180.84997558594
3125.54889688352	1180.58337402344
3127.66749731464	1180.63330078125
3129.78550285957	1179.55004882813
3131.90291378633	1180.19995117188
3134.01973036277	1180.21667480469
3136.13595285665	1180.48327636719
3138.2515815356	1178.93334960938
3140.36661666714	1178
3142.48105851863	1177.58337402344
3144.59490735734	1180.01672363281
3146.70816345041	1178.90002441406
3148.82082706486	1178.98327636719
3150.93289846758	1176.53332519531
3153.04437792532	1180.53332519531
3155.15526570475	1180.91662597656
3157.26556207238	1180.34997558594
3159.37526729461	1179.69995117188
3161.48438163771	1178.46667480469
3163.59290536784	1178.48327636719
3165.70083875102	1178.59997558594
3167.80818205315	1178.15002441406
3169.91493554002	1177.18334960938
3172.02109947727	1179.44995117188
3174.12667413044	1178.63330078125
3176.23165976493	1177.40002441406
3178.33605664602	1179.58337402344
3180.43986503887	1178.55004882813
3182.54308520852	1179.15002441406
3184.64571741986	1181.06665039063
3186.74776193769	1178.96667480469
3188.84921902664	1179.38330078125
3190.95008895128	1178.43334960938
3193.05037197599	1179.01672363281
3195.15006836504	1177.36669921875
3197.24917838262	1178.5
3199.34770229274	1180.75
3201.44564035931	1178.19995117188
3203.5429928461	1178.5
3205.63976001677	1178.21667480469
3207.73594213484	1179.51672363281
3209.83153946372	1178.13330078125
3211.92655226669	1180.01672363281
3214.02098080688	1179.30004882813
3216.11482534732	1178.51672363281
3218.20808615091	1177.71667480469
3220.30076348041	1178.5
3222.39285759847	1177.68334960938
3224.4843687676	1177.78332519531
3226.57529725019	1179.48327636719
3228.66564330851	1178.19995117188
3230.75540720468	1180.51672363281
3232.8445892007	1178.44995117188
3234.93318955847	1179.81665039063
3237.02120853974	1178.78332519531
3239.10864640612	1178.34997558594
3241.19550341911	1178.43334960938
3243.28177984009	1178.51672363281
3245.36747593029	1178.21667480469
3247.45259195083	1177.26672363281
3249.53712816268	1178.86669921875
3251.62108482672	1179.43334960938
3253.70446220366	1179.38330078125
3255.78726055411	1178.40002441406
3257.86948013853	1178.55004882813
3259.95112121728	1179.11669921875
3262.03218405055	1177.26672363281
3264.11266889845	1178.46667480469
3266.19257602092	1177.13330078125
3268.27190567779	1177.51672363281
3270.35065812876	1177.91662597656
3272.4288336334	1177.38330078125
3274.50643245114	1177.78332519531
3276.5834548413	1178.05004882813
3278.65990106305	1176.48327636719
3280.73577137545	1177.15002441406
3282.81106603742	1176.86669921875
3284.88578530774	1178.46667480469
3286.95992944508	1178.01672363281
3289.03349870796	1178.96667480469
3291.1064933548	1178.43334960938
3293.17891364384	1177.48327636719
3295.25075983324	1178.40002441406
3297.322032181	1180.11669921875
3299.39273094501	1177.96667480469
3301.462856383	1175.98327636719
3303.53240875259	1176.71667480469
3305.60138831128	1177.34997558594
3307.6697953164	1178.01672363281
3309.73763002519	1177.83337402344
3311.80489269472	1177.44995117188
3313.87158358198	1178.61669921875
3315.93770294378	1176.83337402344
3318.00325103681	1176.31665039063
3320.06822811764	1177.48327636719
3322.13263444272	1179.23327636719
3324.19647026832	1176.63330078125
3326.25973585064	1177.56665039063
3328.32243144568	1174.66662597656
3330.38455730938	1177.26672363281
3332.44611369749	1176.48327636719
3334.50710086564	1176.61669921875
3336.56751906936	1177.09997558594
3338.62736856401	1178.06665039063
3340.68664960483	1176.59997558594
3342.74536244693	1178.56665039063
3344.80350734528	1177.05004882813
3346.86108455472	1177.61669921875
3348.91809432997	1177.41662597656
3350.97453692559	1177.41662597656
3353.03041259603	1176.94995117188
3355.08572159559	1178.18334960938
3357.14046417844	1176.94995117188
3359.19464059863	1178.23327636719
3361.24825111005	1176.44995117188
3363.30129596648	1176.13330078125
3365.35377542155	1176.94995117188
3367.40568972878	1177.01672363281
3369.45703914152	1175.96667480469
3371.507823913	1177.23327636719
3373.55804429633	1176.28332519531
3375.60770054446	1176.51672363281
3377.65679291024	1176.69995117188
3379.70532164635	1174.96667480469
3381.75328700534	1175.5
3383.80068923965	1175.61669921875
3385.84752860155	1177.73327636719
3387.89380534321	1175.30004882813
3389.93951971664	1177.34997558594
3391.98467197371	1176.34997558594
3394.02926236618	1176.30004882813
3396.07329114566	1176.31665039063
3398.1167585636	1176.55004882813
3400.15966487137	1175.98327636719
3402.20201032014	1175.21667480469
3404.24379516099	1176.76672363281
3406.28501964484	1176.71667480469
3408.3256840225	1176.51672363281
3410.3657885446	1175.69995117188
3412.40533346167	1177.43334960938
3414.44431902408	1177.33337402344
3416.48274548209	1175.83337402344
3418.5206130858	1174.76672363281
3420.55792208516	1173.86669921875
3422.59467273003	1176.40002441406
3424.63086527009	1177.26672363281
3426.6664999549	1175.80004882813
3428.70157703386	1176.58337402344
3430.73609675628	1176
3432.77005937129	1175.46667480469
3434.80346512789	1174.73327636719
3436.83631427494	1176.25
3438.86860706119	1174.86669921875
3440.90034373521	1174.83337402344
3442.93152454546	1174.80004882813
3444.96214974025	1175.5
3446.99221956775	1176.08337402344
3449.021734276	1177.01672363281
3451.05069411289	1175.91662597656
3453.07909932619	1174.69995117188
3455.1069501635	1176.58337402344
3457.1342468723	1175.01672363281
3459.16098969993	1174.51672363281
3461.1871788936	1176.23327636719
3463.21281470035	1175.55004882813
3465.23789736712	1175.96667480469
3467.26242714067	1176.53332519531
3469.28640426765	1175.65002441406
3471.30982899455	1174.19995117188
3473.33270156774	1173.93334960938
3475.35502223343	1174.46667480469
3477.3767912377	1175.59997558594
3479.39800882649	1172.75
3481.41867524559	1175.28332519531
3483.43879074066	1174.34997558594
3485.45835555721	1174.05004882813
3487.47736994062	1175.38330078125
3489.49583413611	1175.31665039063
3491.51374838879	1173.26672363281
3493.53111294359	1173.88330078125
3495.54792804533	1172.51672363281
3497.56419393867	1174.94995117188
3499.57991086814	1174.86669921875
3501.59507907811	1173.36669921875
3503.60969881284	1175.56665039063
3505.6237703164	1172.76672363281
3507.63729383278	1171.61669921875
3509.65026960577	1174.69995117188
3511.66269787904	1174.66662597656
3513.67457889613	1173.88330078125
3515.68591290042	1173.59997558594
3517.69670013515	1172.44995117188
3519.70694084342	1173.16662597656
3521.7166352682	1172.83337402344
3523.72578365229	1173.5
3525.73438623836	1172.96667480469
3527.74244326893	1173
3529.74995498641	1173.46667480469
3531.75692163301	1171.84997558594
3533.76334345084	1173.51672363281
3535.76922068186	1174.16662597656
3537.77455356786	1171.58337402344
3539.77934235051	1170.86669921875
3541.78358727133	1173.58337402344
3543.78728857169	1172.66662597656
3545.79044649283	1173.30004882813
3547.79306127584	1174.09997558594
3549.79513316164	1172.86669921875
3551.79666239104	1172.28332519531
3553.79764920469	1174.48327636719
3555.7980938431	1173.63330078125
3557.79799654663	1173.41662597656
3559.79735755548	1171.73327636719
3561.79617710974	1174.28332519531
3563.79445544932	1172.76672363281
3565.79219281401	1174.56665039063
3567.78938944344	1172.48327636719
3569.7860455771	1173.01672363281
3571.78216145432	1171.55004882813
3573.77773731431	1170.84997558594
3575.7727733961	1173.09997558594
3577.76726993861	1172.23327636719
3579.76122718059	1172.66662597656
3581.75464536064	1172.86669921875
3583.74752471725	1173.31665039063
3585.7398654887	1171.65002441406
3587.73166791317	1173.33337402344
3589.7229322287	1172.11669921875
3591.71365867314	1171.56665039063
3593.70384748424	1171.71667480469
3595.69349889955	1172.15002441406
3597.68261315654	1171.84997558594
3599.67119049245	1172.18334960938
3601.65923114446	1169.96667480469
3603.64673534952	1171.90002441406
3605.63370334449	1170.86669921875
3607.62013536607	1171.51672363281
3609.60603165079	1172.44995117188
3611.59139243504	1172.68334960938
3613.57621795509	1171.41662597656
3615.56050844701	1171
3617.54426414677	1169.53332519531
3619.52748529017	1170.09997558594
3621.51017211285	1172.66662597656
3623.49232485031	1170.33337402344
3625.47394373792	1172.25
3627.45502901088	1171.33337402344
3629.43558090423	1170.25
3631.41559965288	1170.16662597656
3633.3950854916	1170.98327636719
3635.37403865498	1171.34997558594
3637.35245937747	1170.65002441406
3639.33034789339	1171.55004882813
3641.30770443688	1173.48327636719
3643.28452924196	1169.80004882813
3645.26082254248	1170.58337402344
3647.23658457212	1169.15002441406
3649.21181556447	1169.56665039063
3651.18651575291	1171.71667480469
3653.16068537069	1169.56665039063
3655.13432465092	1170.36669921875
3657.10743382653	1168.23327636719
3659.08001313034	1169.26672363281
3661.05206279498	1171.71667480469
3663.02358305295	1169.59997558594
3664.9945741366	1169.23327636719
3666.96503627811	1170.28332519531
3668.93496970952	1169.91662597656
3670.90437466272	1170.86669921875
3672.87325136944	1168.53332519531
3674.84160006127	1169.65002441406
3676.80942096963	1170.71667480469
3678.77671432581	1169.09997558594
3680.74348036092	1169.34997558594
3682.70971930595	1168.81665039063
3684.6754313917	1170.23327636719
3686.64061684885	1170.19995117188
3688.60527590791	1170.96667480469
3690.56940879924	1170.25
3692.53301575303	1169.94995117188
3694.49609699936	1169.28332519531
3696.45865276812	1168.84997558594
3698.42068328904	1169
3700.38218879173	1169.31665039063
3702.34316950563	1169.86669921875
3704.30362566	1169.23327636719
3706.26355748399	1170.81665039063
3708.22296520657	1169.80004882813
3710.18184905656	1169.73327636719
3712.14020926263	1169.44995117188
3714.09804605328	1168.13330078125
3716.05535965687	1168.91662597656
3718.01215030162	1169.46667480469
3719.96841821555	1170.58337402344
3721.92416362657	1168.94995117188
3723.8793867624	1169.51672363281
3725.83408785063	1167.83337402344
3727.78826711869	1167.26672363281
3729.74192479384	1169
3731.69506110319	1168.15002441406
3733.64767627371	1168.65002441406
3735.59977053219	1167.80004882813
3737.55134410528	1168.15002441406
3739.50239721947	1166.76672363281
3741.45293010108	1168.86669921875
3743.40294297631	1168.40002441406
3745.35243607116	1167.91662597656
3747.3014096115	1168.09997558594
3749.24986382303	1168
3751.19779893131	1168.51672363281
3753.14521516171	1167.93334960938
3755.09211273949	1168.71667480469
3757.0384918897	1167.76672363281
3758.98435283728	1168.83337402344
3760.92969580698	1167.40002441406
3762.87452102341	1167.51672363281
3764.81882871101	1167.13330078125
3766.76261909407	1167.03332519531
3768.70589239672	1166.19995117188
3770.64864884293	1168.26672363281
3772.59088865651	1168.23327636719
3774.53261206112	1167.65002441406
3776.47381928025	1165.48327636719
