-173.428722450078	1148.28332519531
-170.294344013779	1146.98327636719
-167.160990304052	1147.94995117188
-164.028660894548	1146.91662597656
-160.897355359205	1147.88330078125
-157.767073272189	1148.05004882813
-154.637814207931	1147.46667480469
-151.50957774112	1147.51672363281
-148.382363446704	1147.01672363281
-145.256170899859	1147.03332519531
-142.130999676054	1148.15002441406
-139.006849350965	1147.56665039063
-135.883719500571	1147.66662597656
-132.761609701053	1147.83337402344
-129.640519528863	1148.28332519531
-126.520448560715	1146.66662597656
-123.401396373553	1148.26672363281
-120.28336254458	1147.15002441406
-117.166346651252	1148.06665039063
-114.050348271258	1146.78332519531
-110.935366982541	1147.61669921875
-107.821402363301	1147.96667480469
-104.708453991972	1147.63330078125
-101.596521447235	1147.36669921875
-98.4856043080122	1146.65002441406
-95.3757021534957	1147.68334960938
-92.2668145630801	1147.98327636719
-89.1589411164452	1147.56665039063
-86.0520813934781	1148.41662597656
-82.946234974338	1147.43334960938
-79.8414014394074	1147.93334960938
-76.7375803693083	1146.91662597656
-73.6347713449181	1147.40002441406
-70.532973947345	1149.09997558594
-67.4321877579402	1147.65002441406
-64.3324123582935	1147.25
-61.2336473302252	1148.19995117188
-58.1358922558143	1147.66662597656
-55.0391467173494	1148
-51.9434102973817	1147.55004882813
-48.8486825786838	1147.58337402344
-45.7549631442702	1147.23327636719
-42.662251577389	1148.66662597656
-39.5705474615295	1148.81665039063
-36.4798503804062	1146.71667480469
-33.3901599179706	1147.09997558594
-30.301475658403	1147
-27.2137971861287	1148.33337402344
-24.1271240858053	1147.48327636719
-21.0414559423028	1147.81665039063
-17.9567923407513	1147.63330078125
-14.8731328664812	1147.08337402344
-11.7904771050747	1147.01672363281
-8.70882464233763	1147.36669921875
-5.62817506431157	1147
-2.54852795725342	1147.01672363281
0.530117092344597	1151.73327636719
3.6077604977471	1153.19995117188
6.68440267202787	1151.09997558594
9.76004402799773	1148.38330078125
12.8346849782609	1148.19995117188
15.9083259351831	1147.84997558594
18.9809673109237	1148.75
22.0526095173877	1147.81665039063
25.1232529662903	1147.5
28.1928980690886	1147.01672363281
31.2615452370419	1147.40002441406
34.32919488118	1147.68334960938
37.3958474123071	1147.56665039063
40.4615032409942	1147.16662597656
43.5261627776189	1147.06665039063
46.58982643231	1147.43334960938
49.6524946149833	1148.34997558594
52.7141677353456	1148.01672363281
55.7748462028835	1147.84997558594
58.8345304268427	1148.11669921875
61.8932208162729	1147.40002441406
64.9509177800033	1148.06665039063
68.0076217266271	1148.30004882813
71.0633330645419	1147.88330078125
74.118052201909	1151.76672363281
77.1717795467022	1163.08337402344
80.224515506648	1208.75
83.2762604892772	1305.46667480469
86.3270149018856	1414.63330078125
89.3767791515896	1479.44995117188
92.4255536452548	1508.44995117188
95.4733387895519	1532.66662597656
98.5201349909248	1552.48327636719
101.565942655643	1552.76672363281
104.610762189717	1554.80004882813
107.654593998963	1562
110.697438488996	1564.71667480469
113.739296065204	1567.94995117188
116.78016713278	1572.93334960938
119.820052096698	1566.81665039063
122.85895136172	1560.68334960938
125.896865332408	1560.43334960938
128.933794413111	1563.78332519531
131.969739007965	1561.18334960938
135.004699520911	1557.68334960938
138.038676355664	1553.84997558594
141.071669915751	1561.80004882813
144.103680604487	1552.34997558594
147.134708824975	1552.46667480469
150.164754980118	1550.30004882813
153.193819472611	1552.80004882813
156.221902704945	1552.13330078125
159.24900507942	1555.94995117188
162.275126998099	1554.65002441406
165.300268862873	1556.73327636719
168.324431075425	1562.61669921875
171.347614037231	1565.43334960938
174.369818149562	1561.44995117188
177.391043813491	1574.48327636719
180.411291429897	1568.76672363281
183.430561399437	1570.28332519531
186.448854122582	1573.43334960938
189.466169999607	1570.01672363281
192.482509430598	1578.46667480469
195.497872815412	1577.91662597656
198.512260553716	1577.81665039063
201.525673045011	1578
204.538110688552	1575.88330078125
207.549573883427	1578.41662597656
210.560063028519	1579.56665039063
213.569578522523	1576.73327636719
216.578120763917	1583.61669921875
219.585690151021	1576.93334960938
222.592287081907	1571.26672363281
225.597911954507	1577.09997558594
228.602565166512	1577.76672363281
231.606247115456	1571.81665039063
234.608958198646	1571.98327636719
237.610698813222	1579.33337402344
240.611469356122	1582.98327636719
243.611270224103	1579.33337402344
246.610101813707	1585
249.607964521295	1581.96667480469
252.604858743044	1583.93334960938
255.600784874935	1590.58337402344
258.595743312749	1592.23327636719
261.589734452097	1587.30004882813
264.582758688393	1600.40002441406
267.574816416842	1595.84997558594
270.565908032503	1595.48327636719
273.556033930195	1592.44995117188
276.545194504586	1596.44995117188
279.533390150138	1592.84997558594
282.520621261151	1589.53332519531
285.506888231708	1594.65002441406
288.49219145571	1592.84997558594
291.476531326902	1590.53332519531
294.459908238794	1592.93334960938
297.442322584762	1603.16662597656
300.423774757966	1596.51672363281
303.404265151375	1593.78332519531
306.383794157805	1602.05004882813
309.362362169862	1604.38330078125
312.339969579982	1601.65002441406
315.316616780414	1601.76672363281
318.292304163227	1602.94995117188
321.267032120295	1609.68334960938
324.24080104332	1603.56665039063
327.213611323833	1598.61669921875
330.185463353171	1603.61669921875
333.156357522491	1604.41662597656
336.126294222774	1604.68334960938
339.095273844812	1604.55004882813
342.063296779227	1599.18334960938
345.030363416467	1607.40002441406
347.996474146782	1605.81665039063
350.961629360257	1614.53332519531
353.925829446806	1620.53332519531
356.889074796147	1617.30004882813
359.851365797829	1616.34997558594
362.812702841222	1614.98327636719
365.773086315536	1621.26672363281
368.732516609768	1623.96667480469
371.690994112778	1617.75
374.648519213243	1624.33337402344
377.605092299631	1615.98327636719
380.560713760273	1620.91662597656
383.515383983307	1621.73327636719
386.469103356711	1615.68334960938
389.421872268273	1617.40002441406
392.373691105615	1616.33337402344
395.32456025619	1614.31665039063
398.274480107272	1621.03332519531
401.223451045967	1622.23327636719
404.171473459202	1621.93334960938
407.118547733728	1619.01672363281
410.064674256155	1619.51672363281
413.009853412892	1624.63330078125
415.954085590181	1627.34997558594
418.8973711741	1628.84997558594
421.83971055055	1630.46667480469
424.781104105281	1629.05004882813
427.721552223856	1633.84997558594
430.661055291665	1626.86669921875
433.599613693946	1628.90002441406
436.537227815752	1635.43334960938
439.473898041993	1635.21667480469
442.409624757378	1636.08337402344
445.344408346476	1641.98327636719
448.278249193683	1644.65002441406
451.211147683207	1636.36669921875
454.143104199122	1645.84997558594
457.074119125312	1637.68334960938
460.004192845497	1645.55004882813
462.933325743267	1642.90002441406
465.861518202001	1639.90002441406
468.788770604917	1644.44995117188
471.71508333511	1639.09997558594
474.640456775471	1643.06665039063
477.564891308737	1640.26672363281
480.488387317487	1638.76672363281
483.410945184141	1640.36669921875
486.332565290942	1643.56665039063
489.253248019986	1648.66662597656
492.172993753197	1649.19995117188
495.091802872338	1650.59997558594
498.009675759011	1647.30004882813
500.926612794666	1649.16662597656
503.842614360571	1650.55004882813
506.757680837864	1655.56665039063
509.671812607493	1659.40002441406
512.585010050263	1670.34997558594
515.497273546817	1713.91662597656
518.408603477637	1805.31665039063
521.319000223045	1813.59997558594
524.228464163205	1748.61669921875
527.136995678121	1697.48327636719
530.044595147647	1678.16662597656
532.951262951471	1667.73327636719
535.856999469123	1664.38330078125
538.761805079986	1660.61669921875
541.665680163279	1660.26672363281
544.568625098049	1655.40002441406
547.470640263216	1658.76672363281
550.371726037533	1657.48327636719
553.271882799588	1658.19995117188
556.171110927825	1662.51672363281
559.069410800531	1660.55004882813
561.966782795823	1665.69995117188
564.863227291685	1662.53332519531
567.758744665944	1669
570.653335296256	1663.13330078125
573.546999560148	1667.16662597656
576.439737834969	1664.98327636719
579.331550497935	1668
582.222437926093	1675.98327636719
585.112400496356	1669.48327636719
588.001438585469	1671.28332519531
590.889552570021	1667.08337402344
593.77674282648	1674.86669921875
596.663009731132	1673.18334960938
599.548353660116	1669.34997558594
602.432774989433	1669.93334960938
605.316274094926	1676.65002441406
608.198851352303	1667.71667480469
611.080507137075	1672.53332519531
613.961241824667	1669.93334960938
616.841055790315	1673.59997558594
619.71994940911	1671.98327636719
622.597923056008	1674.41662597656
625.474977105798	1675.06665039063
628.351111933143	1672.40002441406
631.22632791255	1675.55004882813
634.10062541835	1677.69995117188
636.97400482478	1684.41662597656
639.846466505882	1679.68334960938
642.718010835585	1683.46667480469
645.58863818764	1680.68334960938
648.458348935679	1683.90002441406
651.327143453188	1686.09997558594
654.195022113475	1683.53332519531
657.061985289745	1697.06665039063
659.928033355022	1686.30004882813
662.79316668221	1691.76672363281
665.657385644057	1695.23327636719
668.520690613176	1688.65002441406
671.383081962017	1693.91662597656
674.244560062899	1690
677.105125288002	1693.69995117188
679.964778009343	1694.01672363281
682.823518598832	1694.01672363281
685.681347428202	1693.80004882813
688.538264869057	1688.44995117188
691.394271292855	1688.76672363281
694.249367070914	1692
697.103552574412	1693.73327636719
699.956828174378	1696.51672363281
702.809194241715	1688.33337402344
705.660651147175	1686.73327636719
708.511199261361	1691.68334960938
711.360838954755	1687.28332519531
714.209570597676	1688.36669921875
717.057394560329	1695.93334960938
719.90431121275	1696.06665039063
722.750320924861	1701.91662597656
725.59542406643	1697.80004882813
728.439621007094	1698.66662597656
731.282912116347	1705.03332519531
734.125297763539	1700
736.966778317898	1704.13330078125
739.807354148498	1704.94995117188
742.647025624275	1708.23327636719
745.485793114042	1708.75
748.323656986468	1709.76672363281
751.160617610072	1707.09997558594
753.996675353258	1710.28332519531
756.831830584275	1709.98327636719
759.666083671249	1706.69995117188
762.499434982158	1708.13330078125
765.331884884853	1716.80004882813
768.163433747055	1710.58337402344
770.994081936328	1712.56665039063
773.823829820116	1709.36669921875
776.652677765732	1709.23327636719
779.480626140347	1717.68334960938
782.307675310993	1710.86669921875
785.133825644576	1713.28332519531
787.959077507869	1712.16662597656
790.783431267511	1712.55004882813
793.606887289986	1711.59997558594
796.429445941685	1716.08337402344
799.251107588836	1719.86669921875
802.071872597536	1718.61669921875
804.891741333751	1710.84997558594
807.71071416334	1715.05004882813
810.528791451981	1719.13330078125
813.345973565269	1717.44995117188
816.162260868638	1725.61669921875
818.977653727395	1716.68334960938
821.792152506717	1727.5
824.605757571661	1727.84997558594
827.418469287133	1725.25
830.230288017926	1729.61669921875
833.0412141287	1726.93334960938
835.851247983973	1727.08337402344
838.660389948141	1728.38330078125
841.468640385466	1735.15002441406
844.27599966009	1735.94995117188
847.082468136026	1738.38330078125
849.888046177135	1736.38330078125
852.692734147171	1745.56665039063
855.496532409758	1741.65002441406
858.29944132839	1747.19995117188
861.10146126642	1741.30004882813
863.902592587094	1747.09997558594
866.702835653509	1734.88330078125
869.502190828641	1739.5
872.300658475353	1745.13330078125
875.098238956361	1741.03332519531
877.894932634271	1748.16662597656
880.690739871548	1747.69995117188
883.485661030531	1745.90002441406
886.279696473447	1739.05004882813
889.072846562376	1745.98327636719
891.86511165929	1748.15002441406
894.65649212603	1747.5
897.446988324303	1747.48327636719
900.236600615703	1745.03332519531
903.025329361687	1747.43334960938
905.813174923597	1753.58337402344
908.600137662639	1748.23327636719
911.38621793991	1749.03332519531
914.171416116365	1750.03332519531
916.95573255285	1752.43334960938
919.739167610082	1752.34997558594
922.521721648641	1755.23327636719
925.303395029005	1759.94995117188
928.084188111517	1757.96667480469
930.864101256396	1761.11669921875
933.643134823733	1769.26672363281
936.42128917351	1762.58337402344
939.198564665577	1766.23327636719
941.97496165967	1761.69995117188
944.750480515391	1775.66662597656
947.525121592226	1769.38330078125
950.298885249534	1773.31665039063
953.071771846555	1773.56665039063
955.843781742413	1773.63330078125
958.614915296108	1773.13330078125
961.385172866513	1777.76672363281
964.154554812387	1775.5
966.92306149236	1780.46667480469
969.690693264949	1778.75
972.457450488552	1781.88330078125
975.223333521431	1785.66662597656
977.988342721749	1787.55004882813
980.752478447535	1790.25
983.515741056708	1791.55004882813
986.278130907059	1779.78332519531
989.039648356259	1784.58337402344
991.800293761863	1778.33337402344
994.560067481312	1783.90002441406
997.318969871913	1789.55004882813
1000.07700129088	1787.26672363281
1002.83416209528	1789.61669921875
1005.59045264208	1781.65002441406
1008.34587328813	1787.98327636719
1011.10042439014	1791.73327636719
1013.85410630472	1786.61669921875
1016.60691938837	1794.43334960938
1019.35886399746	1789.36669921875
1022.10994048823	1793.71667480469
1024.86014921684	1796.73327636719
1027.60949053928	1792.09997558594
1030.35796481149	1790.59997558594
1033.10557238924	1798.19995117188
1035.85231362819	1800.94995117188
1038.5981888839	1795.41662597656
1041.34319851182	1793.84997558594
1044.08734286727	1798.59997558594
1046.83062230544	1790.16662597656
1049.57303718143	1800.84997558594
1052.31458785021	1803.83337402344
1055.05527466665	1803.13330078125
1057.79509798549	1795.41662597656
1060.53405816134	1804.21667480469
1063.27215554874	1807.05004882813
1066.00939050209	1800.66662597656
1068.74576337565	1809.46667480469
1071.48127452361	1806.58337402344
1074.21592430002	1804.76672363281
1076.94971305882	1809.40002441406
1079.68264115384	1806.66662597656
1082.41470893879	1803.33337402344
1085.14591676728	1809.25
1087.8762649928	1812.16662597656
1090.60575396871	1813.53332519531
1093.33438404827	1818.06665039063
1096.06215558464	1818.08337402344
1098.78906893086	1811.46667480469
1101.51512443981	1827.06665039063
1104.24032246435	1827.65002441406
1106.96466335716	1825.90002441406
1109.68814747081	1817.78332519531
1112.41077515779	1825.53332519531
1115.13254677044	1820.66662597656
1117.85346266104	1828.38330078125
1120.57352318169	1821.33337402344
1123.29272868445	1826.13330078125
1126.01107952121	1819.28332519531
1128.72857604378	1825.58337402344
1131.44521860385	1831.15002441406
1134.16100755301	1828.34997558594
1136.87594324271	1828.15002441406
1139.59002602433	1836.48327636719
1142.3032562491	1828.38330078125
1145.01563426818	1833.5
1147.72716043257	1834.31665039063
1150.43783509322	1840.34997558594
1153.14765860091	1846.65002441406
1155.85663130634	1835.55004882813
1158.56475356012	1834.41662597656
1161.27202571271	1837.66662597656
1163.97844811448	1838.31665039063
1166.68402111569	1841.41662597656
1169.38874506649	1846.93334960938
1172.09262031694	1847.43334960938
1174.79564721695	1847.01672363281
1177.49782611635	1852.96667480469
1180.19915736486	1848.76672363281
1182.89964131208	1844.71667480469
1185.59927830751	1851.16662597656
1188.29806870054	1849.34997558594
1190.99601284046	1850.28332519531
1193.69311107643	1856.19995117188
1196.38936375753	1856.31665039063
1199.08477123271	1869.58337402344
1201.77933385082	1862.75
1204.47305196061	1866.84997558594
1207.1659259107	1863.81665039063
1209.85795604964	1870.09997558594
1212.54914272585	1876.69995117188
1215.23948628763	1872.28332519531
1217.92898708319	1876
1220.61764546064	1882.48327636719
1223.30546176798	1886.21667480469
1225.99243635308	1884.06665039063
1228.67856956373	1886.18334960938
1231.36386174761	1887.69995117188
1234.04831325228	1893.18334960938
1236.73192442522	1882.31665039063
1239.41469561377	1883.43334960938
1242.09662716519	1882.83337402344
1244.77771942662	1890.66662597656
1247.45797274511	1888.03332519531
1250.13738746759	1899.53332519531
1252.81596394089	1895.75
1255.49370251175	1889.81665039063
1258.17060352676	1899.23327636719
1260.84666733246	1901.61669921875
1263.52189427525	1898.69995117188
1266.19628470144	1900.01672363281
1268.86983895722	1899.68334960938
1271.5425573887	1904.66662597656
1274.21444034186	1904.30004882813
1276.8854881626	1910.43334960938
1279.55570119671	1906.93334960938
1282.22507978985	1919.18334960938
1284.89362428759	1912.51672363281
1287.56133503543	1918.55004882813
1290.22821237872	1928.44995117188
1292.89425666274	1925.96667480469
1295.55946823263	1935.23327636719
1298.22384743346	1943.66662597656
1300.88739461019	1934.53332519531
1303.55011010766	1942.66662597656
1306.21199427063	1948.83337402344
1308.87304744373	1943.43334960938
1311.53326997152	1950.15002441406
1314.19266219843	1952.55004882813
1316.8512244688	1959.55004882813
1319.50895712687	1956.05004882813
1322.16586051676	1965.61669921875
1324.82193498252	1973.84997558594
1327.47718086806	1970.30004882813
1330.1315985172	1976.21667480469
1332.78518827369	1978.63330078125
1335.43795048114	1975.55004882813
1338.08988548307	1983.55004882813
1340.74099362289	1984.25
1343.39127524392	1979.69995117188
1346.04073068939	1986.65002441406
1348.6893603024	1986.05004882813
1351.33716442597	1990.69995117188
1353.98414340301	1978.5
1356.63029757632	1987.83337402344
1359.27562728863	1984.81665039063
1361.92013288252	1980.61669921875
1364.56381470053	1981.83337402344
1367.20667308505	1972.30004882813
1369.84870837838	1970.13330078125
1372.48992092274	1969.86669921875
1375.13031106023	1970.96667480469
1377.76987913284	1960.40002441406
1380.40862548251	1960.61669921875
1383.04655045101	1963.18334960938
1385.68365438006	1961.91662597656
1388.31993761126	1962.46667480469
1390.95540048612	1965.13330078125
1393.59004334605	1965.01672363281
1396.22386653233	1963.36669921875
1398.85687038619	1968.80004882813
1401.48905524873	1963.71667480469
1404.12042146094	1965.11669921875
1406.75096936375	1973.58337402344
1409.38069929796	1969.80004882813
1412.00961160428	1964.61669921875
1414.63770662332	1959.61669921875
1417.26498469557	1956.34997558594
1419.89144616146	1960.16662597656
1422.51709136132	1966.16662597656
1425.14192063532	1962.76672363281
1427.76593432361	1961.51672363281
1430.3891327662	1965.15002441406
1433.01151630299	1968.51672363281
1435.63308527382	1974.09997558594
1438.2538400184	1968.73327636719
1440.87378087637	1970.16662597656
1443.49290818722	1974
1446.1112222904	1969.63330078125
1448.72872352524	1962.93334960938
1451.34541223097	1960.51672363281
1453.96128874671	1968.86669921875
1456.5763534115	1963.55004882813
1459.19060656429	1962.15002441406
1461.8040485439	1969.34997558594
1464.41667968907	1962.33337402344
1467.02850033846	1972.96667480469
1469.63951083061	1968.09997558594
1472.24971150397	1971.01672363281
1474.8591026969	1968.13330078125
1477.46768474763	1969.18334960938
1480.07545799434	1965.91662597656
1482.68242277508	1971.36669921875
1485.28857942782	1959.73327636719
1487.89392829042	1968.25
1490.49846970065	1974.08337402344
1493.10220399619	1961.98327636719
1495.70513151461	1974.86669921875
1498.30725259339	1965.01672363281
1500.90856756992	1974.08337402344
1503.50907678146	1974.96667480469
1506.10878056524	1973.06665039063
1508.70767925832	1973.5
1511.30577319772	1973.48327636719
1513.90306272032	1977.88330078125
1516.49954816295	1975.03332519531
1519.09522986229	1982.11669921875
1521.69010815498	1986.44995117188
1524.28418337751	1985.46667480469
1526.87745586632	1981.78332519531
1529.46992595773	1984.33337402344
1532.06159398796	1993.23327636719
1534.65246029316	1991.09997558594
1537.24252520935	2009.25
1539.83178907249	2004.65002441406
1542.42025221841	2003.58337402344
1545.00791498287	2019.43334960938
1547.59477770152	2012.46667480469
1550.18084070993	2016.11669921875
1552.76610434356	2016.33337402344
1555.35056893777	2023.30004882813
1557.93423482785	2030.06665039063
1560.51710234896	2034.55004882813
1563.0991718362	2035.56665039063
1565.68044362457	2054.7666015625
1568.26091804893	2055.19995117188
1570.84059544411	2054.7333984375
1573.41947614481	2056.5166015625
1575.99756048562	2060.9833984375
1578.57484880108	2067.60009765625
1581.15134142559	2068.10009765625
1583.72703869349	2064.38330078125
1586.301940939	2063.81665039063
1588.87604849628	2074.16674804688
1591.44936169934	2074.31665039063
1594.02188088215	2078.69995117188
1596.59360637855	2081.08325195313
1599.16453852232	2085.33325195313
1601.73467764709	2082.89990234375
1604.30402408647	2079.55004882813
1606.87257817391	2068
1609.44034024281	2066.7666015625
1612.00731062644	2055.31665039063
1614.57348965801	2044
1617.13887767062	2044.36669921875
1619.70347499726	2043.25
1622.26728197086	2039.66662597656
1624.83029892423	2037.19995117188
1627.39252619012	2031.28332519531
1629.95396410112	2030.53332519531
1632.5146129898	2018.15002441406
1635.07447318858	2015.5
1637.63354502984	2011.09997558594
1640.19182884582	2007.65002441406
1642.74932496868	2000
1645.3060337305	2000.93334960938
1647.86195546325	2005.93334960938
1650.41709049882	1995.56665039063
1652.971439169	1992.59997558594
1655.52500180548	1991.71667480469
1658.07777873987	1989.16662597656
1660.62977030368	1984.69995117188
1663.18097682833	1985.28332519531
1665.73139864514	1982.56665039063
1668.28103608534	1989.63330078125
1670.82988948008	1990.03332519531
1673.37795916039	1989.36669921875
1675.92524545724	1983.93334960938
1678.47174870147	1988.19995117188
1681.01746922386	1978.93334960938
1683.56240735508	1981.88330078125
1686.10656342572	1976.73327636719
1688.64993776626	1977.41662597656
1691.19253070709	1979.38330078125
1693.73434257853	1972.30004882813
1696.27537371078	1974.16662597656
1698.81562443395	1967.59997558594
1701.35509507809	1962.26672363281
1703.89378597311	1982.13330078125
1706.43169744886	1981.36669921875
1708.96882983509	1983.91662597656
1711.50518346144	1971.65002441406
1714.0407586575	1975.38330078125
1716.57555575272	1986.51672363281
1719.10957507649	1987.90002441406
1721.64281695809	1984.71667480469
1724.17528172671	1979.58337402344
1726.70696971146	1980
1729.23788124135	1985.30004882813
1731.7680166453	1977.19995117188
1734.29737625213	1985.75
1736.82596039057	1985.44995117188
1739.35376938927	1977.93334960938
1741.88080357677	1982.80004882813
1744.40706328154	1983.34997558594
1746.93254883193	1986.18334960938
1749.45726055623	1978.98327636719
1751.9811987826	1986.68334960938
1754.50436383915	1980.75
1757.02675605387	1980
1759.54837575466	1999.83337402344
1762.06922326934	1988.81665039063
1764.58929892564	1990.5
1767.10860305118	1997.41662597656
1769.6271359735	1994.63330078125
1772.14489802005	1994.48327636719
1774.66188951817	1996.90002441406
1777.17811079515	1996.01672363281
1779.69356217815	1999.68334960938
1782.20824399425	1993.06665039063
1784.72215657043	1995.16662597656
1787.23530023361	2000.76672363281
1789.74767531057	1987.16662597656
1792.25928212804	1997.41662597656
1794.77012101264	1996.40002441406
1797.2801922909	1998.16662597656
1799.78949628926	2000.36669921875
1802.29803333406	1992
1804.80580375158	1992.36669921875
1807.31280786797	1992.30004882813
1809.81904600929	2005.41662597656
1812.32451850154	2001.93334960938
1814.82922567061	1991.09997558594
1817.33316784231	1999.08337402344
1819.83634534233	1992.86669921875
1822.33875849629	1996.13330078125
1824.84040762973	1993.44995117188
1827.34129306808	2004.75
1829.84141513667	1993.19995117188
1832.34077416077	2003.06665039063
1834.83937046553	1998.93334960938
1837.33720437602	2004.58337402344
1839.83427621723	1995.11669921875
1842.33058631404	1991.69995117188
1844.82613499125	2000.34997558594
1847.32092257355	2001.01672363281
1849.81494938558	2002.11669921875
1852.30821575184	2007.21667480469
1854.80072199677	2016.11669921875
1857.29246844473	2002.31665039063
1859.78345541994	2014.25
1862.27368324658	2006.59997558594
1864.76315224871	2010.18334960938
1867.2518627503	2014.69995117188
1869.73981507524	2012.05004882813
1872.22700954733	2007.16662597656
1874.71344649027	2017.65002441406
1877.19912622768	2016.41662597656
1879.68404908308	2020.46667480469
1882.16821537988	2015.48327636719
1884.65162544145	2011.53332519531
1887.13427959102	2012.63330078125
1889.61617815175	2022.84997558594
1892.0973214467	2017
1894.57770979887	2022.88330078125
1897.05734353113	2020.40002441406
1899.53622296628	2021.13330078125
1902.014348427	2017.84997558594
1904.49172023593	2019.53332519531
1906.96833871558	2015.68334960938
1909.44420418839	2015.18334960938
1911.91931697668	2015
1914.39367740272	2015.03332519531
1916.86728578865	2023.66662597656
1919.34014245654	2012.30004882813
1921.81224772838	2023.91662597656
1924.28360192604	2024.01672363281
1926.75420537132	2021.63330078125
1929.22405838593	2021.56665039063
1931.69316129147	2023.88330078125
1934.16151440948	2022.56665039063
1936.62911806136	2017.08337402344
1939.09597256848	2024.31665039063
1941.56207825207	2019.90002441406
1944.0274354333	2020.56665039063
1946.49204443322	2018.69995117188
1948.95590557284	2016.81665039063
1951.41901917301	2020.40002441406
1953.88138555454	2019.13330078125
1956.34300503813	2023.05004882813
1958.8038779444	2017.76672363281
1961.26400459387	2022.61669921875
1963.72338530697	2032.48327636719
1966.18202040403	2027.66662597656
1968.63991020531	2027.5
1971.09705503097	2037.30004882813
1973.55345520107	2031.41662597656
1976.0091110356	2022.69995117188
1978.46402285444	2028.75
1980.91819097737	2039.06665039063
1983.3716157241	2026.94995117188
1985.82429741427	2031.46667480469
1988.27623636736	2035.78332519531
1990.72743290284	2030.36669921875
1993.17788734002	2034.93334960938
1995.62759999817	2038.34997558594
1998.07657119644	2038.33337402344
2000.5248012539	2033.13330078125
2002.97229048952	2039.09997558594
2005.41903922219	2044.23327636719
2007.86504777071	2038.41662597656
2010.31031645378	2045.53332519531
2012.75484559	2039.33337402344
2015.19863549792	2045.08337402344
2017.64168649594	2045.28332519531
2020.08399890242	2046.16662597656
2022.5255730356	2047.68334960938
2024.96640921365	2050.4833984375
2027.40650775462	2047.08337402344
2029.84586897649	2048.13330078125
2032.28449319715	2049.91674804688
2034.72238073438	2042.76672363281
2037.15953190591	2042.23327636719
2039.59594702932	2041.75
2042.03162642215	2049.64990234375
2044.46657040182	2044.05004882813
2046.90077928567	2037.38330078125
2049.33425339095	2059.60009765625
2051.76699303481	2047.98327636719
2054.19899853433	2051.5
2056.63027020645	2053.64990234375
2059.06080836809	2051.5
2061.49061333602	2049.69995117188
2063.91968542694	2056.21655273438
2066.34802495747	2058.46655273438
2068.77563224411	2051.69995117188
2071.20250760329	2049.0166015625
2073.62865135136	2040.34997558594
2076.05406380455	2052.28344726563
2078.47874527901	2065.4833984375
2080.9026960908	2061.96655273438
2083.3259165559	2052.44995117188
2085.74840699018	2052.08325195313
2088.17016770944	2054.60009765625
2090.59119902935	2056.68334960938
2093.01150126553	2058.44995117188
2095.43107473348	2061.71655273438
2097.84991974864	2057.41674804688
2100.26803662633	2052.13330078125
2102.68542568178	2049.63330078125
2105.10208723015	2062.21655273438
2107.51802158648	2062.53344726563
2109.93322906574	2056.46655273438
2112.3477099828	2061.63330078125
2114.76146465245	2059.61669921875
2117.17449338937	2065.5166015625
2119.58679650815	2060.56665039063
2121.9983743233	2062.7666015625
2124.40922714924	2065.7333984375
2126.81935530029	2058.18334960938
2129.22875909067	2068.4833984375
2131.63743883452	2066.28344726563
2134.04539484589	2070.7333984375
2136.45262743874	2068.68334960938
2138.85913692692	2072.13330078125
2141.26492362422	2065.71655273438
2143.6699878443	2065.63330078125
2146.07432990076	2063.43334960938
2148.47795010708	2062.63330078125
2150.88084877667	2064.41674804688
2153.28302622285	2061.93334960938
2155.68448275883	2069.78344726563
2158.08521869774	2065.83325195313
2160.48523435261	2064.69995117188
2162.88453003639	2072.66674804688
2165.28310606193	2065.85009765625
2167.68096274199	2073.91674804688
2170.07810038922	2071.28344726563
2172.47451931622	2075.06665039063
2174.87021983546	2069.85009765625
2177.26520225933	2076.5166015625
2179.65946690013	2071.85009765625
2182.05301407006	2063
2184.44584408123	2073.85009765625
2186.83795724567	2074.7666015625
2189.22935387531	2063.91674804688
2191.62003428198	2078.71655273438
2194.00999877743	2075.43334960938
2196.39924767329	2071.35009765625
2198.78778128115	2075.81665039063
2201.17559991245	2080.35009765625
2203.56270387857	2074.80004882813
2205.94909349081	2084.88330078125
2208.33476906033	2076.10009765625
2210.71973089824	2076.5166015625
2213.10397931554	2083.60009765625
2215.48751462314	2082.43334960938
2217.87033713186	2073.86669921875
2220.25244715242	2083.0166015625
2222.63384499546	2085.44995117188
2225.01453097151	2073.06665039063
2227.39450539101	2076.08325195313
2229.77376856434	2084.10009765625
2232.15232080173	2072
2234.53016241336	2087.21655273438
2236.9072937093	2074.36669921875
2239.28371499954	2083.31665039063
2241.65942659396	2075
2244.03442880236	2083.36669921875
2246.40872193443	2081.41674804688
2248.78230629979	2077.13330078125
2251.15518220795	2076.28344726563
2253.52734996835	2084.78344726563
2255.89880989029	2078.21655273438
2258.26956228301	2091.11669921875
2260.63960745567	2083.56665039063
2263.00894571731	2080.46655273438
2265.37757737688	2083.28344726563
2267.74550274324	2078.43334960938
2270.11272212517	2083.2666015625
2272.47923583134	2084.78344726563
2274.84504417031	2081.33325195313
2277.2101474506	2088.63330078125
2279.57454598058	2088.53344726563
2281.93824006856	2091.21655273438
2284.30123002275	2085.2333984375
2286.66351615125	2091.4833984375
2289.02509876208	2089.21655273438
2291.38597816317	2099.2333984375
2293.74615466236	2095.53344726563
2296.10562856737	2095.61669921875
2298.46440018585	2089.18334960938
2300.82246982535	2095.33325195313
2303.1798377933	2097.78344726563
2305.5365043971	2091.16674804688
2307.89246994399	2097.83325195313
2310.24773474116	2094.36669921875
2312.60229909566	2109.7666015625
2314.95616331451	2109.85009765625
2317.30932770456	2110.83325195313
2319.66179257263	2101.94995117188
2322.01355822542	2103.2333984375
2324.36462496953	2101.25
2326.71499311146	2103.63330078125
2329.06466295764	2111.0166015625
2331.41363481439	2112.21655273438
2333.76190898794	2108.7333984375
2336.10948578441	2113.11669921875
2338.45636550986	2108
2340.80254847022	2107.75
2343.14803497132	2109.31665039063
2345.49282531895	2105.9833984375
2347.83691981874	2114.81665039063
2350.18031877626	2105.25
2352.52302249699	2110.30004882813
2354.8650312863	2109.9833984375
2357.20634544946	2110.16674804688
2359.54696529166	2112.61669921875
2361.88689111798	2114.80004882813
2364.22612323341	2114.43334960938
2366.56466194287	2113.69995117188
2368.90250755114	2121.7333984375
2371.23966036293	2111.9833984375
2373.57612068286	2111
2375.91188881545	2117.46655273438
2378.2469650651	2115.83325195313
2380.58134973615	2121.96655273438
2382.91504313282	2119.58325195313
2385.24804555926	2116.06665039063
2387.58035731949	2121.14990234375
2389.91197871745	2116.88330078125
2392.24291005701	2115.03344726563
2394.57315164189	2120.18334960938
2396.90270377577	2120.89990234375
2399.23156676218	2116.13330078125
2401.55974090461	2105.64990234375
2403.88722650642	2113.93334960938
2406.21402387086	2120.41674804688
2408.54013330113	2115.7333984375
2410.8655551003	2120.28344726563
2413.19028957133	2127.60009765625
2415.51433701713	2125.93334960938
2417.83769774049	2120.2333984375
2420.16037204408	2122.14990234375
2422.48236023051	2123.44995117188
2424.80366260228	2116.13330078125
2427.12427946179	2129.60009765625
2429.44421111134	2118.80004882813
2431.76345785315	2119
2434.08201998932	2123.0166015625
2436.39989782188	2119.33325195313
2438.71709165273	2129.68334960938
2441.0336017837	2130.35009765625
2443.34942851653	2129.41674804688
2445.66457215282	2130.0166015625
2447.97903299412	2119.03344726563
2450.29281134185	2128.66674804688
2452.60590749736	2123.11669921875
2454.91832176188	2121.69995117188
2457.23005443656	2122.96655273438
2459.54110582243	2125.36669921875
2461.85147622045	2129.39990234375
2464.16116593146	2123.41674804688
2466.47017525621	2130.21655273438
2468.77850449536	2122.08325195313
2471.08615394947	2129.53344726563
2473.39312391899	2127.19995117188
2475.69941470429	2118.68334960938
2478.00502660562	2128.13330078125
2480.30995992316	2132.0166015625
2482.61421495697	2125.80004882813
2484.91779200702	2135.64990234375
2487.22069137316	2127.14990234375
2489.5229133552	2126.91674804688
2491.8244582528	2135.56665039063
2494.12532636553	2132.36669921875
2496.42551799287	2128.5166015625
2498.72503343421	2132.43334960938
2501.02387298882	2134.55004882813
2503.32203695588	2133.88330078125
2505.61952563449	2143.56665039063
2507.91633932361	2140.2333984375
2510.21247832216	2131.11669921875
2512.50794292891	2131.56665039063
2514.80273344255	2130.58325195313
2517.09685016167	2128.55004882813
2519.39029338476	2138.28344726563
2521.68306341022	2137.14990234375
2523.97516053634	2149.89990234375
2526.26658506132	2140.69995117188
2528.55733728325	2133.88330078125
2530.84741750012	2148.46655273438
2533.13682600984	2139.68334960938
2535.4255631102	2141.7333984375
2537.7136290989	2143.96655273438
2540.00102427354	2137.06665039063
2542.28774893162	2137.11669921875
2544.57380337053	2139.39990234375
2546.85918788758	2138.80004882813
2549.14390277997	2148.39990234375
2551.4279483448	2145.46655273438
2553.71132487906	2154.4833984375
2555.99403267966	2147.66674804688
2558.27607204341	2140.28344726563
2560.55744326699	2144.14990234375
2562.83814664702	2142.14990234375
2565.11818247999	2149.11669921875
2567.3975510623	2145.80004882813
2569.67625269025	2136.28344726563
2571.95428766003	2142.9833984375
2574.23165626776	2131.2666015625
2576.50835880942	2143.4833984375
2578.78439558093	2129.75
2581.05976687806	2142.60009765625
2583.33447299652	2144.21655273438
2585.60851423191	2135.08325195313
2587.88189087972	2147.25
2590.15460323534	2144.83325195313
2592.42665159406	2139.80004882813
2594.69803625108	2141.5
2596.9687575015	2137.41674804688
2599.23881564029	2146.5
2601.50821096235	2146.28344726563
2603.77694376245	2135.14990234375
2606.0450143353	2143.7666015625
2608.31242297548	2137.13330078125
2610.57916997746	2135.55004882813
2612.84525563562	2144.2333984375
2615.11068024426	2148.16674804688
2617.37544409753	2144.85009765625
2619.63954748952	2133.83325195313
2621.90299071421	2145.31665039063
2624.16577406546	2139.80004882813
2626.42789783705	2143.78344726563
2628.68936232264	2147.16674804688
2630.9501678158	2146.39990234375
2633.21031460999	2139.66674804688
2635.46980299857	2149.25
2637.72863327481	2150.94995117188
2639.98680573185	2149.81665039063
2642.24432066276	2150.60009765625
2644.50117836048	2143.31665039063
2646.75737911786	2143.06665039063
2649.01292322765	2146.13330078125
2651.26781098249	2148.86669921875
2653.52204267492	2145.83325195313
2655.77561859738	2154.94995117188
2658.0285390422	2153.28344726563
2660.28080430161	2160.58325195313
2662.53241466774	2154.33325195313
2664.78337043263	2155.4833984375
2667.03367188817	2145.05004882813
2669.2833193262	2153.83325195313
2671.53231303844	2158.35009765625
2673.78065331648	2160.2666015625
2676.02834045184	2152.75
2678.27537473592	2154.93334960938
2680.52175646002	2157.61669921875
2682.76748591535	2160.33325195313
2685.01256339298	2158.08325195313
2687.25698918391	2160.5166015625
2689.50076357901	2160.81665039063
2691.74388686909	2161.68334960938
2693.9863593448	2158.9833984375
2696.22818129672	2157.63330078125
2698.46935301532	2152.88330078125
2700.70987479096	2158.46655273438
2702.94974691389	2154.44995117188
2705.18896967428	2149.5
2707.42754336216	2154.71655273438
2709.66546826749	2151.78344726563
2711.90274468011	2152.68334960938
2714.13937288974	2155.10009765625
2716.37535318602	2157.88330078125
2718.61068585848	2148.44995117188
2720.84537119652	2151.0166015625
2723.07940948947	2142.78344726563
2725.31280102654	2140.36669921875
2727.54554609682	2149.28344726563
2729.77764498933	2142.66674804688
2732.00909799294	2138.28344726563
2734.23990539644	2143.60009765625
2736.47006748853	2141.31665039063
2738.69958455777	2139.44995117188
2740.92845689263	2143.30004882813
2743.15668478147	2144.88330078125
2745.38426851257	2148.35009765625
2747.61120837406	2143.25
2749.83750465399	2150.83325195313
2752.0631576403	2157.60009765625
2754.28816762083	2142.55004882813
2756.51253488329	2149.13330078125
2758.73625971532	2136.21655273438
2760.95934240442	2143.88330078125
2763.18178323801	2142.38330078125
2765.40358250338	2145
2767.62474048773	2137.58325195313
2769.84525747814	2145.4833984375
2772.06513376159	2133.93334960938
2774.28436962496	2144.19995117188
2776.50296535501	2139.80004882813
2778.7209212384	2146.43334960938
2780.93823756168	2152.83325195313
2783.15491461129	2146.75
2785.37095267358	2149.96655273438
2787.58635203477	2140.75
2789.80111298097	2137.68334960938
2792.01523579822	2144.66674804688
2794.2287207724	2129.30004882813
2796.44156818932	2142.53344726563
2798.65377833468	2138.83325195313
2800.86535149404	2135.55004882813
2803.07628795289	2146.96655273438
2805.28658799659	2134.13330078125
2807.4962519104	2135.16674804688
2809.70527997946	2141.10009765625
2811.91367248883	2133.18334960938
2814.12142972342	2132.96655273438
2816.32855196807	2135.85009765625
2818.53503950749	2137.14990234375
2820.74089262628	2143.55004882813
2822.94611160894	2137.55004882813
2825.15069673987	2139.39990234375
2827.35464830333	2138.03344726563
2829.55796658351	2136.14990234375
2831.76065186445	2131
2833.96270443012	2138.81665039063
2836.16412456437	2142.75
2838.3649125509	2136.5
2840.56506867336	2140.66674804688
2842.76459321526	2138.69995117188
2844.96348645999	2142.93334960938
2847.16174869086	2137
2849.35938019105	2135.35009765625
2851.55638124363	2139.2666015625
2853.75275213157	2141.88330078125
2855.94849313772	2140.38330078125
2858.14360454483	2134.18334960938
2860.33808663553	2135.33325195313
2862.53193969234	2135.60009765625
2864.72516399768	2140.7666015625
2866.91775983385	2136.75
2869.10972748304	2143.11669921875
2871.30106722733	2145.58325195313
2873.4917793487	2141.9833984375
2875.68186412899	2146.18334960938
2877.87132184997	2146.13330078125
2880.06015279325	2153.18334960938
2882.24835724039	2150.9833984375
2884.43593547278	2151.69995117188
2886.62288777173	2145.35009765625
2888.80921441843	2145.75
2890.99491569397	2146.28344726563
2893.1799918793	2149.66674804688
2895.36444325529	2159.5
2897.54827010269	2159.41674804688
2899.73147270213	2150.14990234375
2901.91405133412	2151.60009765625
2904.09600627909	2147.39990234375
2906.27733781731	2142.31665039063
2908.45804622899	2146.11669921875
2910.63813179418	2148.03344726563
2912.81759479286	2144.7666015625
2914.99643550486	2144.44995117188
2917.17465420994	2140.19995117188
2919.3522511877	2143.03344726563
2921.52922671765	2147.63330078125
2923.7055810792	2144.2333984375
2925.88131455162	2145.88330078125
2928.05642741408	2151.94995117188
2930.23091994566	2144.63330078125
2932.40479242528	2141.7333984375
2934.57804513178	2140.41674804688
2936.75067834387	2137.85009765625
2938.92269234017	2142.08325195313
2941.09408739916	2141.2333984375
2943.26486379921	2139.2666015625
2945.4350218186	2142.13330078125
2947.60456173546	2144.33325195313
2949.77348382783	2138.10009765625
2951.94178837363	2137.39990234375
2954.10947565068	2136.60009765625
2956.27654593666	2140.2333984375
2958.44299950915	2143.80004882813
2960.60883664562	2139.43334960938
2962.77405762341	2137.19995117188
2964.93866271975	2136.30004882813
2967.10265221178	2138.63330078125
2969.26602637648	2135.66674804688
2971.42878549076	2144.18334960938
2973.59092983139	2132.89990234375
2975.75245967501	2144.33325195313
2977.9133752982	2139.11669921875
2980.07367697736	2145.60009765625
2982.23336498882	2130.93334960938
2984.39243960877	2129.58325195313
2986.5509011133	2132.7333984375
2988.70874977837	2133.86669921875
2990.86598587984	2137.71655273438
2993.02260969344	2136.5166015625
2995.17862149478	2129.06665039063
2997.33402155938	2129.94995117188
2999.48881016262	2129.2666015625
3001.64298757978	2136.7333984375
3003.796554086	2128.44995117188
3005.94950995633	2126.93334960938
3008.10185546569	2130.93334960938
3010.25359088888	2134.63330078125
3012.40471650059	2135.75
3014.5552325754	2126.80004882813
3016.70513938776	2135.2333984375
3018.85443721201	2127.2333984375
3021.00312632236	2116.64990234375
3023.15120699292	2123.06665039063
3025.29867949769	2126.69995117188
3027.44554411052	2120.69995117188
3029.59180110516	2123.7666015625
3031.73745075527	2115.64990234375
3033.88249333434	2129.81665039063
3036.02692911578	2119.0166015625
3038.17075837287	2117.08325195313
3040.31398137877	2117.19995117188
3042.45659840653	2114.13330078125
3044.59860972907	2115.91674804688
3046.7400156192	2113.38330078125
3048.88081634961	2118.05004882813
3051.02101219287	2112.75
3053.16060342144	2111.18334960938
3055.29959030765	2110.9833984375
3057.43797312371	2105.14990234375
3059.57575214172	2111.30004882813
3061.71292763366	2111.0166015625
3063.84949987139	2109.85009765625
3065.98546912665	2104.44995117188
3068.12083567105	2112.56665039063
3070.2555997761	2107.06665039063
3072.38976171319	2103.83325195313
3074.52332175356	2109.5166015625
3076.65628016837	2101.86669921875
3078.78863722863	2106.13330078125
3080.92039320526	2096.33325195313
3083.05154836902	2110.85009765625
3085.1821029906	2106.85009765625
3087.31205734051	2101.33325195313
3089.44141168921	2097.36669921875
3091.57016630696	2109.28344726563
3093.69832146398	2105.16674804688
3095.82587743032	2101.61669921875
3097.9528344759	2105.11669921875
3100.07919287056	2099.19995117188
3102.204952884	2105.44995117188
3104.33011478579	2099.80004882813
3106.45467884538	2106.66674804688
3108.57864533212	2095.35009765625
3110.70201451522	2100.55004882813
3112.82478666378	2098.19995117188
3114.94696204676	2098.18334960938
3117.06854093301	2086.64990234375
3119.18952359127	2090.7666015625
3121.30991029013	2091.81665039063
3123.4297012981	2096.2666015625
3125.54889688352	2098.81665039063
3127.66749731464	2091.81665039063
3129.78550285957	2097.10009765625
3131.90291378633	2089.68334960938
3134.01973036277	2086.86669921875
3136.13595285665	2085.2333984375
3138.2515815356	2087.58325195313
3140.36661666714	2091.63330078125
3142.48105851863	2086.13330078125
3144.59490735734	2084.08325195313
3146.70816345041	2078.31665039063
3148.82082706486	2087.0166015625
3150.93289846758	2073.55004882813
3153.04437792532	2094.35009765625
3155.15526570475	2078.83325195313
3157.26556207238	2080.0166015625
3159.37526729461	2074.96655273438
3161.48438163771	2076.75
3163.59290536784	2073.25
3165.70083875102	2071.5166015625
3167.80818205315	2072.93334960938
3169.91493554002	2076.71655273438
3172.02109947727	2078.2333984375
3174.12667413044	2070.93334960938
3176.23165976493	2082.5
3178.33605664602	2075.4833984375
3180.43986503887	2068.69995117188
3182.54308520852	2079.75
3184.64571741986	2071.2333984375
3186.74776193769	2067.44995117188
3188.84921902664	2063.89990234375
3190.95008895128	2079.94995117188
3193.05037197599	2073.31665039063
3195.15006836504	2077.91674804688
3197.24917838262	2077.35009765625
3199.34770229274	2086.30004882813
3201.44564035931	2067.41674804688
3203.5429928461	2062.21655273438
3205.63976001677	2073.91674804688
3207.73594213484	2077.66674804688
3209.83153946372	2077.43334960938
3211.92655226669	2070.16674804688
3214.02098080688	2074.61669921875
3216.11482534732	2081
3218.20808615091	2072.80004882813
3220.30076348041	2065.86669921875
3222.39285759847	2063.61669921875
3224.4843687676	2067.96655273438
3226.57529725019	2066.08325195313
3228.66564330851	2059.36669921875
3230.75540720468	2072.56665039063
3232.8445892007	2066.31665039063
3234.93318955847	2070.28344726563
3237.02120853974	2060.5
3239.10864640612	2062.86669921875
3241.19550341911	2053.9833984375
3243.28177984009	2066.53344726563
3245.36747593029	2058.13330078125
3247.45259195083	2071.31665039063
3249.53712816268	2056.58325195313
3251.62108482672	2062.86669921875
3253.70446220366	2053.06665039063
3255.78726055411	2053.83325195313
3257.86948013853	2049.16674804688
3259.95112121728	2051.64990234375
3262.03218405055	2048.10009765625
3264.11266889845	2048.44995117188
3266.19257602092	2050.96655273438
3268.27190567779	2051.60009765625
3270.35065812876	2050.13330078125
3272.4288336334	2046.73327636719
3274.50643245114	2041.38330078125
3276.5834548413	2038.06665039063
3278.65990106305	2044
3280.73577137545	2033.25
3282.81106603742	2039.25
3284.88578530774	2035.13330078125
3286.95992944508	2037.41662597656
3289.03349870796	2037.81665039063
3291.1064933548	2052.7333984375
3293.17891364384	2041.16662597656
3295.25075983324	2040.19995117188
3297.322032181	2036.25
3299.39273094501	2047.08337402344
3301.462856383	2039.93334960938
3303.53240875259	2043.01672363281
3305.60138831128	2038.90002441406
3307.6697953164	2037.21667480469
3309.73763002519	2049.31665039063
3311.80489269472	2045.80004882813
3313.87158358198	2036.43334960938
3315.93770294378	2039.94995117188
3318.00325103681	2036.71667480469
3320.06822811764	2041.26672363281
3322.13263444272	2037.81665039063
3324.19647026832	2041.21667480469
3326.25973585064	2047.13330078125
3328.32243144568	2037.05004882813
3330.38455730938	2042.18334960938
3332.44611369749	2033.36669921875
3334.50710086564	2038.91662597656
3336.56751906936	2032.48327636719
3338.62736856401	2038.33337402344
3340.68664960483	2031.44995117188
3342.74536244693	2031.41662597656
3344.80350734528	2036.06665039063
3346.86108455472	2028.36669921875
3348.91809432997	2027.76672363281
3350.97453692559	2024.93334960938
3353.03041259603	2024.96667480469
3355.08572159559	2022.21667480469
3357.14046417844	2021.34997558594
3359.19464059863	2017.98327636719
3361.24825111005	2015.09997558594
3363.30129596648	2020.91662597656
3365.35377542155	2017.84997558594
3367.40568972878	2020.98327636719
3369.45703914152	2013.86669921875
3371.507823913	2019.73327636719
3373.55804429633	2020.01672363281
3375.60770054446	2016.08337402344
3377.65679291024	2018.18334960938
3379.70532164635	2011.94995117188
3381.75328700534	2011.40002441406
3383.80068923965	2009.96667480469
3385.84752860155	2009.46667480469
3387.89380534321	2004.03332519531
3389.93951971664	2005.96667480469
3391.98467197371	2012.51672363281
3394.02926236618	1998.78332519531
3396.07329114566	2005.36669921875
3398.1167585636	1998.86669921875
3400.15966487137	2002.81665039063
3402.20201032014	1997.05004882813
3404.24379516099	1995
3406.28501964484	2001.78332519531
3408.3256840225	1999.08337402344
3410.3657885446	1992.53332519531
3412.40533346167	2003.34997558594
3414.44431902408	2005.53332519531
3416.48274548209	1997.08337402344
3418.5206130858	1999.51672363281
3420.55792208516	1995.40002441406
3422.59467273003	1990.75
3424.63086527009	1997.05004882813
3426.6664999549	1994.38330078125
3428.70157703386	2000.30004882813
3430.73609675628	2002.56665039063
3432.77005937129	1996.5
3434.80346512789	1996.75
3436.83631427494	1993.51672363281
3438.86860706119	1988.71667480469
3440.90034373521	2000.30004882813
3442.93152454546	1989.96667480469
3444.96214974025	1983.21667480469
3446.99221956775	1988.33337402344
3449.021734276	1989.68334960938
3451.05069411289	1989.21667480469
3453.07909932619	1990.86669921875
3455.1069501635	1988.43334960938
3457.1342468723	1982.58337402344
3459.16098969993	1986.90002441406
3461.1871788936	1976.75
3463.21281470035	1979.36669921875
3465.23789736712	1974.13330078125
3467.26242714067	1977.15002441406
3469.28640426765	1965.05004882813
3471.30982899455	1969.41662597656
3473.33270156774	1963.19995117188
3475.35502223343	1969.18334960938
3477.3767912377	1961.96667480469
3479.39800882649	1957.03332519531
3481.41867524559	1961.08337402344
3483.43879074066	1965.36669921875
3485.45835555721	1959.44995117188
3487.47736994062	1953.68334960938
3489.49583413611	1955.43334960938
3491.51374838879	1956.38330078125
3493.53111294359	1951.31665039063
3495.54792804533	1952.44995117188
3497.56419393867	1946.15002441406
3499.57991086814	1942.11669921875
3501.59507907811	1950.01672363281
3503.60969881284	1942.31665039063
3505.6237703164	1944.75
3507.63729383278	1936.56665039063
3509.65026960577	1948.36669921875
3511.66269787904	1931.80004882813
3513.67457889613	1937.41662597656
3515.68591290042	1944.53332519531
3517.69670013515	1930.58337402344
3519.70694084342	1936.51672363281
3521.7166352682	1936.34997558594
3523.72578365229	1935.81665039063
3525.73438623836	1941.21667480469
3527.74244326893	1932.86669921875
3529.74995498641	1931.61669921875
3531.75692163301	1941.26672363281
3533.76334345084	1925.51672363281
3535.76922068186	1921.76672363281
3537.77455356786	1932.13330078125
3539.77934235051	1924.58337402344
3541.78358727133	1926.43334960938
3543.78728857169	1927.58337402344
3545.79044649283	1928.98327636719
3547.79306127584	1924.21667480469
3549.79513316164	1924.90002441406
3551.79666239104	1926.30004882813
3553.79764920469	1920.78332519531
3555.7980938431	1919.84997558594
3557.79799654663	1918.33337402344
3559.79735755548	1916.11669921875
3561.79617710974	1914.88330078125
3563.79445544932	1908.59997558594
3565.79219281401	1915.23327636719
3567.78938944344	1908.63330078125
3569.7860455771	1906.78332519531
3571.78216145432	1912
3573.77773731431	1911.46667480469
3575.7727733961	1903.44995117188
3577.76726993861	1907.98327636719
3579.76122718059	1907.34997558594
3581.75464536064	1902.98327636719
3583.74752471725	1901.41662597656
3585.7398654887	1894.03332519531
3587.73166791317	1894.83337402344
3589.7229322287	1899.40002441406
3591.71365867314	1894.15002441406
3593.70384748424	1893.19995117188
3595.69349889955	1888.34997558594
3597.68261315654	1890.25
3599.67119049245	1887.81665039063
3601.65923114446	1882.13330078125
3603.64673534952	1889.65002441406
3605.63370334449	1879.68334960938
3607.62013536607	1874.05004882813
3609.60603165079	1877.19995117188
3611.59139243504	1881.88330078125
3613.57621795509	1879.53332519531
3615.56050844701	1873.33337402344
3617.54426414677	1877.01672363281
3619.52748529017	1865.66662597656
3621.51017211285	1864.71667480469
3623.49232485031	1869.38330078125
3625.47394373792	1868.94995117188
3627.45502901088	1867.09997558594
3629.43558090423	1856.78332519531
3631.41559965288	1863.03332519531
3633.3950854916	1860.30004882813
3635.37403865498	1860.59997558594
3637.35245937747	1864.01672363281
3639.33034789339	1863.05004882813
3641.30770443688	1852.86669921875
3643.28452924196	1855.86669921875
3645.26082254248	1856.09997558594
3647.23658457212	1857.30004882813
3649.21181556447	1856.03332519531
3651.18651575291	1856.51672363281
3653.16068537069	1851.86669921875
3655.13432465092	1855.03332519531
3657.10743382653	1853.43334960938
3659.08001313034	1860.75
3661.05206279498	1855.18334960938
3663.02358305295	1844.84997558594
3664.9945741366	1849.26672363281
3666.96503627811	1848.78332519531
3668.93496970952	1843.69995117188
3670.90437466272	1843.40002441406
3672.87325136944	1841.13330078125
3674.84160006127	1845.08337402344
3676.80942096963	1842.16662597656
3678.77671432581	1840.19995117188
3680.74348036092	1840.25
3682.70971930595	1838.76672363281
3684.6754313917	1835.21667480469
3686.64061684885	1838.93334960938
3688.60527590791	1840.76672363281
3690.56940879924	1830.16662597656
3692.53301575303	1835.34997558594
3694.49609699936	1835.83337402344
3696.45865276812	1831.81665039063
3698.42068328904	1825.84997558594
3700.38218879173	1830.58337402344
3702.34316950563	1833.80004882813
3704.30362566	1819.16662597656
3706.26355748399	1827.55004882813
3708.22296520657	1818.11669921875
3710.18184905656	1828.48327636719
3712.14020926263	1826.55004882813
3714.09804605328	1824.23327636719
3716.05535965687	1814.28332519531
3718.01215030162	1816.71667480469
3719.96841821555	1813.15002441406
3721.92416362657	1811.71667480469
3723.8793867624	1815.26672363281
3725.83408785063	1804.59997558594
3727.78826711869	1803
3729.74192479384	1796.25
3731.69506110319	1804.96667480469
3733.64767627371	1803.84997558594
3735.59977053219	1796.91662597656
3737.55134410528	1795.88330078125
3739.50239721947	1794.86669921875
3741.45293010108	1786.46667480469
3743.40294297631	1795.63330078125
3745.35243607116	1787
3747.3014096115	1793.23327636719
3749.24986382303	1791.91662597656
3751.19779893131	1791.65002441406
3753.14521516171	1789.34997558594
3755.09211273949	1790.48327636719
3757.0384918897	1781.53332519531
3758.98435283728	1792.91662597656
3760.92969580698	1788.28332519531
3762.87452102341	1783.94995117188
3764.81882871101	1784.81665039063
3766.76261909407	1786.15002441406
3768.70589239672	1780.19995117188
3770.64864884293	1785.66662597656
3772.59088865651	1788.38330078125
3774.53261206112	1783.34997558594
3776.47381928025	1777.05004882813
