1000.07700129088	
1001.77463942924	
1002.83416209528	
1004.53092997605	
1005.59045264208	
1007.28635062209	
1008.34587328813	
1010.0409017241	
1011.10042439014	
1012.79458363868	
1013.85410630472	
1015.54739672233	
1016.60691938837	
1018.29934133142	
1019.35886399746	
1021.05041782219	
1022.10994048823	
1023.8006265508	
1024.86014921684	
1026.54996787325	
1027.60949053928	
1029.29844214545	
1030.35796481149	
1032.0460497232	
1033.10557238924	
1034.79279096215	
1035.85231362819	
1037.53866621786	
1038.5981888839	
1040.28367584578	
1041.34319851182	
1043.02782020123	
1044.08734286727	
1045.7710996394	
1046.83062230544	
1048.51351451539	
1049.57303718143	
1051.25506518417	
1052.31458785021	
1053.99575200061	
1055.05527466665	
1056.73557531945	
1057.79509798549	
1059.4745354953	
1060.53405816134	
1062.2126328827	
1063.27215554874	
1064.94986783605	
1066.00939050209	
1067.68624070961	
1068.74576337565	
1070.42175185757	
1071.48127452361	
1073.15640163398	
1074.21592430002	
1075.89019039278	
1076.94971305882	
1078.6231184878	
1079.68264115384	
1081.35518627276	
1082.41470893879	
1084.08639410125	
1085.14591676728	
1086.81674232676	
1087.8762649928	
1089.54623130267	
1090.60575396871	
1092.27486138224	
1093.33438404827	
1095.00263291861	
1096.06215558464	
1097.72954626482	
1098.78906893086	
1100.45560177378	
1101.51512443981	
1103.18079979831	
1104.24032246435	
1105.90514069112	
1106.96466335716	
1108.62862480477	
1109.68814747081	
1111.35125249175	
1112.41077515779	
1114.07302410441	
1115.13254677044	
1116.793939995	
1117.85346266104	
1119.51400051566	
1120.57352318169	
1122.23320601841	
1123.29272868445	
1124.95155685517	
1126.01107952121	
1127.66905337774	
1128.72857604378	
1130.38569593782	
1131.44521860385	
1133.10148488697	
1134.16100755301	
1135.81642057667	
1136.87594324271	
1138.53050335829	
1139.59002602433	
1141.24373358306	
1142.3032562491	
1143.95611160214	
1145.01563426818	
1146.66763776654	
1147.72716043257	
1149.37831242718	
1150.43783509322	
1152.08813593487	
1153.14765860091	
1154.7971086403	
1155.85663130634	
1157.50523089408	
1158.56475356012	
1160.21250304667	
1161.27202571271	
1162.91892544844	
1163.97844811448	
1165.62449844965	
1166.68402111569	
1168.32922240045	
1169.38874506649	
1171.0330976509	
1172.09262031694	
1173.73612455091	
1174.79564721695	
1176.43830345031	
1177.49782611635	
1179.13963469882	
1180.19915736486	
1181.84011864604	
1182.89964131208	
1184.53975564147	
1185.59927830751	
1187.23854603451	
1188.29806870054	
1189.93649017442	
1190.99601284046	
1192.63358841039	
1193.69311107643	
1195.32984109149	
1196.38936375753	
1198.02524856667	
1199.08477123271	
1200.71981118478	
1201.77933385082	
1203.41352929457	
1204.47305196061	
1206.10640324467	
1207.1659259107	
1208.79843338361	
1209.85795604964	
1211.48962005981	
1212.54914272585	
1214.17996362159	
1215.23948628763	
1216.86946441716	
1217.92898708319	
1219.55812279461	
1220.61764546064	
1222.24593910194	
1223.30546176798	
1224.93291368704	
1225.99243635308	
1227.61904689769	
1228.67856956373	
1230.30433908157	
1231.36386174761	
1232.98879058625	
1234.04831325228	
1235.67240175918	
1236.73192442522	
1238.35517294773	
1239.41469561377	
1241.03710449915	
1242.09662716519	
1243.71819676058	
1244.77771942662	
1246.39845007907	
1247.45797274511	
1249.07786480155	
1250.13738746759	
1251.75644127485	
1252.81596394089	
1254.43417984571	
1255.49370251175	
1257.11108086072	
1258.17060352676	
1259.78714466643	
1260.84666733246	
1262.46237160921	
1263.52189427525	
1265.1367620354	
1266.19628470144	
1267.81031629118	
1268.86983895722	
1270.48303472266	
1271.5425573887	
1273.15491767583	
1274.21444034186	
1275.82596549657	
1276.8854881626	
1278.49617853067	
1279.55570119671	
1281.16555712381	
1282.22507978985	
1283.83410162156	
1284.89362428759	
1286.50181236939	
1287.56133503543	
1289.16868971269	
1290.22821237872	
1291.8347339967	
1292.89425666274	
1294.49994556659	
1295.55946823263	
1297.16432476743	
1298.22384743346	
1299.82787194415	
1300.88739461019	
1302.49058744163	
1303.55011010766	
1305.15247160459	
1306.21199427063	
1307.81352477769	
1308.87304744373	
1310.47374730548	
1311.53326997152	
1313.1331395324	
1314.19266219843	
1315.79170180277	
1316.8512244688	
1318.44943446083	
1319.50895712687	
1321.10633785073	
1322.16586051676	
1323.76241231648	
1324.82193498252	
1326.41765820202	
1327.47718086806	
1329.07207585117	
1330.1315985172	
1331.72566560766	
1332.78518827369	
1334.3784278151	
1335.43795048114	
1337.03036281703	
1338.08988548307	
1339.68147095686	
1340.74099362289	
1342.33175257789	
1343.39127524392	
1344.98120802335	
1346.04073068939	
1347.62983763636	
1348.6893603024	
1350.27764175994	
1351.33716442597	
1352.92462073697	
1353.98414340301	
1355.57077491028	
1356.63029757632	
1358.21610462259	
1359.27562728863	
1360.86061021649	
1361.92013288252	
1363.50429203449	
1364.56381470053	
1366.14715041901	
1367.20667308505	
1368.78918571234	
1369.84870837838	
1371.4303982567	
1372.48992092274	
1374.07078839419	
1375.13031106023	
1376.71035646681	
1377.76987913284	
1379.34910281647	
1380.40862548251	
1381.98702778498	
1383.04655045101	
1384.62413171402	
1385.68365438006	
1387.26041494523	
1388.31993761126	
1389.89587782008	
1390.95540048612	
1392.53052068001	
1393.59004334605	
1395.16434386629	
1396.22386653233	
1397.79734772015	
1398.85687038619	
1400.42953258269	
1401.48905524873	
1403.0608987949	
1404.12042146094	
1405.69144669771	
1406.75096936375	
1408.32117663193	
1409.38069929796	
1410.95008893825	
1412.00961160428	
1413.57818395728	
1414.63770662332	
1416.20546202954	
1417.26498469557	
1418.83192349543	
1419.89144616146	
1421.45756869528	
1422.51709136132	
1424.08239796929	
1425.14192063532	
1426.70641165757	
1427.76593432361	
1429.32961010016	
1430.3891327662	
1431.95199363695	
1433.01151630299	
1434.57356260778	
1435.63308527382	
1437.19431735237	
1438.2538400184	
1439.81425821033	
1440.87378087637	
1442.43338552118	
1443.49290818722	
1445.05169962437	
1446.1112222904	
1447.66920085921	
1448.72872352524	
1450.28588956493	
1451.34541223097	
1452.90176608067	
1453.96128874671	
1455.51683074547	
1456.5763534115	
1458.13108389825	
1459.19060656429	
1460.74452587786	
1461.8040485439	
1463.35715702303	
1464.41667968907	
1465.96897767243	
1467.02850033846	
1468.57998816457	
1469.63951083061	
1471.19018883794	
1472.24971150397	
1473.79958003086	
1474.8591026969	
1476.4081620816	
1477.46768474763	
1479.01593532831	
1480.07545799434	
1481.62290010905	
1482.68242277508	
1484.22905676179	
1485.28857942782	
1486.83440562438	
1487.89392829042	
1489.43894703461	
1490.49846970065	
1492.04268133016	
1493.10220399619	
1494.64560884857	
1495.70513151461	
1497.24772992735	
1498.30725259339	
1499.84904490388	
1500.90856756992	
1502.44955411543	
1503.50907678146	
1505.0492578992	
1506.10878056524	
1507.64815659229	
1508.70767925832	
1510.24625053168	
1511.30577319772	
1512.84354005429	
1513.90306272032	
1515.44002549691	
1516.49954816295	
1518.03570719625	
1519.09522986229	
1520.63058548894	
1521.69010815498	
1523.22466071147	
1524.28418337751	
1525.81793320028	
1526.87745586632	
1528.41040329169	
1529.46992595773	
1531.00207132192	
1532.06159398796	
1533.59293762712	
1534.65246029316	
1536.18300254332	
1537.24252520935	
1538.77226640645	
1539.83178907249	
1541.36072955237	
1542.42025221841	
1543.94839231684	
1545.00791498287	
1546.53525503548	
1547.59477770152	
1549.12131804389	
1550.18084070993	
1551.70658167752	
1552.76610434356	
1554.29104627173	
1555.35056893777	
1556.87471216181	
1557.93423482785	
1559.45757968292	
1560.51710234896	
1562.03964917017	
1563.0991718362	
1564.62092095853	
1565.68044362457	
1567.2013953829	
1568.26091804893	
1569.78107277808	
1570.84059544411	
1572.35995347877	
1573.41947614481	
1574.93803781959	
1575.99756048562	
1577.51532613504	
1578.57484880108	
1580.09181875956	
1581.15134142559	
1582.66751602746	
1583.72703869349	
1585.24241827297	
1586.301940939	
1587.81652583024	
1588.87604849628	
1590.3898390333	
1591.44936169934	
1592.96235821611	
1594.02188088215	
1595.53408371251	
1596.59360637855	
1598.10501585628	
1599.16453852232	
1600.67515498106	
1601.73467764709	
1603.24450142043	
1604.30402408647	
1605.81305550788	
1606.87257817391	
1608.38081757677	
1609.44034024281	
1610.9477879604	
1612.00731062644	
1613.51396699198	
1614.57348965801	
1616.07935500458	
1617.13887767062	
1618.64395233122	
1619.70347499726	
1621.20775930483	
1622.26728197086	
1623.7707762582	
1624.83029892423	
1626.33300352408	
1627.39252619012	
1628.89444143508	
1629.95396410112	
1631.45509032376	
1632.5146129898	
1634.01495052255	
1635.07447318858	
1636.5740223638	
1637.63354502984	
1639.13230617978	
1640.19182884582	
1641.68980230264	
1642.74932496868	
1644.24651106446	
1645.3060337305	
1646.80243279721	
1647.86195546325	
1649.35756783278	
1650.41709049882	
1651.91191650296	
1652.971439169	
1654.46547913944	
1655.52500180548	
1657.01825607383	
1658.07777873987	
1659.57024763764	
1660.62977030368	
1662.12145416229	
1663.18097682833	
1664.6718759791	
1665.73139864514	
1667.2215134193	
1668.28103608534	
1669.77036681404	
1670.82988948008	
1672.31843649435	
1673.37795916039	
1674.8657227912	
1675.92524545724	
1677.41222603543	
1678.47174870147	
1679.95794655782	
1681.01746922386	
1682.50288468904	
1683.56240735508	
1685.04704075968	
1686.10656342572	
1687.59041510022	
1688.64993776626	
1690.13300804106	
1691.19253070709	
1692.67481991249	
1693.73434257853	
1695.21585104474	
1696.27537371078	
1697.75610176791	
1698.81562443395	
1700.29557241205	
1701.35509507809	
1702.83426330707	
1703.89378597311	
1705.37217478282	
1706.43169744886	
1707.90930716905	
1708.96882983509	
1710.44566079541	
1711.50518346144	
1712.98123599146	
1714.0407586575	
1715.51603308669	
1716.57555575272	
1718.05005241045	
1719.10957507649	
1720.58329429205	
1721.64281695809	
1723.11575906067	
1724.17528172671	
1725.64744704542	
1726.70696971146	
1728.17835857532	
1729.23788124135	
1730.70849397927	
1731.7680166453	
1733.2378535861	
1734.29737625213	
1735.76643772453	
1736.82596039057	
1738.29424672323	
1739.35376938927	
1740.82128091074	
1741.88080357677	
1743.3475406155	
1744.40706328154	
1745.87302616589	
1746.93254883193	
1748.39773789019	
1749.45726055623	
1750.92167611656	
1751.9811987826	
1753.44484117311	
1754.50436383915	
1755.96723338783	
1757.02675605387	
1758.48885308862	
1759.54837575466	
1761.00970060331	
1762.06922326934	
1763.52977625961	
1764.58929892564	
1766.04908038514	
1767.10860305118	
1768.56761330746	
1769.6271359735	
1771.08537535401	
1772.14489802005	
1773.60236685214	
1774.66188951817	
1776.11858812912	
1777.17811079515	
1778.63403951211	
1779.69356217815	
1781.14872132821	
1782.20824399425	
1783.6626339044	
1784.72215657043	
1786.17577756757	
1787.23530023361	
1788.68815264454	
1789.74767531057	
1791.199759462	
1792.25928212804	
1793.7105983466	
1794.77012101264	
1796.22066962486	
1797.2801922909	
1798.72997362322	
1799.78949628926	
1801.23851066803	
1802.29803333406	
1803.74628108554	
1804.80580375158	
1806.25328520193	
1807.31280786797	
1808.75952334326	
1809.81904600929	
1811.2649958355	
1812.32451850154	
1813.76970300458	
1814.82922567061	
1816.27364517628	
1817.33316784231	
1818.77682267629	
1819.83634534233	
1821.27923583026	
1822.33875849629	
1823.78088496369	
1824.84040762973	
1826.28177040204	
1827.34129306808	
1828.78189247064	
1829.84141513667	
1831.28125149473	
1832.34077416077	
1833.77984779949	
1834.83937046553	
1836.27768170998	
1837.33720437602	
1838.77475355119	
1839.83427621723	
1841.271063648	
1842.33058631404	
1843.76661232521	
1844.82613499125	
1846.26139990751	
1847.32092257355	
1848.75542671954	
1849.81494938558	
1851.2486930858	
1852.30821575184	
1853.74119933074	
1854.80072199677	
1856.23294577869	
1857.29246844473	
1858.72393275391	
1859.78345541994	
1861.21416058054	
1862.27368324658	
1863.70362958267	
1864.76315224871	
1866.19234008426	
1867.2518627503	
1868.6802924092	
1869.73981507524	
1871.16748688129	
1872.22700954733	
1873.65392382424	
1874.71344649027	
1876.13960356164	
1877.19912622768	
1878.62452641704	
1879.68404908308	
1881.10869271384	
1882.16821537988	
1883.59210277541	
1884.65162544145	
1886.07475692498	
1887.13427959102	
1888.55665548571	
1889.61617815175	
1891.03779878067	
1892.0973214467	
1893.51818713284	
1894.57770979887	
1895.99782086509	
1897.05734353113	
1898.47670030024	
1899.53622296628	
1900.95482576096	
1902.014348427	
1903.43219756989	
1904.49172023593	
1905.90881604954	
1906.96833871558	
1908.38468152235	
1909.44420418839	
1910.85979431064	
1911.91931697668	
1913.33415473668	
1914.39367740272	
1915.80776312261	
1916.86728578865	
1918.28061979051	
1919.34014245654	
1920.75272506234	
1921.81224772838	
1923.22407926001	
1924.28360192604	
1925.69468270529	
1926.75420537132	
1928.16453571989	
1929.22405838593	
1930.63363862544	
1931.69316129147	
1933.10199174344	
1934.16151440948	
1935.56959539533	
1936.62911806136	
1938.03644990244	
1939.09597256848	
1940.50255558603	
1941.56207825207	
1942.96791276726	
1944.0274354333	
1945.43252176718	
1946.49204443322	
1947.8963829068	
1948.95590557284	
1950.35949650697	
1951.41901917301	
1952.8218628885	
1953.88138555454	
1955.2834823721	
1956.34300503813	
1957.74435527836	
1958.8038779444	
1960.20448192784	
1961.26400459387	
1962.66386264093	
1963.72338530697	
1965.12249773799	
1966.18202040403	
1967.58038753927	
1968.63991020531	
1970.03753236493	
1971.09705503097	
1972.49393253504	
1973.55345520107	
1974.94958836957	
1976.0091110356	
1977.4045001884	
1978.46402285444	
1979.85866831133	
1980.91819097737	
1982.31209305807	
1983.3716157241	
1984.76477474823	
1985.82429741427	
1987.21671370133	
1988.27623636736	
1989.6679102368	
1990.72743290284	
1992.11836467399	
1993.17788734002	
1994.56807733213	
1995.62759999817	
1997.0170485304	
1998.07657119644	
1999.46527858786	
2000.5248012539	
2001.91276782348	
2002.97229048952	
2004.35951655615	
2005.41903922219	
2006.80552510467	
2007.86504777071	
2009.25079378774	
2010.31031645378	
2011.69532292397	
2012.75484559	
2014.13911283188	
2015.19863549792	
2016.58216382991	
2017.64168649594	
2019.02447623639	
2020.08399890242	
2021.46605036956	
2022.5255730356	
2023.90688654761	
2024.96640921365	
2026.34698508858	
2027.40650775462	
2028.78634631045	
2029.84586897649	
2031.22497053111	
2032.28449319715	
2033.66285806835	
2034.72238073438	
2036.10000923987	
2037.15953190591	
2038.53642436328	
2039.59594702932	
2040.97210375611	
2042.03162642215	
2043.40704773578	
2044.46657040182	
2045.84125661964	
2046.90077928567	
2048.27473072492	
2049.33425339095	
2050.70747036878	
2051.76699303481	
2053.13947586829	
2054.19899853433	
2055.57074754041	
2056.63027020645	
2058.00128570205	
2059.06080836809	
2060.43109066998	
2061.49061333602	
2062.8601627609	
2063.91968542694	
2065.28850229143	
2066.34802495747	
2067.71610957807	
2068.77563224411	
2070.14298493726	
2071.20250760329	
2072.56912868532	
2073.62865135136	
2074.99454113851	
2076.05406380455	
2077.41922261297	
2078.47874527901	
2079.84317342476	
2080.9026960908	
2082.26639388986	
2083.3259165559	
2084.68888432414	
2085.74840699018	
2087.1106450434	
2088.17016770944	
2089.53167636331	
2090.59119902935	
2091.95197859949	
2093.01150126553	
2094.37155206745	
2095.43107473348	
2096.79039708261	
2097.84991974864	
2099.20851396029	
2100.26803662633	
2101.62590301575	
2102.68542568178	
2104.04256456411	
2105.10208723015	
2106.45849892045	
2107.51802158648	
2108.87370639971	
2109.93322906574	
2111.28818731677	
2112.3477099828	
2113.70194198641	
2114.76146465245	
2116.11497072333	
2117.17449338937	
2118.52727384211	
2119.58679650815	
2120.93885165726	
2121.9983743233	
2123.34970448321	
2124.40922714924	
2125.75983263425	
2126.81935530029	
2128.16923642463	
2129.22875909067	
2130.57791616848	
2131.63743883452	
2132.98587217985	
2134.04539484589	
2135.3931047727	
2136.45262743874	
2137.79961426089	
2138.85913692692	
2140.20540095818	
2141.26492362422	
2142.61046517826	
2143.6699878443	
2145.01480723472	
2146.07432990076	
2147.41842744104	
2148.47795010708	
2149.82132611063	
2150.88084877667	
2152.22350355681	
2153.28302622285	
2154.62496009279	
2155.68448275883	
2157.0256960317	
2158.08521869774	
2159.42571168658	
2160.48523435261	
2161.82500737036	
2162.88453003639	
2164.22358339589	
2165.28310606193	
2166.62144007595	
2167.68096274199	
2169.01857772318	
2170.07810038922	
2171.41499665018	
2172.47451931622	
2173.81069716942	
2174.87021983546	
2176.20567959329	
2177.26520225933	
2178.59994423409	
2179.65946690013	
2180.99349140402	
2182.05301407006	
2183.38632141519	
2184.44584408123	
2185.77843457964	
2186.83795724567	
2188.16983120927	
2189.22935387531	
2190.56051161594	
2191.62003428198	
2192.95047611139	
2194.00999877743	
2195.33972500725	
2196.39924767329	
2197.72825861511	
2198.78778128115	
2200.11607724641	
2201.17559991245	
2202.50318121254	
2203.56270387857	
2204.88957082477	
2205.94909349081	
2207.27524639429	
2208.33476906033	
2209.6602082322	
2210.71973089824	
2212.0444566495	
2213.10397931554	
2214.4279919571	
2215.48751462314	
2216.81081446582	
2217.87033713186	
2219.19292448638	
2220.25244715242	
2221.57432232942	
2222.63384499546	
2223.95500830547	
2225.01453097151	
2226.33498272498	
2227.39450539101	
2228.7142458983	
2229.77376856434	
2231.09279813569	
2232.15232080173	
2233.47063974732	
2234.53016241336	
2235.84777104327	
2236.9072937093	
2238.2241923335	
2239.28371499954	
2240.59990392792	
2241.65942659396	
2242.97490613632	
2244.03442880236	
2245.34919926839	
2246.40872193443	
2247.72278363376	
2248.78230629979	
2250.09565954192	
2251.15518220795	
2252.46782730231	
2253.52734996835	
2254.83928722425	
2255.89880989029	
2257.21003961698	
2258.26956228301	
2259.58008478963	
2260.63960745567	
2261.94942305127	
2263.00894571731	
2264.31805471084	
2265.37757737688	
2266.68598007721	
2267.74550274324	
2269.05319945914	
2270.11272212517	
2271.4197131653	
2272.47923583134	
2273.78552150427	
2274.84504417031	
2276.15062478456	
2277.2101474506	
2278.51502331454	
2279.57454598058	
2280.87871740252	
2281.93824006856	
2283.24170735671	
2284.30123002275	
2285.60399348521	
2286.66351615125	
2287.96557609605	
2289.02509876208	
2290.32645549714	
2291.38597816317	
2292.68663199633	
2293.74615466236	
2295.04610590133	
2296.10562856737	
2297.40487751981	
2298.46440018585	
2299.76294715931	
2300.82246982535	
2302.12031512727	
2303.1798377933	
2304.47698173107	
2305.5365043971	
2306.83294727796	
2307.89246994399	
2309.18821207512	
2310.24773474116	
2311.54277642963	
2312.60229909566	
2313.89664064847	
2314.95616331451	
2316.24980503852	
2317.30932770456	
2318.6022699066	
2319.66179257263	
2320.95403555938	
2322.01355822542	
2323.30510230349	
2324.36462496953	
2325.65547044542	
2326.71499311146	
2328.0051402916	
2329.06466295764	
2330.35411214835	
2331.41363481439	
2332.7023863219	
2333.76190898794	
2335.04996311837	
2336.10948578441	
2337.39684284382	
2338.45636550986	
2339.74302580418	
2340.80254847022	
2342.08851230529	
2343.14803497132	
2344.43330265291	
2345.49282531895	
2346.7773971527	
2347.83691981874	
2349.12079611023	
2350.18031877626	
2351.46349983096	
2352.52302249699	
2353.80550862026	
2354.8650312863	
2356.14682278342	
2357.20634544946	
2358.48744262562	
2359.54696529166	
2360.82736845194	
2361.88689111798	
2363.16660056738	
2364.22612323341	
2365.50513927683	
2366.56466194287	
2367.8429848851	
2368.90250755114	
2370.1801376969	
2371.23966036293	
2372.51659801683	
2373.57612068286	
2374.85236614941	
2375.91188881545	
2377.18744239906	
2378.2469650651	
2379.52182707011	
2380.58134973615	
2381.85552046679	
2382.91504313282	
2384.18852289322	
2385.24804555926	
2386.52083465345	
2387.58035731949	
2388.85245605142	
2389.91197871745	
2391.18338739097	
2392.24291005701	
2393.51362897585	
2394.57315164189	
2395.84318110973	
2396.90270377577	
2398.17204409615	
2399.23156676218	
2400.50021823858	
2401.55974090461	
2402.82770384038	
2403.88722650642	
2405.15450120483	
2406.21402387086	
2407.48061063509	
2408.54013330113	
2409.80603243426	
2410.8655551003	
2412.13076690529	
2413.19028957133	
2414.4548143511	
2415.51433701713	
2416.77817507445	
2417.83769774049	
2419.10084937804	
2420.16037204408	
2421.42283756447	
2422.48236023051	
2423.74413993625	
2424.80366260228	
2426.06475679575	
2427.12427946179	
2428.38468844531	
2429.44421111134	
2430.70393518711	
2431.76345785315	
2433.02249732329	
2434.08201998932	
2435.34037515584	
2436.39989782188	
2437.65756898669	
2438.71709165273	
2439.97407911767	
2441.0336017837	
2442.28990585049	
2443.34942851653	
2444.60504948679	
2445.66457215282	
2446.91951032808	
2447.97903299412	
2449.23328867581	
2450.29281134185	
2451.54638483132	
2452.60590749736	
2453.85879909585	
2454.91832176188	
2456.17053177052	
2457.23005443656	
2458.48158315639	
2459.54110582243	
2460.79195355441	
2461.85147622045	
2463.10164326542	
2464.16116593146	
2465.41065259017	
2466.47017525621	
2467.71898182932	
2468.77850449536	
2470.02663128344	
2471.08615394947	
2472.33360125296	
2473.39312391899	
2474.63989203825	
2475.69941470429	
2476.94550393958	
2478.00502660562	
2479.25043725712	
2480.30995992316	
2481.55469229093	
2482.61421495697	
2483.85826934098	
2484.91779200702	
2486.16116870713	
2487.22069137316	
2488.46339068916	
2489.5229133552	
2490.76493558676	
2491.8244582528	
2493.06580369949	
2494.12532636553	
2495.36599532684	
2496.42551799287	
2497.66551076817	
2498.72503343421	
2499.96435032278	
2501.02387298882	
2502.26251428984	
2503.32203695588	
2504.56000296845	
2505.61952563449	
2506.85681665757	
2507.91633932361	
2509.15295565612	
2510.21247832216	
2511.44842026287	
2512.50794292891	
2513.74321077651	
2514.80273344255	
2516.03732749563	
2517.09685016167	
2518.33077071873	
2519.39029338476	
2520.62354074419	
2521.68306341022	
2522.91563787031	
2523.97516053634	
2525.20706239528	
2526.26658506132	
2527.49781461721	
2528.55733728325	
2529.78789483408	
2530.84741750012	
2532.0773033438	
2533.13682600984	
2534.36604044416	
2535.4255631102	
2536.65410643286	
2537.7136290989	
2538.9415016075	
2540.00102427354	
2541.22822626558	
2542.28774893162	
2543.51428070449	
2544.57380337053	
2545.79966522154	
2546.85918788758	
2548.08438011393	
2549.14390277997	
2550.36842567876	
2551.4279483448	
2552.65180221302	
2553.71132487906	
2554.93451001363	
2555.99403267966	
2557.21654937738	
2558.27607204341	
2559.49792060096	
2560.55744326699	
2561.77862398098	
2562.83814664702	
2564.05865981395	
2565.11818247999	
2566.33802839626	
2567.3975510623	
2568.61673002421	
2569.67625269025	
2570.89476499399	
2571.95428766003	
2573.17213360172	
2574.23165626776	
2575.44883614338	
2576.50835880942	
2577.72487291489	
2578.78439558093	
2580.00024421203	
2581.05976687806	
2582.27495033048	
2583.33447299652	
2584.54899156587	
2585.60851423191	
2586.82236821368	
2587.88189087972	
2589.0950805693	
2590.15460323534	
2591.36712892802	
2592.42665159406	
2593.63851358505	
2594.69803625108	
2595.90923483547	
2596.9687575015	
2598.17929297426	
2599.23881564029	
2600.44868829631	
2601.50821096235	
2602.71742109642	
2603.77694376245	
2604.98549166927	
2606.0450143353	
2607.25290030944	
2608.31242297548	
2609.51964731142	
2610.57916997746	
2611.78573296958	
2612.84525563562	
2614.05115757822	
2615.11068024426	
2616.31592143149	
2617.37544409753	
2618.58002482349	
2619.63954748952	
2620.84346804817	
2621.90299071421	
2623.10625139942	
2624.16577406546	
2625.36837517101	
2626.42789783705	
2627.6298396566	
2628.68936232264	
2629.89064514976	
2630.9501678158	
2632.15079194395	
2633.21031460999	
2634.41028033254	
2635.46980299857	
2636.66911060878	
2637.72863327481	
2638.92728306582	
2639.98680573185	
2641.18479799672	
2642.24432066276	
2643.44165569444	
2644.50117836048	
2645.69785645182	
2646.75737911786	
2647.95340056162	
2649.01292322765	
2650.20828831645	
2651.26781098249	
2652.46252000888	
2653.52204267492	
2654.71609593134	
2655.77561859738	
2656.96901637616	
2658.0285390422	
2659.22128163557	
2660.28080430161	
2661.47289200171	
2662.53241466774	
2663.72384776659	
2664.78337043263	
2665.97414922213	
2667.03367188817	
2668.22379666017	
2669.2833193262	
2670.4727903724	
2671.53231303844	
2672.72113065044	
2673.78065331648	
2674.9688177858	
2676.02834045184	
2677.21585206988	
2678.27537473592	
2679.46223379399	
2680.52175646002	
2681.70796324931	
2682.76748591535	
2683.95304072694	
2685.01256339298	
2686.19746651787	
2687.25698918391	
2688.44124091298	
2689.50076357901	
2690.68436420305	
2691.74388686909	
2692.92683667876	
2693.9863593448	
2695.16865863068	
2696.22818129672	
2697.40983034928	
2698.46935301532	
2699.65035212492	
2700.70987479096	
2701.89022424785	
2702.94974691389	
2704.12944700824	
2705.18896967428	
2706.36802069612	
2707.42754336216	
2708.60594560146	
2709.66546826749	
2710.84322201407	
2711.90274468011	
2713.0798502237	
2714.13937288974	
2715.31583051998	
2716.37535318602	
2717.55116319244	
2718.61068585848	
2719.78584853048	
2720.84537119652	
2722.01988682344	
2723.07940948947	
2724.2532783605	
2725.31280102654	
2726.48602343079	
2727.54554609682	
2728.71812232329	
2729.77764498933	
2730.9495753269	
2732.00909799294	
2733.1803827304	
2734.23990539644	
2735.4105448225	
2736.47006748853	
2737.64006189173	
2738.69958455777	
2739.86893422659	
2740.92845689263	
2742.09716211544	
2743.15668478147	
2744.32474584653	
2745.38426851257	
2746.55168570802	
2747.61120837406	
2748.77798198795	
2749.83750465399	
2751.00363497426	
2752.0631576403	
2753.22864495479	
2754.28816762083	
2755.45301221725	
2756.51253488329	
2757.67673704928	
2758.73625971532	
2759.89981973839	
2760.95934240442	
2762.12226057198	
2763.18178323801	
2764.34405983734	
2765.40358250338	
2766.56521782169	
2767.62474048773	
2768.7857348121	
2769.84525747814	
2771.00561109555	
2772.06513376159	
2773.22484695892	
2774.28436962496	
2775.44344268897	
2776.50296535501	
2777.66139857236	
2778.7209212384	
2779.87871489564	
2780.93823756168	
2782.09539194526	
2783.15491461129	
2784.31143000754	
2785.37095267358	
2786.52682936873	
2787.58635203477	
2788.74159031494	
2789.80111298097	
2790.95571313218	
2792.01523579822	
2793.16919810637	
2794.2287207724	
2795.38204552329	
2796.44156818932	
2797.59425566864	
2798.65377833468	
2799.805828828	
2800.86535149404	
2802.01676528685	
2803.07628795289	
2804.22706533056	
2805.28658799659	
2806.43672924436	
2807.4962519104	
2808.64575731343	
2809.70527997946	
2810.85414982279	
2811.91367248883	
2813.06190705738	
2814.12142972342	
2815.26902930203	
2816.32855196807	
2817.47551684145	
2818.53503950749	
2819.68136996024	
2820.74089262628	
2821.88658894291	
2822.94611160894	
2824.09117407383	
2825.15069673987	
2826.29512563729	
2827.35464830333	
2828.49844391747	
2829.55796658351	
2830.70112919842	
2831.76065186445	
2832.90318176409	
2833.96270443012	
2835.10460189833	
2836.16412456437	
2837.30538988487	
2838.3649125509	
2839.50554600732	
2840.56506867336	
2841.70507054922	
2842.76459321526	
2843.90396379395	
2844.96348645999	
2846.10222602482	
2847.16174869086	
2848.29985752501	
2849.35938019105	
2850.49685857759	
2851.55638124363	
2852.69322946553	
2853.75275213157	
2854.88897047169	
2855.94849313772	
2857.08408187879	
2858.14360454483	
2859.27856396949	
2860.33808663553	
2861.4724170263	
2862.53193969234	
2863.66564133164	
2864.72516399768	
2865.85823716781	
2866.91775983385	
2868.050204817	
2869.10972748304	
2870.2415445613	
2871.30106722733	
2872.43225668266	
2873.4917793487	
2874.62234146295	
2875.68186412899	
2876.81179918393	
2877.87132184997	
2879.00063012722	
2880.06015279325	
2881.18883457435	
2882.24835724039	
2883.37641280674	
2884.43593547278	
2885.56336510569	
2886.62288777173	
2887.7496917524	
2888.80921441843	
2889.93539302793	
2890.99491569397	
2892.12046921326	
2893.1799918793	
2894.30492058926	
2895.36444325529	
2896.48874743666	
2897.54827010269	
2898.67195003609	
2899.73147270213	
2900.85452866809	
2901.91405133412	
2903.03648361305	
2904.09600627909	
2905.21781515128	
2906.27733781731	
2907.39852356295	
2908.45804622899	
2909.57860912814	
2910.63813179418	
2911.75807212682	
2912.81759479286	
2913.93691283883	
2914.99643550486	
2916.1151315439	
2917.17465420994	
2918.29272852166	
2919.3522511877	
2920.46970405161	
2921.52922671765	
2922.64605841316	
2923.7055810792	
2924.82179188558	
2925.88131455162	
2926.99690474805	
2928.05642741408	
2929.17139727962	
2930.23091994566	
2931.34526975924	
2932.40479242528	
2933.51852246574	
2934.57804513178	
2935.69115567784	
2936.75067834387	
2937.86316967414	
2938.92269234017	
2940.03456473313	
2941.09408739916	
2942.20534113318	
2943.26486379921	
2944.37549915256	
2945.4350218186	
2946.54503906942	
2947.60456173546	
2948.71396116179	
2949.77348382783	
2950.8822657076	
2951.94178837363	
2953.04995298465	
2954.10947565068	
2955.21702327062	
2956.27654593666	
2957.38347684312	
2958.44299950915	
2959.54931397958	
2960.60883664562	
2961.71453495737	
2962.77405762341	
2963.87914005372	
2964.93866271975	
2966.04312954574	
2967.10265221178	
2968.20650371045	
2969.26602637648	
2970.36926282472	
2971.42878549076	
2972.53140716535	
2973.59092983139	
2974.69293700897	
2975.75245967501	
2976.85385263216	
2977.9133752982	
2979.01415431133	
2980.07367697736	
2981.17384232278	
2982.23336498882	
2983.33291694274	
2984.39243960877	
2985.49137844726	
2986.5509011133	
2987.64922711234	
2988.70874977837	
2989.8064632138	
2990.86598587984	
2991.9630870274	
2993.02260969344	
2994.11909882875	
2995.17862149478	
2996.27449889334	
2997.33402155938	
2998.42928749659	
2999.48881016262	
3000.58346491374	
3001.64298757978	
3002.73703141997	
3003.796554086	
3004.8899872903	
3005.94950995633	
3007.04233279965	
3008.10185546569	
3009.19406822284	
3010.25359088888	
3011.34519383455	
3012.40471650059	
3013.49570990936	
3014.5552325754	
3015.64561672172	
3016.70513938776	
3017.79491454597	
3018.85443721201	
3019.94360365632	
3021.00312632236	
3022.09168432689	
3023.15120699292	
3024.23915683165	
3025.29867949769	
3026.38602144448	
3027.44554411052	
3028.53227843913	
3029.59180110516	
3030.67792808923	
3031.73745075527	
3032.82297066831	
3033.88249333434	
3034.96740644975	
3036.02692911578	
3037.11123570684	
3038.17075837287	
3039.25445871273	
3040.31398137877	
3041.39707574049	
3042.45659840653	
3043.53908706303	
3044.59860972907	
3045.68049295316	
3046.7400156192	
3047.82129368358	
3048.88081634961	
3049.96148952684	
3051.02101219287	
3052.1010807554	
3053.16060342144	
3054.24006764161	
3055.29959030765	
3056.37845045767	
3057.43797312371	
3058.51622947568	
3059.57575214172	
3060.65340496763	
3061.71292763366	
3062.78997720535	
3063.84949987139	
3064.92594646061	
3065.98546912665	
3067.06131300501	
3068.12083567105	
3069.19607711007	
3070.2555997761	
3071.33023904715	
3072.38976171319	
3073.46379908752	
3074.52332175356	
3075.59675750233	
3076.65628016837	
3077.7291145626	
3078.78863722863	
3079.86087053922	
3080.92039320526	
3081.99202570299	
3083.05154836902	
3084.12258032456	
3085.1821029906	
3086.25253467448	
3087.31205734051	
3088.38188902317	
3089.44141168921	
3090.51064364093	
3091.57016630696	
3092.63879879794	
3093.69832146398	
3094.76635476428	
3095.82587743032	
3096.89331180986	
3097.9528344759	
3099.01967020452	
3100.07919287056	
3101.14543021796	
3102.204952884	
3103.27059211975	
3104.33011478579	
3105.39515617934	
3106.45467884538	
3107.51912266608	
3108.57864533212	
3109.64249184919	
3110.70201451522	
3111.76526399774	
3112.82478666378	
3113.88743938072	
3114.94696204676	
3116.00901826698	
3117.06854093301	
3118.13000092523	
3119.18952359127	
3120.2503876241	
3121.30991029013	
3122.37017863206	
3123.4297012981	
3124.48937421748	
3125.54889688352	
3126.6079746486	
3127.66749731464	
3128.72598019354	
3129.78550285957	
3130.84339112029	
3131.90291378633	
3132.96020769673	
3134.01973036277	
3135.07643019061	
3136.13595285665	
3137.19205886957	
3138.2515815356	
3139.3070940011	
3140.36661666714	
3141.42153585259	
3142.48105851863	
3143.5353846913	
3144.59490735734	
3145.64864078438	
3146.70816345041	
3147.76130439882	
3148.82082706486	
3149.87337580154	
3150.93289846758	
3151.98485525929	
3153.04437792532	
3154.09574303872	
3155.15526570475	
3156.20603940634	
3157.26556207238	
3158.31574462857	
3159.37526729461	
3160.42485897167	
3161.48438163771	
3162.53338270181	
3163.59290536784	
3164.64131608498	
3165.70083875102	
3166.74865938712	
3167.80818205315	
3168.85541287398	
3169.91493554002	
3170.96157681123	
3172.02109947727	
3173.0671514644	
3174.12667413044	
3175.17213709889	
3176.23165976493	
3177.27653397998	
3178.33605664602	
3179.38034237284	
3180.43986503887	
3181.48356254248	
3182.54308520852	
3183.58619475382	
3184.64571741986	
3185.68823927165	
3186.74776193769	
3187.78969636061	
3188.84921902664	
3189.89056628524	
3190.95008895128	
3191.99084930995	
3193.05037197599	
3194.09054569901	
3195.15006836504	
3196.18965571659	
3197.24917838262	
3198.28817962671	
3199.34770229274	
3200.38611769327	
3201.44564035931	
3202.48347018006	
3203.5429928461	
3204.58023735073	
3205.63976001677	
3206.67641946881	
3207.73594213484	
3208.77201679769	
3209.83153946372	
3210.86702960065	
3211.92655226669	
3212.96145814084	
3214.02098080688	
3215.05530268128	
3216.11482534732	
3217.14856348487	
3218.20808615091	
3219.24124081437	
3220.30076348041	
3221.33333493243	
3222.39285759847	
3223.42484610157	
3224.4843687676	
3225.51577458416	
3226.57529725019	
3227.60612064247	
3228.66564330851	
3229.69588453864	
3230.75540720468	
3231.78506653466	
3232.8445892007	
3233.87366689244	
3234.93318955847	
3235.9616858737	
3237.02120853974	
3238.04912374008	
3239.10864640612	
3240.13598075307	
3241.19550341911	
3242.22225717405	
3243.28177984009	
3244.30795326425	
3245.36747593029	
3246.39306928479	
3247.45259195083	
3248.47760549664	
3249.53712816268	
3250.56156216068	
3251.62108482672	
3252.64493953762	
3253.70446220366	
3254.72773788807	
3255.78726055411	
3256.8099574725	
3257.86948013853	
3258.89159855124	
3259.95112121728	
3260.97266138451	
3262.03218405055	
3263.05314623241	
3264.11266889845	
3265.13305335488	
3266.19257602092	
3267.21238301175	
3268.27190567779	
3269.29113546272	
3270.35065812876	
3271.36931096736	
3272.4288336334	
3273.4469097851	
3274.50643245114	
3275.52393217526	
3276.5834548413	
3277.60037839702	
3278.65990106305	
3279.67624870941	
3280.73577137545	
3281.75154337138	
3282.81106603742	
3283.8262626417	
3284.88578530774	
3285.90040677904	
3286.95992944508	
3287.97397604193	
3289.03349870796	
3290.04697068876	
3291.1064933548	
3292.11939097781	
3293.17891364384	
3294.19123716721	
3295.25075983324	
3296.26250951497	
3297.322032181	
3298.33320827897	
3299.39273094501	
3300.40333371696	
3301.462856383	
3302.47288608655	
3303.53240875259	
3304.54186564524	
3305.60138831128	
3306.61027265036	
3307.6697953164	
3308.67810735915	
3309.73763002519	
3310.74537002869	
3311.80489269472	
3312.81206091594	
3313.87158358198	
3314.87818027774	
3315.93770294378	
3316.94372837077	
3318.00325103681	
3319.00870545161	
3320.06822811764	
3321.07311177668	
3322.13263444272	
3323.13694760229	
3324.19647026832	
3325.2002131846	
3326.25973585064	
3327.26290877964	
3328.32243144568	
3329.32503464334	
3330.38455730938	
3331.38659103145	
3332.44611369749	
3333.4475781996	
3334.50710086564	
3335.50799640332	
3336.56751906936	
3337.56784589797	
3338.62736856401	
3339.62712693879	
3340.68664960483	
3341.68583978089	
3342.74536244693	
3343.74398467924	
3344.80350734528	
3345.80156188869	
3346.86108455472	
3347.85857166394	
3348.91809432997	
3349.91501425956	
3350.97453692559	
3351.97088992999	
3353.03041259603	
3354.02619892956	
3355.08572159559	
3356.0809415124	
3357.14046417844	
3358.13511793259	
3359.19464059863	
3360.18872844401	
3361.24825111005	
3362.24177330044	
3363.30129596648	
3364.29425275552	
3365.35377542155	
3366.34616706274	
3367.40568972878	
3368.39751647548	
3369.45703914152	
3370.44830124696	
3371.507823913	
3372.49852163029	
3373.55804429633	
3374.54817787843	
3375.60770054446	
3376.5972702442	
3377.65679291024	
3378.64579898031	
3379.70532164635	
3380.69376433931	
3381.75328700534	
3382.74116657361	
3383.80068923965	
3384.78800593552	
3385.84752860155	
3386.83428267718	
3387.89380534321	
3388.8799970506	
3389.93951971664	
3390.92514930767	
3391.98467197371	
3392.96973970014	
3394.02926236618	
3395.01376847962	
3396.07329114566	
3397.05723589757	
3398.1167585636	
3399.10014220533	
3400.15966487137	
3401.1424876541	
3402.20201032014	
3403.18427249495	
3404.24379516099	
3405.22549697881	
3406.28501964484	
3407.26616135646	
3408.3256840225	
3409.30626587856	
3410.3657885446	
3411.34581079563	
3412.40533346167	
3413.38479635805	
3414.44431902408	
3415.42322281605	
3416.48274548209	
3417.46109041976	
3418.5206130858	
3419.49839941912	
3420.55792208516	
3421.53515006399	
3422.59467273003	
3423.57134260405	
3424.63086527009	
3425.60697728886	
3426.6664999549	
3427.64205436783	
3428.70157703386	
3429.67657409025	
3430.73609675628	
3431.71053670525	
3432.77005937129	
3433.74394246185	
3434.80346512789	
3435.77679160891	
3436.83631427494	
3437.80908439515	
3438.86860706119	
3439.84082106917	
3440.90034373521	
3441.87200187943	
3442.93152454546	
3443.90262707421	
3444.96214974025	
3445.93269690172	
3446.99221956775	
3447.96221160996	
3449.021734276	
3449.99117144686	
3451.05069411289	
3452.01957666015	
3453.07909932619	
3454.04742749746	
3455.1069501635	
3456.07472420626	
3457.1342468723	
3458.1014670339	
3459.16098969993	
3460.12765622756	
3461.1871788936	
3462.15329203432	
3463.21281470035	
3464.17837470108	
3465.23789736712	
3466.20290447463	
3467.26242714067	
3468.22688160161	
3469.28640426765	
3470.25030632851	
3471.30982899455	
3472.2731789017	
3473.33270156774	
3474.29549956739	
3475.35502223343	
3476.31726857166	
3477.3767912377	
3478.33848616045	
3479.39800882649	
3480.35915257955	
3481.41867524559	
3482.37926807462	
3483.43879074066	
3484.39883289117	
3485.45835555721	
3486.41784727458	
3487.47736994062	
3488.43631147007	
3489.49583413611	
3490.45422572275	
3491.51374838879	
3492.47159027755	
3493.53111294359	
3494.4884053793	
3495.54792804533	
3496.50467127263	
3497.56419393867	
3498.5203882021	
3499.57991086814	
